-417.7200531477992 -389.7796212775918 -214.69037680553228 -127.09596970565465 -135.8902365741183 -185.07323015693 -258.6753102765981 -389.73522486740364 -421.3027766974164 -434.4917925780876 -440.8773649375022 
44.78352120275763 37.21612550786652 55.33930263393767 34.51143883863989 35.17486222214527 67.18227353454603 91.33863750674348 91.93776197513932 76.29546317895199 71.95809485678345 80.26224126813887 
-40.285131190244144 -31.906593107451545 -93.29995814473591 -109.39493719392738 -110.98657087530307 -108.88621636242631 -89.23422109262995 -43.11200020179732 -33.375406054319 -25.509200764908975 -17.213870364828615 
-19.79697563176832 -16.088039682533896 -63.65641380950331 -66.88662895928486 -59.65043036996279 -66.84704143534496 -68.42298862662747 -51.7905854744989 -33.695224837430914 -19.738455835878273 -10.816872754016382 
-25.807857745843926 -28.94934281621068 -42.834788401701985 -50.357119192847456 -52.38103432507673 -51.922940567016624 -45.45206994493961 -47.70538197765161 -38.35266431149754 -29.880095627761044 -22.58162744448767 
-13.6876972990816 -8.827584672003564 -14.330600497038144 -21.126704393038395 -23.617372242190072 -26.92535310707967 -30.311227659094655 -24.99390833460268 -26.624640358434007 -16.171749272001314 -14.500863437398479 
-23.215092729043498 -26.191800505321275 -39.939361417218315 -52.07055242800588 -54.3303699609138 -45.12853441324283 -30.639661099233884 -28.114544983098007 -29.866481510964633 -29.69693174774667 -27.24398596212329 
-11.859889880882134 -5.897170847749233 -9.791820412023096 -15.27746576389558 -18.137235757140278 -24.87709159431661 -24.449172148796617 -24.096583127145067 -22.225193136983286 -26.215781160170955 -21.563321087264047 
-24.90868223826326 -25.126101032286524 -24.174992291410273 -21.106759135686204 -20.915922381027038 -29.068120581532597 -32.860133221755284 -15.313101162983427 -16.446010711243627 -9.17262440998511 -5.621509764643234 
-1.4880789655614968 0.08818906892466605 -4.496747146868115 -11.645470625917987 -16.433140732767125 -9.987077885243384 -1.7059244250408931 -6.079624973544764 -18.7921832735924 -11.516338417016215 -4.210781378536591 
-4.065948855651552 -3.870674906824118 -8.765535606341393 -15.796440244835454 -20.289889664189268 -11.783508303351354 -10.379554902810632 -8.077425591235615 -12.014709727534441 -9.730603827425856 -7.628647878422642 
-4.797214035712991 -7.746826738572851 -5.965152846856413 -18.704589914620968 -31.920827478085553 -26.74720675899048 -17.64914101961846 -10.293422487405191 -4.552596750731631 -6.835902171465756 -4.068668217061387 
1.6900021003618888 -2.1334447197793907 14.233502505385903 11.522668176449361 -4.578356128292771 -21.612231212371135 -27.256282479164692 -16.642485035045773 -7.64439678016535 -6.956576008531088 -2.5755005400811037 
-6.573138050860338 -5.038370437505819 6.2681838850413705 3.5477982739120195 -13.282058231073414 -22.40245617409478 -26.81971872458314 -14.805781712849964 -12.171518329174114 -10.0746701358106 -4.672012305576315 
-0.8978576738721467 -0.5621734345966359 15.251923745129128 19.310200566957413 12.333008927492582 -1.0779035420839076 -5.960375020607703 -6.822667513909119 -4.556860935557308 -4.252366571990873 -3.3045811262623808 
7.908228474274802 8.935232333615767 10.322995812771108 19.075378595547697 29.167827982877174 20.17031364392992 5.0587494504274755 -14.591006154581407 -6.819824621249248 -4.25865414146331 -0.17663002777426096 
14.703017001454953 8.696462510407805 3.327184053824549 15.335432470247346 32.45093523586692 29.026062988573102 13.487660657614096 -6.728506168169382 -1.3380676018454798 0.3622049486276919 0.5006925928144761 
8.060819291259918 4.239929258758957 -14.179143612853213 -10.513798109463025 2.2197806268642943 21.944709940040326 23.141239172593682 13.350688716170614 5.173999200419031 -2.303695856605291 -4.217308868929781 
6.630495501617816 7.780230676304952 -11.643983742340716 -17.439144252786555 -14.112689753577309 11.02055856021907 24.40401942146059 29.201803267674034 16.080683655960655 1.3608590922911246 -1.2576356850255055 
3.2555966846914144 1.2043670411032883 4.383076708193572 -2.6332238637582606 -9.69844481762498 -6.0068273934332 9.625635825686803 26.61218945925279 12.348581507719844 -5.803474490404294 -6.329015967098267 
