-354.8704521984736 -355.3821517251525 -365.5774562446953 -376.5167627444598 -339.8913146732327 -192.03657847996024 -137.2731472927708 -172.6184636550192 -258.16006534076723 -328.5542970179177 -370.59557732697033 
87.25978458158455 88.87811492984736 84.8968464464503 77.69507031126426 68.12760920701959 44.8013744100539 43.50079373665314 50.867453604865716 52.28298243110604 61.050859717590725 86.30594531271431 
38.658666059174095 37.890444645449406 34.182966346532915 31.611561647597235 9.015547156494492 -20.944982398416855 -22.95897696850244 -16.55304706796965 13.43111610060491 38.167997988317225 44.50069373922796 
31.664561852367783 34.30621448229303 33.47615887798062 25.946505291004655 13.286987399969979 -16.780921534270917 -22.68897811960761 -21.33891724592481 -17.780117357892266 6.30756503722705 35.09044327442637 
14.901388010598316 15.712376409211974 16.988941101508374 17.27031209205226 27.830964100900445 18.77289184940159 12.294814852704077 11.331159580178696 32.73742089849593 36.18584476404101 20.567052839477483 
15.322326369758551 11.158168586797329 12.54927362304963 15.11682868555589 27.326710691630762 47.72821345095978 48.51218966628328 48.04578696872487 34.932467470035284 18.022289655424494 12.34349560631361 
13.175001903695655 11.186568401065328 14.407169901086693 14.632419820900761 -7.153475297564032 -21.117031437136063 -22.499521475255143 -16.139850098872415 -3.0585016464918775 8.828338782239982 12.606764031703205 
1.4073183632599853 5.136092961128565 6.567808060324696 -0.5074473514589386 -2.670221139401541 4.712232830396761 6.517695686519619 6.668753497180317 0.2622445095770507 -2.2429846653216137 3.326259496790076 
5.630674820263278 4.420960217393144 4.6540155520717885 4.690999530072782 8.161538092899157 -2.2052184686483915 -8.09303272836047 -9.048488493415672 0.19505328945519596 8.943002409976328 7.5938236578237905 
4.284583726668379 4.41491428983494 10.228752422442977 13.6909229395472 9.86488061209883 6.0582680038857974 9.343941680586457 14.68045144227153 17.682605282062507 13.980026468720883 7.984539800769801 
-6.560442208353076 -3.6696100910233866 -2.6314306908465452 -3.197280899784013 -9.291146074791524 -7.528150383782515 -8.497264537065966 -11.096887309505423 -14.427831518920085 -12.712660121224879 -12.949682244965597 
6.33108819549917 8.955319203996929 7.718520515175612 2.8081630164946114 -2.3739364114957793 9.706495063913465 10.773447708313144 9.283774590824024 1.8409825764042742 -1.634113133116969 2.362605268434246 
3.1148108946484383 3.4831887907164174 2.102758578440759 0.01587313079651187 9.716280913346564 8.407481184464576 -0.35040987155938164 -6.52962062294663 2.119520358076535 3.417593945756817 5.127302009870155 
-2.6205772636759948 -3.0655987554286592 -2.089806877905589 -0.25635506379779627 4.895839896593034 21.254415198759236 22.582042669211617 19.396632528877234 18.662598791533526 11.526613710978484 -1.4067146700620476 
-4.7114040945322095 -1.1679802392817136 -2.5274701875976584 -3.0651351674160336 -13.273295252859274 -10.653557124697542 1.038800002913702 13.016634389614367 15.051329004861742 0.7597229190310728 -6.571378648233034 
2.2567473336982316 2.371758698714733 -0.02764006470447833 -0.7360659672521429 -6.900026442962412 -4.522468988496964 -6.777801772663537 -9.853573729409346 -13.824578326563046 -11.572946846119681 -5.7986318834771655 
-4.899389395684642 -5.700637911434579 -6.797691555813547 -6.987087349581251 -7.564978977958379 -7.359146477724829 -4.19352230655833 -5.310601432938849 -11.375674212180822 -8.879864759021006 -10.718399637529702 
1.9203225151967573 0.34401588988053944 -2.794610499501304 -6.364833651692063 5.100300349388922 -2.871132830579308 -4.9628205431902295 -11.884614596866749 -13.946585621638805 -6.539594138734083 -5.89062198409132 
-5.785911964717265 -3.0378391073663673 0.08055727226170983 -2.4606871549621423 -8.180744920342134 -9.235170478515165 -5.7917003912664615 -1.5284740825938394 6.044541668604385 7.151932971260276 -5.9897985349029685 
-7.987306372711528 -7.3013587067159005 -5.699359379349188 -3.510070922680864 -6.52979874105079 -4.553676849318131 -2.8657944376395026 -2.9423396964733373 -6.895877106053373 -6.749646958494209 -9.046976445927239 
