-387.8098024002973 -387.4438697961204 -400.29606222775453 -311.1989634315641 -114.19802020897703 -65.89494963511402 -118.33574491461177 -187.97625492059606 -210.80000405817734 -249.659000190154 -321.4675314880022 
15.462617031805348 22.544866031615257 84.66694423212388 107.64177704621744 47.338062662233966 39.527646398585745 45.38312661594592 66.39592298323893 65.26006356656765 45.43333553285633 39.26663763853837 
43.02695105014494 42.12236926256955 22.104233776268973 -30.528258907426178 -42.02150304954516 -38.20488248593344 -27.31532598253758 -32.68559089279749 -37.0718232843674 -22.489024755501056 5.502512943695241 
9.646128801266489 11.483995052041829 -5.377052859122494 -16.892213088788107 -11.132910240508345 -0.2574415203863992 12.604336124397456 -7.992347193707007 -28.8826858160194 -29.69651735147012 -11.230886086180723 
-6.781251476475446 -5.176163457810443 -13.272706442032966 5.804364791197752 10.703346929083546 9.894595732608959 1.673686592458686 0.10803778308477291 12.79102893055206 5.946704624145731 7.468260531921965 
-2.078718141061141 2.2681712096833566 -2.1760462855420304 -8.297779143989413 12.324911081934617 19.163167578777703 23.204199189969074 19.64723622394859 6.978980517123732 -12.386674206617354 -12.483140190397698 
-19.272395847791948 -17.058256545954016 -21.599276497418103 -28.416845320501324 -35.58141290022696 -42.76854087799496 -50.103109680212185 -54.329892078270646 -36.28534750898108 -18.832963305620652 -14.183969940306774 
2.818313984192093 2.26472104259694 1.4940067723094645 -6.426676742295865 10.602194864374995 9.2026607862854 4.028237481899912 -1.4292996612811621 1.3623385375740216 -4.540619543493504 -7.854390936998264 
-16.413198637074533 -16.2695543518092 -0.03206415073085678 10.547173852756316 4.370289419580065 -2.6002987519902616 -12.622632280135685 4.491887529128858 20.720474068477113 16.900959649930257 -5.789620410166013 
1.8256916279862052 2.6114058938467695 22.65113096793864 13.731752574271592 12.78609818046875 13.02247197768758 15.339472129282914 36.41774832940033 40.75016347323407 24.25475101696491 7.705226040559021 
-7.204290087509916 -7.259082555154891 4.304179019026988 6.40804823696819 2.1399187962909374 7.1722145956832986 21.82918520837991 14.878624107685305 -0.03114202819828671 -16.154412194741436 -10.60758970392806 
-5.36842859195583 -2.752644142622439 -8.850520614437691 -5.712435448280898 -15.979739422498039 -17.679514893865395 -8.171147857431926 -26.40003156988677 -41.48922874896252 -32.55780425160373 -13.002033101081771 
-9.204963722403317 -5.660220401723302 -24.799835862071767 -21.34050148358054 -22.114026429004983 -24.976833204309447 -24.38940398423498 -25.355633717077488 -22.869477506260495 -7.128456528905231 -4.6111013668302245 
-6.330280997979965 -0.6023908835334584 -7.919622858676875 -2.8824085167160307 0.10488459289209329 -5.261902666558241 -13.924141594532353 -11.669438751507894 -1.4326052481728215 2.9096038050050703 -7.35288958384205 
-1.293143831858196 2.1220729099765134 6.098532856651659 -4.113766970834639 -2.7248198267747634 4.541033463634253 10.063269954802614 16.79610082672719 16.800025019015745 7.786452221949036 5.525882749186553 
5.397832637421152 5.051760999599741 10.137986637724431 0.5919893906971521 -1.0197539446525348 4.818660772454822 8.796978516333102 12.269457975765416 6.755834209155269 4.122125560201212 8.50911339432245 
4.682375005283233 3.617801261926439 -1.8766197570708791 2.674261083655686 -3.929853919390137 -10.711250211793311 -17.53304520405688 -6.374770304452616 11.037154103836754 20.64994298887486 13.250099025432771 
5.957458041761591 7.1857275236873885 1.7607193806058947 11.02277797774844 10.624204454520957 6.208432032839016 -1.8772405271788228 8.90029790541265 14.752222517165933 14.617563259106047 4.972853663258986 
-0.3902519099749451 3.1792806319977425 11.458288346169185 8.738224279378427 15.098363250034273 16.62273522262437 20.47348086567635 20.472613397909186 13.082890593502125 -2.5958657806889462 0.8100972128664992 
-10.549979782771207 -4.944966984003558 8.422625663501691 5.435059993159056 -6.259355900883429 -2.471783015848649 11.416524618704674 7.368247629323165 -11.61422067158464 -22.37052122515424 -11.720714969751626 
