-396.9468588063717 -374.2442287204799 -298.2868695576212 -164.2499330314271 -105.79750645086823 -137.77643466248185 -226.35724049123263 -275.12188256690354 -322.9844212791297 -386.53779516577055 0.0 
42.11294825354618 36.84352087470877 94.99656737219391 123.90587719591102 99.49413746032366 75.90075809334115 71.81331996192813 88.27932061904718 73.8748105396224 51.79512945819764 0.0 
17.00619512590454 29.922986466991937 19.892984328873 -17.386975190449775 -41.23775175892416 -64.79236905964845 -45.77874210924554 -4.839182547115908 10.893766596173634 16.0343249740899 0.0 
17.32531099913471 10.040433280133843 -33.262199064514846 5.350181782953975 21.801966338840916 12.50217235319096 -10.94761555692084 -11.682751318597557 8.275265050423954 16.771185565877964 0.0 
11.135924017400182 13.9332209942387 -12.542604243061284 -15.868574733285225 -15.28850491818822 -14.165042460293721 -13.786166138024669 -3.610030955854386 -0.8351718129697753 11.732331614363833 0.0 
12.394322872440771 3.064140662324073 -8.72321450293244 31.105841368741082 47.7784992898229 54.81605235269295 38.20536766299073 18.286524093857494 11.296599471298101 14.57692415895505 0.0 
8.212295084084866 5.092985434867359 0.853038484743927 -14.536810611661664 -21.567752517084585 -21.31779962145669 -20.132951054505362 -6.248143100592646 0.5273960694649377 9.405906003722883 0.0 
14.94073342729925 8.813515821062621 6.267923064541187 -9.053772861702006 -5.5715106215148555 -4.546010369993995 -8.096561035717249 -4.745169221287688 -1.1675066642615768 8.992122203321454 0.0 
14.237426417929933 11.117836535653128 -2.7230597507293606 3.0858586257755385 6.518567538496738 7.321614099067393 6.568541819069614 -6.570641600121082 -6.350562841435872 0.9467529236253049 0.0 
12.82714287878419 8.198421628553618 -11.67229202712565 -9.057259583220192 -4.967285166309349 -4.925663164155859 -6.673444522003691 -0.2623321495062828 -1.3800306551147792 2.6703699431774646 0.0 
4.2064792397982576 5.277681695316131 0.2633759319203462 -8.97389484118864 -6.465695945879549 -2.8784884577497656 3.6813143279941034 4.6833345432087565 2.8062676254087284 2.4181623162765127 0.0 
-2.658704518492837 6.740758869864596 19.128512204102325 -4.544037450267985 -14.400915236363339 -17.16273287612744 -7.550338280956675 -10.059934790202394 -6.014753659999785 0.2715341883233102 0.0 
2.50738659267574 10.655121647748235 20.942095195675037 -1.907322490774785 -11.808510272023847 -15.123473901249586 -5.133979975962628 -1.5660295223879106 1.6250466621074762 0.9127230337367613 0.0 
1.7810503826557313 3.1821378749926152 15.898853170701583 -0.7862733762682873 -12.354452144580838 -14.461150541675641 -2.074247596775615 0.4971240993092863 1.168134245799466 4.110705906319533 0.0 
-5.6164123445460525 -2.805698140412073 13.079786061459139 8.75060282171442 2.2974302393653137 -3.512242137220983 -6.784863990117168 -9.770198176400202 -9.750893667131319 -7.685394762947905 0.0 
3.1054696215123485 -5.004502287237232 2.788658348505336 -4.404307401038718 -2.027933601955659 -2.0221209499781505 -10.37878123668187 -5.343605141107506 -2.4997871729208794 0.8769727360678312 0.0 
2.379843399453223 -1.4681100348153768 -7.891000062561405 17.416134454107958 27.524906224047033 30.330194101740567 4.7887925490400125 -7.746344959437989 -2.5959490509043968 5.260954046133747 0.0 
10.795810234354311 0.9236253631444145 -13.8477699205906 0.5317725360763403 15.775919623728669 33.06037189351234 27.32736079150564 8.842842393815683 3.2709427938180653 4.192555436818785 0.0 
12.77092047912164 9.09533049540154 1.0858118536430823 -11.427504017341839 -3.443177218667504 17.581554839708062 43.76167001880395 21.111639790874122 9.895614785522781 4.603510895402646 0.0 
-1.1324861129939938 -1.989223268387599 -1.09422117887999 -3.719701304709826 -4.918127014440785 4.039226995517902 29.661251893814246 21.440042724855346 8.471740177231602 0.4957562302515486 0.0 
