-556.5462814950811 -551.9344285092317 -552.6057814411407 -546.9617232114125 -414.5449211297434 -182.89232223536138 -119.18418933622151 -141.82634649061032 -164.76794489393484 -180.82072972506535 -267.9802638397418 
-28.373258192785528 -25.538899543674106 -24.232005581425156 -17.727407881316168 22.458093521267323 2.009715072077837 -7.012501145888438 -20.581062660615338 -28.856324166083613 -21.749102062369488 -2.149971799635658 
-16.43866753863727 -16.12884235444852 -18.373435526744796 -17.404197459138665 -77.84027798858615 -79.84039522369433 -83.11429156180989 -86.52167133200699 -78.97928308392156 -79.85716068135345 -62.76722732349718 
-7.830044776604561 -8.421518810840588 -13.009649287146145 -17.64446316566742 -61.331695725132306 -59.405564488788286 -56.88028394334144 -52.83141461014711 -45.28234384248779 -54.113211066115866 -55.652975979770375 
-18.894698406074163 -22.46304168278916 -23.537869638130715 -30.19470396600345 -14.850791210912677 -4.8606562290662 -0.3542721737159183 -4.097091324979167 -5.051210163001692 -3.3547810490459735 -0.10411842603198584 
-12.90783069594235 -11.112599084927826 -8.639448548250868 -13.25676017870419 -14.442981782368562 -21.600382649808132 -24.912277086627526 -34.12160601105739 -38.80132592320285 -41.89213412502504 -35.05536623747439 
-2.0971997626795353 -1.7754241997554172 -2.229395042022686 -6.798537325686485 -20.69722807560987 -13.404394338583124 -11.548339805160513 -7.977371181206483 -1.901741289184204 -2.682127209982665 4.5962924374442995 
8.505511429413204 8.56959293810041 4.775231012579162 8.428896545519404 -6.042875929930382 -10.459688164324556 -9.198852235974275 -11.612499320130873 -11.473456869500364 -19.726873609917007 -20.829487112158652 
-5.468976758690274 -7.123401850352378 -8.876428458286025 -1.4259019719928956 3.085964947534584 2.641877369752333 2.504649981284214 4.644714918186709 3.939704673471388 -7.1775952961473415 -9.849966767313628 
4.616663417590283 3.177111886530192 5.625235138090654 8.219652243488872 -7.158990785146216 -12.112406014034734 -12.319797781085052 -6.305265326265728 5.091006019850776 1.4502431326990652 0.4295519309979453 
12.802947075226143 6.62160077579253 4.375772403264147 8.45251994736127 -5.502567435490485 -14.292774307512547 -19.585450732066036 -18.700888332325967 -7.792711715838065 -14.082721550841562 -10.335536220097183 
10.690937087752577 5.749988069699454 -1.3134065624972566 1.0862782363196195 -2.8741678342805423 0.8942930727607168 -1.816956248960475 -1.9622022650507116 4.958211619090983 -0.811375779436749 -1.9292072552703485 
9.135835598323176 8.914946064002631 4.218589275195321 2.766553805145756 8.05962309761211 0.883563909461553 -4.648985055014455 -5.884987730702063 -8.70736189161142 -15.802011179683841 -12.490696200611678 
4.390073034905914 5.999858810031154 4.840150739520233 7.737211480688943 18.102064369272256 27.295379240843765 27.906964649815464 22.914766939444277 7.944540776483917 4.1009517251401535 6.459668020926088 
-4.7619432679172835 -2.125556599690285 -4.391929614071655 -0.7689048365233344 22.161972433487346 27.614623312175127 35.75948877644456 37.925240194842814 19.906703347430447 8.149484218173907 -0.32640071405106696 
8.647826708982643 7.749879430293853 2.18339125930242 3.8607477080667363 15.836963454800129 18.623833982624287 29.421728460130314 36.86190179757375 35.394380614993246 32.17483471578751 23.38899035286301 
0.4144918054361105 -0.04591443837959808 -1.2831534398499058 1.4379689701166425 -4.157962239344021 -7.100514812706395 -3.6619813599621263 4.619243002244556 25.929768112677568 30.37390450407441 21.789623884877997 
-2.63076545733395 -4.232038786408122 -4.145080040753804 -1.210451293649688 -16.609358151294607 -27.608251653281943 -30.795189168218524 -28.78340563381619 -7.569310798193394 11.431147740523256 22.79662499659627 
-4.653736183351581 -1.5265172910088673 3.996538861403872 3.2148295205910196 4.3643030354073895 0.4032012226483768 -8.966976731622019 -18.34577733171509 -21.334720700779236 -6.48514080448951 7.57309971258947 
-3.1936828846816296 -3.25156706255423 -1.5672072103025134 -0.31192823960681504 0.5599756631216883 4.6792086538185504 4.4878402532362065 -0.6806740985994617 -18.634847027628574 -21.366127242098305 -18.29864327319038 
