-316.63631442406546 -334.216742762637 -430.67747145432355 -523.2248822652633 -338.63944852447116 -218.55397943334845 -190.32557199597989 -199.62630559163415 -239.13621114340003 -312.1505111533947 -426.53273203517716 
10.270420420295533 8.235729231472622 4.4616490848739865 55.901251329930155 54.065797425741266 13.054510642462546 -1.802130490447966 10.830837083585136 23.415058447776403 36.014572518593326 37.731153478592674 
-0.6619234724705212 3.184595338175594 -1.7941798535442937 -16.97314530629005 -62.11626123284587 -93.94396305187453 -121.65003348928916 -115.31626188819317 -69.91091731996826 -37.919254355799325 -33.30149234019576 
-16.635369343200853 -21.565121389814706 -24.49128490807109 -31.57258841489801 -50.512076163889006 -39.91780783845063 -32.00180429195177 -55.40418726910689 -89.48242904511052 -94.46421351202957 -59.816378194770635 
-11.49889893679491 -17.21140520313372 -25.105281205108703 -40.67824991123119 -32.30565850392243 -34.88883607825911 -36.18093159983796 -44.26924786087355 -23.98142619490436 -18.364991870914167 -19.804400601141637 
-6.412669601098603 -7.128794877553453 -10.20669827863935 -35.6660379494447 -17.445252743886293 -3.2797071814968706 11.188752402456004 6.0666196528997105 -18.57743913512583 -24.88851821744511 -17.57998412392659 
-5.2477396117126105 -10.051944621985506 -18.294858457462073 -29.345201115633394 -25.587326248450644 -46.42537324910121 -61.39837710562578 -53.11603624367008 -25.52268523262984 -11.680668145696139 -15.115327780415761 
-1.2524107469436798 -1.6053057521089267 -4.105532417831644 -11.788265115754772 -38.23101152812245 -23.585496482647358 -15.1927735197442 4.926278354863712 4.155759167100516 -5.9052541442317255 -18.564009585825676 
-4.80711976203313 -3.5023273698057587 -5.3962176888238 -6.05800159981918 -1.1501101872762334 -14.93422166191979 -33.08476300656569 -45.15730599609998 -36.350538039341814 -24.59997131308161 -20.569288666454405 
9.332492512853367 6.572566597108234 -0.1996424745776345 7.728121295952844 0.7921885836014022 -4.302068303765298 -10.021566391343194 -28.077241227728088 -30.811419283350325 -23.122212138419627 -20.61383789785307 
-6.3806527342773744 -8.222008671144746 -9.169455517960188 4.511796423585091 38.56559870619451 48.22157682426431 38.01941032833434 3.4041048951615744 -13.843647194472773 -19.07409085573091 -19.05812022205866 
1.4654590451501235 0.7726772406990158 0.4567396837254385 8.632303646678732 28.818815882104854 32.971007866282825 38.012105720282875 36.20141389433135 15.461429576855622 9.228308489657339 5.9259869772094165 
-0.8228191561566917 -0.29915350909196764 1.5584120016037055 5.633327728794127 6.957652829933103 7.1090437670965105 14.334330314824328 35.1203932065647 39.94224730365742 29.6051462233003 26.547902956892155 
-4.708608987502151 -6.892778932027605 -4.564989153347373 -0.8651390031501194 -27.37973844392036 -38.153867392692895 -34.2815274702992 1.820121464574382 20.24975386361747 23.180237841936336 17.92418391269647 
-0.6447879463100279 -2.0040811008947976 0.278979449930893 -4.320818284036953 -23.709806528120104 -34.47084164968538 -50.24610334940288 -43.70089604962115 -14.53424731163786 4.591653572573065 3.1087001447828664 
0.8407614157290759 0.9295415138259988 0.8486770023519647 -10.240389330785312 11.081151557110468 3.2385251370094763 -15.784526718844184 -28.10515800519505 -29.957031581001985 -23.604065609907444 -17.864176847405034 
0.8316871539651509 2.8717227759290473 2.958185760668685 -6.350001557161395 15.966088825097495 26.876380903059534 29.1791505574125 11.765831035701925 -7.162100187357138 -17.712658427211714 -10.885101606146385 
4.2995886692977185 9.457602658620381 11.940611915899964 8.416638409106318 -27.70974088868301 -27.777766666445782 -16.409509650731593 -0.28798986852075914 12.8160891904782 6.6349622705412 3.347538158738268 
3.5472393640354465 6.2662186200159145 10.119517528005089 14.677041115438278 -9.638123836782613 -23.851920244812355 -24.738057060722582 -21.39105929787748 -1.399356006426768 1.0896282336029068 -1.6011040580550882 
0.6657240675767153 0.9804816327268928 3.2034097082276434 3.488183874557292 32.89106673033331 29.089380975167266 8.02791445276167 -14.476758092038208 -19.17297412934395 -6.2140479140057066 -7.854939798681714 
