-418.4922717573538 -423.35674565830163 -429.7045369716963 -428.79904484953556 -185.85701442096354 -51.10920547270209 -16.33177151921327 -33.1353266481437 -64.74306879449533 -141.3526241906893 -261.643016055875 
35.12022063170552 39.361713010931005 48.684869093907714 43.365698757996164 52.32750521937881 39.219719307218156 34.102320722127324 42.10404934182862 33.336752114455386 30.302224120829017 31.82515701103205 
6.138474033072145 -0.8639478784722234 -4.905040345244084 -3.276456449793288 -85.21001367536957 -108.65350977373542 -120.12981520962938 -124.59681034833329 -93.08187100818625 -39.7904523769315 -3.7110330171015984 
2.9197926520488435 -7.795638665998085 -20.444870780398077 -18.576375199759752 -48.506478749299184 -33.68375039827404 -22.872453358739506 -21.205165355143375 -44.52430343926079 -67.30308948010801 -48.65759474154875 
-20.320352871611778 -21.1534757767144 -17.468391197330256 -16.059335538791593 -49.71400750191572 -53.07892594837036 -51.119199049949145 -52.52659221654575 -54.73374295100125 -41.50664906635994 -22.29444778819651 
-23.209941473606126 -15.94532764365409 -6.640079702627151 -9.034453364723522 -8.123073928416215 -4.044809166082651 1.215247360942224 0.24842812933741595 -7.671211453820329 -14.391652467137396 -24.529928688327544 
-15.469950356699403 -17.132984932587824 -16.05661677943844 -19.97759808792769 -55.30131709054096 -64.94909285271393 -58.9062436570579 -51.922409852777605 -55.34274217364644 -59.24820530766851 -54.119586934298425 
-23.209474867910423 -18.07214585337897 -14.047554632201392 -18.09220968379164 -19.526191559621665 -17.990467199990373 -20.816919781961438 -23.54798994958373 -13.948660333315846 -0.17763674568816257 2.97481070379102 
-26.44201879791568 -18.950238446981338 -15.130207015483487 -16.236448370830164 -20.12368740902013 -19.769180376491533 -16.27152517631897 -12.345398884474982 -19.790384254117228 -27.250573908365176 -35.141827575941434 
-12.279470558314916 -11.594177234922206 -7.4743225024963 -5.552892402754911 7.163972537164636 2.0841252906189505 -4.1904936429623625 -9.642254216022502 -8.269183366216565 -0.011632569159550354 8.966274092443236 
-8.766251293119003 -6.234074581411273 -0.988009257342274 4.109453168598667 2.4083675964530533 1.5693963462197928 1.4659269265154304 3.6181916840072037 0.8965827196119002 5.967720751462261 5.580247052745454 
-3.28347649528654 0.41513176682801517 3.1666311216671 2.4673488441689537 -15.33617642537348 -21.053106452647135 -24.68643738320122 -16.808718392735614 -13.12628083052665 -18.50370659831518 -19.25313059968004 
0.7158482555966983 3.2297804800021512 0.04161613084484683 -0.3298439189463583 -4.456588103519161 -5.9739543978078 -9.69631913869859 -6.816151091813055 -1.4980634535106625 -1.4544328821908685 0.4888190879703569 
4.667228934285193 1.8557134764615375 0.07749668175596175 4.514936889981195 -14.238845558976596 -15.960033714582577 -17.884966263740893 -12.398874025877502 -7.104717202616057 -3.510808635638312 -0.08565604354546547 
2.999596086769003 0.25619061465916687 -3.9404447267238525 -1.3662419174077998 13.539319148896025 4.801600655382809 -1.4928158854842457 -7.065366791011014 -0.5747345321082928 5.743118194675336 12.726998370349001 
-1.775100865151701 3.779923868569767 5.115311513504793 3.1748667582984167 -4.505008140105199 -1.4137713258645332 -3.796041944719173 -11.73003149819002 -9.00837809925561 -5.209476055242412 -2.1599282020453607 
7.425620359016968 9.163400865496909 8.80642995100695 6.2432283882173145 12.284702983282216 19.75226131875101 18.341427071349887 -5.853068668140509 -13.265785820947116 -0.857680768895216 5.349607474287884 
4.724025526241529 5.604393582950877 4.907700515169804 5.166007811961995 24.875233942201397 34.46393480978401 42.36570127938373 20.549365665382666 -6.234265252410079 -8.188884717847705 -1.6672502075907703 
-2.698387059467771 -1.396462891663526 -0.2183588508901092 4.2792387558845935 4.919386892725545 16.193244675795462 35.938298568484875 37.94485037439202 14.85376057991658 3.019798431111427 2.000872756915014 
2.9758297578349553 1.1203762409458768 -2.698414418137859 -7.13823961066397 10.10623245924188 7.873720096841869 23.822722758467542 47.008087372626086 32.513265857922335 13.635623850239519 4.762305412670074 
