-437.94372953421225 -425.58433236014974 -405.4348590236419 -418.58948788857225 -151.5192747021347 67.35410939916154 131.49964189034964 0.0 0.0 0.0 0.0 
75.72411769473248 64.66603337629095 57.724080049677355 67.52347910253319 -9.281818597537054 -20.028802973916648 -20.610826253546797 0.0 0.0 0.0 0.0 
20.902094910311057 21.6213949510025 20.454566892200596 22.019390237189185 -41.734985104705785 -18.053536038076377 -11.170424433346469 0.0 0.0 0.0 0.0 
7.1921905379280755 -3.2160800909143834 -8.521569110913187 -1.3311206071869695 -2.0716862797266185 1.1692313017426845 2.8384699649349434 0.0 0.0 0.0 0.0 
33.47571010460406 25.032776910141557 15.260403066164757 13.723185899941365 -23.858577021651367 -10.732332173504552 -9.81542747544311 0.0 0.0 0.0 0.0 
31.436058935282183 29.373684876569698 23.45105633191875 21.72789453603885 9.73630404937014 3.1563724235825843 -0.7287943505822561 0.0 0.0 0.0 0.0 
1.4706170389737954 0.7463411438084422 -5.33527541037864 -9.59715318149722 9.408835570911567 6.367947582847323 6.483028463402524 0.0 0.0 0.0 0.0 
-9.638627742239462 3.5668658607571118 9.62503092461915 1.7863515302645374 24.844205245630476 23.023166998475276 17.63666008611643 0.0 0.0 0.0 0.0 
-17.552685161834475 -14.376553790232354 -11.501156092909392 -12.806081210391536 9.582748395895754 -13.189385893273231 -18.33407415542995 0.0 0.0 0.0 0.0 
6.7620375985714 5.404126851367763 1.8531809124050453 5.621913433039602 -19.471831967568633 -6.527944904249219 -0.9650099248154198 0.0 0.0 0.0 0.0 
12.954659910427946 12.88643484002759 11.820568900445945 11.86958077661107 -7.779325697636216 -12.168407706621423 -10.652495020658442 0.0 0.0 0.0 0.0 
5.591751028886397 8.462088313357846 11.305237451321052 8.62555305155151 7.442635885947042 18.45995905887278 19.71397206169892 0.0 0.0 0.0 0.0 
-6.019604023787441 -2.4165686969788105 -2.336350953497056 -5.422184135245593 3.103930362495001 -1.5656033642636857 -4.366519467526645 0.0 0.0 0.0 0.0 
0.8703635533520452 -2.8283789855111827 -2.4144453990531107 -2.396955448180401 -16.71417353371445 -7.735758814954426 -0.8593610473342775 0.0 0.0 0.0 0.0 
7.6493787518979985 9.705172725885138 9.28390064544497 8.170654555408985 13.313856627247203 11.048535120531461 9.861988289184696 0.0 0.0 0.0 0.0 
7.625234932031916 5.740973960492946 6.897174523249387 9.52626145893126 -5.456065202565858 -7.313749170885555 -7.268763632588582 0.0 0.0 0.0 0.0 
-0.6459577335710769 -2.26165536365436 1.0297820846215393 4.755281069210923 -1.6260895429409374 -3.805668753197705 -0.9196980066609879 0.0 0.0 0.0 0.0 
-8.899794381101463 -12.479872853757154 -11.538766619982166 -5.113164099028406 -9.15273009271844 -10.264806577546896 -8.720274881326919 0.0 0.0 0.0 0.0 
-7.930172942669788 -5.06902838660643 -1.1988427333904395 -0.47878032470354887 28.03335182912959 20.240832119372804 13.57758752911677 0.0 0.0 0.0 0.0 
-5.184973393801766 -3.8795740799907854 -3.684817601057201 -3.8157447089077805 0.9181532024210968 -6.641426086901976 -7.046309106973766 0.0 0.0 0.0 0.0 
