-18.968985476898546 -43.57716843905241 -52.71294909183062 -29.8332289202252 -46.79334199022849 -77.79136127034062 -127.22018572098847 -87.68495316759933 -58.90787229345906 -124.82015387113478 -292.6256377431498 
-40.72526152172731 -56.96780594429392 -109.39817809576797 -104.5375558860411 -87.86506130284796 -59.61231667554797 -26.294650948100507 -4.979440752673739 -10.30225255373086 -4.004091650826882 -0.9765954399971141 
-58.098942789740775 -55.49129043403678 -63.864477440613534 -74.13570539358854 -82.88994647582851 -77.22066553543218 -59.35465091046236 -22.53755505433945 -19.15764063043073 -22.863127799441266 -14.263199419191144 
-43.405734026503815 -43.38230079861114 -17.31451749161888 -9.977269314518647 -25.64414793256264 -56.14568730881647 -76.52096590885299 -30.869250583970484 -21.811653022362123 -31.73701532510767 -37.33351877813579 
-12.495481882024851 -14.96487569473988 -20.333538464723848 -15.37822240839894 -13.940533074322897 -39.26660391165295 -51.138579518431065 -41.670797117171205 -29.97394244944369 -19.358636892684093 -19.773809595045275 
-0.2177998098113753 -5.336319515851345 -17.525549541397694 -18.318745120094132 -4.995568371243563 10.688033452416743 4.3701120729035665 -6.120826210828637 -10.667304425417736 -11.474978784525284 -27.531846209496152 
0.776976705176539 -4.172566080045757 -27.363247724751343 -40.399046477606554 -45.26135436771042 -37.76684230941538 -39.28078257834953 -11.99138962950055 -19.476205757258093 -22.06796090601297 -27.635114935497263 
43.477831287661964 43.070573683986396 37.36127799215523 28.08006702997052 10.317008555823902 14.088239208918356 13.806612423147328 -18.99505651364841 -19.943131506144326 -17.573356856781324 -0.8412015730633231 
19.50123681762979 17.35126114915613 18.90310034770066 9.227360315240375 -18.50859729546137 -40.88844897469882 -44.61263208978802 -24.6238860407668 -13.980835345601603 -10.66839748637223 0.1367837270713977 
37.137971914777594 40.05561061525239 60.40098826880497 62.45804997655192 51.07613697575479 23.846355792263303 18.918037723699328 12.14507769680609 22.68970428450303 29.785349820596977 28.59087677899138 
-26.002774266626407 -25.041006018431446 -7.086969491320255 11.574437611186827 38.58890941362249 38.57975742912343 21.64181843545927 28.0840380167949 32.67086589317185 35.08457361201319 26.121144011825756 
-29.238046556716036 -29.027663637990962 -37.285788454825436 -17.888369913016582 24.474565953030634 63.54478573171771 62.462650926877814 22.709776743894345 17.569521138777702 24.934354030356545 29.60646864427237 
-14.165558699203302 -12.907966105851058 -34.48991024441629 -43.5434917976644 -31.208416542306793 12.597744945620407 26.857216186599132 9.644967595262953 -1.888883237774545 -3.8131234280647477 4.306363150223282 
9.955105505128458 12.536729048318485 9.14294949271057 -12.989596188988417 -45.81501504460886 -42.23688760761526 -23.92668698645108 -8.044895995784211 -15.27995964132223 -23.149278627653295 -14.644353181478577 
-7.083064180903747 -4.121591367697952 15.454480250709945 18.202334210476963 0.9975913453555546 -19.42986518690051 -23.91596767107388 -1.2058152089682408 1.8347719072951993 -11.357483441572889 -18.500489624577494 
-19.18602708557486 -17.8181330489328 -10.590884352754117 -5.945581997269542 1.1576876254007111 -0.18289689140376875 -4.3582402969185114 2.427628947008312 8.017854441913741 0.46742755726760454 -15.25315033902093 
14.521932467308492 20.669429341640477 13.15779706640747 -5.704618239649786 -14.221634666263867 -11.63184715585426 5.105674773929474 -2.4495718405510005 -7.195619559369808 -5.661603108284002 -0.5061171638315118 
37.86973828329994 37.17117763115065 52.345346989503035 42.11204684358855 8.87769668736918 -24.529007270886304 -13.548658568907236 0.6363998866442498 -11.778930866741412 -18.001918179750803 -18.159915261677696 
-17.268571572570416 -28.242883139212694 -13.534459216451472 28.747013325776244 31.515402308355554 -1.3275774978687138 -15.070171317346027 -5.450647361618756 -5.483570875641921 -3.240581930818107 -2.615509716961646 
-8.812017769229799 -13.088944214255195 -31.726132494974312 -9.478749323141031 22.05266009362454 27.56780125938948 4.722129662364484 8.995484032793259 18.424507547192007 16.2106585337137 6.679470477466564 
