-469.6203537219173 -467.6482374519258 -469.96251853894194 -468.3615293712692 -471.2459088517326 -391.424600002794 -256.12861351323954 -219.11391839776925 -240.40295731147668 -290.32610814558194 -385.17382301575867 
20.39196312058248 20.50578863191445 18.152206954135494 19.347673357457708 15.88872298003346 46.51624468819617 46.45472880694158 40.45235067430647 46.52269695145632 56.28876715943409 44.63926157208813 
-13.208510900016353 -17.380524708442614 -20.571264270688765 -22.911620281824526 -23.62108389488231 -53.02411442083802 -87.98787897970772 -96.35651338829706 -85.8533732470396 -47.52303902371803 -16.175499689770454 
-6.840335877641252 -11.51462259916329 -19.78241006349532 -23.402268965998875 -23.358308924452672 -35.63159707145991 -25.968891047540573 -30.131910053338988 -39.97692716116485 -58.86948273541023 -45.970144543458005 
-14.766592236713212 -18.584062518030684 -22.44771901929567 -21.71746289203203 -22.102446929827728 -31.176078720971553 -46.99227390810891 -49.76663617312495 -54.07794593927828 -42.96877271354996 -26.784339111546274 
-10.30252696356491 -14.800821985167516 -11.626997327423531 -15.300389895345521 -17.85172442185832 -4.997458831046445 14.217050575101254 23.806433198640953 15.494110429251158 -4.001435008938417 -16.965612120599822 
-12.972436235340474 -13.291609189783275 -14.251131729172391 -13.594270993352758 -16.93499321174882 -32.23291300709778 -53.13765770721129 -50.64991145416043 -43.20189009240673 -34.131252320284524 -19.824339554029162 
-4.264572239746793 -7.0467328042975765 -6.43343693980005 -5.746170141775719 -9.670952621125089 -36.40565131691516 -36.084446457271866 -29.182288306837744 -21.52749117021395 -19.427165982057318 -17.419319643502163 
-7.847017792912881 -6.135780706940048 -3.9708294041088976 -4.983364687103315 -8.118950828160443 -7.519931894297825 -6.729354833790792 -7.6607819012982254 -8.284210538202242 -14.45385098126557 -10.414636199794433 
-3.052311150092698 -1.5521662165439978 -1.4620432269881118 -2.913938914113392 -6.601963190446359 -3.0231973001494272 -12.458664299341876 -17.26237331373006 -20.361120021267 -25.291291561958488 -19.0563453147645 
0.22392281141422804 2.017888452200643 3.5637452124967792 2.110141215551804 0.6861709874699937 0.8717320178458444 8.12437078234965 16.883008113302715 23.00055361197224 17.117935814571613 4.678788215713961 
4.731755541866278 3.7111084425205396 7.726780012389472 4.589271563025077 0.9839784080630252 -2.116262774051597 -10.228512424222675 -14.76341340122473 -16.57088983160031 -14.962946921652932 -3.4019176578363783 
5.525412829569859 3.237760697972284 4.499873712562746 8.89263398384547 2.8943415704320277 -10.654490369669762 -10.100987814607144 -6.630103841038123 -2.4731383824007467 0.6204980353083597 2.26074973695157 
6.780389509270986 6.621912278271707 7.643827047382782 4.6495235577322225 3.6891877191272107 -2.7849984379517085 -3.2028949201111905 1.089691870396803 -2.086400331411888 -10.787867943018199 -13.895078117705177 
6.180700728285156 5.203069133667453 4.059807667952202 4.986691246415378 7.475594400896145 1.5816203672138989 -1.0912553927510478 -2.494584612288741 -4.7557252626160995 -2.261653374052525 0.7142264358839764 
0.352018635716425 5.6984347751730375 6.088728833795278 6.503553488502245 3.027712719485616 -7.496420317606666 -6.475101782286132 -4.207674658170635 -2.5008308801694783 -2.572411141628216 1.3974837228905814 
-5.629148558861031 1.5643865385549482 5.76701682102234 3.437050153106103 6.975684335054725 -0.2476739598723534 0.27398955903149436 -1.0960194242343286 -5.556087230746085 -4.445326344058037 -3.0632267727821247 
1.409793384606245 3.540556870148893 4.594277569098068 4.201960558621405 6.149766734762844 -3.8163536058360563 -5.131152065628522 -4.6050481972413175 -5.515219038005905 -5.626114478093323 -3.009074208822729 
-4.194504333300376 -3.221969389320356 2.9530567463303985 5.055194975267525 0.7817647939497927 -8.581735590650233 -15.969716644897103 -14.776996073614548 -10.316653517788424 -4.30741201685786 -2.000837756948931 
-2.0061822838625405 -4.565455665896175 -0.8942728314965066 1.715696221309054 3.020341718503093 2.4760540144427967 3.1176529876052923 0.3659286675330321 -2.010967969018461 -7.353837056233873 -5.418255424504309 
