-487.8505068931628 -445.23190454883024 -319.74883397201603 -246.74405254965416 -229.68932621730562 -257.431738518488 -364.15874963479865 -460.2403797247165 -475.1902788493579 -480.26165550473456 -482.4038366142243 
67.415485263567 40.13681176393009 -22.348407857705872 -54.659951836763184 -55.657035652482094 -13.975300638992671 34.301747032159646 58.52440951841898 62.175321962312864 63.833185028368874 64.2242480885028 
23.18437713744187 8.32325994413902 -26.34332698663252 -57.52493201571104 -64.96120704592035 -33.229438253363185 6.4718304334366525 13.162545763504419 15.090294300514515 19.36945730679897 24.613747189057474 
16.937313405854923 15.287201225895759 16.497413767633034 22.725848308451326 19.346974992185324 14.168004114540084 -2.0503261839230142 4.435702031664717 6.446213185641806 9.260723446211879 8.433066973766316 
-5.171341605299982 -9.175360334360523 -14.890463252336994 -15.600686105320918 -6.6471417479652875 1.8511873600185065 4.00191536332907 6.732427868239971 -5.066544230963228 -1.3452050461224603 -3.399370412759642 
0.5928596085736983 21.51601696681614 43.9352603475624 47.288091625834575 50.974806544831466 46.96021780182029 30.22978802650204 0.019496751469642415 -5.469083620832306 -4.593928730722473 -4.703018647385203 
-4.0740507386529305 -30.543360523713833 -48.22351035789452 -55.28643755735384 -59.33601458084212 -56.50418696336759 -37.0362370284884 -10.85478048918088 -3.1803804536965066 -6.852402185906721 -12.488108850350304 
-7.7071637748502 -7.004871057821814 -10.76659380488322 -15.294732111533246 -18.43737873660732 -16.823828183405155 -16.20727851641167 -11.649409217058585 -11.308513220961107 -9.29989745814974 -6.9701778362075535 
-8.601382967565982 -7.20714628046537 -8.804416157827037 -7.169185137054598 -8.22733674072148 -10.059823230974182 -11.467298656693668 -2.843620559866444 -9.762102528711514 -12.401007292218056 -8.297030148772599 
-8.977774571509734 -5.138226507967348 -2.2349221213161625 2.9988343616708972 11.104562281306345 12.371580007702235 8.373619826061157 -0.264642896523376 -6.028444980652303 -3.080383827038199 -6.115525690543438 
-9.184582144618325 0.09807559804516686 -2.041281541826101 -2.406709373136838 2.6205842799678454 3.647675501201803 5.693146267565993 -8.024311746858729 -7.12919526460417 -4.904774057836934 -5.106294587297992 
-4.206495165100238 -14.623336000730314 -23.614156936132353 -27.167681654022626 -24.317510853388896 -22.166613374448765 -16.979409363548363 -11.652599975096454 -11.523781575023015 -11.517574931854206 -8.629910816503257 
-10.652297515082513 0.5612259829002658 1.1997005144728383 0.41908986254436975 -1.4117763162924946 -2.5152768003595414 0.8052030094930815 -2.314506978960071 -4.922281287424443 -3.1024011708073562 -1.1995786667838026 
-0.7633676353793506 -10.86875875625237 -12.443943336543438 -11.683233061176018 -10.859542349102039 -11.500244323104395 -13.540738938196586 -1.0241667483037293 -1.607315461021711 -5.527267293475413 -5.0676740407216965 
1.4190619986538937 -0.28554641817236015 0.6108781022743475 0.8496454836619705 4.422058512067035 6.943382336000626 1.0198336444930927 4.327692063589292 0.6873414638748808 -4.617213720027212 -7.6898296198056935 
-1.491978092698286 -2.975369548659825 -4.461597911874334 -6.326866601941516 -5.606982387820594 -0.9654297139512031 0.568991712505865 -2.6548864164394246 1.0913543334798819 -0.696782422858021 -6.842478893354711 
2.3312641825375864 1.5087497528386025 2.8360436909643365 -0.20901376435328967 -3.3737804156384055 -6.060448259861962 -4.631272611291328 -2.1530015202440627 0.6883282499565332 1.9660294871230861 5.01694269945898 
-0.7843444045430299 8.250380197627528 14.10858564074611 20.028620859163752 13.69961965555232 4.402703957441752 1.4349378866672229 -7.002713641979397 -5.3029409287895035 1.2822084575845516 1.3192875545259628 
0.9484360587939222 -3.155141761295477 -10.043790754765677 -4.014125437824363 -3.5948861492377207 -4.641955976779488 -3.208809509892297 5.127365882484396 7.1207366507386105 2.138791294994882 -3.0641113880148128 
4.051130651147194 0.5675812175889507 -11.764498135264155 -13.971451011204262 -10.287303493433605 -9.776338677557249 -9.01628242456707 2.4879252249378148 6.421261647352296 1.2417966182785265 -5.641626156794214 
