-308.8351319688305 -304.2947422546508 -301.5361712679895 -294.703913630869 -239.1542150362716 -147.36655158611393 -134.13136105053414 -171.84613443333907 0.0 0.0 0.0 
57.936706716027246 54.35841113734368 50.0285900756478 56.09018974070396 83.2263217951861 69.39608556176867 64.236486075871 76.88617035801096 0.0 0.0 0.0 
1.7751060487866093 -0.3645470408697514 -2.2998873058560174 5.872921098090096 -12.393510751264241 -38.47853864239717 -37.85907837443339 -16.386180094957446 0.0 0.0 0.0 
45.58211140120666 50.58410055508278 52.16868979029691 53.9760104853164 21.939592149604014 6.792144841092426 5.206966909401915 5.005729918959757 0.0 0.0 0.0 
2.2371801028508917 10.83421359906895 14.069116316213188 8.865098388457438 -1.7903931717685864 -7.4324084829854895 -5.744843309064917 -4.239748565894765 0.0 0.0 0.0 
-5.391820918300708 -10.451089527495835 -14.178845037144226 -8.37494511986811 -7.318017061775226 -14.470708740371817 -14.058275723070079 -16.237866233627678 0.0 0.0 0.0 
-8.547497781425514 -12.591538077947368 -13.737714181905414 -6.029779245879128 -10.058512436554658 -15.132427533664316 -17.151214074978387 -10.459527681682841 0.0 0.0 0.0 
14.97543392228072 14.453054388776078 18.459973324614506 21.546635958987217 -4.354363641690371 -16.359970223595734 -16.452700754614398 -7.5001490054253885 0.0 0.0 0.0 
-1.4839838534712024 -3.4012475255061085 -5.6257479729504105 -3.0068511524479993 1.12041090746644 6.27708965903618 3.224605889694069 -3.0097645650692337 0.0 0.0 0.0 
-22.531667413809718 -22.734037262563515 -24.419351541638164 -26.847875707458122 -15.382299713628619 -13.696222122711106 -17.186738358105003 -22.364867499534093 0.0 0.0 0.0 
1.777339077130959 1.2286423834457156 4.934413596536027 5.88371092443064 -4.41888260028986 -8.814018591215623 -14.025055808748313 -15.887834341743387 0.0 0.0 0.0 
-4.61120976376805 -4.734627672203115 -7.8135584408141945 -5.153698851062446 -6.384332938428324 -10.396389293397835 -21.074358970498995 -20.586912216473078 0.0 0.0 0.0 
-13.396910302901645 -11.576859484604785 -16.589569079211685 -18.58317975409414 -5.096069633312487 11.087468038451107 6.732882326816829 3.7671467454496654 0.0 0.0 0.0 
1.7212307768032278 3.0321585847531507 5.90441410812441 6.58533289028802 21.85314225547353 25.517727780818745 20.78795937368756 9.465724307614733 0.0 0.0 0.0 
-2.6839737527125007 -1.3872009840171555 1.4545995435721122 -1.5833465283731354 21.136010541218486 31.795387783585117 31.491481761625767 19.575186899928234 0.0 0.0 0.0 
3.8998412985011672 -2.520190395536249 -0.5328718037168421 2.5868917240684217 4.423880034456596 8.485324051587408 17.995799107480217 18.19180567489613 0.0 0.0 0.0 
-6.1290616523747365 -7.892263532411668 -10.071710035326735 -3.9815489613371513 -9.699827792696052 -8.972122641873966 1.1854529700149183 12.816791382856998 0.0 0.0 0.0 
3.517387033080304 5.952861048991558 3.5133717132784748 2.6466707847457602 -13.050535369427532 -20.922156972009795 -18.834695150059318 -12.454773210602845 0.0 0.0 0.0 
-0.39992498753412825 -4.819810121058464 -10.077389367022246 -0.39146443795281294 -0.05461916349495183 -5.8438223417615465 -12.267509928945513 -20.055894838591207 0.0 0.0 0.0 
-11.635096555021502 -12.567897615843304 -9.636554216267246 -4.4484109207969365 -3.8196914354667686 -5.127566968956442 -11.08565547470284 -16.438923396192877 0.0 0.0 0.0 
