-380.6688504948032 -279.99992275608895 -219.3746379922673 -197.63433253652127 -202.50849885308898 -273.8081024804199 -442.72144220226176 -504.6614793286928 -504.05649654519226 -505.3910369134039 -515.1009106364099 
-13.762825002589434 -39.3837706221541 -52.5670737110231 -55.197561070060885 -24.287667966964094 6.652564692906772 9.382175284909012 6.831816674568316 13.45354551657187 14.595042250993693 5.12211213511276 
-66.22962484958035 -66.39314971731113 -78.68956572134613 -73.15053876169861 -25.006549765545948 -0.813030916890489 14.54930129097896 13.780764033292286 16.781296152776758 16.76094722663613 13.884141673801832 
-12.562939611227986 -5.061850857762128 -2.7797826759734954 -22.274901639492434 -35.3209074098753 -37.82105850236691 -5.042531944633668 9.364502088697101 10.016851220723638 10.602715821114227 10.194878697154753 
-36.29851211236624 -39.60509843109223 -42.10471733124555 -52.77989640186303 -40.29784340528157 -11.08729980886763 15.905762474370512 13.78744620190502 9.792080408001976 9.813355944664545 6.931125015754078 
65.7823449182046 69.79137841019337 68.81535536490487 63.895837139970475 50.925679724895765 26.745250599815044 19.311113560933233 21.068051526547166 17.76125367141956 19.926703368504196 21.160605209568548 
-44.60337612556759 -42.737461459041384 -38.454257904176515 -35.531331895375686 -29.475016328451908 -14.782004665527754 2.6025219054736 4.93675481067177 4.066177195498169 3.8364422098886486 6.120752204256471 
0.16082978807808268 1.455929955517391 -2.1526762668929553 2.698389719238479 11.401597590721225 14.680369051273741 2.8869417389882885 12.481514106238738 12.041621164763399 6.048776403002886 2.70982981612418 
7.828705184549723 9.652828028456952 4.397001570890436 -4.579523969961953 -7.50794818763705 -9.159383217880253 -0.90723173449719 3.7817561476101895 3.8821875256263194 2.858939556133787 0.5220111882741434 
4.073454131063581 1.7659061358548251 -1.9605531667201537 -3.3989135890136923 -2.755258333149653 4.762315249687992 9.908449852699139 5.0200556910443055 3.384360271160521 6.414865366391697 3.8118431997654074 
13.549926727064925 21.088941540796068 26.476574829143033 19.81186652345957 9.577420632307465 -0.7337257721884971 3.9691111871815306 6.184077716350211 2.938562217346483 5.486629740714299 0.5588582973425853 
-21.400366027340077 -25.034657046346574 -26.961615597495186 -24.117318983674462 -19.406572540269366 -10.121651822490515 5.61285552308322 5.263698641269844 4.629371873708338 5.063765775720599 1.016443892894567 
2.5746768614876396 2.0869731698996334 -3.8160088639121397 -2.5925243700497917 -0.4638949102803605 7.668875359282033 2.2514034411358606 -3.3416350946017395 -3.110583044430837 -1.6766475795560023 -0.8735803994317937 
1.4190048740131305 -4.970755689170744 -14.336386464473533 -12.469269313276993 -6.250367975811937 -4.738331705619574 4.495097203335613 -3.812573288961791 -8.027313897240322 -11.565323667188004 -7.485210688217618 
18.828457013705822 10.573352334248042 -5.337464080744947 -4.57818189841257 0.6745532258280463 3.0190845924131313 3.9493084978722246 -0.9034187465593629 -0.45055926837708316 -1.782714069002079 -0.3819019049724959 
11.607895919914665 8.052371548259625 -8.388646621154361 -14.663239203264924 -9.838658413289156 -8.433647288926444 2.5060318273841498 0.13004208509105802 2.013494112779598 -0.8456621413370968 -8.024121570362158 
30.13455120138204 35.98736021083765 24.432394118650365 4.8544894830314265 -5.681940762957577 -1.4023467381872008 8.720928905285966 4.196422918286029 2.564406725189322 -1.0668980086809576 -4.944012012931789 
20.168254332245482 41.48713056338279 53.81283173558665 33.919571161476 14.99995280348135 10.956696482088025 2.8565237006995323 2.350793032903165 -1.878518051301025 -0.9169521197464159 1.5192502716325162 
9.724369484354474 26.239194980066095 56.66170728764155 55.47222193428989 33.91217892544492 23.194236542180747 11.734434559946013 7.883611151193449 -0.41571518136821073 -2.632588524349832 -3.1109343483348155 
-22.646284126828466 -15.410223464630423 16.251596091840028 38.75355718229744 35.28177995551154 28.41761227757471 3.6011311510309096 -0.3136988972850939 -3.653939977599909 -2.167544966900671 -2.9828309372870927 
