-358.8259591189028 -267.7046626276212 -237.8329722901248 -270.4045207984108 -342.5366352938038 -431.2897989308643 -532.1233697587588 -588.1575139140651 -586.6731001198472 -581.3027941610328 -573.4632744145199 
37.46507831189972 27.428060174882958 32.82405502080729 30.813265896532997 25.187342269795444 25.891046902292835 16.56606630424127 23.653511846151616 28.8125744489844 29.600105058010676 33.28223841684997 
-72.76230876173767 -97.31276700375383 -99.49735213878834 -74.15860762601726 -28.65018175795645 -2.0375677560184027 16.29868379170391 23.996367639044326 16.189615383733994 15.124323319378622 22.34239870162061 
-21.51365459259749 -19.67831474583525 -21.897565904783004 -38.27587060076869 -72.57097752418787 -62.92183524465889 -5.893164292434144 17.617139770218458 8.652822694236711 9.36374014456189 18.276990552649785 
-12.204692662765492 -33.77338545698484 -41.36960140649188 -34.85497892275252 -16.98726723536356 -1.4258386864567707 6.670966068752243 -7.233334479872783 -11.941485993587424 -12.398324689484603 -7.084959512220567 
40.389634442282095 41.28410631559294 40.9423662635472 48.80341435870554 46.13171560946657 15.080248574626893 -17.211314330329806 -17.37732182007987 -19.680628594911695 -25.423594452741657 -20.10973261311792 
-41.420167258223344 -55.19691812960373 -64.32367591777555 -71.73860748631444 -55.673809854050624 -32.61341273226506 -25.3445276965484 -11.17316601219007 -5.527111110984405 -5.087248724884496 -11.878584068259517 
-17.011601180826098 -17.048098823290395 -17.732733445120385 -4.227315178403113 4.217452555361679 8.250877590524613 -3.4537761196445134 -14.705210448916908 -11.190568719216841 -10.189106987015325 -14.024929229891033 
-3.1149472320982037 -7.754163897222547 -16.710128370081904 -35.7265597356364 -44.31556058463862 -36.45873689048442 -19.817943747889295 -13.572763075329554 -4.03511489632456 -6.483327723378759 -14.795900796214173 
-4.175925078092172 -11.663385516128915 -18.894111419311255 -14.486966665698944 -11.65378844928456 -12.61561096625245 -6.046670434438843 -6.621135692808295 -7.109401225772356 -5.010811638718961 -7.9642836211936725 
11.338645677074192 19.68561543761463 20.99015896512193 14.417797372529922 19.623265969427866 12.094938946207254 4.18062393554813 -5.714516225268918 -10.84900497835904 -5.325277555434152 -1.7794380860483483 
-24.407190822237716 -27.93717150845854 -27.25450505138472 -22.359469395898984 -13.791815441393739 1.9638539344051371 -3.1333851270678323 -0.6733080367645541 0.7691763183397677 -1.5568419519322625 -2.672658033749217 
-6.111941307211937 2.094712805040724 8.76393594037227 5.93282578071179 9.704363593582368 7.381494181533177 0.0787661600514484 -3.2244498890278717 -2.5627604907388766 -7.473679562557927 -7.439048476666053 
-17.083862327620913 -18.860035601632248 -15.890481100047788 -13.284546798007376 -20.7954958714031 -29.037080620311762 -15.936906781386824 -0.9456476562105732 -1.159537417088818 -2.334569791273358 0.09406188397972032 
3.784893131970915 3.3251903802115645 3.8433818021943296 2.8514113892205186 7.554044902899314 10.652426120167629 7.05155435283892 4.872309283505638 4.302872371143364 0.16602759026268077 3.898916205025377 
-27.850581003341176 -25.885582075500373 -17.74135515449929 -11.158395155790355 -2.4887486888593324 -2.063616977820452 -5.719170726776902 1.0295567740166018 3.3571354611021 3.290732401278172 7.36394652144506 
-8.222486813503695 -15.169719027478365 -17.57424831480512 -11.246363355267015 -0.9716761931305933 9.886467735754838 15.579809588895484 11.075763650028989 12.814589781923408 10.841896924420645 12.532004507084212 
3.909875158207482 -6.77483362932116 -6.590127119809653 -9.708113340112556 -7.4392146294188555 -3.3865173667276083 -2.373264079176774 6.7781746311317 6.351058484395672 3.961085983420603 5.555400887280268 
6.8391178561594455 1.567936934750432 -4.146021731530652 -0.4482112578121974 4.61599090312006 -1.3129257122310287 -5.661575647957669 0.486093436232076 0.22547345612727504 0.33927313320179553 5.732485581104921 
17.717120475641146 9.60121714246868 4.1527486077450515 -2.372247155366749 -1.686853796607098 4.732431089879078 3.484156154209858 -0.6580916264539911 3.3183239698102565 0.33572837491162866 4.2022296162737955 
