-436.7915869035954 -449.12140900526856 -506.52880768960483 -563.0283190611088 -288.5184316004265 -200.2224730995914 -210.13626685620704 -260.0023739416457 -226.84994724444311 -230.00712926752698 -297.191115991199 
4.298239829930383 -23.209583026417086 -50.609663900816976 17.354394085614665 82.61098264622612 63.29537089994665 31.685819985569037 -26.218655928419842 4.771230831662779 36.815436501522434 73.7973585834493 
10.99407790743032 9.29033383317864 3.4691196662770714 21.79154888581808 -23.494865593890303 -32.48399548750085 -50.25531557735198 -101.52041358850929 -53.071108332690045 -15.946859265198668 2.393395451405973 
12.669842190333164 11.679862932367268 12.166445291712161 9.221613687615966 -14.99776091002187 -10.76752855356445 -4.825213816034678 -26.464964817222853 -38.547319402582986 -46.120702018745554 -43.12875570437778 
3.4914431125276555 4.275419957598133 7.310266972039651 -1.4645566545501716 -29.368764752621196 -34.48819266973919 -43.80012390308285 -62.76095653889992 -39.93837959438416 -11.407286873824805 -0.5682379332873857 
2.41206187848733 0.6484621828696433 -4.512452482489557 -9.372651857464263 2.446746790351571 10.532388394123384 23.147447687276802 27.129661270263654 16.54564747799245 0.7107893292018568 -23.234948179066915 
2.1020255379065476 -4.339807659462221 -17.677063091653544 -23.430122957976543 -34.38698862314776 -40.47095357555745 -43.676565638991775 -30.926877472925675 -42.04375421030825 -47.40187580753799 -37.59738460437377 
11.421227409841268 5.526709745714223 -9.254464262412025 -26.2111376721176 -47.226602814035665 -45.1189264348997 -42.10842294387486 -30.249331273558262 -27.889267178536915 -23.78829340669452 -18.288702773324495 
2.700675270010045 4.66525424948545 0.050008426049281685 -15.009403185708816 -26.011556179470094 -26.842225402892094 -22.042985513940796 -13.381430252712395 -19.504004910864253 -24.050567205837197 -28.86001510289143 
-14.14275146426628 -10.08641105335762 -10.54804938618204 -19.81546665818921 -9.2444675860263 -10.022037311319716 -20.26919192570263 -26.624755410913174 -27.958056834590415 -19.27661856858699 -10.887106753182909 
-18.241233606113717 -15.204785312526493 -6.570574873177071 -3.2684974992900306 -17.131280600348305 -12.384113895062931 -1.702768471346716 13.509766430962767 6.655127666272889 -5.457239931381115 -17.957508344459 
-24.46467025300984 -22.901686817051313 -17.885897591916635 -15.741931421111033 -14.491957652116724 -19.46499571703192 -29.092553648261145 -35.59871351996718 -32.32015735482646 -31.805337018048363 -31.450820865044925 
2.350701450177186 3.4942061646812865 1.6069734490377623 -4.544149951063549 -24.84719731606824 -26.980250715252012 -23.06016792909855 -18.83169843624967 -16.9979153211271 -15.49650313835713 -15.85522601676329 
2.9094782690061005 2.7290745968523904 0.06648746083898557 -4.671533189623293 -14.77775858330774 -21.89300005696503 -22.99015823562702 -17.13964813480478 -11.868788696199093 -12.999366034835809 -8.650037627677092 
-7.385188753130348 -5.635478274895716 -7.0879694494886945 -11.333886481592348 -30.091593300942947 -26.465377141546114 -27.102720099346385 -19.608656715513998 -15.908080032418384 -7.2322076804128645 2.7999273453671885 
-1.7445766700508305 -4.642826249391719 -7.321061206166969 -10.278769543615383 -29.755630228318633 -30.242295912781948 -30.830090531531344 -24.901508400558917 -15.104671404572183 -7.012841410360027 -11.404101819430156 
-0.4555045841479537 -2.3499535343981406 -1.274682486916997 -6.26844095685686 -4.187254825044123 -4.081779158693834 -7.90262357242897 -13.130660841613276 -21.1353695334301 -11.80597797449639 -7.456058486807107 
-9.517887849688595 -5.599166597201248 2.95669510590683 -3.2990789587220073 -6.657214763127263 -2.036103654397295 5.439975012056378 12.137997872931951 -10.89502057710396 -11.005793460331944 -15.050093159631253 
-3.338674903171163 -4.888924202973501 -2.254476619611798 -10.211999374999962 4.6985068831343515 11.845178352679602 26.08109728568779 47.56441908942146 11.41882248248649 0.4695196000694225 -9.035526240517267 
2.1058198778727357 0.5941495200118319 1.4593203155608339 -0.16748201063840326 5.48155616494716 9.14053957437959 19.723142969770453 62.8271895254814 37.27401710912172 17.38195578484177 7.717236152623113 
