-552.9146603004152 -288.22234742826475 -211.45783566601986 -223.9721074102158 -262.6275713626673 -297.6809537911341 -350.93443565736845 -427.1671265340923 -582.2579580663491 -740.2800101232377 -780.116767489721 
85.81693180605018 53.41554757897017 40.60106365477812 15.160561395420448 -7.316601156921678 9.559466330332477 28.340530855612087 25.33537613840737 36.25360019082986 28.692266595140666 17.750719592705067 
33.54802738890327 -48.26522489358166 -67.6514073065759 -89.5182997995596 -94.16714568740552 -28.639680538034405 -14.584130004934474 -26.384179623463694 -28.752623357568524 -2.0191376131821928 4.575333655682261 
-25.141036438540024 -5.697480442220575 5.37076354526443 9.436355600777638 -10.01039993844298 -25.745882704190755 -26.986780992203435 -6.0787176495451885 15.575640683412114 16.535225367680802 14.515684667909404 
-37.32024452070473 -44.260482606142965 -60.68172909617505 -72.24044289359509 -84.47162064717037 -59.21135783162363 -6.453949890697018 -1.72251496015335 -18.298471439729965 -13.578316570347281 -6.3335481116767625 
-21.68132347382474 5.389056414279608 12.405991525442769 14.667202784324571 16.847690572543428 14.6408848590584 -9.86430143488358 -18.420746386555933 -36.24754785990288 -21.437945504978565 -6.777562660694181 
-25.69487814401886 -20.42173694813264 -21.614641643045303 -21.394182200969432 -31.749520989017665 -29.385547546702078 -27.98667334395521 -24.644105021131857 -19.917573477440307 -13.438911768211266 -8.840305356176716 
-20.843625605993672 -37.39439702616033 -43.29354651230841 -48.13668839043169 -36.92097235923591 -24.63884459764082 -15.89352552290439 -13.763357883433924 1.313555500661924 3.4300289800414316 -2.3171582533295663 
-21.831491396506724 -21.025872267543956 -12.668580475593222 -4.352234836401426 -5.8103667014839795 -10.51898111022151 -23.47197755341982 -17.795916211438964 -4.2903608948082645 -2.7971117923188165 1.8506977850491282 
-11.81182909171602 -15.111156439362437 -24.895252394291497 -35.76691354359993 -41.6223684974247 -37.67440288452099 -27.48116227486058 -27.851250678833797 -30.85354629625735 -13.27108530638215 -4.1391425995122795 
-27.817454717842587 -16.584694682659517 -13.8046170243298 -7.1942399268393515 -5.73701611377031 5.625626793351749 10.770889468920352 10.653342050363149 10.615841723969343 2.285245006312566 -1.0157695102175706 
-22.87015562592493 -14.786078490148991 -14.967923382612614 -14.396224928621605 -15.403153107550812 -15.326239663473375 -25.758883630429217 -35.694467157783095 -24.957585200081745 -11.476526584483405 -9.698736539310842 
-15.909174020495218 -10.96393203167984 -15.908675361822608 -18.162560704632185 -12.23144752738859 -13.259702896829676 -11.919515927993057 -13.874537974020825 -14.523240011370248 -9.940826586330015 -1.4190561556545092 
-0.25541952207226226 -21.065839989511197 -20.035777435173085 -22.36151849692559 -27.42242438301409 -21.00666889453756 -16.920020295201393 -20.959418666858486 -19.988524144823096 -1.8740451180471334 2.136542036237359 
2.050498507298472 -16.57274271267302 -16.910077259971537 -13.465073951377843 -15.353398078553989 -18.36971538859747 -16.841151228990658 -16.292910786213874 -18.074744547308295 -9.755911562173281 -2.177289696869561 
-3.067808142814614 -2.2400014587248216 -6.0259204842428336 -11.23087745738578 -15.185585537231484 -9.665026120130388 -11.206322489702831 -10.438323854108418 -5.688811756353963 -0.9473592458597775 -3.8515380615101917 
-1.038459639879573 -13.576466796662068 -15.383911838158934 -15.667297964373704 -10.66720229494096 -6.369885884877203 -16.39301980639075 -13.37303004661866 -1.9859357939755644 0.3754559439344772 3.241688709287449 
-11.247583176923065 -2.724935117364103 -5.686106767116115 -17.333881682208524 -18.632444026189706 -5.123206757647703 1.25995838622405 7.6637000108678865 10.280105872425603 5.756041451707036 0.905240245421078 
-7.06605813317609 -11.676260999146518 -9.175652976169822 -8.167328635308854 -18.567449930161363 -17.068644317986248 -7.198423039276456 3.1521157017006454 13.432776278965697 6.074819273371082 -9.628973829697653 
-7.993845486814794 -1.0897772631640636 5.1117543047532585 10.290469307889087 3.0962350087476445 -2.5135206144340754 5.88992050277934 15.35563804328848 22.907864534633703 7.293482846914772 -7.296805544464588 
