-339.0526207567769 -388.9987607701754 -535.5298750926663 -234.1917921166848 -61.927466934183876 -29.35378820872793 -85.99827580168649 -128.3685886507953 -145.98067596041884 -232.20554865879419 -469.63946130965985 
-10.222889455687172 -6.859155423834511 26.334336452192062 2.202128698756921 -19.368890765731273 -30.598025643114056 -42.19898645856551 -19.26845492732315 10.174007903379163 16.037197752663133 17.055431239824507 
7.282542015415628 8.142035356602024 -11.543468962026907 -79.64738628287886 -76.13387067857568 -68.72972545597156 -51.73029832478844 -47.168533726857646 -30.3628024829672 -10.994079125038024 1.8505373135255057 
-12.766694130977324 -12.744049585797725 -16.767570196155795 -50.27986210960487 -44.45091736137803 -41.25922387806962 -33.06350262518333 -51.68750174368878 -49.882290805983345 -43.867965605169886 -34.9007202370033 
-25.106211848173807 -27.763466192148417 -41.76172253061781 -47.78262768520928 -45.797144271283706 -41.584147196451575 -33.56118261282313 -40.55488595081896 -42.750645163350974 -47.42039206000145 -44.180450869593884 
20.7888275154327 15.52765815152737 -21.95884942232725 -1.2590919041016422 -4.447147675393909 -12.150586969683546 -17.324956814317986 -26.39274916916186 -27.77223422932044 -39.98725434694033 -42.82398085159082 
-27.47080380466526 -27.816255534538247 -22.136515924549208 -26.200994326350575 -30.09071062401427 -38.98899684757842 -51.57870475764042 -40.96033543264754 -20.610942632521365 -14.158946708268644 -27.606530173806732 
-24.63955072850346 -22.82496380830571 -11.374819608945373 15.680484627483668 15.080119767311587 11.122639557800198 -1.5778362964823356 -6.892540819121205 -19.09056403984343 -23.91539730749546 -11.699563321393011 
8.532445827424073 7.975621178849791 -8.897877745542475 -17.766469570648635 -23.170999380389738 -32.824972884492944 -46.00635707547912 -38.83088672582 -27.428424811424343 -21.5351131594973 -22.20664811348124 
5.801111389432876 5.056067653525393 7.645404630335134 37.416891267204306 39.715230823768096 44.27464387792305 43.79267565407911 28.25388961541003 35.39005922866568 43.81994881295449 32.3148897299118 
-2.44758361997169 0.21624503819645738 15.564022451022591 2.4043948279033893 3.5020351578546016 9.510467007200823 21.700909585352647 17.51083481985897 10.62929058511202 9.963259344952936 27.199347425505003 
8.919292897673902 10.998759286934682 11.70228225223602 -0.38846783445835126 5.909232042763968 18.91204245312405 37.15893878595736 43.1422786353553 33.989989617437445 27.717776294147605 22.071500992566282 
-1.5557893473741888 0.46726043816247437 10.82816033079411 -1.4636285170305183 -2.5049994038681107 -1.500515412634681 1.0249756467175497 13.666662627820514 7.559210024444689 -1.0473513063733084 10.343755762459256 
4.067645044507713 6.704580840014464 11.637041263900063 -13.212395751588401 -12.064742204715596 -14.827676314109318 -20.768974494443228 -15.100864287438117 -12.33428218481434 -4.765740201330586 0.42323358450537407 
-9.794972999311693 -9.149849412978938 -2.0465024157546643 -16.56572249187534 -11.7799288724007 -11.4782865535345 -11.166189876775078 -16.808673258096494 -14.746004184887553 -4.589716896690233 -5.432537136016451 
10.20375880793649 8.317765655457183 -0.6533466292459762 -18.882914120163043 -15.423829643656717 -10.782520518484551 -1.7749447557492402 -4.793139071830208 -9.258602106452742 -11.804264805476118 -7.717473552286144 
-3.755468434626191 -6.061669877755095 -6.117948177747586 -10.918182755510744 -11.900799403081365 -11.649383155002681 -7.126139855799749 -1.5359500314100227 -1.8314376333558564 -12.362615668716561 -10.778769409944132 
-0.9208792389417431 -2.2007643493085314 -0.7318826424611335 8.399385318201379 8.166981312026289 -1.1233344354703991 -14.135145991770937 -8.554787189896714 -6.2452067533896685 -6.69394045246985 -10.864846763386042 
-3.0585824458833386 -4.987594516036594 -2.8870964046134606 -17.227280634490683 -9.468858775012059 -9.568992134550562 -20.398802764674542 -22.196002836926574 -15.40661383949606 -1.9559223321087809 -4.0181711449609505 
-0.4008248286889779 -1.7403445069755161 -5.681302480754774 10.726966806908978 19.071623594227347 29.175128721328463 34.3977616019033 16.974201441925587 9.93349270608493 8.441524872636379 2.155877987890359 
