-724.7892194878874 -725.528988961045 -417.97453855928387 -239.514378920661 -205.61317242229993 -230.56391762339152 -230.2370581725592 -273.20758424627513 -390.2925241218559 -631.5438332576842 -649.2552849513984 
14.781737919982097 14.900838536442452 1.8869206748350937 -2.3468580156303065 0.7422948127180766 13.784633132485634 1.7776412456719453 2.110748406337951 14.674946805331375 34.92523656355652 51.757764149983245 
1.551063086109119 2.25755204221244 -57.02928206506108 -61.991141959616684 -62.99936079416109 -62.545173973111915 -38.628405415333816 -29.5194273080028 -20.84511452051617 11.122337767964817 25.13905960274188 
-5.9597850323057 -5.506604272268838 -54.143387712770185 -46.09735313517734 -38.92350534614619 -41.33360462216815 -80.1718568228901 -91.07114135487822 -73.28870604214472 -12.275210312545019 1.5088050767004342 
-7.942532426060036 -6.2862018746721215 -42.60805056366789 -51.76761849983262 -59.56408764502737 -55.44375239784641 -46.25554930562708 -52.59251707660596 -42.592656237345906 -21.65186267867637 -18.988826585734387 
-6.794179053375053 -4.446741757721575 11.517424368415513 18.482001724297344 28.918471395267566 34.26752806195186 0.6335424052791679 -21.4202794538933 -28.331136221104266 -7.562585116813736 -10.660156738303439 
-4.998842636288773 -3.687362669070186 -12.420251183939204 -26.802396165041337 -36.45024926206622 -41.2647092015725 -25.866880389893204 -21.932972051129173 -32.10990169272232 -17.18934862825923 -4.563638607024993 
-4.1130947684740455 -4.656120493548219 -14.647571263154191 -13.051662745415346 -3.416463037697032 14.377921014494994 0.9080562368564844 -15.863099483982285 -19.76185022851636 -2.2637081316233747 -7.0066434015341486 
-3.2213159545308647 -5.55088022966286 9.201728108261555 -3.880088175390064 -14.784511716112373 -33.08478498456655 -27.847686056748017 -26.118419631629358 -28.993620914192995 -16.863652212158044 -12.827957321326547 
-1.7639771441908252 -5.168279958708052 24.121819163170194 16.714855594381255 3.7329718978013786 -8.519306954337042 -4.283124427652717 5.917462804792031 7.323915914742129 -12.301705304139997 -15.480022945288036 
-1.4265148243062438 -4.139220824054775 26.439488971307874 23.419810033323685 16.062313374694725 8.233611870526577 13.279305724411028 9.714667968413817 7.967733891917286 -9.19763135907533 -12.466823005539696 
-0.6188284074717142 -2.2028493702680487 32.07241636234633 26.418689953947734 17.800161808736092 14.390136589999148 21.174143343610815 17.351025795379606 8.14552931248931 -11.606271264774893 -12.62033961668855 
2.16073132902011 0.9358029388636 7.432591916520992 7.667581135333597 10.125158180518444 16.97692629320776 28.67324822767065 25.200366608192667 21.115541937271317 5.664011684469802 -7.468287692128826 
1.9615166014234822 2.9644606423742603 1.7806092280125845 -1.430434717415576 -6.502536155421176 0.35889595418557363 0.40692354857110624 7.023344359089158 2.6547586257195577 -4.91474301143772 -4.746063670168877 
-0.6716523769532458 2.675418001883446 -21.209456315512234 -22.017091846415028 -21.387729163759005 -15.054582627772342 -15.75022689960259 -6.115498191866742 0.4702609236481901 1.8069628237253936 -7.962944730178666 
-0.431166086339134 2.2681486622009066 -13.975131599186849 -17.08706613862023 -19.32667232810565 -20.586628500354255 -26.580418709957176 -24.728359333076355 -20.32233874049263 -7.706947748791203 -6.21873685651809 
2.055010436893646 2.6981728288353133 3.465602846609933 5.549348809463014 1.1530123752603738 -8.213754949657682 -11.961061917416941 -5.955073295623478 -6.868311576144988 -5.6581003051941865 0.4781716099701294 
4.113929168193867 2.8784286669429866 -2.691650098586438 0.09938959209980786 2.23583710413524 -5.27671981417377 -0.42930395076195554 3.256592492340353 -0.36284113914140764 2.571905672450751 3.306524306634869 
4.463207669888078 2.9498577056156465 -10.881305469979011 -8.041100708752365 -8.040270657422294 -13.410489599673967 -21.34795801524716 -14.784317770874328 -13.57053300610329 0.5883145691060295 3.0826521602046038 
3.1440655171779697 2.717053657543458 -2.6996210955338977 -8.367015543964785 -13.316838669726 -11.492430529109445 -7.820326215944473 -0.23558337859477735 5.158813223792528 9.297275518062163 -0.9087619852623704 
