-460.2929858504917 -206.01922634726643 -121.64979258133269 -140.1428347277776 -195.31501004115984 -229.52865454191087 -293.1765185662566 -401.14706978110075 -461.435101506078 -464.8729860547487 -456.1701208207521 
11.203864365643547 -16.48079424961942 -27.372947188519127 -36.98870651876699 -25.34499286337585 -8.217963514725533 -8.562921581802394 12.742273624577368 33.39286699335876 29.52373818863436 38.070262598018715 
-6.060781396544311 -58.33564460558537 -75.38776968074131 -89.27046565202546 -63.45330660059959 -17.382195473869537 4.149681457956577 12.386103330413528 17.277755266439126 11.774350061606807 15.797306802805373 
8.282998573770168 -1.0211560362253522 0.48886536228388217 -5.6423423588287225 -32.056137689203545 -48.762169401117255 -28.717870585238394 6.365377400747905 23.41006378579854 11.234350415434847 12.002370294319542 
15.106680943584937 -5.37742434704993 -12.238335344577731 -13.666943387403412 3.439516709247613 20.17396684844008 29.85295956188468 38.66258989344432 15.700699300143551 6.578110059956323 9.848253018835049 
17.854365518139385 16.495677869122638 17.87419126497904 18.426858331476364 9.963860601798107 2.83381093858978 8.275028475987657 7.729600541120483 19.847923327771895 17.190833389009814 15.010194699916747 
15.029648735564358 -20.66651505224109 -34.02432577998232 -45.77378501076252 -38.34232831248934 -12.152305882132648 14.74797260644905 19.00709530969163 21.078712465272904 10.446686146918626 -2.0070348656894605 
11.327101041968952 19.985345038327466 24.432789852365957 26.500892097755976 24.276122557583566 6.591926917530043 -2.278492278131279 17.102897813828264 17.040960449669047 4.40587534133225 -9.885067736930559 
13.71311452598862 13.417721275839874 3.166676641598053 -13.40201422558172 -26.094567698757377 -16.3780442546432 -7.098746989506301 10.567813104871849 12.457918689136232 0.22801412727143752 -12.399748176850911 
9.173080421172699 13.00632087161711 14.378734776456533 13.681005031427967 5.019378585554067 0.6449668314929983 2.7453180148623675 12.364532162973106 9.953899811086648 6.183713968462405 -3.220135663436776 
0.46385233591847075 27.94751805770216 32.5981143816154 27.38639123229548 -1.5365667006814407 -0.3872986849844724 8.541648051229618 8.59596202008594 13.718032187046123 9.414831336679411 8.971713593939675 
4.132430545793433 24.23435461228167 38.56950504460603 54.26382431107509 30.491097997282793 15.02514958346687 14.17390630457357 9.943142566467472 10.206293800044364 5.8535074298933285 4.442302609263092 
11.109407619688913 -0.10758809089266375 14.541256858408582 38.44404775024136 42.16114255423588 15.17147477701906 2.9681249452149254 4.619351327033783 5.30955609127174 3.1755148204706964 4.101568616570159 
3.355649231474965 -14.817203404095585 -12.409797350337634 9.560014163299776 45.72437728828017 33.773175390697624 23.245390975541234 10.640721829609745 5.122497515822211 1.9796244112328085 1.437939264184139 
6.800895433828714 -17.876068351564598 -23.60818684127621 -21.890766966053107 12.142346793974475 18.268592691650916 4.716926943348835 0.01741417366613429 4.846767087162087 3.9323182889058246 5.581889431951491 
6.113245354025141 0.39473869899235003 -9.92716611539132 -24.319236382745107 -27.29569552789879 -14.006878907876281 0.08780001428400108 3.4780608833278004 4.900128587410554 4.093478425902177 2.7016768868075687 
0.8347522846282012 6.898009949831289 9.965185086971665 3.3375742673705595 -19.677178599827656 -20.52337773065744 -3.126289116629797 1.248328870217219 3.8827739552023375 7.157516522635691 4.592042830136744 
0.6811343472015441 -12.041682655449078 -6.111302223706092 5.310824760321151 9.50392879337017 -9.632191785595236 -8.590762849292593 0.23055619163349328 1.7959533309076554 3.5620601411802206 5.239492586252675 
-0.9981659361053348 -6.249419507492231 -15.526906041905203 -10.972160939877249 8.066295662736206 12.248927104066983 2.659934447664119 1.6405569259153776 2.8285628460891745 2.926307451064429 4.916190534341419 
1.810485229947549 13.111345163058612 -1.723080095708086 -16.010543166976117 -13.03956106932948 7.5112267634055465 6.856200607728811 3.681485713209828 -2.2865478264227486 2.0022198241468043 4.6780713437105454 
