-335.13961509634066 -331.68224162069976 -327.7587330708499 -325.79919198747024 -333.75723572833044 -208.2980787944016 -78.57672018618109 -43.35381235329942 -67.48135682262014 -128.5386987929229 -230.0846028546978 
51.209845087911944 50.98946023776386 49.72178858257237 51.071674366409624 50.5517741406031 65.11965213469887 65.39802128354161 73.83701054302011 67.40819998292073 57.48285191811908 63.33076884905631 
-10.67025314228528 -12.590537120144544 -12.418133991470842 -11.22780794310033 -12.442864070500217 -92.45039781199651 -126.48106006155064 -126.33825622529784 -97.77353769923698 -49.978910053827846 -26.974449565875382 
21.842490344504824 17.678405345917724 16.44919777626561 20.09894153665563 19.120768142712123 -5.2751327773218115 -2.396283845078418 2.9881594214864227 5.341367487921657 -15.3710218344556 -11.77722364028391 
-15.054731284420475 -16.78701638895885 -22.15820201079699 -23.823888035617045 -19.17450474403656 -24.47741233429324 -44.015590746667996 -50.14936079690854 -39.97459326733075 -22.721568748947462 1.2415772989690639 
8.848613634032814 7.287692110561801 2.4676341644765696 1.561753843161683 2.9719671205239213 22.539010456623245 33.903846151071626 41.238459414585044 39.54320256718701 29.75181211447657 6.110481423447137 
-28.42904466521736 -30.251803323698127 -32.357471130163184 -33.95920270600014 -32.67187396212097 -28.45883548941 -48.024783981990694 -51.990413933223564 -45.0177495732669 -39.22172654423782 -28.246407081882968 
-10.34596745525256 -7.059466588433333 -10.024884815247663 -14.515099316894677 -13.311769265832048 -22.369262708592064 -10.74132302831594 -5.768065687064675 -4.393874800571642 -1.0074756454930305 -3.9794793358914062 
-4.9946758364399075 -3.985885350326689 -3.2818146976381666 -9.234727972288827 -9.927629693243059 -11.660027254781728 -15.654554449794766 -12.410541223154322 -1.9037046770104789 -2.9100971180723443 -2.1168120104279584 
6.1834347347300564 -0.9396509507793509 -4.099672164525897 -2.8387195081309766 0.3314710454023404 -18.321841194668167 -21.860411565330306 -22.831305933497706 -20.055251976485653 -12.771874347451408 0.169508889141748 
5.0445426600657886 -2.3743341830314018 -3.4587457768008405 -0.6941628285651016 0.7749131596563189 -13.463342453626744 -16.703700271311924 -9.859357772245843 3.3896461723215388 2.5045538500188016 -2.2714955717764687 
-1.3837105903590277 -6.353852737549251 -10.696154320590102 -9.497842916010843 -6.339861762026846 5.152588033958635 -6.72944405494491 -15.353806687426012 -21.27341387729412 -16.435223768083116 -16.680813840758383 
0.37360795314159095 -1.4429461957730383 -3.977741271077527 -1.613195497125451 -2.830170763256345 10.07696269317022 7.1588581777707745 -1.6935508042265328 -5.235234132988635 3.4728027603437623 -0.8178266529889848 
-4.603059001503723 -4.3066096569294485 -5.677873383277067 -4.513703123251291 -5.846533903033695 31.821810289554133 38.465903909141936 21.723538196265487 -8.164183642509599 -13.703340068403275 -2.4461956302163914 
-3.7917522721263333 -3.0276406387554964 -5.973448755877097 -8.53457369758891 -9.987508272049634 -4.805249530462808 14.986563197987834 17.131575758679393 4.692905415075475 -13.68404318257658 -12.662224956258715 
-2.0750028095754796 -3.996806921843469 -3.6010738457443106 -1.693180853800237 -3.007379589230027 -32.36110927673592 -13.80485616585812 4.399615585044711 13.797003474848387 -5.737733432642342 -20.067232933638586 
-3.7205314886452823 -2.636916550377782 -3.5430993123756442 -3.039869338994756 3.0071626308828496 -0.9051423222253793 2.619262838899487 13.78361424084935 32.95519232464938 23.959431007229448 4.058909214367201 
-3.14744434051566 -2.7172478784236995 2.911327710864523 0.6353113839876483 -1.7839931097698583 -7.094856578271957 -18.847555079076358 -8.738489105244152 19.821406848010188 30.929173918344542 16.569081759552045 
6.040550966666656 6.67877499688729 9.347109424012563 5.513507996498242 3.5816363153215676 14.46073957114761 2.3792503503988827 -5.87179463075468 -2.2412310727830453 18.27646509298326 19.68769332344929 
-5.6419880934900295 -3.8002161015145712 -2.3339501010295307 2.7053909151376443 2.580071309817897 -1.4232700106212637 0.23352206936296707 -3.694038036136595 -10.189384689203674 -3.795650428889265 0.4336040185321708 
