-203.5213867819359 -212.1403904963507 -225.89648630984132 -218.80181091121293 -180.1263135824772 -163.9631314157444 -157.72250704631549 -146.52668226097245 -170.2514708996202 -211.82061823835141 -225.3043787589159 
81.27852057952887 82.73501018301015 75.60419735232972 80.96711792897213 80.70547448841415 72.48166072862401 70.93044573001954 75.47523142165126 76.06306517053831 75.26744256337511 78.51743913700128 
15.135811578557956 12.122797518119224 9.324156218428886 0.15671408267620657 -13.74564232321489 -11.917985022662911 -19.707654654342022 -18.41214095227998 -1.2800646894512742 7.090404373574747 5.333186741953222 
31.78782145910864 24.618004295357505 21.780774783135534 15.853758850360677 3.096481544272129 7.8996587839008505 6.4596809731308795 -5.184116639607263 -8.141045536986905 11.848847559700735 28.013352430421275 
15.033719695031191 12.30125207068345 9.3397148650993 10.033169597523859 0.24668463493656412 -2.9544211698263516 -8.230904187810989 -14.680457008049771 -6.203793253617334 7.783093543343527 9.986007655516833 
8.041769770563045 8.111293369382329 5.346029229716339 10.6781963356155 20.43864724444151 23.062421517952536 33.181736373349835 43.33647622093109 33.414425321592915 11.70236730374621 7.70045657301206 
0.16866660066217098 3.331000156991454 1.1712300479445048 2.5884100686726894 -3.389429831056839 -10.125140233015653 -5.767725740631079 -2.4227958996521304 -1.691250392119415 2.2451638677375825 2.9027127292056414 
-0.15059611362172812 -0.19408854775944573 -0.7174581559032731 -3.4410335537067267 -3.280145765011876 -2.218061623303225 -1.856289921606462 7.944041558843439 12.690941697875619 1.2969051909086102 -4.413396618099659 
-10.34826819053492 -6.426689981848213 -1.2594651460334798 -2.7034690742613643 -7.204858042110548 -9.800723435574893 -14.803233792548259 -17.90721566405911 -18.33104344079431 -9.187459508918302 -7.641175017297041 
-12.934744070514142 -8.137855381709292 2.910718000245889 3.699444295893978 9.171990084038864 9.354437716842009 3.053550813499327 1.3813165797954907 0.9145088254106178 0.7385257266137988 0.11418135234414073 
-5.093346079547919 -5.5719352233171335 -0.9572754895925734 -3.575761141766536 -2.0982152154469027 -1.624648759425914 4.764797732486622 9.686029066358286 12.808344733627163 2.209828520506554 -4.396420957726367 
-8.28276175818604 -7.193359533323653 -3.416746299649862 -3.6235564589282396 -9.419474249931445 -9.258888518210375 -6.013268208148348 -6.06217542932313 -4.546337243826193 -4.453416885334049 -7.321452444965882 
-3.553193920810914 -4.429685577848923 -2.2656647521027073 -3.4656813327610196 -10.38481869212419 -10.671217834033268 -7.554321058176492 2.9371121425190974 11.259885671319035 9.89019072903763 -1.1062188776520803 
-2.83559913971895 -2.6207336801413312 -1.727936035843702 -7.258772135054651 -4.337166334837298 -6.834515531748437 -26.274444098789026 -30.891142107412836 -24.880965081939728 -5.185539467224016 -1.9065643558014223 
-3.014187795432394 -0.5949824237405434 4.056089266090014 3.6270872488366406 12.06155466794192 21.56414027887736 11.70593814966497 -0.8669695492638724 -3.9788464904482854 3.719553517710981 4.174182558494017 
-5.820935742735605 -3.555503931448275 -0.1479628900028198 4.475250608405231 17.564801689866194 22.749313071276426 24.96050024743191 13.540377913286413 -2.4900977085482383 -7.214357123367672 -2.2165871888017836 
-3.883369327660594 -1.7146596293001246 0.512989875988476 3.667216449636406 11.814054402930747 13.616651746901898 27.659930631718822 28.338564702785597 22.901547541827462 9.719117053789478 6.5224045356215985 
-4.854921295256058 -2.4166083037252655 1.1336725945703257 -1.5127122766302166 -3.5225844420359 -8.472531613639504 -1.6386512837181282 15.782849472412385 19.690188632995802 8.2433751257332 0.7442479201505647 
-3.932804109916252 -0.5178436073631807 1.5071202646865292 -1.3372506262613586 -10.269050927102564 -14.47727823903227 -26.886345415309208 -20.77706449269072 -7.614151907395787 3.5721352148431826 -0.40689512736772293 
-8.682207085850484 -8.075073311150474 -6.7668219708014625 -3.8459557958433717 -8.500742344994034 -9.951941494542769 -21.481298801881817 -21.821896358333685 -10.852055730947294 0.4258697292411705 -3.242038005058471 
