-302.32323184205535 -315.374669923331 -341.6056813423971 -363.09089353612467 -427.2202683770765 -525.1088183203511 -704.9247401318144 -759.3996195895629 -788.111574883556 -791.8244621565542 -782.2246645152006 
-60.910467649790206 -64.1984775262975 -64.3416967582918 -28.571361487333377 14.460584714507453 19.00428719994077 21.926440496089086 26.320555269961467 27.117891428568605 28.276398319403512 32.51960256973466 
-103.46041422747422 -82.99715681939936 -41.03341945869023 -40.134412462587356 -53.53971113206132 -57.20730833618421 -26.638248377742887 -12.500531809967693 -13.256752396857898 -9.229730218762725 -8.882108932633976 
-39.550208848715684 -34.3067741049767 -40.33238035317468 -69.48554741308548 -87.84127576512468 -69.2536482273581 -13.599688419595276 -13.46691874945463 -12.77262835997037 -8.598002044287902 -9.506270385420958 
-22.37386161940905 -18.908856066700487 -27.8628612447153 -18.907968349617132 4.449549040055943 13.221698264380827 -4.611530028356118 -15.75999846707462 -15.57022240524723 -12.990439634651118 -15.704959532045123 
-9.027551374772585 -8.934669027494245 -23.677656323827776 -29.375668313964194 -42.231669246387284 -46.655155898450445 -15.934829041622029 -8.782256274488962 -11.62425009736946 -16.55782406753451 -20.81336852270451 
-30.84990004979869 -38.629920465769096 -49.03929840870559 -32.326472498124424 -20.43331343373601 -9.836462441530983 -14.153514231537386 -10.144958169606312 -8.01987294991184 -12.482777928842893 -6.658827906991726 
57.87906799891135 50.39408008893974 18.948404543482347 15.099139822496147 18.843646693316863 18.013881731131452 -5.846154952819384 -10.295286861352686 -5.78011236659877 -7.187084454883043 -6.544063241269292 
-9.083457738570274 -7.513476641451939 6.124684911468802 5.958326080866611 4.789817060557192 -3.4007409689338406 -9.823184631733696 -10.868776660549365 -3.9299136237826167 -0.3446358151053608 -4.521233843058358 
-8.838507531141904 -0.10306678387529006 35.646252449563576 36.39616979583536 26.777989133668733 14.312350908128169 -8.207004693520547 -12.131709222613075 -6.6226453483922585 -1.7239801419362888 -4.221249464524959 
-19.93330423046554 -27.63896171023984 -27.06184065076932 -20.95132688474041 -9.173324250465917 -7.926051923133037 -11.602837183531234 -16.879961984841316 -10.657968767246388 -8.095748740888562 -5.283922939629996 
-11.251538635587423 -15.19764744398252 -32.3089630006403 -20.600963500470264 -9.01453756526207 -6.532339972807494 -2.9245570840172954 -8.114132413724477 -7.6323515480165 -5.353527788236583 -5.014377622333839 
-29.692532599233612 -25.927762043558353 -35.95197279997906 -43.382811272542455 -36.77571895746258 -28.865758018846424 -0.7511687899635041 5.07806269049324 1.7459672349519093 -0.43107144287320986 -0.39435646056255547 
0.9270035563588158 6.334827737605626 9.584656124617496 3.82722617767007 -0.18015975642726076 -0.07931916268699155 5.7528726382411985 5.918060275635972 7.291432404538082 6.081756856241744 0.7852647188555096 
0.892535188297073 5.87832298295395 -1.7962448309965846 -1.1537307478100742 -8.846878498819093 -6.0114651507676395 9.174685731053165 6.601086285713885 4.454776661737988 5.848840406946165 2.4313854510019444 
6.274847085573569 1.3531189952745193 -10.775631701976685 -10.112355749736325 5.081807708563696 14.18653392739345 0.5431403735227535 2.1112292485810107 1.35245868230697 2.1613329622277044 1.6221746341995282 
10.929689616386725 17.588812376075524 27.49883990263108 15.285899042146944 11.518180736858154 11.431342681377945 -1.5525034545931526 -2.273679416907581 -0.5977534424791083 4.787175055841525 7.9094626572583255 
28.110723194219545 30.92583205566663 42.0478749908675 34.97796381783317 19.666351848930738 12.098775951911623 0.5589840643848376 3.603698233324405 4.015295035587663 3.4618295462368214 9.069362238252971 
-15.413395688680378 -16.04782775355661 -5.185056335236234 7.7751174127466545 5.873167433174817 -1.5181000314773911 -0.9141269394526294 2.703265168599715 0.21231997924636387 -3.8800702934877216 -0.8389161629830975 
-5.918180733753589 -16.569242544061026 -25.952104737058814 -21.366503957817375 -9.05898446369223 -6.1640253376427685 -6.179371614317008 -3.0890394151747085 -1.7782430487268395 -1.669196462238849 -5.0290517335186475 
