-375.8785365286505 -359.8855481937396 -351.1070057168953 -306.9283074105954 -59.26175273768672 0.0 0.0 0.0 0.0 0.0 0.0 
57.655878657816594 52.44468829084877 55.44272075563846 74.77875916280432 126.86373114381072 0.0 0.0 0.0 0.0 0.0 0.0 
8.535710457138698 7.328109316771363 5.5863033694484665 1.78319909641071 6.25632222995883 0.0 0.0 0.0 0.0 0.0 0.0 
14.639819633689449 13.045007840302748 12.624294223170592 1.506388614881089 -13.063329321485593 0.0 0.0 0.0 0.0 0.0 0.0 
-8.465482542858918 -4.2843640022687755 -0.6127565905578967 7.0854774028694205 14.4750982505391 0.0 0.0 0.0 0.0 0.0 0.0 
5.531883460621531 -4.776268088124205 -11.001944031304763 2.674171705136497 23.8345224459959 0.0 0.0 0.0 0.0 0.0 0.0 
-13.672371086063936 -15.723981467508954 -22.211964637282662 -18.459417636654848 -9.068724873109744 0.0 0.0 0.0 0.0 0.0 0.0 
0.9693499006105067 5.0910147762083175 7.195586051997433 5.748185753191406 -9.25900809703251 0.0 0.0 0.0 0.0 0.0 0.0 
8.011623800412497 6.372559217030284 0.7776546654507379 -11.123571776953113 2.3220323803926513 0.0 0.0 0.0 0.0 0.0 0.0 
-7.811039386756726 -9.650196113505984 -6.150246413617276 -7.274821891512612 -8.782298498833455 0.0 0.0 0.0 0.0 0.0 0.0 
-5.6791606194229365 -4.394650828818248 -2.8649767033167155 -5.3310788714095345 -8.247108535901868 0.0 0.0 0.0 0.0 0.0 0.0 
-0.14354698703549512 1.0263274098841995 2.633744642551987 10.181179155501567 14.26563200853582 0.0 0.0 0.0 0.0 0.0 0.0 
0.01956833343069808 3.3773235723220525 1.5664148594878573 3.267263296014286 1.044260937099325 0.0 0.0 0.0 0.0 0.0 0.0 
-0.043263257390411036 -7.6185283255972 -9.670219464716295 -1.920007355194983 -19.21032756792191 0.0 0.0 0.0 0.0 0.0 0.0 
1.0470014174532194 -2.061139120161719 -4.032352551966769 -1.6526747271100541 -1.1291245331237456 0.0 0.0 0.0 0.0 0.0 0.0 
3.1304106585474365 7.44343532847515 5.594689042564649 11.430861880864057 5.40855913338007 0.0 0.0 0.0 0.0 0.0 0.0 
5.909112227917671 2.4904542312402476 4.165405761588126 14.603745221709863 10.298411670886306 0.0 0.0 0.0 0.0 0.0 0.0 
4.697538977891877 0.03201952983217227 -3.0513321153838726 0.14887661973197874 24.50143149615112 0.0 0.0 0.0 0.0 0.0 0.0 
-6.4327102483020315 3.414438087679832 3.5119579957912133 -1.9904784288433783 -5.902387985760914 0.0 0.0 0.0 0.0 0.0 0.0 
2.170095439052662 8.48794216782939 8.653291555324802 4.585893572594758 -8.485742710659125 0.0 0.0 0.0 0.0 0.0 0.0 
