-571.07956505975 -597.1942725701903 -535.18525253838 -346.16434824093477 -322.0758979372065 -255.8021892566964 -215.06672132135168 -199.97211146100452 -225.07172756161032 -310.0495112313938 -467.82495651231187 
30.26408608831099 23.83587710220958 52.02474524836607 51.04242096022783 52.39468640524023 15.663997060391758 -28.10680320033933 -6.283772976693788 21.524704927031387 17.675918882263165 -7.7859721229614385 
9.106899275244203 -0.3687453969689929 3.5026047518917736 -3.711402712949208 -4.07247475544253 -64.67392732950813 -97.97739639934292 -111.74281548193102 -93.82655657592841 -57.767148828142346 -42.54704347336441 
1.9814324431806138 -2.0506436490018927 -1.0890346815607208 -9.44756589946158 -8.567833896583121 -9.27918036438814 -24.988317977819964 -55.45339212209137 -78.84458889873889 -73.08577937264998 -40.54411201304262 
-18.450161976112277 -13.981136626274992 -5.012443813780303 -8.214378233249292 -9.679694229330526 -14.166554920196845 -26.63783137431654 -48.45193991552934 -37.863286604983685 -27.73302178682289 -10.70760662948181 
-2.1542563258993637 -4.298461514624652 -8.99754734545477 -10.80082631817915 -12.081834734731338 5.786118177194835 8.681943801007435 5.606875458110947 -2.80938619153213 5.194509253481429 15.225019993496831 
-19.937519277820172 -18.949094303276603 -33.45684438820712 -38.41077102771564 -36.28867280866535 -29.104388085201382 -30.619691181641038 -50.3199929036903 -48.68779608572487 -29.893130305507277 -16.460745033288994 
-0.5831454337616797 -10.526058308529606 -25.384066770629463 -22.30424796429876 -22.42277269449429 -39.712084400668196 -20.16339238474443 -15.630794246732687 -16.789003717533937 -29.154913393516026 -33.77545338835168 
-28.037391336828986 -26.618534191771477 -37.97387946444288 -41.31272727644778 -40.692106942152414 -15.364163560307631 -11.211626176964558 -37.42645049306596 -45.089004797613335 -26.087737699924283 -14.268583144803621 
-1.5170755778564733 -3.9834499808640995 -15.34093267563776 -14.664287489187352 -15.14967444790243 -18.745260488256747 -6.5946787177976915 -13.022999692154134 -13.165759267871232 -11.080491509471482 -11.509632773993907 
2.0690065605399113 3.5175284777931406 -1.6577463814271578 -5.724867179151458 -8.994165392771105 -15.874797611870987 -0.9532918762504972 -17.043992366502174 -24.934787757619773 -32.10911159338128 -34.491622795802584 
7.191301729702063 7.6397251419019545 -8.376959684617095 -8.016371858952674 -8.084246527587691 4.402523915741773 23.120463460407226 12.183141765608479 -11.574213779728591 -15.329570235464434 -15.653550219288796 
0.9288216956095012 1.0425536474615398 -23.632762551538857 -30.01866196382725 -28.126268334838443 6.047150765342701 25.76401145793547 31.240686586681868 20.389617536635328 9.85093394299449 13.12385043207666 
-10.783607285390486 -5.6996909569356555 -10.515478842310557 -6.480082054389659 -3.905292490746545 -0.5640049155300726 8.065645142149556 26.260087305211762 13.303422951947603 -0.08595556462019227 0.7026306447890537 
3.973811318881503 3.3971904298520625 -11.425210856820579 -14.137635027880197 -11.116687068147648 -21.46043489078133 -21.61584866949733 4.338580957014159 23.085171674316072 24.757592177909743 18.88956367165529 
-12.871449348860786 -9.265546256505765 -2.863819106680614 -2.6972427595028297 -1.3696414700084745 3.582108094020502 -6.702892358874083 -3.0133767218877847 -6.148630097943533 1.0847947413695405 2.941700129125557 
-5.276694249958269 -0.9765443522090049 0.6520577355029074 -5.109573860416078 -4.239616674570073 4.31553800237779 5.404347010401839 11.268584315287764 10.668962493799238 15.48851682040915 13.887219657735665 
14.096862971202452 10.132892740150648 5.425445870346049 7.198460688381498 7.225857823113937 6.185681300840991 0.6641454183428543 0.08271768607858987 -0.7228115607339093 0.10283823119885437 -2.707800270615043 
16.941661665132155 9.12545630546518 2.784176168125364 5.298313192092111 3.7492985504425382 -8.808092314460502 -17.06216411084721 -12.281437053619356 -1.8449662384672896 2.3531735248331884 5.543052402665572 
4.105362881716117 7.566169276967028 2.8042894800543787 2.097696383278404 2.0878939148665294 -6.540821929078593 -14.932694691828035 -22.233003257823885 -23.87491187751792 -16.13238631713602 -8.015958498289532 
