-288.4842222968693 -282.48753136183956 -281.22529840870874 -286.99044156173017 -287.5328878742181 -166.14024409634865 -94.70130342883498 -93.15368887396457 -148.32532234337154 -219.6727295184721 -250.59811008769094 
61.294194162164445 63.52566255011666 64.0162580459042 57.215443696883526 57.47941556532922 34.26361963389142 17.538124166573283 28.50020699053019 62.66647270477766 86.33376274025659 77.50411893678142 
19.09246364930035 17.098660073776017 16.428055603554654 14.235814443511636 17.892958691408012 -20.274019095857888 -34.552071709173745 -35.87703557277649 -14.86260181443819 14.32626896492475 13.893679623624672 
22.569631807338897 21.609536660132747 20.158381470914765 12.94449414312758 12.588023190179332 26.295022634528994 17.678043870804807 3.429407446364147 -6.481979152486845 -5.107321505754592 5.599324186606655 
18.082495435965836 16.869976223306914 12.4778456098892 5.71274967003815 6.221335271714102 -0.5447499574592326 -10.303694440345375 -24.64556971238282 -30.153708769418667 -5.993419095993679 10.223370617083756 
6.6147374499430756 10.889001425629218 11.057341814834402 7.605215788166674 9.771107972931613 37.94538786785571 48.660691455267326 50.342980356381766 38.135636527146985 9.697619035913572 9.240748180746632 
0.6792760386700415 4.160374482609148 4.649168365056296 5.3436268785412 6.38399449207211 -18.185533600398816 -28.692355280905772 -29.45277623330673 -28.723790477821474 -14.525244717579831 -5.07524694101491 
8.818839267855655 0.5863212067768402 -2.4379235401941446 -2.4957553755304023 3.010955829445215 -27.75612584474689 -26.23515785230527 -18.378656788273364 -15.779878393811437 -17.13577690658775 -12.89666411636298 
10.714545699442592 0.6405051075900577 -2.278817978224509 -1.3476212678882158 2.187605729293689 1.3894790060502127 -12.796652938342056 -19.41193434971413 -23.733784291495525 -23.527068784727938 -13.79067671373965 
5.756750629681851 3.0015592897405714 3.776815923990374 0.5835254084714429 -2.2439318473227985 2.583480672748924 -1.0847331146657178 -2.2370184082756133 -3.9799490880350366 -9.977822008016451 -6.849363733371657 
8.118687134796543 2.716766184663339 -0.6347125207612604 -0.0027819491461361368 1.9060727434518558 5.632937838980535 8.826904000951096 13.311266855322025 18.24995367075791 11.945225089331462 1.7326683485474992 
3.61317787054355 0.43703672560224205 0.2832216136892619 2.214288217021185 1.476128030843208 5.320010851696763 3.3327603379906665 1.1822258548159128 -1.4220697483499225 -0.4852990037418707 -1.9371210402953858 
0.8611086946415346 -1.1745568419464483 -3.4716172027353536 -1.1406327156454075 -1.3541563908681178 -17.2723676380568 -11.198562201588253 -3.083600634400309 5.27916640259831 4.587854028440734 0.0811379446139485 
-2.8224508806658752 -3.9053856246013776 -3.5862023980747932 -1.183829009141923 -0.04140549200867594 4.040491108733775 -1.3674267910726763 -3.2588412114932335 -3.568035661409201 -6.73346460101887 -8.319130540131594 
-4.515794719313941 -2.8164143644126742 0.29617258291375415 5.585833210156093 3.0762010849389565 -9.797465404048058 -10.895460657787673 -5.827978685049079 -0.378482838282811 -2.310495772644895 -4.061679462515364 
-0.17756883350061708 -0.5120467971877987 -0.8093398323979275 3.6114202394554127 1.2344039761130894 -5.895070221067693 -11.57224753300623 -10.993165703075384 -7.375667161014363 -6.900408388334467 -7.4068799107244505 
-0.5064551504492181 -3.035070356724196 -5.08409780296887 -3.4880850960294087 -1.9767445631062457 0.7369543194589363 -3.823346785233285 -5.448554558416157 -4.44921250721022 -3.934893575419072 -2.3232210069429295 
-0.23308416120778946 1.1194944112395493 2.006417592489363 -1.5301226582910363 -4.626277161844538 -11.09222749900516 -11.304452616619113 -10.106706713091082 0.5554584592317469 1.7765881614811057 -4.862181370204746 
-0.37416011803535687 1.6833413475978902 6.299863961358946 4.603102899049926 3.0132898415660456 20.79187956895968 16.097296199621802 5.594814002416765 4.239445958424844 5.046785843608745 4.489948315085559 
1.8227472327528464 1.8068137861998332 3.8323000083445122 5.58533270200761 8.681628690206363 7.532756430477093 1.5950915153188188 -12.690005804602269 -11.026100116591314 -2.090254888708311 -1.8033649606055289 
