-418.4337238891061 -394.21892536674045 -250.8567943387191 -133.10138475244872 -137.17219880427052 -217.02048851164798 -267.72473360512754 -354.1291610528216 -420.7576017680743 0.0 0.0 
67.64437550922759 92.137674231977 114.54738270191405 93.85612667816596 89.53148868503692 69.40982400317397 70.71515518136727 62.43298429500615 69.59100839899949 0.0 0.0 
18.994069197974348 23.355378175633895 -8.730799014503594 -34.957439787615584 -43.24577706930815 -3.4689736090744505 19.427193631424878 14.487879937915842 12.97424558463846 0.0 0.0 
16.604618978251807 7.0933518043970905 -3.2654886945569546 7.473072600302942 14.66021885632068 1.7929087170025348 -17.928704889541535 -6.787616702952594 6.570999985746934 0.0 0.0 
-1.5269057891007751 -12.13705252776948 -40.67799227888516 -45.06112723197165 -45.28513698068515 -19.700074138446787 19.642974307682252 25.350907647945135 5.575373465223076 0.0 0.0 
0.2620012854194842 -2.243640019459432 13.885119187399344 30.572454536966756 37.880584116072086 29.946148005683476 14.36032414812598 7.176325272704053 8.687280644768595 0.0 0.0 
-1.793308978446265 -0.4453012734467645 -9.414828732029598 -8.801219968654179 -8.200582721304173 1.7293301607126845 5.498447139597667 8.122796041858333 -4.148227330902054 0.0 0.0 
2.590991126754612 0.9386932265250629 -22.19835635382486 -23.455998455778204 -19.96904893069281 -20.87991614848722 -8.42812094557896 -8.68255846207691 -3.3075355112311255 0.0 0.0 
-2.342215028671073 -6.419505136394073 1.0122558704304487 4.31757949358886 5.358081590870292 6.881614497521278 -10.71549780999706 -9.38262309054431 0.2922763371407991 0.0 0.0 
5.633736359412844 -5.794106929372932 -8.966033026170653 -11.953869859395466 -11.85467569229675 -19.089069057291077 -10.159083074192944 -0.6140439986405828 -6.86219925220944 0.0 0.0 
17.481774114627825 0.16849298392880724 -0.07994466445277104 11.244073022298398 15.3962534843195 19.56909211596372 14.033944819172405 14.822847595125266 7.9429304389843285 0.0 0.0 
5.6992120916895646 -5.683398687080379 -8.352525261285844 -7.0783203018908125 -5.625650088578123 -13.710321488515696 -17.452776291611933 -9.512801962743467 5.162960849016962 0.0 0.0 
-4.1063740033526726 -8.861768936616608 -17.357885775941035 -16.22168841774342 -16.083650548179484 -11.768620588784199 -4.7443779811622 1.7386385024451743 6.893184532826041 0.0 0.0 
-8.836037836961601 -9.022842184135131 -1.2383204158296937 1.0983076661827622 1.583698674409195 -7.558792403720661 -16.47785470273971 -11.535693640202489 1.859789157690082 0.0 0.0 
-4.4302645711013655 -5.335013671933875 -4.223328035843184 -6.369012759059204 -7.50346508007672 -2.8257209841643984 -1.6001594194536657 4.524206891722339 -3.3084660456914814 0.0 0.0 
9.914223711122531 4.9294392117219585 -6.435012932104874 -3.517904359895615 -3.2767578632840193 -5.866378828755141 -6.707047729181872 -5.485463064054221 -1.172457829143481 0.0 0.0 
5.494404231681558 0.14795661856311138 -4.441561025918543 -5.589575956500164 -5.771709101630107 -1.3812875094411419 -3.8068055264940823 3.1112711160578987 4.937622660953235 0.0 0.0 
0.7850898352001485 -2.0789290233406135 -3.4118916364980225 -1.8433655095551678 -2.730060761082313 -7.340052887766069 -7.160526666208588 -2.036644353853971 0.21246703407918344 0.0 0.0 
-1.8772514940614977 1.6245983853050392 -0.44105736546997043 0.6588045918685653 0.7901760943853017 -1.2544920078655757 -1.7849985132438246 -1.8718241333345227 -6.468066848586332 0.0 0.0 
-10.827064665730932 -2.718861480764825 8.634957579999716 6.122977398296139 1.9624622309681683 -6.978018367923099 -3.06609164269039 3.0619423041098934 -4.854727767776858 0.0 0.0 
