-404.64379690663606 -404.0606479265955 -408.4607841412971 -408.5426167718529 -230.6556804612909 -109.56238507315804 -78.72795675810464 -130.94269864277953 -249.2543086504944 -360.3230773318385 -389.889985692884 
-28.48823208920723 -24.428859321767025 -18.1703074053195 -22.549835233902435 56.19553751383055 78.80671178800343 95.74142651441683 101.61298551112404 68.09157792457539 -14.84440983800218 -29.179935812741814 
-13.634594755573271 -9.608679116506671 -1.677647543817226 -2.3428601854370674 -80.26799500501264 -66.3455269323205 -44.34137885256777 -15.025527404422693 6.7877556915985515 -5.129342367401245 -6.321225814916172 
6.131509835513203 3.9886361522272766 2.6126844288943625 1.1821003298659483 -70.50681660005755 -62.58970410923883 -67.3851033284312 -67.84440151356551 -43.63195694723206 -10.839276363271516 12.275273112079223 
-9.804939217669656 -7.190661652953683 -9.321734533022807 -11.130655866237982 -24.56625899297038 -28.04291332411879 -37.46474915313678 -42.493572471425836 -37.92042449687527 -19.00925579699502 -9.069040469425461 
-3.4280696633310686 -6.97333218394171 -3.895470214856763 0.43560460329365736 9.877872706693903 28.55336812206862 32.25263894674511 19.635359431583886 -4.505194327945349 4.762297805817322 -4.077515520939399 
-9.267254948289064 -7.232567085000893 -3.878600775426449 -6.860318685492239 -36.582955383694994 -54.27973466250171 -59.26018309967465 -49.48247056459113 -31.643521256528636 -12.678323291044663 -16.367080083314967 
-9.354249576519042 -1.9513939273361651 1.4114730590459401 -3.9124783562483367 -15.723141572634898 -5.085873969771367 7.356776577048443 6.6116115477418775 -8.423521977343748 -2.0067246945170707 -7.934436330420778 
-12.474578423143342 -7.6131037901996095 -1.4817620086652408 -0.506911234014331 16.44079481054717 -2.2060166841919506 -9.465760690384982 -11.72565783465303 -4.193969588170296 -1.1294055840129595 8.12474730058231 
-2.707440442687237 -4.121751365594996 -8.280316171234805 -4.151317818653722 11.045680700455032 0.24140736400823365 2.3164630575966765 1.9137621900670876 -3.2245873308767834 -7.271716897967009 -7.003475655825678 
2.2286184151409882 0.7921414244142212 -0.6086674746038205 0.654238054665752 9.840151618238522 8.516696840397987 8.129916864194282 5.097761379683301 -4.406602127664959 -7.329641345394672 -5.394201458124545 
-6.014323953871415 -1.0212617095876844 0.7954750932837231 0.5547532782104853 -7.77581961139613 -14.52434002186871 -16.294133593259907 -12.722302882504776 -2.5414406590036562 -3.991211668683631 1.3564228456137646 
-6.2300511101225915 -5.01835535976772 -7.739681916533085 -7.133019107920357 -2.642176528870308 -5.451625718160958 -6.0792145004846 0.7810186518471453 10.54183284259128 -4.7392007376583765 -3.5682760739336676 
-6.925193371902116 -8.26745302119771 -9.579121944688396 -10.59860800020947 31.872076852019976 24.83596500895699 14.156072039618671 6.96256997783489 2.771772043255824 -9.891498721587318 -5.0653382197888295 
-12.764833271655508 -9.81308041146405 -8.551860093578094 -12.09034584383673 -4.8514336530042135 4.433042406040901 4.329003189983295 8.922423180013475 1.8908356202356644 -6.264649693870517 -8.061147266906634 
-2.7632139253826837 0.030470444379331246 1.7343021841894504 -2.1072260514987247 -16.47339301565525 -4.113618337200151 -9.585842792550533 -13.968564431368524 -10.123137754104214 -2.7086432677262477 2.222049863969198 
-16.376295486207514 -14.278678594405008 -13.340235583761885 -8.981613765417773 -15.747304623048137 -2.1763126496311997 -3.7165398274222676 -10.859750858425263 -11.78275491491236 -9.158674659244866 -10.07249734059205 
-15.436700042333618 -10.088470583795315 -6.338647148195099 -5.142311223447264 2.6150483816121635 17.328052942782055 15.390333984384231 5.822359597664965 -12.283906330808293 -4.970457756894849 -8.097798395152106 
3.707511321159519 10.272432125222828 14.3424217673942 9.044363870870903 8.229147355539862 18.54332250270145 23.91258652690786 15.01071789589497 -5.738075562140375 0.906397177167389 -2.3885995751250744 
7.680373967020207 5.101632256949264 5.325923605460147 5.861629561455553 -12.996426200711781 -1.8046619700534565 11.435918217457996 18.200933975266622 6.418440276172635 3.5402632021038647 -0.37680409348542754 
