-478.11056739838926 -345.93748036415644 -277.0207486403149 -259.9906491837015 -266.9259598213088 -282.11826789631095 -333.1970204945003 -328.5327283139459 -301.4897690587464 -313.1131819067662 -384.8765595596312 
36.46859115606088 -4.284469150177825 -5.1422878101836 21.834863744603496 51.042746944605284 30.115811600290595 34.18118590128749 26.19757417283651 21.489546153702342 40.511934652211664 58.0612235182971 
33.16640800584885 15.047515677453106 4.953357748920584 -16.137391412168366 -52.87405926691271 -67.42788909546564 -80.68164241283654 -77.21426322670348 -61.996119514230216 -48.70850467047816 -27.034992163343446 
6.59374554361794 -1.2416808123988563 -13.661949244214526 -46.764359975728226 -60.77779428384642 -30.012532175405973 24.66832444695941 24.91917817178105 21.290324014459486 12.999883642644917 9.619181506634257 
13.81166911712338 7.4291349889131935 1.22330199357119 -11.150521063988197 0.5909727931103719 0.1753441020750517 -4.820173535977066 -15.302923330870868 -17.830597032028827 -21.27461597947533 -23.267963726450336 
-15.8567491664063 -13.509121511186791 -13.540475900320851 -10.997261800824589 -25.565281025236516 -16.787331062332516 -15.211319945751772 -11.349403841481859 -22.200343146801764 -26.88444078697721 -22.13517631004268 
2.127865987087389 -0.026473248676466277 1.2765247966306716 6.95630374278222 -8.789363580424464 -17.86184524926707 -26.630676057678357 -29.747126885703818 -25.76061445778537 -24.537427363109575 -29.084838584925528 
-13.46838477270651 -5.498540870915817 -3.4207118298769483 -4.1940740216638375 -6.8823924683982485 -11.154694345072313 -19.133077575137712 -9.11214819573774 5.453554878802988 7.812038161100292 4.575744300267592 
-4.835685896358028 5.169505727873922 9.071493333066298 9.266653737466795 3.8619869155346955 -1.4179843917001749 -15.705938253787348 -12.424403721333885 -13.07359936997959 -10.676760218433113 -7.347576810278321 
-10.369226588806276 -9.917190224439228 -6.412870224558857 -8.13480265836485 -10.638260300591131 -9.461935111768415 -20.201980149810048 -25.23508549701219 -22.36939232990106 -13.470694187351354 -7.403425817184409 
-9.562709902574312 -7.360778365668635 -5.905007666404665 -9.147067456557192 -4.098212088205053 8.66078592183312 13.778722522514915 7.75846380954036 2.967446452284749 6.827624637431995 7.1187134340100195 
-2.9578334222649145 -3.8076712066004554 -3.518844353828736 -6.75195684571993 -5.242654849091852 13.447825090945866 39.29705454288039 11.789558671732962 -18.46382049175233 -17.673012816636028 -11.987161974902257 
3.168430761437212 2.773363910793617 -2.6139285460689035 -8.223041310960621 -3.7469078844069275 10.856042797848055 32.638908796292164 30.46908323644474 8.489382355188695 1.0584141053083507 1.7018571968572789 
5.414693132980796 9.70779522798941 2.7159041970568394 -2.699853616674808 -7.201126050713824 -9.265323105797997 -0.670283195669076 11.887600798580104 4.362012061929101 -3.1254396067313612 -5.533601022682641 
7.129381164500037 1.8131770459660994 -1.0981385530531524 -2.5685824660923977 -13.443043773034665 -26.579914352365176 -37.89650783826217 -22.6002943817697 -7.70345077573846 -6.21873958335352 -5.389092389277482 
6.429386435989034 2.0909742638264066 -0.23985818890656574 -5.356767717589487 -10.308690851645542 -15.73929656160963 -22.037977594912626 -20.508309603956484 -8.267469276028763 -1.201582685749535 1.9944996130855548 
-2.8823617685829066 -6.001594029739575 -4.100736460156087 -2.975781973870768 0.8278233916936047 1.220854816083252 11.692497215514246 2.8810491622343717 -5.853845503660028 -6.302737227078005 -6.552076218210749 
13.740584278612463 10.864204381210023 11.00487665965147 11.759626440830537 3.235273364197909 -4.0707954442544745 11.973245854911527 24.54991353253137 12.654713790884632 4.648272337040616 4.5886930400814485 
6.660321002722448 2.0102998507342313 -0.7567312534686512 6.222964407971272 1.6781573240250194 -15.094349929778264 -32.19058510383637 -18.38678890427936 -9.855622821536233 -17.072944839557593 -23.014221004619536 
4.451159974756116 2.610516056807908 4.889631574258182 13.50589750693766 30.060931011021673 33.27475133288688 -5.767162221782956 -18.770260274924183 -4.996837366722883 0.8201165309206058 2.071958428202943 
