-555.7277332818135 -446.1447212756165 -331.7895091966491 -240.3355789593429 -198.76975753624757 -147.98298419490027 -137.67123873146386 -177.00786821001714 -259.93563122240323 -394.7968579242725 -531.9822244644608 
82.88970508084569 13.968436146198513 -18.105057697987593 6.56771908498021 31.67423053056795 6.014185683448934 6.599129374074392 31.813904033649848 48.79188614054388 55.316583361116116 73.33774354459986 
21.89237969070339 15.44540755045631 -10.43276207251469 -72.53497793623453 -133.75643365984047 -115.69858053950487 -81.40366648865239 -61.90292100808111 -37.50713889856256 7.966428797277102 28.683894468485672 
14.595334601791286 7.909774990134486 -14.833361509725062 -33.97806716354623 -17.190627630894912 -11.964769064878308 -23.39621425752157 -36.32656522641195 -34.333245578553516 -0.7196945536791247 17.827186090196246 
-2.2652261470319033 6.0771448130933425 1.2769396858022377 4.871636176882985 -1.0256233319580428 -14.773119576429414 -15.12054183468679 -5.151487598800598 4.910574516957778 8.014077019493959 7.1068358740294695 
0.09505284948419768 5.199035145801932 -4.501858337660267 -23.337850863611003 -42.913253861443934 -34.76301409382589 -32.115965397126864 -33.97570810266273 -21.658080894474203 -8.116706557382814 -0.7703395536530706 
-0.06803104602839061 0.6818978977583179 3.141868284853265 4.16270542919975 0.47226969690905074 -25.4146092583787 -29.26270116489609 -38.57453920013221 -36.014684041884706 -22.4384914751656 -5.51865502674047 
-0.4338466836855098 -15.758800298288632 -2.065615258579972 11.299728239493142 -9.743344451376606 -18.69245027156059 2.1283229778256407 12.3580509382864 16.138116951799294 13.660098321512042 9.043849249017462 
-5.508018389319174 -9.62782830625503 6.697178863682852 21.275547196355312 25.235722064875027 2.636289428368953 -8.045230010635345 -20.217124010718067 -23.666157353838955 -30.74687193295643 -6.295345873208776 
-14.731466226245566 -7.743672194680098 6.056251533315884 25.244529949778855 37.401721720170244 19.64437000197762 2.9736055814482105 5.240109208143275 14.337814485751403 12.286174939569948 1.1569672979207963 
-11.619310127681032 -1.8474562867572428 -5.919846676268028 -4.347303969281922 21.832308279263984 30.242946839675728 2.821766735575867 -7.4120497318189 1.9326255472743146 5.11736966724799 -7.499672835584358 
-8.977602087886734 -13.245601163226787 -23.38685229700963 -33.494130819885136 -15.547060444624234 4.641984431930395 3.199694217666585 1.4226291742039088 16.07548649304769 14.277854491134356 -8.430348653191672 
0.216453673038217 -0.9388329941885336 -14.388677056172323 -27.860841314331687 -28.710201982287973 -10.085104145425108 -9.904929508638123 -11.988998973404097 -1.1265393651326177 11.100237413036488 -5.8152442276713145 
-3.443437735249039 0.1086259692897995 2.4483005435687843 -2.4541356032701334 -22.64919334525435 -27.317107218337725 -16.290172560521498 -8.034599148063277 -5.268238582994369 0.07602415361512121 -1.9013788491532573 
-4.499355673597249 -0.4396772410589507 3.862729482284644 8.344007371896573 0.32581051030748537 -7.449654567741517 -9.179805918554095 -8.966190286618993 -12.816616421479576 -17.614289140138794 -2.744431549981848 
1.1327159009393233 1.4803975695889036 0.7950379615231777 -10.68586673642204 -4.461207169860403 -9.773305335957533 -11.52688472866933 -10.419960801431511 -9.995281802690625 -11.243481186047397 2.513127383062164 
10.583971337433956 4.039944148110357 6.884382364047986 -8.395777204581258 -14.356677572528037 -11.694667002191338 -10.544638213817073 -13.052013925857395 -6.453219920845637 1.3258033145067358 3.447935378638283 
13.624964791157709 1.0698627709770758 9.526412499452036 26.237261331868027 3.986370120608801 -10.388642013048042 -8.120605248339555 -3.5161373776225515 -0.979718367300632 3.8299493760653687 0.0011604809420019957 
7.22644199599696 5.16604817249165 4.340004926637718 22.472400840536405 19.464276017273235 -3.6754470453033505 -13.669182059175682 -9.367054479616261 -11.48537366628156 -18.89465040783756 -0.9359002637994933 
2.698782463594925 3.07324744834129 -9.327923238805578 -18.91263152719405 4.410468132675721 7.471056576328232 -2.5687688041965404 -2.7690148111323625 -7.559469242413283 -11.26661169191619 4.94538749850148 
