-341.7778739735055 -225.35379237346135 -166.49924672151428 -103.65250696809656 -99.50277587270931 -175.02421791213158 -296.35866790430356 -399.47817316465387 -412.4213792533944 -386.86370877111364 -364.8990839048253 
35.844013889020374 73.02556253558362 82.3969632623835 65.12480428639877 44.55718485025483 53.151231810791984 59.81822767227856 48.548613976526696 51.65431023106482 69.10030430100625 82.8994961309645 
-13.71994048479828 -81.7672315520011 -101.7026884111116 -109.64983329282356 -111.39694963294802 -95.3600344206215 -51.011389611362034 -6.492652577617211 0.5864299573180108 10.50978070563247 15.189327686752813 
-3.9942864326798295 -36.915611403971496 -57.96574390700452 -43.32408995117504 -18.531156432320117 11.4698761651367 19.282783152750532 18.873815474859768 15.800413140416543 21.612127098924876 21.87866269043159 
20.129327351441706 34.93292550804332 43.59406286864001 28.650070150905577 10.072280960765216 -5.410889171633517 0.24645839679868242 9.082508376076465 16.053567122620688 15.179217435794738 17.551638509589583 
24.95667966788792 -1.1845229150739855 -12.839128298156702 -11.06715979963497 5.764730345082991 20.733999539466083 21.303237407513695 10.048454930982611 13.384300795196198 6.4169983063850475 7.945443644192421 
-4.761433231140724 -21.094619426061005 -24.35326951544031 -15.128393352515193 -12.242040742805159 -9.000380594311963 3.527827239415174 4.428861340296225 5.867598696518641 -3.3570549878112566 -5.794809467811621 
6.963133359343917 11.088370931504862 10.99459673391022 9.558879755284025 0.48475562854911536 -11.663907827301738 -15.888948401470337 -2.413316187187493 4.595563254460075 -3.4610427532269137 -2.648246672672025 
2.3540604420015114 -14.484162674088743 -25.035933902760444 -33.2551585929218 -28.785012213841263 -7.588604638925493 5.666184364396997 3.2436477778242043 4.576294672510088 -7.999609523462188 -14.636018256435062 
-0.8064998884382452 -10.51599886043448 -6.670170886537111 8.164219967065288 12.12101400158102 16.398108164804277 10.836314872765957 7.183159139401536 3.1845780810940583 -9.191564484823942 -11.980811027657548 
13.17712521128287 18.83396035378835 14.150818436245224 7.2495748863763545 3.0668725049372725 3.5530571389515693 -1.7846093577402278 4.999995524881642 2.3415907850048843 -7.492949539034598 -3.5966344994975747 
-1.4722914254582917 -4.342021151035079 -7.723832853107762 -16.531651794882617 -19.392646641301937 -20.212629481083447 -10.2340544838014 -0.5065629945590187 1.7949018333958684 -2.226227131022946 -4.386774356456153 
-6.587164354951993 -12.668237337506268 -11.681867251536328 -10.422384484263402 -8.38296507853385 -7.992350321333053 -10.677823576799916 -0.5261284296129685 0.761215003425589 -0.3112460079560203 -0.023386185506317436 
5.507522870850598 -2.3305994366852394 -5.599123410188954 -0.8623137481705101 -0.15531875089544894 -4.021590801246921 -6.968706201389163 -1.1745312658618792 -1.9274007057209248 -2.0952482085082695 -4.662017782554339 
4.685859124752827 6.876698581478307 2.8727722188760207 -11.491467605498181 -11.972595565866097 -8.489392355432827 -0.4020991977546471 3.443280230324703 3.842520232596001 3.73397548540346 4.796409565575672 
3.790686292131038 4.419231922377778 -1.0094400606401184 -4.802175820310815 -8.299607617738662 -0.8364289445486272 -0.2273472855956553 0.1862746957837602 1.1807789098129535 0.0727947739963885 -2.2173074197787432 
8.18394412659011 30.172148746572812 29.20908478419402 9.895093797367963 -4.41043160352924 -0.41295141725759227 -3.0066122430973645 -6.319637774900052 1.5100856391146815 3.7429479699874832 -0.2015381720366447 
1.859820279337127 29.994110583123188 33.49316815396356 16.991404134294292 4.971560151252687 3.6723638597275086 -0.9159551642116801 -1.3428237976340944 6.058556252334525 2.9391450262666217 1.500889970746407 
-1.9629781962216173 9.152565835460038 23.399168365352658 26.85269614922141 13.933563636880187 5.200268847256177 1.7618464715745046 0.9350698442158976 2.584749041824379 4.395716373153096 13.640825585166585 
-4.315164163185346 -8.59269871896636 8.123088968246156 21.953032483999642 12.08561045743538 0.08922103742942322 -3.9293786607145154 -4.312886569056975 -1.2645235044340009 7.643637759195385 15.832395533601897 
