-53.18917645873642 -19.123388049741227 -40.75942130342297 -118.9252914891457 -262.07535281015896 -580.8934326748515 -624.5015015249137 -561.4575085710284 -489.108928679505 -451.01692202084087 -431.85519948405914 
43.55868604973547 51.00862549668636 61.48972761151447 48.54777935619599 50.56069875372019 44.95163032892243 33.42667423437076 98.02489798336748 163.6502010024908 183.9200271099536 182.24361691195298 
-9.85512333489486 -39.27261088823025 -81.97089737606248 -106.38615651748692 -93.20718131836378 -19.73988803147236 10.840610745351348 39.35827265597425 42.98521562261006 28.550278238134013 6.959195354393501 
-13.457989562875696 -13.442568969853685 -18.572286289994437 -30.06466367407386 -29.248246801423 5.718243748368164 3.6708113781783593 9.539654774648046 -10.71179166669237 -22.564896509030845 -27.629348094946156 
-11.024443372162075 2.000634543630628 26.402608895826546 36.47176790501421 36.709717402161274 20.163605935171518 -2.1617715308882315 -4.6594231280464715 -10.842471527153684 -10.995641244214283 -10.47914054055204 
-11.43965144615651 -19.42817395133982 -30.22467138364587 -45.146923454431644 -48.086901177887356 -9.719730866311767 -1.7075669596869858 -8.829940980881126 4.594695916917345 7.4519267904541255 0.68533851795331 
-12.629830841031634 -17.241127201535235 -22.44908760625683 -23.550230860729982 -28.356846142905923 -16.051542450039033 -5.009571812666214 -18.853054135250815 -8.05565114448319 -1.339230117021767 -0.8985442930627418 
-11.82718219977141 -8.189881273872404 -5.014489850961571 -4.843998891127804 3.756787209928322 1.3674308811496831 -6.533399231903941 -13.693873470268597 -7.877232519451009 -3.7560515579565354 2.8374920094812657 
-10.969319444572356 -10.854380735356042 -8.472647951210098 -6.6219551152409135 -6.283379081392344 -0.8682970170727815 -8.732179809684112 -13.247457319642532 -8.080079013109385 -11.81714877476752 -10.100185129494848 
-5.881984247339743 -3.960787339549692 -8.90134551152135 -10.88325513199367 -6.2714748673434775 -7.149070938884505 -9.66694703532222 -14.710281111753146 -11.641334131535679 -20.204932690883517 -22.454467575009037 
-9.979394791192373 -4.45607424898334 1.0952164333134902 3.4892131874275987 -3.720890271386007 -14.33123119552738 -2.700627638954421 -9.732797233243616 -12.042151989270149 -11.823352845580207 -12.13871743917748 
-3.3682061627675806 -14.644019598988633 -22.515354075835496 -25.20373398014226 -19.95073658123202 -2.920502246501402 -0.7252235784093788 -16.016285975902715 -14.73488661795016 -7.871590826728708 -3.0644569604913148 
-3.406448460991963 -16.051369894866625 -26.652270096238382 -21.940369611810645 -9.675831129054302 -3.1106015490004544 -1.7400744924051164 -11.494942580278517 -10.413847748930603 -8.183421814504241 -13.677086221070759 
-4.140806835767206 3.0001361904962858 5.865708642235671 6.071197255750764 9.870255843052806 5.340748490413746 1.3559597071964156 -2.838354868361324 -4.587001061683081 -6.128131364046607 -8.838756223879766 
1.9631735150712641 7.6960862356352635 10.49841347782472 -0.6064336752030933 -7.527753816975804 -1.1500522843305907 -4.037523430618942 -3.032723952883069 -3.9925476948620693 -3.5621694879484536 -2.116177785508962 
8.626629164409891 6.282898534550474 10.834728006353831 14.971265725490246 0.24808326800316582 -10.728584854999944 -2.1490105299522373 -4.881602438974108 -3.38399996893117 -0.36329330371621804 -2.7843887269147167 
-7.917596877666436 -0.20492983009784838 11.925670130435151 17.25476403733138 -0.9238705159301233 -0.9527458058678927 -1.1395110250683238 -9.334002475640887 -0.03324268919068818 2.6684096827198793 -1.8997286808692482 
-12.077570164492505 -4.507759934090519 10.651971000487 29.89591524508791 21.268340458830814 7.842940688441425 4.868274750172252 5.308615143740974 5.358730707149563 2.7688494067860567 2.099406104607656 
-2.438668703170477 -12.233435455563356 -14.861008902823361 -2.5139363622139506 -0.25032557607075057 -5.317757905341756 -0.39383051581930856 3.4504281561505423 0.14216801432517842 -4.181815389292593 -2.3649870343952357 
1.8140855885915432 -6.600511086784856 -11.033440369749776 -6.768390845576967 2.9533036488195847 -6.898631534214509 -7.621705436219292 1.3500791097994251 -2.5854430316503643 -2.3156204954375816 -0.8190126635861353 
