-108.86373134941407 -135.02999701076462 -209.44609874270125 -284.64308515272126 -401.5447703586482 -150.2203659142383 -33.23879552506534 27.721094281504858 15.57379096768177 -74.67556578988452 -199.86231909834763 
121.68770304045626 128.2196919828481 145.42336033453608 144.08670881240928 47.84162430727284 30.622782683097263 25.403239405346675 18.554982999806462 -5.232943707585351 -4.043837070227222 25.995141529686812 
-59.67107236744759 -55.48880316153088 -43.82265027506561 -33.788435684501685 21.431397487072246 -65.46505526260682 -107.53526103409148 -115.03228281878467 -100.527711454187 -66.22340786872273 -20.206807043517294 
-31.778054466488165 -32.07975022253622 -42.81059863580652 -39.93648545698011 7.402946479784411 -47.08595225663515 -57.42901367306946 -43.70038864989856 -24.176008534221182 6.368560043221326 8.613215857032102 
-48.40773440315945 -48.077241673262066 -48.90345505148541 -40.960613789436486 -8.284053324582533 -8.466897606389844 9.955178036630013 -10.11485113576008 -37.510027225781194 -41.62480555456891 -24.537449553957416 
-38.855848612766415 -36.026997754370086 -32.08194590866651 -29.51969940503527 -16.48952782165147 -22.515891020371875 -36.08141849644022 -31.149181766801284 -12.332812200389561 9.664303671364914 27.25479466386034 
-38.36264586117266 -40.82427595113202 -42.63998456279118 -35.62571163923692 -13.45347705979521 4.989534414424463 -4.3770187119312425 -9.573757803690809 -37.35717390728453 -66.86865212846178 -65.90718631209921 
-19.26061341100594 -22.41601928681711 -38.92208134585496 -38.70512942495629 -18.256651162927156 -24.622089820111604 -24.921082786405698 -35.25432319678675 -29.066208524438043 -17.078374532852518 -6.938433835933946 
-0.07710979645569355 -4.155491178124813 -18.386074341434586 -22.019887470575846 -13.485890952743627 -11.62684746643867 -9.370319173501079 -9.224642445609568 -3.8482324363059637 0.22235426546062687 -3.7118640228254463 
-13.976664854295752 -15.123682745978398 -18.617889763336073 -16.369739154357177 -11.645589621257091 15.13589110123578 -0.4328743683150951 -7.757657699513651 -5.763410541167518 0.660357495879862 5.742678984125556 
-11.674247000105982 -14.168367928299485 -27.171825268041545 -27.43516588168697 -5.09264170492993 31.864001203631123 24.42470596686461 -1.326896427276179 -17.902615306998424 -17.11125874067643 -12.367966907796152 
-10.916425668910989 -13.157988726669505 -20.250169151392992 -22.09312952189798 -8.818943099140856 15.573053303826514 27.421427928743363 14.727803813380023 -8.246082890428777 -13.671177906892753 -23.34336350962864 
9.809911746949783 6.389637268855933 0.7061425110432205 -0.5941487999561943 -3.300522671448536 9.726814719551122 18.435137124183484 8.290812158496037 -0.836799344636324 -6.4203302004603735 0.9463192100478028 
5.186491016457301 5.580748910402923 14.18034087882781 16.80420500704222 -11.096147472169104 -3.2487552944864504 15.01640375565343 22.433327347410106 7.0077495016810065 -17.657297299626045 -21.227755457522164 
-3.3240509797895292 -3.5680732091986744 12.67017779310839 19.758766469893523 -7.690209043131973 -25.60913723960175 -6.906407611714516 9.005133051867594 6.74151779922659 -13.222119063228956 -12.085236378202653 
-3.904636351885753 -3.091921833113517 2.162564861317753 -0.5659607806111364 -0.1529665341967425 -1.1600324259329797 -5.755567018318677 4.172065932776556 12.949960058755021 1.683504369601946 -4.865469451893596 
11.671476167881437 11.301913516855475 -1.9489254467511037 1.0031891833863122 10.84826004131712 9.329595982570801 -4.658856830990798 5.724269987219159 10.411013298627115 6.832099643466586 0.6481857550360752 
-2.314801868015368 -0.12813169177750625 5.577178090265921 7.999248400920895 7.382453647922678 0.9160892796575857 11.374140786978643 7.83135370778483 12.535050738203026 13.497196133956667 9.373246147621055 
-12.623366769301118 -10.836065223173621 -12.146730572856356 -9.493712675624018 10.299575498979603 -30.423555290551796 -15.736054710405437 -3.041277252529401 8.289163478507557 11.959514693132203 19.639568672777386 
5.756701226500088 6.653438976490586 0.14305439894752567 -1.0331497995833936 3.049104981923019 1.1889175206310867 -12.520825986187265 -8.34240893522188 7.112942716591061 16.878777098850243 25.3975909321722 
