-296.8970034260376 -264.54082906255593 -181.51744785790962 -124.79389410138315 -49.717256424261905 -46.263240306395886 -131.69172270387136 -244.15649217483053 -290.85116518598016 -308.592839653554 -315.69137394130905 
22.086544175328235 14.37557346049809 11.94762995553438 19.687839209463657 26.750491067263212 21.102548212685214 21.521138070464403 26.422185938573733 27.532313028439383 31.818638915145236 41.007031555167856 
0.9163196969704787 -1.0298038377900878 -31.073078843551627 -95.0999982839322 -133.0137712940728 -120.21907173435866 -72.47292899485248 -16.4633971438728 -8.405622731293889 -1.7327391448617189 2.8727313820463882 
-15.735958834098792 -5.86456530861774 -15.492427051559147 -22.002413890044174 -18.390431697997535 -10.857023799372936 8.025808504438416 4.6728681326279675 -13.192782362043125 -21.33626106818896 -20.93120924752997 
3.9343822907469153 3.3239765021529157 5.7549429090593875 17.819849457296712 -4.250004607980962 -9.794645240893857 5.261640359777561 7.567072740554521 4.695312840967289 -2.6707448689281637 2.6123907316050836 
-7.343093651712211 -6.835847371686826 -25.7698010215986 -41.46740974666916 -35.53668907054586 -20.875808864463878 -6.729440688262331 -1.9066098825104116 1.069183985554763 0.6629132825222901 -1.5660865420811658 
-16.8899366482811 -3.064104886427786 -15.08009130389098 -20.457973711933555 -28.487894042301498 -35.01621912549493 -24.171544794751554 -13.121582500352117 -11.504761284493288 -20.308186103431822 -16.00202080374128 
-10.618403734391649 -6.75599968247264 5.056938548443966 4.681405377225557 -5.234609174422091 -3.5875121883973966 -0.008162032062704716 -0.9578666949648607 -3.8645797720420623 -13.390810630026852 -10.577092106968191 
-7.427438358636431 -5.882142246556348 16.884525965378415 13.493142712294862 1.0299835641996669 -12.66528525464271 -17.674920497842763 -12.460947966091156 -7.948840416997937 -8.869209990494033 -13.621758717664822 
-3.6195140697132784 3.59525044162758 23.325458715120583 28.999256896601647 19.681628407681906 8.178512479108718 -11.342233808953921 -12.36114087241161 -8.235550506619404 -4.519412346455143 -6.745566260630167 
1.2333684130833324 -1.5839137020522145 -3.3043863463331773 13.729264352791134 17.987244904626927 12.257757563599458 -0.6697952977228242 1.0704213117619628 -1.8295928196318512 -1.7415558741873083 1.8599759804910185 
-11.888895707381062 -9.784704619572633 -32.91373500135408 -29.678295218569712 5.370353608683249 20.043853488321908 12.642915829029533 -7.8458596542558885 -16.748373949048744 -17.187100215016372 -11.337333986366495 
-2.349124136278421 -1.8824982159918016 -7.508452195652767 -23.474769453352728 -11.277669364076804 -1.8847068405118188 15.107634893470713 11.435349532232282 0.12209310169773124 0.5367860892455423 -4.919323289491378 
-4.125135773154834 -1.798312373365075 17.35370374675921 6.5365331791462955 3.292575442201812 11.243135510996716 27.979906033358937 10.664921096263658 -1.812626046433005 -10.933729846092781 -13.911341811440444 
13.433937781206756 9.63587424289139 0.5046806398326454 4.63267903544665 -1.3311800668914922 -3.403157467645658 7.125728494695754 11.293210472139716 8.048987342782262 3.020587421341599 -0.8742853681744291 
6.8526397166199295 4.933166930934641 -16.706813325541724 -12.149433395898864 -22.80830629781643 -24.672400305551676 -24.217366915539387 -3.331489618355931 0.4832609489359956 2.175438264196988 2.087665832094029 
3.7723213763977625 3.3611194974265888 14.17389535054573 13.461855891119015 8.838356151214196 -4.928588754687054 -19.554432622280224 -5.5525116131871695 2.5849154808805492 2.028513332419654 -1.587590862704508 
0.7473845588084593 2.1548836637908555 27.805997657203655 25.188831647104486 7.914433866358731 -2.8628665003332516 -8.77657416487055 1.053046227726234 3.3874032828859777 4.43158007019948 1.1960624022840416 
-1.344805704334854 3.4964445438763727 0.8940824867539705 -0.3517753097926777 5.227265100049401 7.63392878967976 6.541442694173385 -2.055783835929855 0.40458120036604317 1.9165237516540448 3.6104667688968792 
4.270097153617441 -0.9150229812114608 -16.265977188168062 -10.521255318077813 -1.0421152429733411 3.054116820375264 0.4219900005475243 -4.198237213233416 3.3235127447229256 2.660746704506356 4.633499096070142 
