-642.3009058764551 -642.3009058764551 -417.41220143076896 -141.4542029314806 0.7825149608942943 33.477680624798566 22.170969923716587 2.8347069944492875 -73.10269395835151 -200.96138739644567 -318.47970760946487 
0.0 0.0 17.583348660096327 27.137125683014418 22.712208411186282 27.76784490701946 18.326858811603365 15.612741550555945 21.02275996529142 35.95877299538648 53.52937579005401 
0.0 0.0 -6.688387092159751 -51.93591258648907 -74.94055030604946 -87.34140298254016 -108.77432200480564 -118.28019101309246 -128.1368670850672 -118.09209370144282 -86.29715772814026 
0.0 0.0 -14.733557321189467 -30.566101168795562 -33.895171808241386 -31.875018667648476 -28.16512200054602 -20.068026649574264 -13.208252790088247 9.327855448638537 13.078520945060061 
0.0 0.0 -11.71398522726844 -23.83482873608148 -27.284431448627636 -13.113944958510475 7.534418117919083 2.888477733922993 -1.3054103636295007 -9.064971190798225 -23.542507225893488 
0.0 0.0 -11.26480318259949 -21.55478178991715 -18.838345466698364 -18.628510955772793 -22.56956169644036 -36.95407191435221 -44.35850895726722 -41.01664462474464 -44.224335574142216 
0.0 0.0 -15.196999715345369 -17.598241168392086 -16.296147793171123 -16.40765708711404 -21.386179873140343 -19.13819297075051 -6.46429210115503 -1.9832357012737978 -0.6815017486106024 
0.0 0.0 -9.691391612591381 -8.378495892807422 -6.615323118566553 -0.7563372477742223 2.496259572802454 -7.405932949603428 -11.770796626145676 -17.704196006987054 -16.20090160129104 
0.0 0.0 -6.78313235166352 5.339980080348722 2.962177470746221 -1.2047000329264037 -7.046044768118566 -7.24246500263439 -1.7354703266439713 1.1362958236719163 -5.240232192673039 
0.0 0.0 0.8736470710962625 10.915590294909215 6.274461572046096 3.4057241646539094 11.223179422184947 16.301572249766526 13.518895561424229 -1.2050655190861526 -4.769746918355082 
0.0 0.0 6.8573864646980285 7.611729117287468 9.073802350419374 11.60623198503879 7.032428621734516 -2.8928996416218986 -11.12063315672648 -12.62791117168231 -12.098939353811542 
0.0 0.0 5.542891198880028 4.223578982913775 -0.5485824298683315 -6.642034041126891 -18.147200051625518 -14.58030854953411 -2.151985869504393 3.46453568499843 3.102470847510349 
0.0 0.0 1.2450666067993637 4.547769840022694 0.26536710421008797 -7.211564680708394 -9.66674907239962 3.2720583692010283 9.444834003208548 8.050002542588633 -2.598155961094741 
0.0 0.0 7.882866991385949 4.008915087486757 3.1369284983243593 6.9236858006385535 4.02631215439417 -7.142914518632359 -15.1057344008207 -11.383790922701841 -6.630900806502876 
0.0 0.0 -1.1943866625230168 -3.123741590123663 -4.172822696565742 3.7510578345405667 1.697824029769691 -10.722957102884777 -10.240455672986075 -1.0665772479076172 5.431011176498873 
0.0 0.0 1.4165575833098238 -2.7799673233382487 -0.7994714487447999 6.989152002027021 14.82945427512805 0.4626057308251922 -4.910089699029044 -3.375627349708263 -3.7425809159433587 
0.0 0.0 4.965654830348309 3.3614680526031777 6.2432442792687075 14.864092869763024 23.902762203251985 6.158810239648294 -4.3218205409910855 -2.9120253126219167 -0.3563238273898699 
0.0 0.0 3.571295168849132 6.24534065373574 3.9549965320173914 6.518821543262019 15.746413316263002 9.67006176574175 -7.348560360147372 -6.124554430836859 -2.716303725670657 
0.0 0.0 7.4016000675398965 -1.6483976409670271 0.20385733853356922 -3.335870440654743 3.8626125364621293 15.555757338300875 5.223038314748109 -2.691246768323618 -6.337350126799815 
0.0 0.0 1.3576394870920048 -8.337244003997474 -5.1665648343693915 -4.0247547932625825 -0.3261165475337595 11.347944054945376 4.979100721531802 -10.32192433531431 -1.4434964882551466 
