-624.6782417715347 -531.5077051013734 -237.3438252871647 -113.51259525534424 -88.00181898401812 -79.80361225252362 -95.9161831735935 -212.00062924627815 -429.15063526905374 -604.0241177799078 -634.7978110327558 
8.279338820521117 35.27875576929691 81.1287436114686 95.7668525727353 79.04257030676567 21.427180478580667 29.715328940241363 53.88464084838189 57.50151885883221 34.06923432460421 5.361393390685365 
6.858967940081259 -13.537749686540975 -60.352227382599 -90.23609140611603 -95.17594380090031 -79.92855893189389 -74.05096506747657 -60.64742845252298 -22.087533291111832 10.30493166784173 4.391066073442526 
5.943736190650021 19.41266955822728 -32.463103953890936 -35.18366214745548 -21.24320798723189 3.806669685856814 6.745323816464143 3.196346554153284 -9.93629084283561 -5.995019786451519 2.95582377035405 
-3.422842017895627 -15.327864997531094 -30.25218895208845 -23.436082728699496 -27.8775685738535 -40.38614639221603 -57.911894237316275 -67.33101285548673 -56.54022197021963 -17.608670974061553 1.2869969502510725 
6.91615814971135 11.603203580114466 -16.76427107927012 -29.871883842901454 -24.085435110314634 10.583997216528577 17.750476473640987 20.899996421842765 -0.3885838063411539 -18.473726332432467 -0.36418950146178514 
3.0451884614822498 2.4607107854465924 -9.209256765640438 -9.41207688785124 -9.402055978547455 -31.34174308628908 -48.52714588013983 -54.615456534703654 -35.27228306976639 -14.597522417454405 -1.7773235955313345 
-1.0449742410141496 -1.7858910286051635 -27.19102760611561 -24.78970341924903 -26.96399668501166 -8.197244534235447 -1.3079737385117935 6.854080949003906 -12.839005213791491 -11.869977291649345 -2.8031780578699452 
3.8256814951766556 6.369469269324329 -15.97081027792116 -22.430296997879267 -18.970456244789084 -13.826047213462502 -13.4895283174362 -16.707841467182245 -19.559203231665727 -7.875539553338003 -3.384614278278861 
-5.8389625347388545 -12.09123922544612 11.20919522316571 9.896969091663083 9.21633794894019 -3.815484061917747 -3.0873305621370095 -3.554812688338759 0.4368587052715416 -5.535509791043476 -3.554143340425666 
-1.7034397840800934 5.527087916519763 9.114379974605772 10.855697192648218 1.730543261942779 -17.175596696952553 -16.741724420724278 -7.412276287271713 -4.94582853307563 -5.4299266584509756 -3.4103947314618117 
0.925920225216545 -3.9461716933639863 -4.745651186401171 -7.6017830091286775 -4.952222174461529 -11.424970509529508 -8.8056139961366 -6.657919068222032 -19.079632519982816 -5.658363926123034 -3.081101077535951 
-4.34144899532551 -4.1752699340956765 6.8255192247178 1.042983151929757 -7.870426439828677 -10.18660204017991 -5.612595611978675 1.3411510929928583 -3.6207327989321056 -1.8704177803544824 -2.683387803453772 
2.7324397071623086 9.9743465296687 38.715267607006524 41.719496239470985 40.790546120532085 35.61863785536049 39.00915810946164 35.53728879716262 19.930619156125413 4.914200628373042 -2.2923544646344944 
-0.6234208026617931 0.17639427827130394 13.907485352172838 19.03052446825472 23.782373894042777 29.12445111560192 30.710139564702754 22.531154891891937 19.809233456177402 8.02338885357739 -1.9261586653325244 
-1.9492952048101655 -0.40231897703460995 9.62193060022292 23.825916025604386 27.220559355654444 37.70647531973066 30.681328191214938 18.637613446398163 14.768085291349216 6.910608364429562 -1.550876103697775 
2.849213355733328 -1.6248929429588728 -5.382939497427849 3.913133140077125 22.100534466045914 43.83803259081495 30.859423403225534 14.481131883990903 15.207607580729384 2.005654189669026 -1.1026978140185428 
-2.138527680615121 -0.20442120647560125 -7.346064511047545 -5.873608448890056 -4.321752310352714 -6.847808513257618 -18.3446267975284 -23.33610994680982 -16.066062840779512 -0.4509191071608018 -0.5201163538802401 
1.2531716725732491 1.1692947084575054 -2.6778765883430733 -10.585722637423697 -12.429514424938034 -18.39048656150802 -20.85360792762144 -14.383292615259174 -10.36987770565192 2.379378906330239 0.2240145030959101 
3.14895320227836 1.5909064129035038 8.683182881005795 4.81742160621255 -3.1893148237657254 -14.309016332574643 -10.035611634233284 -3.987310333520146 -11.875294133183889 4.0481058748383365 1.100549408512728 
