-246.79223839034995 -211.70248135531435 -183.03195233145578 -161.01411279038388 -172.61177919878958 -239.80451767518275 -333.9645043413359 -367.7970426828817 -371.9674895106128 -368.4857615374095 -357.0270743273184 
14.423225351886309 3.3580203944223617 -13.131874666739273 -26.776561860122193 -19.354335216769762 2.247926755929773 6.201835743489774 10.156271321790847 12.762845331624355 14.440929292812921 17.85206160305147 
-117.09605057666852 -132.23648154402392 -154.35729140318026 -159.04398410151376 -144.8555515473622 -115.06903943246878 -58.07239050220276 -33.12659502167321 -31.695641287712334 -30.64782659400866 -31.250932307674788 
-26.6807469178695 -28.089822023634234 -15.604349783827043 -11.141546599505352 -27.974418828980248 -42.930998699056794 -37.0327227632974 -22.741832083321754 -20.81716585113237 -25.07121613799947 -29.168792787793052 
-14.52846233684183 -10.129842472145716 -5.153786083235602 -6.555704630433032 -17.108299446031893 -13.964681917164162 -13.920087276752358 -19.940541173333976 -17.25134227029129 -20.063418978658866 -26.255579382844616 
-36.580900701291256 -40.08361312288924 -45.5456858607078 -28.901062882753536 -19.51988450562088 -20.784933602954094 -16.364487961996126 -8.78467380034786 -4.289498629646097 -10.028435511902256 -18.28983123394939 
10.67710847478033 11.568055882475411 3.8852661470405137 -0.14571043678076287 -5.883153660393601 -16.049362861986793 -17.751767915842755 -5.819199148477834 -1.7899647524300855 -5.213056397036627 -5.455456778946 
12.234508714551707 6.366547660518027 -10.27767272744635 -12.582211205623498 3.501012131903161 20.546075646651435 5.704423586995974 1.6849420097771342 2.271604187047245 1.2457790259525485 2.6755339119837425 
38.94508627342315 40.24802148653309 40.21917752990667 24.896341525731568 11.420871066826699 8.722895794179935 10.947098007047462 5.713686158309626 7.778404017424104 7.097742013012492 3.58361378676583 
23.47190042280858 34.50544271888204 50.43225976773061 37.77545480469681 15.32145389280965 16.987103107994262 15.307904496838281 8.477869369111428 9.878179682871911 11.029467400217653 9.134566217879657 
-27.64809728167657 -22.788238446967412 8.522958605634074 31.103414546111154 15.54240758884516 6.357926065739965 4.121892452006317 10.506995493799781 10.332857474019594 12.681229509589588 7.6607692325960866 
-25.35786562976397 -31.68520895430384 -20.91548446584939 2.761823385936311 10.962739881097328 4.859649077886523 2.58418022573108 5.805189711016032 9.51647631669622 5.109588883460197 3.7206617661838686 
17.144139606209265 7.069747242855231 -20.30235833726559 -15.345263333118403 1.8506395864814977 5.0568926217214445 0.6282828831052287 -2.574984198106127 0.72938232495667 -0.7052742954901852 -0.4365276125989137 
18.65375583241581 22.392796037042928 -5.4821674597162655 -25.070012121970912 -12.685174599136811 -0.04589983719644397 2.5243457456844607 -0.37259745098423935 1.3645919627837193 1.9826682377922653 -2.751598834053321 
-12.656344348459848 -5.936356935958148 3.2587153229592083 -10.958669624537352 -14.903868629825489 -13.464001977454878 -9.49347197194757 -0.8715953046070551 -0.30283870227519566 0.9265774361713037 -2.114764995519386 
-17.036927309929204 -11.617803873261678 3.8339559655642232 2.0761042152674656 0.6622618445057693 -0.04337620610551851 -1.9178105669094743 -6.465049825611354 -4.8356658673159725 -2.1528195107814967 -2.087031739452833 
7.477469360846231 -4.907663667365588 -19.125372755229037 -7.530751448610983 -1.7639409768786272 -1.793885174879292 -4.910264597160971 -6.982440439126911 -6.5081864542269 -3.636894705982958 -0.4071256211605667 
27.48767705805368 33.9301175811035 11.707127518504834 -10.546216227002493 -20.972431469057085 -9.089498378078796 -5.332800820075821 0.789257167546803 0.6311353658444336 1.1591387863553397 3.3685987160252955 
-12.897458090597041 1.0736558404668417 27.818765064833613 24.4502383888508 -3.71539157072779 -11.801075572333179 -1.939491138702178 2.1600071124541964 2.792527202002417 4.814671419031073 7.469796086865458 
-29.49616815774678 -33.240245963611315 -5.298813561760122 20.617769422869152 19.86817315533247 6.382916420178577 5.605006603935335 -2.7728238163219556 1.0304705932497917 0.7610790562725658 -2.2126123766673724 
