-407.3867661052413 -386.3771692573975 -324.10432362633924 -173.38372313404662 -139.68204932247053 -138.00977489586705 -159.32554171121222 -232.30679114702204 -368.68176939864463 -427.74703405019056 0.0 
39.97748929699459 51.888307110848245 127.95635566527872 162.68553954389114 153.66394571851703 81.0231458744843 27.661221876530938 40.23871029988918 69.28207247420076 75.57082787322416 0.0 
6.657370336222117 7.776778740840347 34.23173511646437 -2.8649078487359043 -21.7185850312963 -64.39544396412512 -75.78964753293712 -23.092265251486467 45.31859960900582 51.182361764327965 0.0 
39.70032314809183 38.001571819544324 28.493015222999837 20.88704522957232 17.03026435528201 25.10393583643096 32.607345909316194 69.471668530958 67.41681436257541 62.78642116240519 0.0 
13.518300085168468 10.789974196527751 13.197909218077235 33.87696151025371 39.686806062031195 25.664840490422748 5.525126276010015 7.275027595433124 20.08628603411451 31.86964276558053 0.0 
24.381417176097628 24.876109085992596 14.350815647034558 13.192682579056306 17.813628560295527 24.995788504964704 31.581997049162943 39.99024683888978 34.368481592746676 15.520404574893725 0.0 
23.041072381164838 24.54696854936072 12.755937211591167 -3.7351895434565243 -10.843144028815273 -8.90156422955641 -6.283928134220731 -6.2307312872347405 5.17118708316221 9.814072361797542 0.0 
11.728430647355204 11.709335179917495 1.1610782017943775 14.505900477802662 19.17440347524492 8.16534423390226 6.503173139387367 6.37958098455073 14.1849852418569 12.513191807695048 0.0 
14.1748594112902 12.477685552308206 0.7711695936247949 -7.386527527073818 -9.677098394051747 -8.32161130379669 1.226736623639729 16.9947432436326 15.822250919518192 8.239075483736677 0.0 
15.235787018098673 14.177582030936701 0.17542871098162113 -3.9378951651235004 -1.39126868652192 13.515483248626174 17.163592509344717 22.233481492025398 6.4137742492227545 7.999779456303221 0.0 
11.799087476743214 8.232899891421837 -0.26700006212919 6.109897742339426 2.9809906970132447 -8.353216699851538 -7.826870737783365 -3.199920690103104 2.629809572851805 9.547485341401938 0.0 
10.180768855734478 5.757239456263676 -3.484822611007398 -2.42166862446598 0.46600640103000024 3.387485280420807 4.239092113599172 -0.6936926323387016 -4.6580540203876035 -2.550236262093339 0.0 
10.751788368990788 11.581543992843201 -3.6792894399971137 -11.53279326304635 -10.92156810097531 -2.259197942922937 -4.27312707858766 -4.433119455818265 -0.21319410374897396 -4.769513786484917 0.0 
6.08781900685838 8.633601940883361 -4.3396547401692045 -4.586593591559587 -6.161136163761355 -14.70734973409919 -6.978622009663384 -1.4127536955592042 -0.04124319564760981 7.67793013127761 0.0 
7.209294928792258 8.548134210506593 -1.8139976620946858 -2.362191381427474 -5.568731533632273 -16.233425080614424 -15.117700723255908 -0.12873129356734841 4.678394866341268 1.0531941858744847 0.0 
2.4125289013806857 2.6306257954940317 -3.362793839995353 -5.395070204368256 -8.449653230960367 -10.53688942352705 -10.41476991634692 -0.6222649240321994 -2.9124218743503665 -3.3955346218139697 0.0 
6.678040026715882 4.7315093173591904 -1.2401214065360144 -3.764071561117902 -2.290284369413091 -14.18266549392213 -19.89541531172658 -13.197117429855448 2.827238896560163 1.1025502592165595 0.0 
3.653468943934376 0.7520631724733486 -4.429314614021299 -1.2749161553687685 4.417683028107023 20.853663650025876 13.925039606129523 -8.12932318081212 -3.2344561993848684 -8.828622743677759 0.0 
3.1825376487252135 2.6533076538319467 1.1245634734370724 3.964775705489922 8.347953084756085 27.150563020358398 28.919770008564637 -1.815272337874959 -1.5591198344754356 1.278943799164475 0.0 
1.007235054776118 -2.030955048584153 -1.578827674959535 1.5416826298532917 5.963527635488549 24.055448906826808 38.44065871155965 13.971978966715211 3.6779126279485093 -0.5201646874135268 0.0 
