-711.171712783755 -645.8277262149733 -362.2322124092867 -161.9355347673464 -107.54631807493075 -133.93439409773595 -207.09468571190726 -290.8954351241969 -408.15048162079 -580.8840671339714 -687.4074482839893 
37.07423704794852 16.28471723127547 -27.27490852077881 45.75859123738655 85.43859587514316 104.80129637651294 100.52210147941145 93.26523715718221 76.12549807702261 56.02032946610983 46.26087635787617 
18.52992638342593 5.016502511355466 -17.160914115767397 -66.46209191639525 -95.94480598115167 -110.74191072943492 -104.47154086463811 -64.90299184355155 -29.904063911695104 -9.153700101350125 22.391370471368113 
13.701777940933116 23.88384817790138 13.252751480822482 -24.437601865797337 -37.162443595861625 -38.95844303051675 -7.928226627821672 24.401329095409245 37.46894990033611 39.47937184957886 13.335208849269126 
0.3998424670846516 1.8555190263138819 -12.281990290799465 -6.691777328318832 12.082602975057444 28.122814643829404 22.311375349212767 -19.019795288122477 -41.44401120509788 -29.138897925131765 -1.1007646207726562 
-3.57544060811461 -8.89844521984189 -16.649334845351866 -23.98284427140694 -29.787688918150497 -40.328937784106735 -42.53645592941314 -36.197412002165585 -28.47161745462347 -32.85024177545421 -7.182772661885005 
0.1608615458553987 -0.26348802854947795 -6.284045112902964 -22.645195121175554 -25.68325193065025 -15.64664443181336 -3.1390605805970098 -1.804688950775219 8.847555152107503 6.7346970204067755 -6.133589894245851 
-2.9878480387677495 -1.443167032277153 -7.966159811429521 -19.828123979409348 -17.67124019153121 -14.286656790998236 -20.00661796901755 -13.85967367916286 -10.830505950495466 -11.871303811965156 -3.352396918518669 
-1.1032184876005888 -4.550795445441127 -14.041270232585854 -23.597409412777992 -25.3329801020158 -28.02271152295034 -21.249554820840768 -16.71032227735744 -21.463880669411928 -23.015702357554947 -3.520613249390869 
15.204817565490067 11.79501479605944 -2.3663021308621865 -12.982499252432955 -9.299587091535813 -0.8155425930787901 4.497145549044483 -12.130716711434932 -14.34818521182892 0.43557034344688333 -3.7638301807204875 
4.757623658954845 9.753439951537041 0.02289455054516365 -3.757108192532943 -3.825499006733475 -7.469334628510701 -14.528913241912452 -18.417787272484205 -5.7073349211167255 1.5908872274134704 -3.2170176983085503 
-3.516352407981093 -2.4882447381097044 -9.754509870619632 -8.108665205107394 -3.621934369511509 -4.341697845311947 -6.80450486696169 -13.761585974662808 -17.259531660098805 -13.022008194203481 -3.8648686515689685 
6.781877400492278 2.543667429208991 -10.107382413184641 -15.938358015271588 -20.74319158777455 -23.450458912442734 -14.113024199298216 -2.9262759198844863 -5.50189790446005 -2.9005784537747754 -0.07891953480591574 
6.470556030748105 10.186579387429047 2.916956969771184 -2.008396553581896 3.2077993744559814 6.390897963885999 0.7280238369772334 -15.248595407522505 -15.798360904694709 -9.145988068666107 -1.827308104609741 
-0.6378017321162507 -1.4222675808542458 -2.005971142839466 4.63858661336841 1.994051487164497 -9.068316028048582 -10.947380671454017 -5.084400779490403 5.7059126847367825 14.892742263328186 2.2147410744172897 
0.38623759875649655 -0.27095549908184735 -1.4273928070121662 -0.2850018530335501 -0.7457795194011366 -0.6340515056429339 1.3112324021371653 -4.013509927580158 -6.890582387216657 -5.887324721525227 -5.16538498915239 
6.3837449755872155 0.42541765712647334 -0.5381121325680187 -3.630095936368517 -6.751565700231896 -10.222625076714225 -7.800721482124774 -5.322876620276867 -14.189547433777516 -9.705257345435662 0.87909658916108 
-9.15252612811205 -3.6255305051029723 6.299863728976923 13.982127457009163 15.242621561242881 7.880838222657804 4.078803456838358 5.005118512912473 6.907913656447784 4.7267855130445255 7.786490970056878 
-0.19664903240529497 1.1622807301735902 -5.514111861100062 16.597057211544683 17.510116245756222 6.021896578654705 -9.242520647199154 -8.238554821262664 -12.644449119941095 -13.898684989983602 -5.61168798008978 
-4.667827010293948 3.8739194826660968 3.2948269618866766 19.566871010782343 23.58156718194484 21.7822783698489 0.9338853100343113 5.162459046244283 14.1241816000806 8.974745212385095 -4.104608914238596 
