-641.7188787364043 -642.3075923840655 -642.3773057977928 -640.9473998706411 -417.42839679413527 -252.30298374268452 -183.30085092099011 -193.69398097107268 -215.37362647664872 -242.19059402085168 -324.0519097426541 
0.7180207039136258 0.07990269570779943 0.0 0.8943791724722211 -24.890273493536075 16.11534966470336 57.223960646666086 75.37690735170749 77.91793063990549 103.61531871617032 92.55722900093744 
0.19428657699232105 0.030925774619838524 0.0 -1.0728436248198525 -15.606984139278289 -79.30391856297294 -127.66398430564098 -138.34155559429678 -132.81807360806704 -125.29680553075318 -75.46573631184023 
-0.366016559969425 -0.029774662403428326 0.0 -1.7210325565061648 -6.273511055545288 -48.312022673293114 -60.875634876295436 -51.43989217838481 -45.83983159097374 -45.48237800345625 -31.78324853003353 
-0.6983064498965158 -0.07918795356063438 0.0 -0.678786235957316 -6.310274406188954 1.1939953893556732 8.536591276736484 11.599583799691 11.403550642188033 -0.5437938188712282 -15.838597828927659 
-0.6946624288571445 -0.09858223155279308 0.0 0.7770563335623961 1.9867429278329962 -0.7001808452023339 -12.613522868788833 -9.506991898678042 -6.664347559347216 -15.363448748075083 -14.52979278905137 
-0.4358637314611117 -0.08060540480289312 0.0 1.259925714821091 -7.563775698383322 -28.57770342171969 -35.123055230721505 -33.96131380418055 -33.68837067907151 -41.24934592362918 -51.863234088491126 
-0.10150305805003683 -0.03207222952834492 0.0 0.7135770156340809 -7.147091814687313 -8.544260370745171 -1.1499722258747034 4.883024988890247 3.5185124071076115 0.1350254730284025 -9.90508397702295 
0.16191915731488776 0.028619066232378643 0.0 -0.16588442501006154 4.95581789763402 0.1076957158749755 -1.907369202532202 -7.1875245822937535 -14.885111493662507 -4.865002517476115 11.898983709754692 
0.314520897990451 0.0784612859989452 0.0 -0.9691335000766055 15.072870602273351 3.2702124342392707 4.201610994169852 5.696150084970968 -9.93808706541256 -11.282855957100832 -4.12790906759259 
0.3951422000380241 0.0985599618116213 0.0 -1.1052416604253104 -6.279778844284259 8.842858878737308 17.02795283039044 14.95597783299682 -8.424760781183004 -11.945287178067767 -11.309256068010502 
0.43496178783576445 0.08129597502051347 0.0 -0.2365053206019227 -9.926431348523025 24.42317519469738 34.41642750624398 38.96173600611915 29.68665486297907 13.93660633049279 9.434231973210338 
0.40026483747537844 0.03321385447705458 0.0 0.9272808034119782 -15.589405064898408 9.145947658258478 24.4519681968176 36.15252969006241 46.14471628315913 33.338288327417985 19.015698766367905 
0.22072330806717244 -0.027459160135226264 0.0 1.3361218964630848 -4.281389749597124 -0.8503731709686877 8.616107562216559 18.111139051113035 46.03807749519269 38.27439536556105 23.45457851619593 
-0.12005434164381557 -0.07772280245618485 0.0 0.4879483665135387 -0.9747477236685111 -11.081074973654761 -5.500661847549082 -1.623749274002817 16.35867628046288 16.936719182086694 19.493827876633144 
-0.5157633627505349 -0.09852284930273272 0.0 -0.8881276235125127 2.6202131833655806 -18.876461672454262 -22.451843280129445 -26.9049801837658 -25.51985486014589 -15.949580707598024 -4.127861773214486 
-0.764429318705885 -0.08197430236332338 0.0 -1.392492312842874 5.614319208631976 -6.563673525815334 -9.98342730795909 -10.403119785666195 -26.123132814740217 -31.50373863346453 -27.241925421962623 
-0.6897602002743446 -0.03435047754145154 0.0 -0.6556879826282445 -6.422306319098659 3.370733089428178 11.12086097968395 10.604257820806113 4.119402218684801 1.2287340162285232 -6.513211303367328 
-0.2740926585083425 0.026295118789558876 0.0 0.6396999120596607 -5.565279122520675 -2.612282162162268 -1.689165758559439 5.615094845920752 20.75806931402704 21.181427578001532 4.274106983040506 
0.30026058867348476 0.07697261414526162 0.0 1.472103983791524 7.730149870707264 -8.880546952675159 -19.09412543361288 -29.245958776288266 -23.482355016563567 -7.859032675126251 2.547209232051135 
