-122.89512465966422 -105.90194885665052 -139.0327789161727 -215.48930900754576 -329.5355374714712 -440.4961495911457 -473.1947716542892 -471.92684223251536 -478.20663177450945 -475.80733819421414 -432.1072962142137 
79.33574292791533 91.005981776027 108.03346390293167 110.72341651724876 103.51582262057609 62.241533572448446 40.60179868700786 39.33731980010954 43.716106013451096 44.868682905913275 14.932912639649082 
-64.73490062853605 -94.51654333374566 -107.32045739565663 -90.57307913317074 -49.87250424078216 -9.030966929660437 -12.996274848929819 -15.229216840552802 -10.38523596701226 -3.80830043249059 3.832040703742824 
-31.14769089399731 -31.767697495489593 -36.227630297232295 -29.479354653092358 -22.14447787845448 -23.28269457785469 -23.75500755218935 -3.4648702955200563 3.3730975230942124 -3.699109657021952 8.572926639722729 
-3.065464615399845 14.948794996614259 33.56178792565768 21.148397280363284 3.7169837850641807 -2.74800702749712 -2.794419934526236 1.2963097102775702 -0.44727340733164406 -10.077196338860539 -14.361466791170926 
-6.704072140515307 -8.634233025056771 -16.77554501522158 -8.748302819558997 -5.05694745646629 10.845082376480091 -5.683940972263529 -15.02434949205998 -4.530572411807013 5.615623709388354 6.83166556674445 
-9.429417406995316 -8.15085525577039 -5.740043276620016 -12.59248789556651 -8.714775083691459 7.7983615133549 -7.842863379768769 -13.473425967292663 2.6100580219858287 3.700444976612924 -1.9397642777377055 
-10.886059014860901 -5.805895053647882 -2.9925608137503037 -4.711739940786441 -5.872921476046578 -6.821461890312298 -1.8141766494856082 -3.692944144838659 3.780812182349835 5.683135073867867 -0.11620603523986262 
-35.430372301577336 -29.483134011123067 -21.24644423935051 -15.181151430261666 -18.332276912173647 -20.118450072058693 4.575917162937623 10.169609010049708 4.688317523482359 -2.90092021781742 -0.7068696128391032 
-3.4818782599208533 -6.585373236850554 -11.80532581722388 -24.63603760110088 -31.541791939636944 -28.861457312798812 -17.82463295313956 -6.593452620074906 -10.49761984412648 -11.066579017598162 -3.3131089669156366 
-3.1509229601626476 -0.1485308195198657 0.011077771949547177 -0.5424700467486643 -16.087772264583993 -13.887858351300798 -11.885686883672909 -13.805926888751202 -14.387723066500707 -11.184453065547128 -5.78493509178717 
-4.538371469439945 0.6715072705120977 2.5543513140843848 0.421749273354869 -9.72789274349576 -3.766995774500262 3.7210774689732915 -0.06810842266659689 -5.6971438752443095 -5.801295340796948 -4.762209095832752 
-10.69083361940147 -12.222827067309382 -15.929026501224964 -16.5785107168998 -6.0549917981161006 -0.84644457008309 5.253070465625649 7.472264417596154 3.336366264932764 5.362602856179352 10.215510010414757 
4.774515437620994 4.782596399758588 2.6724672412292967 0.830384607665547 -5.9048723395100815 -6.345487552211533 -13.330664827236003 -17.76638333182442 -15.625410673264511 -8.187877949915537 -2.5163070781405112 
-15.289713015348134 -11.958740793621988 -11.01997068260619 -15.972535349566797 -13.6456118420356 -8.777746588058228 -10.61145450396689 -5.71267878726419 -9.912577585429192 -7.5653675312800726 -3.72949941454659 
0.8282034923632957 2.9229369928182525 1.2938438951699103 4.315770903689669 -2.1973406739421733 -12.527164265859579 -0.0018306178591604993 10.048340779465441 7.428828454741842 -2.7517259268279313 -1.176533699946543 
-4.808731614832142 -12.564967593981272 -24.807049234169174 -19.309188764126695 -12.8027891681909 -11.998586754711859 -0.028122475677307857 -1.3877083518505073 -8.805857754900227 -4.391282511462261 2.010834978808515 
5.749876612647384 1.462522879716095 -10.856365926107467 -16.84921681696813 -8.89662786314663 4.4339768225046825 2.18108581856127 -9.25960434331342 -13.354779853148038 -10.096360673866801 -15.843452086994056 
36.14261795281578 33.454035295273016 16.964698877206303 2.7326849601056358 9.431532904992075 4.86714619165752 -7.861253110186046 -4.124009842136379 0.23842648440467173 -9.886032672775535 -17.10888174225552 
32.71245913376933 37.08849343933331 35.81947626057663 16.540877090165402 10.932551032644412 4.528620216678243 2.0644706820331415 1.6984534598368768 0.23603200129296964 9.339977897748962 10.897913219969649 
