-480.3018264557967 -473.71578409184133 -414.2977106238759 -256.95717130850824 -160.6182059894288 -165.63070480205062 -182.67694937500227 -184.14413230600368 -239.8619172958088 -377.37705414158864 -480.3289133740963 
62.84897226534362 57.77098913596288 18.442193991066112 36.21292304536954 83.0764562080802 115.8936139767132 120.49638761997997 118.42216017079086 115.35200540012794 102.56554310137989 65.10557603299324 
-10.285176051326928 -2.88754976241582 -13.076075662513503 -34.47380033556084 -59.78482979586344 -81.41095284007967 -91.09291247038516 -94.45941657605815 -85.97222401838599 -30.285100708876413 15.39337684875102 
-26.295152815309336 -30.348270846549788 -10.576630701419687 -24.8178343853887 -37.50767533547545 -31.95100782009345 -23.172955596547677 -21.00163698266563 -16.306712140343116 -9.351800314750367 -7.314490690785492 
-32.15657430645493 -20.720483855816074 6.079055312237147 -1.1484205727637857 1.5493415357022975 15.577372004006483 32.96562442564411 35.339914181000395 25.773147551052467 7.019409827944922 -0.06757904207198633 
-8.601789885862248 -6.616267876463955 -16.12659137332065 -10.510851187666187 -16.20333221559141 -21.012746395500283 -33.18075495999712 -35.12811733159879 -33.12503388842725 -25.13404534281201 3.015169723734065 
8.779310718036633 0.1305370205317367 -0.8965009106895283 8.817968211815776 4.984532738121759 3.3438061212935093 -1.2095081528625413 -5.338392838282763 -12.747916291860765 -12.53308023750526 -3.813996096802438 
4.342981890628627 3.736938459241136 -2.4920129087338383 -8.07781909774997 -4.718880907243365 1.8782008972037714 9.486714437722233 13.080543957647071 6.966783255028172 2.9476434783573335 -10.415489732347275 
-3.7019328131473146 -0.9459502455481202 -7.087539822024155 -21.187782227891944 -30.857576184014366 -33.05984760478533 -34.790950781478514 -32.10925000495053 -26.47637813423679 -14.64027309604143 -8.8545262834832 
-5.330533979253632 -0.38980966996939503 10.395261862715161 1.029603249607827 -8.644925712488066 -4.608560600793903 3.3531742522719252 1.298888363351518 -4.4290976071638495 -11.332299615896238 -0.38542505357300705 
1.0773051082076808 -1.4812539895233283 -4.904548567417351 -2.7112427390737093 1.236842776637726 1.285555551439057 -2.727330386190716 -1.4128934019590982 -1.33260184839329 -6.272366514244284 -6.771653368786293 
-7.35263389749327 -9.216353910027575 -6.931943798994686 1.5121178123301493 3.022368828887973 3.644525993462775 1.6540436926507778 -3.654367002013397 -7.867943005731722 -8.861560431411132 2.6276116410276265 
-11.265293107904757 -10.93885599937953 -8.080088000056477 -11.542174061642159 -18.982744428693763 -18.86074722216515 -16.142126041493864 -14.628514635645825 -13.380098489529825 -15.9793523468121 -9.785038290013306 
-9.048873884731748 -10.54327674796527 -1.5451935176657896 -7.333558978713063 -9.784620043184814 -7.138780415841319 -3.446694860497601 -4.833904270232814 -1.6446391954908233 -6.578608132345067 -4.532020124498882 
-0.8306141778062681 5.424659225634521 6.337143525326193 -4.824263178250803 -5.399696890417782 -6.402798581865772 -4.866727436586162 -6.334525624652516 -6.938201875694745 -1.5737731625257003 3.7104385251056495 
0.30544357129795574 0.45258310887661696 1.8606235026211404 0.6310049124655317 -0.777954164111216 -4.152089518864241 -8.5742529377365 -6.896177550658715 -2.584799534864352 -0.02279990112832253 1.7917900696262101 
3.2405156203224212 -1.080818051539214 5.635006908449865 10.823881634857603 8.148231510679336 2.651641989651102 -14.437112618419743 -18.408556110594176 -17.687227266019377 -11.48682282211255 -5.200101074154462 
-1.234955601575724 -6.652932675971442 0.8768278407492243 15.182273787290216 18.649210702781502 20.324375632543187 12.175026409368174 -0.4043045337155866 -8.9386400737311 -5.231874203139217 -5.293384111064082 
-9.857082047947195 -6.227248377712531 -5.7937006777639155 11.967382122815408 23.377303223055392 31.01896958051847 39.380975368814035 34.4860782626873 22.719244207464158 11.574250933336774 1.7212425246846164 
-9.186204374102937 -5.927491062917504 5.551642008698014 15.896308821590132 24.48840450609653 28.150212304887788 41.7180049517431 43.90042544778282 34.77168997534232 19.938020973924232 1.8835394267521777 
