-539.6906473218288 -536.1687902325231 -547.0388573510085 -555.3914590248595 -548.8045910186896 -347.768149782317 -165.13183244686627 -96.54181950365992 -77.68877250294378 -141.63613132426292 -312.90125389017203 
66.2094202411827 65.3662583140522 55.53864628677388 46.44298709109843 53.179182642239695 37.002859730245454 69.71884235610946 84.23357740529298 99.45882954131616 114.31332883993733 115.27897037237187 
-0.06090199017714659 2.6199075463785686 -1.0537757012976772 -2.9542694667362963 4.324866500903515 -24.896294962129492 -54.523369222805776 -87.08198031484551 -109.92462011865751 -114.34211662726906 -94.8340730448712 
-30.30256096588795 -22.905911647437897 -17.532500265222964 -13.21829728319172 -23.659515977609125 -30.96268595808285 -28.78437889090624 -34.231195979947216 -48.154915450355944 -52.86544921434384 -42.900183455669584 
-30.84243763315963 -25.513254862896435 -19.092589003761503 -17.536121829830204 -31.674340571307688 7.701727382742959 12.280258940120772 28.061353833128955 37.78674430723467 39.817901844908064 33.462630474629336 
-19.424530962011918 -17.802989338349768 -12.963318457950008 -16.035867910607887 -24.59861816010237 -13.288131943240895 -20.197034523875452 -26.73189359254159 -28.91897237433667 -31.795561419243782 -23.56377962187874 
1.3862045752064187 -3.1685328049949635 -9.495983539970554 -9.507792910377102 -3.918175318019248 1.8239022688756537 5.566438172523924 -2.4271185551453076 -3.744434629629912 -5.865402930264549 -6.523416249993678 
11.059816169940685 11.64889362218257 3.6592042485570047 -2.891653896271391 2.526500365394241 7.3796681847898515 1.0647751358120479 4.887564197271101 7.630336148079981 2.6905865403966094 -1.8076005200397978 
7.53143378566631 10.482226696215735 8.934639113233768 0.9106570640370335 10.994189113048257 -16.400580077219256 -35.61036411672664 -40.77348452068548 -42.77832411690105 -40.64364132391309 -32.73032858885827 
-7.339692239866413 -9.299807469447675 -2.348936509159607 -1.1216359451780804 -1.2015652789398594 -2.1496307217777417 8.063108976830055 10.7836387150127 7.333021800191208 -0.13605264912143467 -9.150526075084926 
-11.59503868444165 -14.521937028151363 -12.772426486806083 -9.7646026679719 -13.724385298518671 -8.12596407720244 -0.03170089718391145 3.2907221146577106 3.1761954446745158 -0.5168685616792471 1.7606920668161186 
-15.999057530836362 -20.860247416222222 -17.32374166886626 -5.724044111713454 -11.761319684438817 -7.206884141327741 -11.445043798449484 -6.000709669203272 -3.5339811158807555 -1.407002656090365 1.6094149725033924 
-19.855283420481875 -21.10757567311338 -17.77330270314825 -6.695139780081622 -13.413964013451366 -14.772809975267027 -14.391450084891868 -17.759449106054817 -22.228295103204175 -22.975936984465513 -17.661988729039408 
-10.683648650732707 -12.992117894553868 -17.90200567954583 -12.396898772931111 -11.197269339287732 -4.656576495000923 -8.359494952725436 -10.649293305358427 -13.547756455061052 -12.268063806848884 -6.429193976843141 
-0.21047683109766313 -3.3295665316384637 -6.59052766132416 -7.484396439383566 -2.2696712580843497 -8.214103449926796 -12.871641198393625 -5.500088847028389 -8.284858790748885 -9.005734644390257 -7.978892439900054 
5.422097183892008 5.171281366510625 1.7035007826770254 -1.8994634698780182 3.405117059667833 1.927738288294282 5.1774431150239 -1.7379742066799395 -8.931170268820393 -6.229626488623229 3.1513496796697913 
11.823322893423974 6.751644348147359 6.207235818850288 5.342995906197057 9.617207705438787 9.096432567673057 22.509536651019697 14.082866722971502 0.5267145063866596 -9.57311686392502 -9.695906278303973 
10.03177761675406 10.028510941203951 11.071978874237644 8.96803249605317 11.308974593601253 11.348497771782233 31.031934103843053 35.941212791672754 27.659346065536205 14.513864317840852 4.0124253070519105 
0.20650872232944026 -1.8994331576864165 -0.8482998900310077 -1.6682070666797846 2.0164299570886532 11.389371872283018 25.388454257483268 35.801601430335914 38.157418946107285 28.222131543417113 5.427529462108884 
-6.490407823385006 -8.985123860419336 -13.242018847529156 -11.943151389809223 -3.2432524659677875 -0.46020282568803994 2.8186039920942654 11.926790348178624 28.7186099254428 33.19192686978575 14.00648338179035 
