-580.7224709449872 -591.3879324095766 -606.1767741099648 -608.26674031144 -474.10831096693545 -348.12968937573766 -278.65431939742257 -274.6792192712183 -343.22510796735907 -452.1032608961655 -577.7392797114362 
55.23517088466334 55.29157855165434 50.71304360658982 52.0109516967004 92.6127099133374 88.02820207576033 76.7798583127582 49.58278409249696 38.49576405228062 56.15972799480565 55.77174434216646 
42.66247248955531 35.3892526210241 26.138921322011406 22.802826584333413 -39.3965994776233 -86.56026344677056 -112.31751669713253 -108.6886676735091 -74.29282387225496 -34.8060663811205 -0.33056513900830387 
52.79748938813364 47.102628696738925 45.15808177400092 40.36393104043504 -29.063390479377652 -45.49043390230993 -33.253968916192775 -15.328781582166709 7.764280704813379 15.902158101187851 34.90479236394037 
24.033974624968494 20.344337590879096 20.926792056708663 19.226420856648144 -3.272232706261282 13.37865685472865 5.9236293271532094 -9.209975654406673 -10.280458916886905 -1.535369237248588 22.007707518433627 
22.1485513447733 20.370441329630566 15.128495208989422 14.407685301832622 13.37883407430758 0.015358660199471671 0.06981301505504761 18.354783615212575 38.38108654877219 41.61169188016859 30.45344997285033 
5.706079939742633 2.463819839693304 -1.4970274060739868 -1.421120994370021 5.638240156940004 -10.374652416741363 -7.3189307717469205 -11.18041796204065 -25.02227626573309 -30.338969210769026 -11.180741337535004 
19.865450160006922 20.576825918295214 19.574985977159237 18.9741328512739 8.999725125348252 10.723052166450048 -3.804499359457146 -5.358252878334328 -0.35524733863883373 6.497143961353704 9.74387129535019 
1.9188565769543175 7.250115518722504 10.746583003145393 8.782247930284994 -8.158858214201686 -10.599283500627294 -10.986035301668824 1.6484480534849673 12.076121511656023 8.509010472476614 6.425934398011263 
-1.4397266169140468 1.860994784786098 5.742452884346328 2.031507584547549 4.054140358813278 -0.14975710881965032 1.352106205298771 1.8421172774528878 7.941536094456099 6.54402967418351 3.326210657171144 
5.844839366315792 8.098406436600213 9.762874430471744 5.735034499563634 9.964905888304004 9.69855696986465 -8.512093796763487 -16.84425157934911 -13.651756483202705 -5.883133941803685 -2.355639312943447 
7.537846673529717 4.781994374994518 3.879658861106024 3.074402486360674 8.06392876220406 8.410261111773536 1.3352173638348899 -6.477379992345439 -4.181499716962955 -8.336002191475238 -6.430019351485412 
12.326953776150425 6.611904827608066 4.001166611513274 4.41504012944422 20.271092718762795 18.89542659349283 9.144610228658568 -7.995466653307992 -10.479456220840525 -2.335736617013681 2.2546462470769644 
3.984284460726761 0.8435322471162098 0.4691009445874344 3.15199913512141 23.535879607664093 36.133658106164376 29.400794710742744 18.186849754991112 -2.3071820599282806 -1.431014322886488 -0.7563778201346969 
0.13896252622784 0.7351667557091024 1.072748806031985 1.2221373611919655 11.323209959471459 24.51038265363755 34.810777827625046 21.94139151548946 -5.932881241947932 -5.284518252141113 -4.9054965038526 
-2.483086687501148 0.1990397206441934 4.9824926331981 2.870853919333581 -15.051797833335414 -13.106875026723966 5.275105978957763 18.321634054512295 2.6449067892752174 -1.2347709673581588 -9.564859362003919 
-2.3469899539586168 -0.5331290590785166 0.9796804601590756 -0.016606501743348545 -11.276575395815122 -12.874956455021199 0.06331423615924314 22.36845475936326 28.439280451046265 19.32831099112191 0.8909981439369982 
-3.258009345603517 -1.4439745006423248 1.0556601082457984 -1.7992196540583154 1.6522350493238112 -5.532098572172207 1.6970736765908339 15.962698081574402 30.291474059479317 27.353541832166897 6.937243488702158 
3.0262912381536258 3.296216260262446 1.5063001419135986 2.658413718043395 12.84685015488527 15.103784638337283 4.768195156131403 10.852239167158121 29.16984385549746 31.039133052850687 11.509956935119012 
-3.902357246716045 0.5004736633519258 3.9350109327152603 2.928970034509641 -12.991842398962955 -8.570057362080277 -7.917241085355632 -4.375700151085784 6.963964564894313 13.523198204397199 12.014424911318784 
