-503.4263268696525 -500.25831587786416 -503.93395001420924 -506.0671309588329 -479.91840512595945 -326.53492786790275 -260.1910455002314 -217.5402179629312 -192.42255513626685 -228.5207293337065 -342.6548427609762 
65.14334329965342 66.02036931184506 65.54704881427878 68.50814798835697 38.47249021072492 -10.152507190580916 -4.368836679349656 -16.267809420356713 -55.77655908379206 -43.11237326384334 2.780861253803894 
16.64461572170306 14.370861976212488 13.796192898505815 17.888823582122114 34.89014683703907 -16.415199002009352 -63.541003713822455 -111.82410527472504 -110.22296665962408 -77.8393423767596 -35.19891944297807 
6.9703578875795 8.955470366787921 8.45858347524657 4.024229913445744 -0.011219625385365 -0.564979972035675 -5.914396361285431 8.951887905926874 19.749196302875212 44.568923187739664 48.21878209604958 
-3.651239027407491 -3.997112665409605 -4.132571312354715 -3.9203779153293703 -6.066273406132341 4.535603118920225 12.87985577312173 -1.692395364656553 -18.289951422932965 -19.199092478249398 -32.29896068783527 
-5.0604977009795435 -5.528420264275029 -9.247046899321127 -11.670812954379802 -7.505370578687142 -4.210884448082526 -14.559460170068709 -12.715141027533289 11.131230615095284 26.329298767628856 23.799984788797794 
-9.769398451981576 -10.099765281274369 -10.102070342479255 -7.485930111346283 -8.608048305890202 4.777874851603443 4.542291523579237 6.344464627699766 -6.307126286040692 -22.96670060148497 -27.50802690493613 
-10.538577500654059 -6.443247156132633 -7.457416792934001 -6.86998239896654 -10.259118029799055 -11.377513356197603 -9.899314985757286 -23.421968681387966 -25.150705681831184 -25.60443326928022 -14.734359294713865 
-7.657266955449215 -3.60777715923916 -5.849806053459873 -9.11956413590909 -8.544763483557576 -21.65820061202386 -22.828198547616346 -10.874578063275594 -8.140720468735768 -6.341937057001131 -1.9369543544016108 
-3.026385468476552 -3.1594590453071785 -8.078243900234966 -6.405141347263072 -4.43565407963591 -1.149858101690306 -0.48873681808403824 7.816882331795909 11.004094713464417 4.61678416195073 -14.66757983870449 
-5.537655315434731 -7.6626819235607755 -10.453759669046114 -10.799709309276743 -16.01502571951847 -3.668547468132291 0.43474706607402913 -1.594946164280883 -6.168507449060721 -14.888608104851965 -10.492359899060128 
-6.361778761408845 -3.855671920584691 -1.1112741152227605 -5.470859276147537 0.07267273619000691 5.1323064228804265 4.54364316504693 3.2787273843075213 5.445400632870435 3.0446228767493544 0.4534879969566674 
-4.540310186963862 -0.5947085349911202 -1.5440515812483453 -6.0134824460086636 -13.854689501460475 -27.42153017263928 -27.499075348787606 -10.028719916048052 -6.340068357486188 -6.316330010944081 1.2068539992958505 
-6.047524276686101 -6.542311769826661 -4.884740911368054 -3.1999865271885026 1.79422049902728 -2.1752541585610023 -6.022122731166523 -4.350719421222019 1.4750422895699027 2.4729807771946954 -4.4400042121635686 
-6.787815688099823 -6.6652782902103676 -8.054879777792525 -6.795643155158508 -5.213689728704281 -10.470403640473961 -6.470149801444366 -2.8514737451941254 -3.186986293449152 3.125217900060277 1.8298181836717988 
-6.831025569665987 -4.131865253575921 -4.0377132261880035 -2.8418321847417753 -4.406127711904396 -7.004957800802165 -3.4665200782604733 -12.663307751869315 -15.963631479427086 -7.400064152184969 -15.491863815813824 
-2.2206394352675347 0.46438699552988755 5.074209517540076 2.846546814237345 0.9897544414597013 10.124508309941088 10.26403782675194 -1.6589342538896727 -13.064034478690623 -9.938280676078554 -1.4488740976180876 
3.680706440216361 -0.7048307012349203 -1.7828555856270552 0.7689783530852625 -4.021189167036566 9.088008412564925 15.473668067915591 22.586036578232594 6.92061633022441 -8.576084422595365 -5.876061669841082 
2.827766554029961 2.0492451316423987 -3.199794717747554 -1.8248441811765646 3.0648504828044527 4.274359692903622 16.53998166836659 21.52598137980243 8.962214228354904 -12.378815325920488 -2.6563647919573468 
-0.05396505708400112 0.171149482089073 0.0035354115161673194 2.414868836668201 1.6263261026797415 -9.116343214579079 -10.435018275195157 1.213656288043464 10.470299201276674 -3.4639189800401406 -8.718753029923032 
