-669.3103337963582 -668.9049956096969 -386.83246043424447 -222.13657516554872 -152.12113188255591 -160.2466519847492 -210.11077944454004 -356.50471011588786 -601.2635684011727 -667.5940114032022 -668.7997227652221 
0.0 0.5062665211581027 50.42094557219822 39.956300169393565 -0.3017922345110106 -35.83997860574419 -25.42172861646644 2.4335570298940956 15.8127980983522 1.2399884067781666 0.6428227697717654 
0.0 0.32641217783155513 -126.29600190679999 -135.31484218922026 -139.26498807368068 -111.88842430344178 -94.93401432337629 -72.31265974559386 -15.686999041953854 0.3914860943403292 0.4290905893590448 
0.0 0.08940351745407611 -94.07165608640955 -91.48849225681876 -50.69905997310586 -6.361837619479175 1.123051450964646 -2.747141103201522 10.340648515483824 0.8213486283131848 0.14492467554198774 
0.0 -0.13389865594116673 5.449262539780193 16.880500524365438 -3.2892519376046705 -11.960974049447822 -32.49251049517991 -43.563516664902366 -9.826614451166767 -0.42242687334138684 -0.12796936636510348 
0.0 -0.2820696015391968 -18.07246809273694 -36.983460186082375 -32.69431904576388 -12.607768461094658 -6.792774793269169 -5.245373736783665 -16.433786375345456 -1.627372220025837 -0.31809185200446854 
0.0 -0.323784571867299 -26.448012868603797 -25.22852799085848 -12.734436609432601 -17.797987339795153 -27.875171575161367 -38.47652838945022 -29.43314191023882 -0.5965399247298835 -0.3877172260053579 
0.0 -0.26715166386172867 16.068554845652514 14.712532179444645 -6.995203128659832 -20.69201481332368 -21.065948123070903 -18.407574671245424 -19.983720782106182 -0.3739854723129954 -0.3437168309142067 
0.0 -0.15449080657341413 10.21925097066259 -8.584259316866325 -11.062420470852661 -20.680006307143096 -12.968448043700754 -10.76664082683126 -9.018452782885543 -1.0566429317036217 -0.23195334169153248 
0.0 -0.04470823643781726 19.341709084416074 18.83051956349758 17.89575370206122 -1.8114196222033496 -5.659503602848881 -8.513745744037312 -5.436599978365156 0.1253723590381609 -0.11761495656623601 
0.0 0.010032067153715175 29.397633136281204 27.101102776548245 16.684613234614353 2.4421416734887997 -12.301609208999526 -11.445247623730744 -5.413753743003921 0.8322511955193739 -0.05900103567072638 
0.0 -0.015416192885140477 6.828507316385595 24.471419506905033 36.83580628061656 38.85456304851172 20.321564288216933 4.773180495180811 6.08304684408754 -0.4354737931661641 -0.08461642987923806 
0.0 -0.10952238679505394 -8.103848210520244 -0.46340566665720234 19.660774454321917 47.56323550728867 45.534528078767316 23.51517593220671 13.10487757599417 -0.4642318467734122 -0.18212542408270205 
0.0 -0.2286098394522101 -4.0427700336177805 1.7664108350194319 7.672597247760072 29.847976290218067 41.26614836403384 31.324757342252564 16.805244174187496 0.05068197586878803 -0.3032535124219718 
0.0 -0.31384997773793843 -3.3127025865710564 -9.318870651249608 -15.592839680788702 -10.515133797338574 10.4883949767645 25.89681788948363 15.857688458158872 -1.2504250769527103 -0.3827646622513346 
0.0 -0.3143455880850373 -2.400038184010198 -15.478528020050167 -22.13007612120078 -33.28454025841904 -24.27663734015998 -15.64731961088822 -10.345820500264342 -1.53227111722387 -0.36438983974666417 
0.0 -0.2076535258848319 16.346915369294855 21.524863787583726 20.818890224624074 9.201993719595642 -1.0738662409948914 -1.234562274588418 1.0433575706443976 -0.06882873803287731 -0.22397819773016303 
0.0 -0.0100302417990083 -4.928890833070254 1.6247631529979605 9.484860452452315 24.36439084834837 23.47149792529158 13.520746148137668 15.274334243600595 -0.03231711005738304 0.018857996369641167 
0.0 0.22752655062188337 -20.229121501322474 -28.091505318167137 -25.412746226789587 -17.960266490084756 -1.668245324210558 7.807080983767816 0.3733461932946137 -0.021089548469621036 0.3051056072370414 
0.0 0.4361261785796387 11.198991254686906 -4.552352574757839 -20.674296637469496 -35.893548781836515 -25.3695828553589 -13.731245252315311 -19.146200903983523 1.7243331846569743 0.5553298772238874 
