-689.2208488375157 -667.3410242950993 -616.4788587881515 -579.6198571711676 -330.0461096153796 -185.00803832523266 -158.91439798049757 -174.50896890226227 -203.39220107889312 -315.135513809262 -546.0073051760376 
58.46466483792457 38.9207587095855 28.16374409050308 19.733495634097487 39.916879702759985 55.151977495307264 66.49617711397906 43.4714732560872 28.10683068858915 50.11118224363558 59.95757258170529 
13.983815421967044 23.6155579477716 14.077449673251156 6.266473769733565 -62.91410343334845 -101.85211527805947 -121.90794382220139 -128.05082897122372 -100.8476887257365 -71.99838319924606 -6.084602208583365 
-14.765954919190577 -26.55376338227359 -13.529031715530374 2.1069111593145347 -10.350982493202705 -26.276052450915 -42.32197081619236 -41.38531422124684 -15.340518076764038 10.876090452164506 2.0868144010509075 
-3.9134155612918224 1.2540295358967617 -13.22643711237501 -12.454250605228943 6.736309226419262 13.592061265774094 11.973820374093357 -7.238455544507109 -24.66067663343783 -44.514771889100984 -34.210850506848374 
-30.90930334290823 -32.50872538119083 -8.745702569092883 -0.9001920523373361 -15.154667782707786 -34.99425513893456 -48.958632543824606 -42.92148786937118 -17.184470079003447 8.811641534264757 16.05720595096017 
-17.743812796746703 -6.870457929620818 -2.565897896637238 -5.766769691842931 -12.99639575824692 -1.9951480107828965 0.5037553733704603 -2.551960951560398 -13.080054527552692 -33.841529263878215 -37.760268946130864 
-14.73010631811048 -17.470169668546504 -8.590918667431414 -7.669258955306682 -16.948689422180042 -27.43360572511324 -36.29624914820599 -41.86116387047166 -35.89335377145197 -17.7280889378182 -0.16344935696811902 
-8.81854492388222 -6.80877231563911 -5.392598253887085 -0.9540911857239771 -7.517599636816162 -11.88281329767874 -14.850761020527784 -15.554199767746876 -17.134385653999892 -14.207201870638858 -9.353755326931122 
-8.469681464520436 -9.902301329808981 -15.347273975004438 -16.098459982826668 9.928362626124292 2.4763173649129544 -5.869571740540534 -5.111401258083003 0.3422567940961835 -0.6697629900030342 -12.897511036512068 
-7.962420205930379 -12.112966722404185 -11.631475833367727 -5.6266783859326726 7.2524537418254145 9.33860575884971 11.671736480095124 2.6074693139245113 -6.247525509495103 -20.481575866149612 -7.9776976532617905 
-11.790766296896637 -5.783514061627955 -1.5577163724157908 2.35691915629463 -20.649725779387673 -29.198029320674173 -26.297257826830535 -15.863236253644281 -9.923824127742497 -11.116314894177851 -28.35600740989183 
-17.699132746917876 -18.904787628564563 -9.649397308949327 -1.5320026427091706 -0.18364619413538213 -5.311312279466735 -9.21722395140172 -13.146254390951615 -12.38211079344638 -17.406114715404378 -14.292598488891048 
4.239263391051076 4.239943426978445 -1.8249718955047154 -0.5860278069492469 2.7454218984009495 -0.6283269205881585 -1.775028072438479 -8.315845174765517 -6.827436809071781 -4.428519620037744 -1.2166689038332246 
2.4345080836382165 -0.3774395413541435 2.9669430489950823 3.4921342885442765 -9.055986678051363 -8.004844698351196 -7.38277165080312 -3.596688392851477 -5.583436496987332 -3.885124438011539 0.5851896700661289 
5.308203557971892 9.793095951719954 13.342646926378649 4.033674400588126 -11.71192081096771 -16.933013159977143 -19.700143949354167 -21.338826180070363 -15.311667638465 -11.718458561878808 -3.476242033182813 
0.20819243981030902 -0.8220314172272565 -3.7248681527222267 3.0096974956076608 8.783640198033185 5.005309478991649 -3.796000987186222 -13.924866414517052 -7.18508870672532 -5.170867330097874 -9.22649920460246 
12.377265749723176 11.286487053948804 8.08896627395881 3.4028354828154583 5.564217118499506 4.032245531768372 -0.3984231127006723 -6.532404049092772 -0.9825897309070953 0.7646107451008191 -1.9162211216502334 
1.9190957879612431 0.24131982171410948 3.7982442616222656 2.898198373239719 27.130634088458038 22.895790577211805 8.948665753791893 -8.331956750547711 -8.904253065975006 -5.754143689668144 -1.6298647435617206 
5.609170066438848 2.577252080005667 4.164293999658545 3.455691875847985 22.582225406497642 24.99959973446857 14.707300967250431 -6.676429735401196 -16.397477886004577 -6.359409581824174 -5.951721525387276 
