-564.1852244734723 -421.5647521477358 -211.30721643605978 -160.0890803853196 -207.66159574387234 -318.3307246596521 -453.4747096879092 -530.8166088697436 -559.8726616734557 -570.5642324805468 -574.8412997963703 
27.99717088101987 85.14529442072504 90.0956947903465 93.36882643482132 100.61069495656568 100.54876659747993 86.16547104701623 58.762942497305616 36.7734772405085 33.92203259382909 26.45899905232801 
-17.162321933288737 -72.29849324026715 -103.14743291360753 -106.21432429209565 -95.65321132382121 -56.06993800954293 5.120989851887204 9.428050931338621 -2.3103570463068155 1.1152286465673327 -3.2514033817692978 
2.3676150302546177 -25.527153299322105 -22.618710045037254 -18.822360097485692 -5.070217602562261 11.060854369013311 17.820182113958374 13.105977013461889 6.5087880611410505 10.019004310993754 4.881138988105514 
0.005047988907335349 9.97481116196876 17.26617822355048 17.65249634786004 20.680943686952205 14.335515236660136 -5.932776542985181 -2.077018044742082 1.5893607930350164 1.5857822916228457 -0.3786528068998849 
-7.78637561141657 -14.787337148565872 -24.750133930534716 -21.727134275459832 -18.547451836178496 -9.873463428860047 -6.778809290871544 -0.9918930159261601 8.235324829586242 -0.3359136330923965 -6.424252615780761 
-13.168693117422457 -18.797110001486672 -3.5280871067958968 -0.6322741586718938 2.994442658871242 1.3292025543762644 -10.855662533249468 -11.180823696707963 -7.587213414500551 -13.192296570104219 -19.37904704766335 
-8.351297295508243 -33.7012792995349 -54.897907816919 -57.425504009462394 -56.98273665112552 -45.95678229084176 -22.418619965464973 -11.38695394445546 -5.904609905169427 -7.70371188505356 -14.008309506088764 
-15.27673847469984 -6.759209465802474 -2.156642649659962 -5.190232139177406 -7.391908650833119 -3.7436222051443853 -7.930406970439214 -14.65068861636105 -12.747461905566663 -7.965891517480772 -8.990175896833641 
-9.223189769871954 4.564475278316538 3.6001619465951458 2.5907327749210465 4.216056037270242 0.8238232300079339 -2.825506360606257 -5.710261764852728 -13.4413941245992 -9.834391435141974 0.6904743890330083 
4.368762642149093 -16.59567359244039 -24.73697524043864 -24.3958477835657 -22.00594752307665 -14.858509937046747 -7.876518577132224 -2.504493543419531 0.32371365835068927 -0.16251112101751938 0.5294414243490128 
-0.7307690063152643 -18.297947493027237 -12.743453903696793 -12.371504163865074 -14.831443216047479 -12.434543831009474 -12.555786474999245 -0.9721803921513648 2.337529673861988 2.7628277627861655 2.339815613749111 
0.02975386634217414 6.7273184478107275 -1.019956371223916 -2.9729076662752547 -9.072603756103087 -4.647930946847481 -9.96786579695756 2.849313534261647 3.355509275703878 -0.34165552199639787 -3.3903364196820664 
1.074014240004698 21.52512752768515 25.768221848676234 22.125337166014106 12.28063812724546 8.250494531993077 6.506237264911706 -3.236885981206254 -5.39139277726057 -8.868592758990886 -9.533926122018048 
-1.8873603450708527 24.659820710553667 25.97757301897449 22.9048316121569 9.342707617428818 -6.783815080783313 1.9538905801830426 0.5536657328829346 -3.9868250454966443 1.9738219840825126 0.14666960429722742 
5.007389299960838 15.937601651596125 31.36458453697859 38.32966564208681 35.23898277031994 12.74158391530434 4.194448533477908 9.065475463645098 3.9096773707008414 3.946635942322552 -0.5543111749408897 
1.219110110838597 -9.995772546859655 7.877181726185386 26.277648682039477 40.079137964694524 26.775135048962703 12.727356222935077 10.47643674890941 7.102806096009391 -4.276559438473442 -6.722921963832305 
-2.2984938705717566 -16.845461017133324 -13.878191577321068 3.5486014250579845 26.553004089951386 32.299006262505934 22.914205123799256 10.569565470980223 5.3771561330345055 4.162510537659177 -0.9570797464083162 
-1.7869195850108777 -9.446748595429273 -19.363041129589632 -11.685715002691452 3.388123014052647 16.84540151374558 13.781053185507638 6.57234547558165 4.925858510403096 5.129414289063028 1.1983812206772386 
2.2733404739390908 1.1277529284037682 -12.361554889240743 -14.386323147276933 -9.70966466855523 10.125276545774543 15.88546335978102 11.24702782515499 2.5232437497928313 0.029695345868534284 4.434562108833591 
