-552.6344530065247 -533.1276589846453 -275.5263435403104 -183.32216520231867 -184.03243436785283 -258.70750163989067 -370.73216916979635 -503.0350044796561 -545.1393445006747 -543.4003665083821 -560.6250688899667 
19.788624302546033 35.58150092218935 86.80500873702022 89.44964652149518 92.98586276821277 94.50112568629135 95.55606495648354 80.60760345784172 45.875026530676266 34.925875585866365 25.853279977819987 
-11.150367222490551 -12.503510486126725 -85.10446825178126 -101.26322021251966 -96.73940407808308 -68.02911471714253 -26.42726244676613 17.517073086645524 3.161341200903971 3.971646087193548 4.9988475632460485 
14.845424956099869 -3.4411050233711453 -12.769635579762383 -6.867439445967182 2.802254836475708 21.99096116214107 29.89154600796045 21.821541984596838 0.8621358245834931 -9.778708589789296 -9.57355810885845 
-6.914071499336184 -3.037159917334381 9.088530110664344 16.577391242790302 22.524462647094794 24.947965512205577 16.619493287126843 -0.7589721921596206 -7.762853679571126 -2.4728518915353046 -12.794494830786178 
-4.927025084822558 -4.866872132982445 -18.964153569578286 -24.464351279875068 -24.445929410368215 -17.236534090335613 -1.2874415045006158 -2.805432154425211 -6.583392785130673 -6.984819442835691 -5.232532534407037 
4.334959380319161 -14.751174863793235 -10.41040862333033 2.4110944640622023 5.833980312734409 9.246862692427472 0.9968476404594542 -7.182601661520733 -3.1145613836831023 2.3082425141344345 2.5713606068377484 
-0.4536574423857005 -16.06020442140325 -57.36671675411655 -60.83732621139964 -57.90919633909206 -46.91383019604949 -37.246372157821796 -17.73730620043783 -12.26883010787599 -10.09631466538786 -2.973200583783183 
6.162071598384337 -4.9271568912734365 -2.47109675361234 7.191819956897691 5.917989320597423 1.859970066352163 -2.788930731509575 -10.004050495847581 -5.286436424037085 -2.493834681981895 4.826633085488354 
0.913808842380439 -3.4252127841892825 3.5113393033190414 3.871256944477195 0.1806037088934972 1.2337754184061578 -1.6498906625236607 -3.419891590423716 2.6257219402676846 2.413055287179626 0.9886535921515194 
-4.324604604713876 -2.0181470645756594 -30.325547133118384 -23.938325598878244 -20.033322173023212 -15.6084310575345 -11.169780556718589 -2.969046398652595 12.272366123014908 3.9502889552853175 -3.3956047524501383 
-13.754531761052878 -3.236807437546673 -10.8158502881743 -11.82667712426403 -17.667827599405122 -13.120766443474459 -6.475389884726511 -5.948702225591635 6.003301600728152 -7.320543282205447 -16.50537703303607 
-7.231120606617999 6.275386838990331 18.49772874369539 12.678894292980326 -0.749995817161655 -10.656453143242022 -2.8141019599483394 5.903748762545549 7.756000334544046 2.278476905786062 -2.0054405321971505 
3.0877225359348306 14.125780808085988 25.83288517867774 31.152884959934724 21.57330619018958 4.8253356408113355 4.024436988114378 2.5325367993741894 0.5093941222355747 8.838303658117301 13.071362437920673 
-0.7388815944276506 9.862704832739103 26.592152088481043 28.861058572627208 24.46362004620662 7.096162279521183 1.503509800602852 2.348729438429106 6.3270968576123625 6.685885739928278 3.662720482967272 
-4.646204461206157 2.5921602676340942 27.360596205700155 42.118002436976184 49.75973684590369 37.14427234147463 21.054763556054816 14.40569594374885 5.857017498107514 -0.686995419308157 -4.654250471845555 
1.7006592551390114 -5.401250324027983 -15.584109843528013 5.025452701348167 27.87741878679993 38.86878380349957 21.994616164847763 8.175113398538514 0.5282195909176702 5.19999199579836 5.972447063054027 
-1.3511027461083756 -6.035220715123714 -35.41178793182059 -27.341218105521804 -4.201724501450245 26.07583978344226 22.737949767577994 3.395855313039864 -1.8186305833065135 7.281100594703309 8.946721859574254 
7.253088949791632 1.6121900868634027 -11.966485302477594 -19.662317389567022 -17.290682300633634 -5.306554016347504 3.541195518485204 5.3628372800964526 2.1206079418465693 1.9213584346161716 0.004340515177335247 
-5.302824516711573 -2.8160405772734394 10.298048713432735 0.9073705825877671 -8.055625380673652 -14.90452487738369 5.731927412248059 9.443215109813934 9.292897412171055 3.056922082847312 0.1081567003667554 
