-386.8070279257396 -380.71994832719645 -366.15785997330255 -209.55837684968486 -151.73619033353864 -118.7129367001796 -123.44496053383864 -208.20702155647206 -319.65673291702063 -340.7713646992332 -357.51584061858256 
50.62624364571212 46.86196935800275 50.964797646198065 107.18259676179943 113.2395483838957 85.80899949191678 88.11310807008087 72.96055328440244 44.998302524369336 43.68627726441726 28.541104978877428 
-18.737945074788065 -20.980997180262825 -38.09692306574806 -77.40774872723486 -88.68968871018237 -78.71582104866278 -68.31459984012058 -44.80893340879142 -23.80912176840846 -27.18822520861579 -29.717727561833982 
23.078173452398552 19.24731565865398 -5.549470170875592 -37.082323972263175 -34.24244305494091 -4.216840627675871 5.538194235911991 7.501890683510759 19.61241639455941 24.6192827269114 26.460986433471255 
-9.962658898476139 -10.395836432183286 -16.043718948044464 9.193563007519323 16.703187131119616 -18.602536578303912 -35.54536903359896 -32.620389332899514 -17.872687354284004 -7.513306995989692 -7.003368975330972 
-13.068556601399456 -13.836244941486934 -12.495131267779097 -22.614646701359785 -30.83765798092373 -6.408317958902401 7.712604926223777 6.579869338828999 -23.82055431793438 -19.890278932720676 -20.010613634517334 
-3.544991549145748 -7.7983394557633625 -5.862523503773636 -1.35616236756267 1.002135527395041 -26.47031107734726 -43.1504271746748 -41.135762419111174 -4.107885942188739 -3.4941844295918076 -4.049872686225361 
-11.177484635707195 -11.002330947871782 -16.274532803248135 -16.690429622795126 -20.120794951836373 -31.19113965355519 -35.15415004111658 -31.855347085449832 -15.717913804198473 -15.44874583016606 -8.98379124115615 
-6.435254064768939 -9.374832789848405 -19.327578976102693 -23.807058453357964 -18.81564996578361 0.6049206284207681 8.057130584742138 10.802305941878618 -12.829255367030726 -15.228098244597783 -16.079594221406612 
-2.019358583162366 -2.2515561725782183 -0.625086669786988 -6.6523812187673865 -0.3575542365183553 -7.4079079122251486 -6.688181942610788 -9.800591911357712 -1.3553281973155433 -7.902070598538467 -6.407200428372002 
-3.632440280460708 -5.981638252673283 0.9793373252271514 13.951459694099555 10.509981023556502 7.00133168542359 3.5483611887457207 4.167427704092411 -3.878292972306987 -3.3861784899043816 -4.443941923679867 
4.21389766850272 -5.529414891845183 -8.022560591638422 -16.782541489630788 -11.479871655255875 -12.410590661088854 -15.668495221441166 -13.413459987848825 -10.180488784930862 -7.368255584452167 -7.879549651658539 
2.28230431459445 -4.138683728629747 -12.19684487138831 -24.042723777526078 -15.878851920011291 -10.666918719190614 -15.229743998242855 -11.871117487560522 -4.404579578842428 -7.88607875627933 -7.144097484029588 
4.5163552842500705 -0.0387704307676022 -7.92416978017196 -9.921748108385898 -16.25163240215441 -5.43777314458225 3.603020731255272 10.922941190494512 0.6690373200789682 -4.233197054288305 -8.130995102460066 
3.367457237386415 2.563093798941348 -4.257568018466706 2.178766965364342 1.7887815356794996 -2.325217188313929 -0.018477310097640642 7.313773796502893 5.519012536792518 1.6933962757058212 -3.1586930343819737 
-0.5261661390030734 -0.3976019093889746 6.852856508637101 4.879780849072681 -2.5398183866988235 2.136267898479497 15.731892980687316 18.811033437873757 6.855585927652669 6.6075857534462346 11.719058454472812 
6.221483820254564 3.430435380230957 9.644056337158082 13.932644326917238 10.081881544716701 6.0951687743493075 14.414466395722506 19.14613428959323 4.435258532536443 6.604997677561518 10.40704959188555 
-0.2961910416181419 -2.9479049282888994 9.869054307413764 25.250433897813494 22.51772730512897 18.96127528410873 19.00777650952391 13.90915914132116 4.66775755675526 3.504243026875376 -3.580983898252015 
1.9783692320894406 1.047157245977947 3.7090873645670004 25.211422625177136 33.22439787845158 33.35823535660175 14.870336014658223 -1.5689174047607863 3.854618220534686 -0.5563645146582619 -5.049473171918981 
12.456682463982489 5.764582763140771 -5.376142994842802 -4.513407687200285 9.47468939744233 17.22796059830998 2.8112395205477156 -13.696208795112963 3.868289855225586 4.099366082184513 7.388284033155888 
