-540.8331180374146 -482.4022332120191 -442.20983515071885 -436.47211703309324 -246.76967337882823 -131.59953940619096 -119.59927875793312 -179.69607903247237 -249.0272587610541 -368.75144390937317 -539.1341959614268 
-18.914063143517023 -16.16338356972281 -18.01091884897557 -18.446386075183895 31.608450673296502 62.44187598619997 90.23591059891037 108.14511611216844 99.4156902673866 74.30529876442827 58.24286327825848 
6.689368109181207 20.6953165374021 25.11425762482587 0.9199780046132133 -51.75796549223709 -76.74683227154144 -82.20735638091384 -82.2111372933368 -80.77980513229883 -65.48476084477278 -22.104589262875315 
-10.890094845348912 -6.6826062680010025 -14.239971056308855 -13.140961163694225 -36.90793616064894 -70.21465270098805 -95.07103649688703 -114.58965373644577 -95.41466941613224 -60.34973492585105 -33.76767186892652 
-10.610347285011382 2.3516531626890465 2.619705554691323 -9.136362049973606 -14.869311561000215 1.03269607561167 17.774879876148315 29.66724667125597 24.527832996200548 15.656416502280244 -12.060725151960678 
-10.040436889390211 1.0152327599264335 0.30644632499479973 4.89241789605109 1.943769518407871 -17.87629777229051 -36.470089690600645 -34.52024989684171 -21.502210701732416 -11.912327154651276 -9.695344373901564 
-14.164506300664897 -15.919378054727593 -10.521766016474905 -3.8750808869667157 -2.328245240647885 -2.1830385749351997 -1.2244063745651284 -6.418301972900407 -4.652525773233564 1.301735382126365 0.06686512929288446 
-12.49564628531832 11.622702369182882 14.505896956374865 -3.3762870509104657 -0.11989585006558012 0.4774168121115414 0.29436681730510816 6.495052901181095 5.334149502496423 3.4383314251269375 2.6709111585504774 
-1.1990810916815966 -8.658244157794899 -9.783029932619694 2.274388352938916 -0.20673045320110506 -5.326743299555368 -11.363372962055724 -15.08050609831551 -13.411632329097019 -16.987002542273075 -2.915193420207502 
11.513090122883542 9.667999684855056 -0.23754346507301694 -2.3104210148874254 -13.495379031412734 -20.31464667419442 -15.983645525747043 -6.686211823753901 -10.074944399725078 -6.094845773570487 1.7041947577545618 
1.8053848144954894 -1.8078444247814387 0.9176949399849801 -1.4277382531342795 -7.106162663549964 -9.188674023658985 -16.344252563673347 -21.59977402348063 -17.05254520048011 -17.454344587246148 -0.7029803170870849 
-1.2635455508371474 -1.6913954818712762 -4.0826672640446 -4.0911677150729435 -12.177064790734725 -12.55583334268451 -10.68718489354255 -4.69091677031221 2.5788488535952037 1.2881436328229077 3.280143033902737 
-4.9424536012106755 -3.038383244562512 1.8636927111403365 7.20396780605752 -12.868058320792452 -18.458509869838437 -18.552433230847015 -11.018452651121603 -3.4960045326434885 -9.80161384143462 -8.791006261189063 
-6.258749105471986 -6.84198758278211 -4.813158902906899 -1.135118048177005 -2.8906042447587783 0.5452388442884614 -1.2210012447656164 -4.734369355799882 -5.904918997805886 -3.52351179802142 1.4761349609735952 
-2.8006699378737 -0.8697147525525022 1.7054406852174826 3.0364829144153056 5.493290041473459 -0.5119058888397467 -5.975651551811565 -8.48074067044076 -7.877971611430756 -11.067164323757964 1.002471169155573 
0.339348090511643 -0.1822603552157538 0.6354405335276844 3.636113237390141 9.710548777833141 8.612204931125568 8.97750421891666 7.642065219906684 14.196351353523639 15.32984188728088 -0.5624939098418544 
-4.814869611494061 -0.24477684367322278 -1.7333070738467367 -0.2717849207675207 12.335814273981327 0.3874575898852468 -4.701328916357848 -5.735720880424342 -6.817733036607098 -4.861331606150511 0.5896829325758083 
18.28364130721299 13.847922634714742 4.004464954152562 0.564380258852846 22.521954578498516 18.925641495190312 9.405964905510046 -0.435556829073254 -1.4160182983956995 4.461973763970109 9.849682384693644 
-4.218212565953153 4.317030329664991 2.2379238398279324 5.113466223561334 31.59672179195335 29.60112710482319 15.973851801980764 2.1358254667524337 8.532824527900761 13.725609153019013 16.139210380754715 
-1.4845894364069703 1.7918966747413456 1.3301196061510345 0.15957643543925304 -1.3047105441855846 15.45051294557716 14.663661229820836 6.93646318036258 -5.062777190428466 0.8633035798796228 11.292369677796469 
