-449.9198178400309 -439.9531720655922 -376.06216018382383 -309.54208757927233 -239.6980482512851 -217.55613687182796 -207.6567557594169 -214.58332004224437 -257.31069968322146 -341.3674844215149 -394.5453592251523 
62.891837725277796 55.590643769495244 24.846309376563024 13.952436993121967 62.7346911406233 108.52543836856496 97.09484309821606 76.75075541836401 72.09990209471351 63.314393431826176 62.633479824876275 
-2.752406455175856 -6.995723275443475 -12.290220469798275 -20.4836150627347 -52.8914403742487 -83.83661870373444 -88.54384902809707 -94.19767015739065 -91.47855053692282 -59.79247225138355 -15.652243362579828 
5.529640015273998 -2.2934459412031734 -4.340161733848057 -11.7513060649019 -21.258176483333145 5.19245251302767 27.836799569514703 23.537544530645047 5.1697475543802796 0.1917684263065459 1.463955850316475 
-3.8986665092414166 -7.757971486716448 -19.23808731322498 -12.634520005295128 -1.9449406127830646 1.8336643559767825 -8.500766740020428 -11.378528245842833 -5.587369918228422 1.6391753656711499 -9.700938417122405 
-7.298861744505977 -1.97024434179929 -3.9615949211270305 -0.2942546555686927 -9.33735069772842 -24.816201416175243 -15.818004628913815 5.4748382149018875 16.559581108926523 12.780213911540988 8.373173102128284 
-28.64442459949578 -23.994103530344276 -23.246219806927975 -21.377118986464055 -25.490116066954442 -9.757346189455447 -9.411624759335965 -25.14871215493619 -35.64273184401159 -31.647452171462145 -24.758426944490118 
-26.752280978098984 -21.89383200524516 -15.3414015127006 -16.24462310506008 -15.370044166132207 -22.396268061050108 -29.476614497454094 -34.70650166698714 -38.57995801109807 -35.616565303733566 -13.518069654538674 
-13.33390824864622 -19.12342820554344 -17.195312564781652 -15.651518431937564 -22.172947528257907 -26.399731508071056 -23.31653426613223 -11.013242834548324 -2.4043774419861204 -9.675155738876835 -11.662142452393688 
-15.796966789842632 -12.996300679484019 -5.171177728487633 -1.5526316053292077 -6.0162391437499965 1.2033600116316827 10.287124598234477 17.835671793352674 11.821004061878137 -1.8178094810454288 -10.469964493438425 
-9.804989815726024 -10.465848399927218 0.5240167661745898 3.6961567068159975 6.235345624561136 -4.817050701914211 -19.352206301338256 -12.259233766195807 1.7245543652242024 0.5873110625448197 -16.104546203788544 
-5.932055762532852 1.7071992399711617 -4.956023681362312 0.9756347857324836 7.328618184194896 3.3219580220461373 10.928108341806517 13.732039933280141 14.743071909280125 -0.6442891328626785 -7.038676347799633 
4.194011396922513 9.449473612168823 5.387798996511883 15.72270498331562 27.737160015288634 34.235405304262116 35.0942708999428 25.46374991745585 14.819495205090115 -1.2070901959946503 8.622240719329156 
-3.395568383683206 -0.8112920582233387 1.6637634246264386 6.417361914981601 18.34729601568924 19.18841161100634 15.347757139029568 10.84865024567842 13.140514123565557 14.62194165646062 6.0353993799912065 
-5.54807630808974 -3.33363432041301 -3.8300833228210323 -11.90179008185316 -15.079480026430202 -16.07744136662321 -8.2732287328292 -7.821430310298346 -7.923503953051234 -4.8648163085017115 -6.02729727888952 
2.0595620903053327 -3.5873380609249033 -6.919190314751865 -12.845250123870668 -19.67508089505472 -13.738106242247856 -20.077068312337648 -26.70353523210987 -27.18328649557148 -23.870054045759147 -9.173405294932788 
0.1697744349237798 -4.664459800357496 -2.609142311922174 3.0453116487509746 1.3336799846307068 -1.7091439162202806 1.8630372118649943 3.9432504594124325 4.820139878460623 -2.756605530975375 -3.815151271447342 
-8.923887128060255 -6.690988955864989 -1.9709520567555046 4.743915669356707 11.937226038749522 12.637377500808492 7.806863689538337 -5.1617912967266415 -8.263906116795733 -5.979050530321274 -8.08147004670795 
-1.7488160704715587 0.5781746841172954 1.3088179192630198 -6.840106753798649 -3.4805962694688724 -1.6485447135083995 -8.871372636081274 -9.667253525161318 -2.0499368093523955 -1.6940768295604456 -0.804545665965194 
6.14597370414379 4.907716623898784 2.7164279046651756 -10.295892440021454 -19.9123036599064 -19.3052266062925 -25.159724711711824 -17.389653929361273 -1.3446299037019804 8.203652936376878 15.383103009291865 
