-335.4022041327921 -331.65181939057044 -334.3474325643827 -293.62405879501944 -128.22339150278202 -47.03832895346466 -26.450022097275557 -32.214451879470346 -109.11089548431588 -235.004612418499 -324.83277866104555 
37.089135945015364 33.767743325703364 31.258258008845722 52.10551347278357 64.16184710948667 76.27121497436679 98.11372703515026 81.18778219350858 52.487216678876564 47.4967961950111 36.33362733488112 
28.234951691669302 24.042509680293158 22.52211075404929 7.312689414782167 -46.91621079168698 -81.9617428922192 -98.97815443653515 -99.3072784896294 -71.13851534716537 -8.407531432105685 27.224855215142963 
31.27761245230419 28.74497695744281 21.364970752642176 6.776212255972901 -11.93271252536261 -41.068933141952996 -50.7939173687331 -8.07419242115245 29.57163883659141 34.610963409421316 25.779294085037684 
16.850796681264274 16.016066346769637 15.36313011212511 7.577250777717916 6.2240227929739245 19.158238563476683 17.42717854074195 -9.127570545818118 -9.667297391395424 -0.1886913135120648 9.495886753229774 
14.98190730315197 15.318483415856335 19.942457751408945 14.007012054789993 -13.258522380944664 -23.756700248642396 -30.55956354132757 -14.136001217951199 8.46867411724978 14.086707541950359 19.655982776728518 
15.178776091110889 11.431580906757603 12.832500414416527 10.477358877258538 11.970255311146728 9.379485448969678 3.245078218776767 -2.473223958849872 -5.3163807372602925 -3.3109107324507256 15.02554078342212 
15.283931139222238 14.50119796243791 10.83944213429888 4.760846295250758 -6.341920702886535 -0.8792525369535668 -4.571467019930386 -15.556522853429499 -9.186346005403534 -1.2579620657710713 14.291961687576634 
10.30791585042315 10.951651006541098 7.09595868525338 -1.9064115125798704 -19.15292647603819 -17.259193739306532 -16.244767254314787 -5.338465100752034 11.25292175647941 14.87127377095956 8.362521100711115 
13.269054281603971 15.62834307286247 9.929357022261394 4.224143101105002 10.959324890924767 13.767154283656334 12.67321948587691 14.801954387783509 22.557938271659385 9.812320698868755 9.303816243357504 
4.696522253025146 6.869442976548218 10.346491322029056 4.5098608222118575 -10.687814387218072 -11.579032242679428 -16.182890437162136 -13.673518017881666 -12.276862995904821 -2.162578000265899 9.795420624882258 
0.4789417835484575 4.326202418521911 9.125323407475083 4.253727920299916 3.189870543220055 7.225735843107165 5.390723158330203 4.365268165358508 4.157582774387905 3.6355345833629 7.542260368153231 
-1.0645783803793127 2.683022569366549 3.8397245707888334 14.041356878453458 16.81681070126323 -10.916915656809218 -21.73468428664982 -16.194643772687474 1.1853592205926529 1.014854481471793 1.6496611655641757 
7.430389336667654 4.846936822885445 0.389562044405803 27.789453591488332 54.21837635799467 37.11758378931621 14.832753651067115 -0.7552282226792759 0.1877029623217201 4.06220248594923 3.6193670889859946 
6.255793130711545 7.494151363140711 4.723272852936034 16.747110968517013 29.907491799459564 42.37863401176872 27.976276576179657 8.936797918402103 0.18113492923971575 4.843649967407039 0.23880877206728002 
4.984622471041805 5.9827579995791424 5.163202826106094 5.123269362612493 11.483643616940718 36.81795134782854 33.03339496135531 10.115582239173344 -12.760133709495014 -5.046299037672348 5.249964285874652 
5.435629318583093 4.2020214152067545 2.3462174110350613 -3.605805449488846 -7.154645809397184 6.216375698877017 13.861253579495198 6.891453623766166 -10.512074457713656 -2.5872806669368154 0.6477238342069135 
5.200509787453575 6.9444811903184505 8.274234350347877 -2.0706005553472364 -20.258534478899165 -17.574357156664206 9.507276058312598 17.325415093127745 -3.268124215749409 -2.5180266818781964 8.376974702839322 
9.904378991222565 7.235975307373221 11.744490107335375 11.016292565446353 13.284424340800836 7.8162461257653435 21.495418901155602 20.83872075845566 2.7651050643840054 -8.668891346839132 15.369336173919098 
-5.798427716454393 -1.862322353067908 5.914620487788911 12.296096263843411 19.814451305603047 8.637473604674568 11.535349412048976 20.91901543143699 15.992333012458804 1.2002762488090168 7.751040592554904 
