-301.68001724033354 -300.8518481762056 -300.0686986260376 -300.3640104937413 -299.57580778531405 -293.34032304218005 -229.18096127256933 0.0 0.0 0.0 0.0 
9.304625192626416 12.94819139641067 14.214821065756238 10.365995372327404 8.719313313511476 11.673252568384235 34.76440212099705 0.0 0.0 0.0 0.0 
-15.250440018258644 -18.358804526853422 -21.631015788280088 -20.500351215745788 -21.050223531948568 -21.68421846925591 -50.63138268911433 0.0 0.0 0.0 0.0 
2.513311532773008 -4.017603439914458 -6.275421921734645 -2.7971057424053622 -1.3329919694524628 -4.2109154375015425 -17.488345502452926 0.0 0.0 0.0 0.0 
-0.6736125450457477 -3.924005767603155 -5.8106171993456766 -4.185062385587767 -1.1593448895326524 -4.263171684854492 -23.8311012877152 0.0 0.0 0.0 0.0 
-11.437919174057054 -11.586117131189539 -12.416034016836216 -14.368027473242815 -11.225528541093485 -10.919334710209096 -23.071595132875103 0.0 0.0 0.0 0.0 
-9.576032069202412 -8.312833343887183 -7.0547828377591815 -7.995253186365193 -9.338025044001428 -6.956191697047885 6.59319717356864 0.0 0.0 0.0 0.0 
3.3858007968253774 1.481657845390059 2.385507385782989 3.455589261619678 0.6506348967613802 0.2228825223812947 -2.738073915591288 0.0 0.0 0.0 0.0 
-8.47825381475736 -12.143445354719098 -10.840177562595079 -9.261777964348573 -6.208363450172772 -8.428233511805104 -26.57666269721889 0.0 0.0 0.0 0.0 
-22.171695764335315 -25.284084991351627 -28.056363784429685 -20.536816309049172 -13.67196929164377 -18.18846534506777 -13.943770629221213 0.0 0.0 0.0 0.0 
-5.906147277347902 -5.746758769679712 -8.385496733820332 -7.569977669505462 -8.252055556543036 -5.117199188067219 7.248729067260613 0.0 0.0 0.0 0.0 
-3.7171861334439384 -0.5723852612620411 0.6201836238474543 -0.09153055797520204 -3.5842848847531252 -3.9995989945372314 4.811560160089301 0.0 0.0 0.0 0.0 
-19.78374073542996 -17.472867725280466 -13.959415744963714 -14.179818315975186 -13.748585729025988 -13.75143599769605 -3.0898158364224857 0.0 0.0 0.0 0.0 
-27.71984705719553 -25.744758869407974 -18.97235181252182 -16.190515214423357 -22.085156456427484 -24.35759393416992 -24.726043935165848 0.0 0.0 0.0 0.0 
-7.41769843299215 -12.819653353564203 -14.700614722230227 -12.844182515661338 -14.183078998527163 -18.93090696654309 -29.044125248542755 0.0 0.0 0.0 0.0 
1.875674995846443 -2.360452589602317 -9.056098169411065 -11.20898691697568 -7.447152977528449 -6.944023156125466 -4.520999973548865 0.0 0.0 0.0 0.0 
-12.874768552717203 -9.209008156358385 -12.3848223394929 -16.668444514288304 -13.551950724148835 -12.41082936108723 -7.870072633771446 0.0 0.0 0.0 0.0 
-18.678112982902817 -15.211620718661651 -14.560071430567987 -17.075166952567407 -15.891251735162225 -13.975120327457942 -18.128159508201236 0.0 0.0 0.0 0.0 
-12.05757847680109 -7.554305371591948 -3.7290813306165367 -5.622609601663206 -5.964090017525383 -5.6488719786969135 -4.8423693399144945 0.0 0.0 0.0 0.0 
-6.025025279774205 -2.7999907285494188 -1.050253714553529 -4.907053848214789 -3.4042809568538477 1.5984677642320662 1.0251552956903862 0.0 0.0 0.0 0.0 
