-715.0282945099028 -704.6181176032189 -702.8308758217166 -675.1907767858514 -372.39164490574825 -221.49090064123712 -184.82760732316382 -197.67414162997306 -247.77534907461688 -361.05547066551594 -464.80202829614507 
11.071351260849235 20.90769739442177 23.156582012301115 54.3055283430345 77.08232629097508 14.197728135446503 -17.02831592355858 -4.524489025729622 43.31750519457675 91.36241858845823 94.71306065401374 
2.4274097372368155 -0.8233474394774195 -7.190245427213541 4.814211985870909 -74.17165166391516 -81.46018302222869 -85.18762318030613 -84.53413126107107 -75.80447052919942 -35.39274171970789 8.086115307208281 
10.346045462325616 4.428187862831886 -3.8327155699566355 3.7900672889711933 -21.551003583965496 -1.9007560821243867 12.983294937328798 26.386261840578975 31.22830977761319 12.18580442772126 2.280904377160689 
-13.645046485128876 -16.386554117908737 -21.620718092434213 -12.800954696694372 19.747147654610522 2.2317610178300282 -18.0198250773211 -32.78586746574955 -32.326844482941 -22.8212357228051 -24.317178626445433 
0.8082931085692676 -4.796264602125818 -6.728384028404815 -10.415581538389665 5.704885778669693 -1.5460978002211254 -1.4600335383895562 -5.388437386741841 -6.048583799280428 -9.254732371721616 2.1338288006588235 
-18.107460159572057 -19.06401370591582 -9.304228196659029 -13.356725208496457 -46.167405666133526 -42.98170918155081 -33.18459586773576 -22.880196376645237 -20.981673352384515 -22.070004369217184 -22.1182443192706 
-16.016918113318866 -16.091770438522573 -7.981006098716875 -12.68940915193256 -2.158405064611924 -6.256562551501025 -9.558335229751997 -10.931893737803762 -9.267369817960098 -3.992419251482723 -15.96846030857669 
-9.70556956205872 -7.677795514947675 -8.376939801231048 -19.72221818787181 -8.252973668226664 -4.944767589006441 3.455778916219697 9.224084905258046 5.4608448943095675 -12.55865702332234 -19.922458154669474 
-3.0515695124223643 -0.8971108133241477 -2.306347856696088 -13.783240636688216 -22.51866595039949 -26.049516599023963 -25.527890308721403 -26.117889058662996 -20.51773963888142 -6.778478998957592 -8.82511774331956 
2.352241371853735 0.7023461117045182 -5.466274210263474 -13.616542706431929 -31.22618605048111 -28.18628852141425 -18.24833977217084 -11.365197945183311 -10.467873117921869 -12.278387739260777 -10.992203287059604 
2.7710006228637525 -0.3293864881672448 -5.534203605142597 -6.498441445932557 -10.324452277044273 -9.621889403510323 -13.177198925226486 -22.428088283383573 -19.714965115359526 -12.087048950235834 -8.428237597234585 
2.883171169869656 4.78447719085267 1.4783825688077006 7.266015443169858 11.035882073174022 15.290585378911432 12.295640441240733 -3.313277196825438 -12.897647577876516 -14.113594964178917 -6.183218840280558 
-13.647779606882192 -9.47182787082733 -6.0729880240772784 6.529933087227987 27.018699748555164 27.448131922690088 27.87278206357159 15.721742741335113 -1.4952744176708352 -15.422965108429015 -25.9178232302622 
1.0300244764077673 1.7936986013964087 -2.8418904116314514 7.079677607018237 26.03724440496974 25.208644448619566 28.86480485739659 31.05795857391379 7.199663665516173 -3.8566813617954274 -4.90860078012343 
4.697996765311018 -0.7795715176567695 -5.795772519527511 14.815990026963627 17.557272059788797 14.604209525747756 23.376091340847083 48.93103602516939 44.51842914000227 20.295958649956788 6.980821332512143 
5.9301624480576045 -2.386388363193327 -7.648403403633319 9.160278077000921 15.47695720170243 8.463163378534412 5.332156100943265 25.251537708137292 44.733639334810476 42.97384445805925 15.770181716677506 
-1.8721566484896304 -3.590179285591335 -6.401959354067131 -0.31493616062955265 -2.1959555996105684 -1.3940290879506587 -13.918364505072923 -14.531772549916584 16.804604956501837 32.46704670445495 21.297551805344625 
-7.980236817282024 -4.932895863924901 -7.287288214124335 -1.3371319824375936 15.580085941353918 10.829988194311271 -0.21381504789228123 -17.964421777045366 -10.868171088875489 13.73976182288007 17.589145208446745 
-4.081628631935387 -1.9658484557787084 -4.163888483279909 5.445288765399027 -7.95817600180902 -4.972047764330545 -1.9174164919144416 -2.1790723816622166 -5.902812229797162 1.0392626852128886 11.341675870764956 
