-642.0855245016145 -653.0982523119279 -590.9193780521464 -233.97894723213423 -128.8710721537469 -77.2329855979038 -83.09484804649334 -115.70707693478985 -186.46774238659356 -254.77680763764732 -377.49531671171843 
13.412994429821481 13.691028856235373 8.7652545315952 -18.087107770454004 -55.770143880406735 -98.44009501532892 -123.7378158089003 -78.80465674129866 -15.935599406742487 33.83539185919443 77.01829587080317 
-11.889091377600879 -15.636712607904064 -9.913143972351257 -57.50032373396603 -58.78401505420298 -85.7142232485566 -139.4373317642076 -159.48802832963176 -132.1758966788165 -57.46719642154325 -21.457915460174483 
-19.63522975932365 -23.61258740261854 -23.94543346077534 -51.89195777979042 -48.38329593805493 -42.3802645063784 -68.19673741681287 -60.78295308201312 -49.49154126965981 -58.699800652814 -81.1310792174168 
-27.699705520712193 -28.179343140306855 -6.662987141792835 10.936121515331536 -8.583266407971028 -53.732602613223676 -95.87822819406175 -97.13892872587178 -64.79782879149103 -56.01515042533427 -39.34024971425715 
-11.789171190349089 -9.115922306643185 2.353277991340151 3.4199439188672334 3.018931328342284 -24.14802588570732 -51.423250896371606 -51.46526609905902 -40.59260230359946 -31.55034979522911 -18.664610120869767 
-6.447219542252152 -3.4808805016832123 -4.0229620821872345 23.31397738289757 22.10940525309651 7.131753933260567 -22.756759959802125 -19.751282858893497 -16.846424291081536 -30.494864842049356 -46.44917397852319 
-2.9910472238700976 3.339078934338731 -0.2247909625284834 13.401182654911644 24.45248942271964 31.046962100233692 -4.484276774093759 -21.776360584314148 -11.940211932249078 1.6943832627395687 5.877366822555853 
11.268215538924537 0.8599031567324215 -8.794175783839961 -13.048501072332385 -13.53171222632642 7.5583815161778585 -1.9015378315210265 -25.963568250615246 -43.082265238297005 -32.145770315017046 -32.790629323109656 
13.037973267818911 11.655053161892 8.072664534760833 -9.07363369450069 -9.222289896246721 23.675533192436955 52.6360175050519 33.40076542878254 14.026376676177723 19.522188382746066 21.848140080733902 
13.029396448917637 5.937984292145261 3.3728959844045487 -22.33212197253073 -29.819049159848106 -27.306216009532747 17.0907666064305 28.424838960465664 4.060308692372113 -10.129270570453382 -5.8719278792260425 
-2.934664157249168 6.4083675377891085 3.0156769937047154 9.628244220229451 -1.7268612497730875 -25.655336812519433 -3.993302686753439 24.990421748609506 20.964400329874238 2.326784340140542 -1.648659662419182 
0.4615440604459163 1.3877257853721583 -9.542139185244494 10.152019557116834 19.95906114231699 5.91348883245608 -0.4368523574499557 15.7800803711216 20.073622675371528 3.09041485902366 5.350577146642509 
-3.601346428214219 0.6868720557430681 -0.034725117885295725 -11.430271482502484 -9.624811349033953 -9.48562193982244 -9.029792770750973 2.9932775018669346 24.42264792415682 12.775478439676693 -0.5984362239306257 
-2.708159025323449 -5.135248311263336 1.7946659375183658 -10.169126841811693 -3.1105380025051987 11.71003906023862 22.14627970878174 5.575113974109678 -1.3295648443087758 5.776515928974575 -1.8905809828137832 
3.983076972552614 -3.2983993908671794 -6.773968144371728 4.237077142721642 6.8365955603475745 -1.4248603421228776 4.49450489427875 -5.722839199288501 -13.736533443233979 -3.8387531599558318 -0.10951798848283079 
4.113042150552555 2.7481403382277665 -9.739957571759827 -23.431657814795404 -14.38925014114725 -3.0938505367601112 3.8637146239297353 -4.560838349748991 -22.43762818655012 -24.170567419791986 -18.151419835868932 
-0.7724118727780539 -1.8716191256156156 4.931602056213895 -15.028689312007355 -26.89915772508563 -6.763302564647761 -0.9988500203675332 6.918652797952946 10.74479810305285 2.277306392490551 3.763334779124647 
1.4791348930497061 1.6325210205102771 -3.152091114893585 19.39885629983267 10.56175425779006 2.3346370762800515 -3.2379347674398904 -1.795078082048196 -6.687476390997861 -2.153546502335728 -6.169506258254971 
5.215567223431423 1.29976015594696 0.6709318049240472 7.759083070650086 13.933036933884177 3.6457140285634724 -0.7802341307906803 4.190205047477332 -0.9635577361960933 7.472081430217377 0.3675424898672295 
