-635.7015134299286 -376.39330698850523 -241.8149886126021 -222.59922084962335 -294.6007115321223 -357.5703335727335 -407.6627660525577 -471.0990555545264 -561.2772873181282 -707.3417705643639 -751.8066975587408 
145.01410474567922 55.82023541000024 31.62814081299893 -0.5728694803909578 -78.22922926965794 -83.9641000921387 -13.482565808264892 54.07439874276179 49.36630145475691 11.427856965629264 3.520479896597033 
3.341175798237394 -63.713396782764946 -59.40612481699624 -45.93510969024254 -47.790247999161835 -36.3085735793266 -55.1689797518701 -65.53384383678369 -31.257249755852968 -5.393378312088734 -11.237021759494711 
-78.2390411940288 12.041343825802885 -0.5175871282002301 -17.492550774008834 -29.38761840397474 -16.099876435494846 -17.212847068668964 -25.732438380571537 -35.944074120559975 -1.16241674257896 -1.7001435970478218 
-73.33586194348057 -24.76449104610556 1.2713701044483101 6.215020972703792 -21.13859447136963 -47.87217063475282 -62.28404723147092 -51.29444818317403 -38.42173786981847 -15.289370366236101 -15.13899401914161 
-25.70451125387463 -7.4974890213537915 -7.6336072703153075 -8.572521276816067 -2.053908957529639 -1.709807843805418 -10.128586625508312 -13.059669255680362 -0.3842127074996361 2.2564349994059505 7.66956413585639 
-9.726081759102971 -25.56666829427096 -15.585975859658372 -16.027763099198143 -23.09616802135147 -20.368639392907127 -18.93929477688411 -23.96607266493595 -30.378749107960218 -13.438921575672328 -1.974190864508692 
-9.752916853821912 -6.701460551692778 -16.993147149494597 -16.61397697917473 -10.522534951037738 -10.99483898365444 -20.832107176512352 -16.020123881651372 -6.809141714064528 3.864778979776487 10.027691650611885 
-4.505950453163224 -8.420560436088975 -4.175631556335195 -8.680296430514371 -15.56695391349123 -17.822280075371747 -11.910591184028693 -27.305103356118092 -29.77321166668353 -11.122213440202144 3.064108122613675 
6.794038238187243 13.944440042680043 9.43124599207409 10.735623881385216 -10.217278211601455 -19.13807460300285 -12.371831831342517 -7.440868855032017 -11.078002040799014 -3.9334129343110544 -1.9649416666684567 
15.225000643759012 15.722290278797622 15.33939812512566 15.199825084656645 15.643216978408331 5.184615826779288 0.7794376811560646 -7.220194157013321 -9.34229801621096 -3.923874418257968 -7.164765094719736 
13.65016778063801 9.636864228677203 10.575984509385409 19.0514778578974 37.87745477569514 24.977779840011998 23.058442844825578 19.142069309252655 8.413950490044877 -0.8538525344438511 -4.8299817516317205 
11.60432450702778 -1.718630922731597 -1.3980985680049547 4.211698783133928 27.544678727413203 33.84329706738825 28.42364838313562 34.55123919034103 34.70656548361115 7.548858211799891 2.6385862998987437 
-4.066425021248993 9.465038505144285 -2.900134243134217 -7.760774513956316 -0.23189180268406545 16.484102389592262 15.23082990268959 16.326773476237115 20.46257228008863 -0.8300445465107216 -6.7468812822285384 
-12.641825438229239 -5.1746966870185 -12.696589361907481 -20.208506789134063 -26.83176574372343 -17.650076286250645 -14.146070362680769 1.480665213820088 10.412747940430439 3.6640827727451155 7.152698036046168 
-5.09286086509798 1.6242875778855288 8.87402429065212 5.572077005078805 -16.43075466832499 -34.83582493864428 -21.087805392289734 -14.069661218242295 -1.190262060118156 -2.0433613205114236 0.700533127212299 
-0.26725453407533617 7.278659701672716 16.711225659375774 20.244666568144382 13.414092204415867 -1.126039206276011 -2.4934508984427866 1.4145229783468856 -1.2607285446430467 3.241507415477267 0.5599113754437155 
1.810100567557495 1.6093247085823563 1.6791971312905227 1.6942208744415193 3.2815651873712195 16.753658168223126 21.814790701212367 15.555557297434778 4.982559400241224 11.232222017099293 6.957598721738844 
-4.561726576528862 -2.12039906983179 -8.020852581901554 -10.997491692127038 -14.228483948304365 -0.12966109462610848 2.4175972884764456 2.7535810093350035 -2.957270207192259 3.6891976642802238 -1.2085463196851447 
-10.921745891665502 -2.091558225350952 -2.6452826125516222 -8.226979715022772 -19.212333959775687 -28.12927472562626 -21.888711466591356 -18.99427429652105 -10.479820791478204 2.860219576625159 4.669069036235939 
