-239.0159260905494 -268.43063694881124 -337.2598467477783 -354.8634089444193 -364.06257488219893 -274.64343182027267 -114.31877338127556 -84.60862153697369 -115.28224293381882 -140.80714773485968 -195.89960803462816 
45.47881293263168 33.971976696760024 26.608912950763525 33.234381203715756 37.159057075998064 40.76923564853408 -16.436044903539116 -49.19032798671576 -78.47803522456316 -48.39210115398683 17.877403369715022 
-4.688515977079154 6.265205319884726 12.676083008549352 13.58719962749829 11.425675065027448 4.366745745735141 -0.043769554481673634 -5.346045308920665 -14.61348104841859 -9.11296798407642 6.8765502038428 
54.51580721532011 42.72330612813338 13.075186578176009 8.714353920877674 11.416806213683003 -9.128360265125629 -19.102088155428337 -15.483008970469864 2.683932071220833 38.24178548788358 53.874085514793535 
1.592294301133888 2.9459628487529104 -2.190722392724459 -0.3792087049671605 3.3292742888273335 13.45715026384342 28.41727214764377 26.474848086429557 -0.6069874859483189 -12.153455398761967 -8.045362681117282 
-13.762111224635701 -6.312606180181663 2.342341377596468 2.6223007226164645 -1.2644579371774656 14.126516511336854 16.968968402977495 11.629752380832537 -8.035584104122272 -8.822837945026608 -0.426981205094373 
-12.421527253402164 -14.429622769304437 -16.02489399037263 -20.137472510162425 -12.030194846048328 -6.099468695004728 -14.008456538988899 -18.588011258748587 -26.965960659979864 -22.480411466718927 -11.810463711804392 
11.454446714445012 6.799360618587864 -4.631862857934448 0.5996520220180179 -2.0510979039417827 -5.287106672950425 -2.2979909322309573 1.9506121572265118 7.064383541380892 2.906470854746443 -4.743820313620871 
10.782549241118009 5.21975397043887 -3.704914914016734 -5.525361917054885 -4.351118404020653 -11.356408320943451 -11.367841905057487 -12.118260907216264 -8.711023017600196 -0.3202450102443024 9.07417655219674 
-5.507209712861928 -5.936872310126748 -3.31295984049071 -4.522305850715625 -3.0468092223027403 5.6921434649860725 -0.5116698968759814 -5.70012545773519 -25.384260362451208 -31.89012624559419 -20.60534998308865 
-13.738688842774865 -10.887097022853979 -8.594023847000745 -2.900178130860276 -9.605788702632777 2.1886281867019877 -0.35875909963411035 -1.769090170186306 -11.748434582089306 -5.373253157812612 -0.6525596816335757 
-6.503997217103746 -8.481447115679526 -14.728320337047563 -17.436986440453037 -9.96985607806758 -0.9059684484604662 11.023306210713017 11.56974062934136 -11.476704448082721 -24.498266440299467 -20.152746281429266 
-4.2986482610273455 -7.2637237556994325 -11.643728282025215 -5.7294185639592214 -3.8490552193259724 -1.8496559188735404 15.35220391436843 21.14835362703785 9.638107613909225 -10.545225458551815 -17.59501567084769 
3.5897234932635183 -2.189803848074329 -10.330052488342478 -11.710359775461797 -10.663343781687566 -0.4529749189178307 1.530348477473582 5.903748867585088 24.584279862382044 12.858368865884376 -0.4121453570834076 
3.8105062858944496 0.6904566841427404 -8.35567584755499 -11.584329659754392 -11.536551746869552 -7.439892016157044 -2.903606088676317 1.6934020331207684 24.642407027893498 33.44036296830167 15.92290498149946 
3.151198979080289 2.5024762068578297 -8.421628542839125 -12.891088644053205 -12.649438762154208 -16.47224867977947 -16.839551567521717 -16.471480660758274 -5.50581727281217 13.907563781552877 5.790926002042287 
9.891939339637691 7.089414484046684 -0.07798489082425342 -2.1407141854291676 -5.500875086059262 -0.5456210967776092 -0.25797528959279836 -3.5322502482236517 -13.099941266937176 -2.428716346232966 14.372781411664079 
2.9659380832023916 4.154526988702204 1.5319356164164364 2.972435662741148 2.0273482618807463 5.7280455810597815 4.512327462668608 2.653564898877632 -13.18357653276044 -27.422684135916494 -11.287968177376555 
0.21995238516298432 -3.8696497694803997 -7.334141798628826 -6.85211816318857 -4.766821408506997 0.6347257182244086 4.765087358677274 5.86863449098852 0.3265352186822731 -13.235939802553979 -10.823068490338763 
-3.533824914034617 -3.678768417107438 -5.614829757057893 -4.271258949898032 -9.029674289533894 -11.479054099207056 -9.43342886661342 -9.627263986648025 -8.78203210559606 3.4134569926268554 -8.153455435790498 
