-418.18526258393774 -246.47898655039606 -183.9773533812365 -188.67712524853837 -203.07365091361254 -277.22535158541456 -396.7957102371873 -540.945109757661 -564.7844977252796 -563.4981875048529 -561.091490977405 
121.22821025802892 87.08363565901183 43.76303946361842 2.5042410180772876 38.40305105487062 92.73518959228468 126.14161593759927 125.95544591062993 110.74795202382612 110.28986230277587 116.99268686164429 
9.49579544606306 -9.302050776928043 -18.841677946828085 -29.43134949641626 -44.75321012195947 -50.20664222752192 -3.752712929845149 48.0062221238952 47.15833185392417 45.711387899739144 51.82023564931423 
-36.42977729352664 -61.29837524018481 -41.32040612404781 -1.4133793196905484 5.553633604649207 8.52129003639729 10.07282334744599 22.822046881931826 25.470679409879615 24.253536582877764 27.830402896235608 
29.278528219573943 55.30581504810257 50.06255347533837 33.545885645685686 3.064101684872077 8.004813292960415 9.011221474701196 14.791471297227655 15.742960876472427 12.833776390183196 14.446450419604876 
38.6331194331306 18.36860002484495 12.741965972674345 16.67167055860969 17.111673476574182 12.73574679714881 15.182062376299953 20.142583521924763 21.148043582639865 18.878911602797295 18.571951926117666 
-20.01355165944826 -48.785699240185416 -51.78295940502397 -40.34430664691109 -24.137474276147756 -3.4873786975880385 7.141714804991551 14.705030963409886 11.452193934568179 15.26843060508889 14.926773884260548 
14.522395574020415 23.738510409177103 26.549413532603573 34.925766255988016 37.80379880629425 24.429340235814344 26.759119485895532 14.194748145700977 9.016598403015823 12.501595680144701 16.759916590627572 
-13.944399785913163 -14.63654720581044 -12.43123898276727 -3.2505943508486324 -3.0214999761704426 6.86480891565758 6.972652168980909 -1.9926696259846248 9.971423064132477 9.559726912849902 12.562446784829437 
16.92825586553286 10.286920624417654 4.997057870723772 -4.612421230696247 -18.796514740638706 -18.236122231199218 -13.974157837087532 -0.5904599809325715 9.02030892033061 6.84998721654426 1.930177762017165 
8.536564509205826 4.338374668635469 3.120457202993429 4.832243833565745 0.7065959189077795 -3.5312004086463524 -7.96839656221855 2.21185938445016 8.060635543801341 6.326691434017622 3.018327966998169 
8.860379152999005 2.695039273037897 4.126716846155715 12.039942593592892 16.009974506905255 14.936787319689692 4.78563919501061 1.1713001325540278 7.782502170159098 7.588359115613632 11.554934191563824 
2.686914700513552 -6.123254659964649 -9.04370465529824 -9.440235556966265 -1.603131283724285 2.3866607727530225 5.129110907397401 0.9075916287411624 6.676897360145959 8.725422482053295 8.964748843942441 
7.789977245459162 5.065388255365688 2.488354037220023 3.5656875281062783 5.027556950797276 7.654004261182214 9.044476190368172 4.832323973561579 5.44964676182612 4.124280426670062 4.940252523368106 
6.9850014115347925 -1.5520569668620603 -1.2629507143876504 -4.606819400290329 -13.798901189827724 -11.270138944223984 -6.069004572809858 -2.4240120350041634 7.4499588083553 3.974961387156037 -1.3684556845128726 
0.16813370440962072 -5.063136021868019 -7.922003171089161 -9.374517774877367 -13.33385212737492 -11.978279144487527 -8.103501605786278 3.3495187089187928 8.450903062231005 1.3451025827628964 -1.4615957349648678 
-1.9542938685701539 -6.821372328648071 -9.492822984940029 -8.699576380141732 -5.206381324964027 -4.482688955203737 -6.347552815500543 3.880523127672669 3.7387727258511414 -1.502898786908765 -0.8393530419912172 
-6.220213101521493 -8.37257552498841 -5.46093007333696 -7.892181285110406 3.531053243963753 11.625142888517598 14.710712015463683 12.34294939636214 7.568538092693306 4.109302845155491 -1.936439720605627 
0.413942611485545 1.982357052744008 -1.2438830622683594 -14.301415277961645 -23.678334953174737 -24.0117011455416 -15.56670255529677 2.8184163576279966 1.2516075027735087 -3.5366683315734795 -7.382811952294725 
5.2596404911729335 11.97084844480732 19.374539931780948 22.734737777995228 5.159262005500885 -4.813900678443969 -5.874631853571721 0.16747618210645976 -1.2248129446188198 -3.804025003662304 -4.420204443742287 
