-521.4889592896583 -387.59043551615 -136.77761076106106 -61.209539480413994 -71.23526740725568 -109.69217533712441 -173.358784026289 -261.3331482655928 -326.7324046655543 -360.90310431005753 -374.2532736552476 
51.4624791399298 57.71007807736814 34.87256821342386 28.25123511048308 33.35445632463332 58.481932789079075 97.92365656373832 108.64796692121308 68.76512776872349 48.00472939727743 37.58167649101114 
-7.897048705002115 -36.6450557403671 -37.94193239307475 -43.95323381527696 -45.5578064887315 -52.41517412176192 -48.78353415164574 -11.013826781772948 -3.275208063121247 -9.551006093181593 -5.662589874403752 
26.73354989713564 -42.64631261324564 -51.88961111247923 -41.78717770130382 -21.270886191151284 -4.633958113266494 -4.056465320634146 -7.788428990032695 16.29458396221359 28.87153062543109 23.414923355275906 
-14.301914049329024 20.89072378683873 41.26124204388375 29.903255699222683 11.46129069591419 -2.24256919182196 -4.285152922128823 -19.796823050944806 -21.384584580071536 -20.757356827980466 -27.099065666205398 
-14.161911288541322 -1.7262281359366909 -0.32638170266093713 -6.1228109624906795 -11.527756983953086 -8.260410162322943 -16.552842368449227 -16.6270054337545 -14.3837720399663 -8.67607367489139 -5.132886974513346 
-15.934661661060254 -38.02376048290847 -59.42158112105071 -54.54657990883314 -47.63804601266883 -38.603734448958846 -31.764599387057377 -27.082183982758494 -16.816406986528968 -4.719117215451221 -5.231440739125632 
-8.667661040840658 -9.554390384489505 13.126190059194352 17.700650181640846 17.261082137245303 10.96230106999665 -5.37033090337298 -4.320216539006831 -4.688483672394604 -4.110135575388225 -11.443169359023077 
-14.277024678619297 -2.8808605308800646 1.9116918763100854 4.405370967082513 11.601651494645962 21.03427366351758 23.686329805514976 4.767306107410583 -5.794004249134797 -9.185687726007806 -7.660245808476206 
-11.378632766704808 5.953696575263823 -15.287000227481073 -25.435190911168192 -30.71394908981948 -31.201569554366007 -19.768874756624022 -6.801121943334407 -6.054154020314684 -7.922253306214099 -8.213805125543065 
-2.979890267876568 -8.18088804984405 1.8535322257654716 0.5558191831217583 -0.31360620606327205 -6.492538637007586 -17.411777668089215 -11.087031945256287 -2.838913373000545 -6.289354599516775 -3.490327382238884 
-6.1003536517415515 -17.157094361820608 -11.973611910929895 -8.671874824305936 -4.449407964157492 6.087965657860785 14.389985298521593 7.79365488879377 0.52382414273592 -1.5660512541398608 -1.8212074513508836 
-9.383638196474408 1.1201298926843064 -9.531096963774294 -10.829691715040871 -11.759650279153455 -11.701099739755836 -12.771934332626914 -9.875821877462618 -17.509797781039186 -10.169826610509727 -19.030261411876708 
-6.503469096138759 -14.915807247658021 -15.392556117144588 -8.22778990091576 -4.079818824935851 -5.5433597328172795 -13.81468168169268 -16.238965421167705 -11.972454350212486 -17.738118625941354 -15.340782724315634 
3.2529586281822764 -9.754799686913586 -12.221860843827631 -8.86404762849242 -9.427806167910198 -7.162362622452515 -14.12734996684855 -17.04442068184035 -9.40618807162141 -10.8623605619666 -0.7417085762582059 
1.5771739711891235 -7.837268420718027 -1.8516537137596543 -3.762572446626433 -6.729215196533563 -5.5898922689298525 -1.2897314236214268 3.7719163734906496 2.7373274517784236 -1.5876084300633089 8.267993074055905 
-5.611828375650752 -0.4012481898091569 -5.071989965358567 -11.172181618003513 -17.006176335983046 -14.811265015287809 -9.916469418629164 -11.879643567295352 -11.993259730199604 -5.062924604805607 -10.305231239668009 
7.447655036279198 26.912278229767487 28.638646027674653 19.344261747466618 2.332764462805035 -6.199583499425731 -4.262251279648635 3.3803325188151447 1.5177262232985738 -3.116357170478163 -6.057790249524658 
3.3731772260306285 12.216678365435087 26.764693506049642 26.336777641852933 18.952075635093916 8.674154535453209 7.181852385204164 2.503976627825189 0.5637269882601013 -5.42347168940902 -8.20394546377835 
-8.491461744305703 17.057994882575933 27.426186603195227 30.592742832941852 26.625396625482132 4.40860837024486 -4.271629317553089 -6.062696708914229 -9.654758510653533 -9.27467445441377 -11.788925244251502 
