-617.1866350829176 -623.6212653899922 -644.1344067537809 -333.25319049617576 -136.78697794245338 -73.9878709054246 -104.11217923251463 -209.85515419858498 -329.7885127923685 -532.348289186155 -647.8379980795204 
19.323742172361662 22.762496275816282 35.52854369789882 -32.3198957146884 -52.00377195838257 -64.66721508354533 -82.73064989449752 -80.21191088623594 -22.967527595003297 30.03701641170099 47.78898615505261 
-11.155228733562076 1.999151473892868 8.252471395400045 -59.32210897254801 -39.171654410048184 -23.87844826416407 -11.318168315827958 -10.86912493130319 -10.585313098161897 -3.132941384020575 -0.6328753415559946 
22.894347631527232 20.65454179339484 15.543316558148561 -22.409014041763385 -6.85020184349515 10.27864587182923 30.504637337375165 17.75473616260355 -15.279500655771855 -11.026940817565944 12.832356885736996 
-2.9894224220385945 2.682579414121157 3.20897516830755 15.894435380809698 12.291892679919806 2.7540551666982847 -13.476429140650044 -40.62136717090885 -29.52981793973918 -12.546413000170347 6.098367780010211 
6.462194382755827 8.72916787046758 6.004154552575491 -27.394259038779772 -26.27909872008324 -19.866281457249798 -9.316864320721272 1.6176292570570188 0.23032994634302723 -4.3739654658557106 3.0492520186252965 
7.433674386239328 2.5905017542711746 -1.666323952991291 4.1236363501925295 2.1649408618313473 -3.4181373291941455 -5.954712339039507 -2.777171808624914 -3.274307599312036 5.764991200952189 -2.55229654773007 
-4.15721001098206 1.92843272815794 4.095937717697005 22.27296505014422 18.34794872265779 11.177986431750988 1.561514683532882 7.691492134645729 15.061512168603851 8.544328719078448 -1.8835746715000519 
-5.915108916370684 -3.284133361173281 -0.8537491900629565 19.154153006148718 18.827940661700673 6.479626237412974 -13.11287242350069 -13.378761618651303 -0.4698323454683911 0.4923859548525778 0.9977508892791151 
9.790867886321376 11.94861401848621 9.15546795632785 -4.227103005281198 4.390536961522321 20.116116084411438 26.65269664004176 18.50836944028689 13.86418308051203 13.137711827867857 0.7853660212116418 
-4.362137509070734 -2.7729901730056654 -0.26515487287165296 -20.502648023399342 -19.206124658112365 -4.8973739908937866 18.753897688335883 18.881431470949366 21.99858611865376 15.247978931689222 1.3218363682878982 
-1.0480690761748668 5.657336551544263 4.094055428467591 -7.617702539168972 -9.945551279194664 -5.974882696341331 9.868014388550417 16.388402428873857 15.459895085024362 6.756252005605132 3.64531263873613 
1.8788925819041975 2.0970596465558526 -1.4010199296874564 2.536984894660866 -2.2225368950713027 -5.243790905493449 -6.8387560663570355 -0.1900884499530458 -4.647347852655342 -4.726308561489297 6.268727109469557 
-2.157520813507509 -2.927016435116235 0.5280474567401994 5.335711211388155 6.803450385406018 -4.298740181520993 -23.060438392739385 -33.894965232119446 -30.534652054575417 -15.582545378214794 -3.15371101868163 
-2.5216579029729234 -3.3267542744513534 2.903701543732504 -0.6876478560463571 0.06653547302725227 0.8658007305413384 -4.022210461463239 -19.657586287989616 -20.630026369337738 -7.73768638427474 -8.6248877236874 
0.6074774654855442 3.314688751489679 4.48545141518181 -1.5074997379138724 2.888009369426892 4.507845259705261 12.983410292412856 18.76763286608938 8.21651480496384 -7.525369359462767 -7.07921184112263 
-3.2175905556612823 -0.014642398192074246 1.6871140712561137 4.328082454104763 2.2363628270261815 -4.343653089827424 -10.866545154208488 -5.2116450917412465 -7.2527262955447105 -7.313537514226811 -1.7982403362546218 
-0.5316041134351204 -1.1942954191734925 0.7851667732962169 11.165454230565043 18.858664414304847 10.396846141146565 -2.6270522069404834 -15.283821718450373 -9.492586800516117 -2.6096089538951195 -0.6049844933201995 
-9.38604236557212 -7.983106662201033 -5.835043247704604 -5.695085115815383 9.48628146830349 14.636786155618456 14.295298871769205 -4.034627678679019 -6.435534024533717 5.030140727649423 -2.730390473729787 
0.7269778534744091 2.098836412561576 -2.781312819722071 -7.666681359169429 -7.329690279516724 2.706537716286677 19.992233735792492 35.55694262692052 27.762051913793574 6.100899225655281 -3.298187648682731 
