-328.71467000798566 -355.05287092769044 -398.55937089847646 -460.8484890525175 -325.2640488438174 -125.05961166746003 -79.12287739588913 -129.48107965083548 -190.65637763140435 0.0 0.0 
137.4911626821358 145.98202482462648 86.51653190790196 -6.078178323033539 25.177063637973397 -3.749566154581702 -26.211743837946702 -37.14096290697017 11.109140031330455 0.0 0.0 
30.768690137922285 27.47579319713339 32.579792170538106 -5.491268357720102 -21.595848153353156 -39.070321928482514 -51.07017177175056 -55.60801038104151 -42.65217404619568 0.0 0.0 
15.005008556715996 12.910344494323509 3.030273647982555 -4.084915061467687 -16.121868437658033 -10.513128766610723 -4.267701820461641 17.444056312757404 29.885391130714105 0.0 0.0 
-23.853568881048894 -28.753555035757984 -19.774876821826357 -7.821996665732598 8.874720243417826 6.564223392061799 -6.299077365510831 -5.7701830996623205 1.8639106932685818 0.0 0.0 
20.199102948703548 20.654459390958863 4.0891148751748 -0.07295672059513836 -4.5807581893032445 -9.855406665776197 -16.203886467587438 -15.09671328536809 -21.826139560963185 0.0 0.0 
7.691516105265459 -0.05600619816308591 -30.295107263535243 -30.527953015605856 -41.296655694766244 -42.01392047759802 -35.4544485508023 -18.87607610535346 -3.1476012720622086 0.0 0.0 
-11.982847862899968 -14.83623348039442 -2.6329581281598458 15.082204276159759 -8.680158666304086 -8.469139083955726 -12.323642602283929 -9.139574223469905 -29.86108072016627 0.0 0.0 
-4.1985266856017205 -3.1190564994193224 -13.121985320161194 -1.238962086221288 -18.387252887565214 -16.02072232780929 -12.380356928523664 3.0228406390586815 4.140038986505737 0.0 0.0 
-23.099416651852923 -27.389269420646002 -35.175544624244644 -9.582121151301923 -2.3683890220247283 -15.057038845261161 -20.984831776465384 -10.344893526230049 13.739297164051244 0.0 0.0 
-13.295045691341322 -16.52502954853844 -18.199441651279127 -2.6889503812464994 -2.2994646092416735 -3.6136061912541213 -5.869986835336011 -0.23373382123068254 -1.4610086117593353 0.0 0.0 
3.203448033991603 0.6237317950228374 -21.73147181224299 -25.68104395055373 -8.38696726497494 -7.129784664438088 -6.47246824763096 0.2471339018225325 6.048358766842461 0.0 0.0 
-18.99688792584061 -18.674249448841607 -12.200553126015318 -10.26621498686067 8.909242322643188 5.651412850974193 1.6995113470946581 4.072121934569392 -2.7795369789442903 0.0 0.0 
3.97984998494461 1.2284632221497174 -9.066619868740393 -12.333636209307837 -10.113357134154564 -15.657270379061373 -18.568402560843126 -16.014011982213912 -13.413237162705961 0.0 0.0 
2.125112821257537 0.6937177562489767 -10.511811276860698 -11.053436593096414 -12.934418673961103 -8.555793754133617 -8.936054950704966 -6.481279117197209 -11.678168395843759 0.0 0.0 
-9.460301566840918 -11.366242280774046 -17.21129516648199 -9.120406315454694 -13.499639117376667 -14.531932002306737 -12.19735059033378 -3.3915090085095203 6.009564808474236 0.0 0.0 
0.3554410600904672 1.1433392449809543 -2.092513612332706 -2.2501828815846676 -7.111011672316291 -13.216593270972332 -15.914698240739506 -11.636346817175639 -0.3898018204466472 0.0 0.0 
-3.624377058895127 -5.029575309309257 -6.739155154872247 -0.5350681052353874 2.650610930366109 -0.6825162771034957 -7.294086856098122 -10.965624242312074 -4.412028429556573 0.0 0.0 
-4.281280408093474 -8.708289726796531 -18.644476310448695 -15.205210195540761 10.916203652321055 12.336182768548795 6.517925346320078 -1.9328819978079137 -2.9471406430516582 0.0 0.0 
2.2600549196152517 1.2652321476225716 -6.38430579584915 -6.884194503537878 15.31810511104706 18.834915981318517 14.307605620860695 3.9092084932312883 -14.37837583059811 0.0 0.0 
