-362.62963294587314 -391.2399399375603 -426.64549982780204 -420.80584717759615 -387.20300069027485 -143.72175547035172 -38.43331130458017 -43.067027397481624 -103.24324833413777 -156.93191086900654 -247.4753485246084 
70.03962785196464 75.07098362241771 71.86556470026699 62.99353755280452 96.13599193813366 35.97641075367685 -3.398106876450254 -21.34959663362003 -0.38123870052418896 65.7047170817226 121.18152821150781 
-5.400105343589273 -3.4646025923732866 12.42338078951244 17.89423164274346 -0.5397191719017082 -72.158615699574 -78.18852534425707 -76.2738602331141 -76.07566638227476 -66.3118974406823 -16.09705385848142 
13.91256918681492 15.44067951892022 13.784690547262919 8.114940555033886 -20.454989065933262 -27.813067092859797 -12.032522797562116 8.073278120005892 24.12694264010703 11.793117009127108 -17.878307000572384 
-7.538808352645535 -2.713954375257176 2.1377572743367317 0.972787483785159 -27.241563963070828 -8.860230421060571 -19.53246145875312 -27.18313113317629 -35.64727881772279 -34.53347395737072 -22.838626876526497 
8.723097717165128 11.206148900814398 11.081746073763474 4.956584152271176 -9.506681387139404 -18.855522236929243 -15.809789121181808 -16.719201483742964 -18.899768076711755 -19.803983509906985 -12.586177256113487 
6.913943649545523 7.232500769052512 14.567718454345737 17.862598602552783 7.234414506331854 -16.30491254763424 -14.762504583482693 -11.895444282797339 -4.9052849641951095 -5.609425419529151 -11.850415128247842 
1.176539162148784 -1.6483778463695724 -5.046602966777096 -2.8460826650711066 7.351030910482642 12.907601719074245 3.5377361215780274 -11.879573067932764 -22.081743121221507 -14.204401032972928 -13.381835074744387 
-14.685680465196562 -14.146366369849275 -15.571680522451782 -13.971914583772515 16.161462440619317 28.55935344474805 22.039795157015845 8.36691844805214 -1.2114023624179215 -0.9044165611301811 -0.684561978935358 
-15.725162527200208 -14.73651516945901 -10.647113127956871 -10.016916081851662 12.398378742242283 16.47160100694849 15.154730656930475 10.45677381037285 -0.38543171776744 6.814116508333024 -1.033790100327237 
15.95734809997018 9.845112642753017 -1.1779921242422497 1.6149850967133852 7.002070100859517 20.051729736443043 26.594175153914797 37.15536718660473 38.58944373631612 33.75030617287177 34.34766847087768 
3.4316375689498413 -0.9611292581970189 -15.654617750930377 -8.307671113549981 -13.921323478121021 -14.462640015524757 -9.799518556347998 6.643698108115347 17.834561674399282 17.221968445589468 9.851185761163862 
-15.593984090925101 -11.973030148821895 -10.15969435861153 -5.102937442876678 -12.500140508243359 -9.898929691889398 -12.853628757241028 -9.576343770363053 -3.427364956346647 -17.655241499434112 -14.775198472815596 
-5.670691879627606 -5.555572993815563 -7.36753743308343 -4.849011228644895 -11.282369227824823 -18.411065715635985 -27.500050054317974 -37.24914970970056 -31.661911598581515 -27.531117071278864 -25.627650826641553 
-23.008254160322494 -19.28733130644838 -10.32420802511503 -6.183396458900539 -5.674573327274002 16.341817241837077 7.586277996258166 -3.996332697921316 -16.627696530486027 -30.48282643483697 -30.697312175007525 
-12.078626108387853 -11.857060882017176 -3.949853100699352 1.6558024035460168 -0.47341388367400195 -2.129498760521644 1.2447835675391279 0.09708430466094231 -3.167932097342812 -2.078006921732858 -6.169389378187098 
1.657350831700032 0.3014769405714719 -6.135302390272782 -10.139382040461197 -2.224621594111836 5.275604071944187 3.4746810030684165 2.538101084397711 9.670014293033459 -3.077252780596073 -7.546295260933019 
-13.77383474455984 -9.674534257470333 -4.445912058426753 -9.357400439956159 3.9452511241644723 -10.133051784850968 -18.83094030955714 -27.085882960555054 -12.657757873892457 -6.246294527199262 -12.790213546962494 
-6.8366762550199285 -4.271716673172819 -2.0399624402782073 -11.17834807201432 -6.390241154761149 9.2732166898545 3.768263640694659 -8.54484393829393 -8.092819110370527 2.7298205221360012 -1.2486877665845602 
-5.851155695125639 -2.5188742787400655 6.419925859724944 3.767486625792351 -1.5536668143725307 14.914505257424976 25.34616261612957 24.81714169625692 12.624060076492034 18.914463251368986 19.651638780055865 
