-489.6496357908259 -305.67884039304005 -199.17747077931878 -156.57535015679582 -163.7223697423921 -207.46395930629632 -281.939348710472 -399.61591315724735 -494.04753739422665 -548.8989448932075 -557.2158958892821 
129.87443877734984 72.55990534046134 26.6278876046955 18.62345727413895 29.93922575313976 46.637697213513896 68.91290739586768 83.95786640949618 60.15393973520658 29.1683806913205 27.830304151322558 
28.79281555717379 -40.01831154398746 -62.29259116881815 -74.31711458854178 -74.02125232111479 -71.69140106123484 -55.410870799599834 -9.329265315364772 17.805051472019002 -0.6422983318764822 4.016435259677122 
-25.512850556625217 -8.209129489055773 2.5773620674931492 9.769812268342704 22.631565850075425 24.973035729731063 6.206142672040691 -19.66484518550338 -17.781011932040702 -2.646560454861774 4.076813068859922 
-35.739957870867514 -10.224661222125274 -12.50242283630028 -24.019859234403853 -40.60718881090595 -48.11270128336504 -42.75601122987011 -39.00949538586576 -37.84182135183216 -11.73639017369419 -5.339429252941885 
-31.35793539086925 -14.005032218220826 -11.60804328151964 -10.667567257648784 -10.083161572591717 -11.070723591358433 -10.772595551053048 -10.704002667760015 -14.041169126617099 -6.936556389624154 -11.076833102401498 
-16.61645622126101 -43.96057234940858 -39.611802571385326 -37.61097616169985 -35.05979709619056 -24.047998783311094 -22.612990856374132 -29.348142438845763 -29.83728375439099 -9.998311469588062 -11.51179555843397 
-8.896792427769284 5.414772368746169 7.202562751014905 10.122374855973117 4.0459610577056955 -3.780163110419695 1.130726207599094 0.4657825531509859 -3.472375748522845 -3.9786816704155354 -9.441687958071359 
-10.18794674289733 -21.60984250967652 -25.601765891596997 -25.595010761038644 -16.111679251560343 -8.938810654875608 -12.002887509337139 -14.713043663002406 -14.985384467574441 -15.034772562464621 -16.343766568847904 
-3.8555599915251046 0.186826418693891 -1.5394494111899493 -12.236619082630186 -13.572491715204565 -7.57362953756682 -2.126492434597637 -1.7222404786666288 10.502830410895847 5.516227964832771 -0.8833644339567214 
16.755011303800437 17.627071225539304 13.864598131427915 -0.899313465469285 -11.441191432786383 -9.833219534451187 0.3714642478364075 10.175199441142091 7.839106990205158 1.0176383139057483 0.4446450584266113 
24.624561958944156 24.3608273287364 29.14793205959156 22.982470116350527 11.32053147371795 6.140726218578381 0.13671968314435387 -4.529047246410258 -5.900388351472863 -2.5075840895732227 2.1734277271651488 
14.853677290174872 33.63653232256286 30.349614651888842 27.184379274973317 3.8488951165885554 0.4197774890611654 11.373834330671732 10.055012899183666 2.7643032875318916 -0.7502038583521601 -7.942706032938835 
-6.263535098436382 -21.711067528731476 -20.386585846509902 2.720300308655004 -2.573342375941267 -16.97405707736352 -14.172366542035988 -11.87645665697142 -14.242395695270096 -5.659812082454341 0.7536324011428801 
-17.29526929272334 -22.166462355284338 -21.50809748271557 -3.464285295380077 4.1704854264834275 -0.7048327443808962 -3.8910860481409664 -6.6072302194352 6.453174747219549 3.6183339644273094 6.090696831875392 
-12.938731672937326 -20.870823284921435 -19.862409961581058 -6.979876121329292 6.908701390773272 1.0306227440804152 -2.534445550576784 -1.294765022422762 -4.430664429009862 -5.554611924145982 0.5493653402870359 
0.7274494051679173 20.275907599747775 7.751451774540861 -4.987002673425879 -0.4285606177394029 16.60386629814292 15.736135371414697 10.656148751523492 0.20791412074061877 -1.8722840253304507 -3.2753383453012157 
-3.0236092354220507 -5.012947320560703 2.728737272149338 -0.7912852956873099 -2.2309348492545835 -7.713388801127944 -7.260458574139862 0.20015236340401227 7.226127378145829 5.337433591085233 5.94632153037953 
-3.6388543851801236 -13.235015109951746 -11.899333879921466 -8.294275108408357 -2.4693779235060584 3.513258737263775 5.017236471808739 -1.3376647158777677 -0.5979438867518417 -8.990450643887765 -3.9531272000501567 
-1.5910793671547152 -16.47299927618994 -13.745688247938784 -6.847893723148552 5.524064522634593 -0.7409008751009278 -5.273839853555368 6.686338155868385 5.485886144766015 -3.491340154641295 -4.44400712752434 
