-491.98730471336233 -484.50703078665526 -454.591075083401 -362.3316596883322 -225.3856721998867 -173.53878371575692 -182.46653790226776 -239.2610577152922 -370.30790976238785 -474.1981691821224 -493.76884500868647 
53.82097087169879 55.2726528264746 25.18021318191208 12.841572881452201 -32.5143246931228 -84.67131086570473 -99.82935503170953 -54.56511927164418 12.420787218357969 50.09104320957425 72.96866895569823 
21.799181513980976 21.89377913243038 27.417073071675567 2.729178051029981 -17.099793502799077 -32.1049964012217 -43.46154502293703 -45.17624447061501 -29.090036720163905 6.825410852158917 19.57440656656688 
4.44861264192347 2.82947396980758 5.139966141169765 -5.726635633169456 -21.421073708896678 -2.6790332111247097 22.75453309993209 49.04016862212349 46.90716812312917 16.80547983031527 2.8956429835435773 
-7.877218541751386 -6.245613312924421 -2.419877550628066 7.836460427796274 22.197020506656607 11.966128246803741 3.7448714704857826 1.8344118939887026 -5.612608328502217 -2.4251195987549146 1.8607924730760423 
-1.692149428830494 -5.432919002421402 -6.39480795122188 7.8449967787740675 -3.937687086075816 -10.132639810993368 -15.5601612572483 -13.109316495174848 -7.078118166347586 -0.05292850198636793 2.3946190681049844 
-6.437319993790421 -6.95813993113198 -9.91721104727771 -19.994913743329832 -34.776277024813794 -35.06538857818224 -29.59206283565071 -22.9223765207904 -11.78349965530881 -8.8136771341526 -2.043883898077339 
-9.910067325034984 -7.783640022212342 -5.727814031265735 -9.159804551046932 -4.254828552957632 -6.778926157592869 -8.1684572865218 -14.50258970379343 -18.206719633932817 -13.6959218523014 -8.602476671931969 
1.1061374083493747 -3.325943355857455 -6.893782230777521 -6.279374804988828 -0.14329345595900678 4.379416434460408 8.949836506343695 15.531752908373905 5.5043631694426045 -12.540186351825849 -8.61926197518315 
-10.836536683831184 -10.384690223643421 -10.964028095137145 5.0517303387601125 1.088644779313669 -6.1341030638657355 -14.824472873921565 -7.839494795113184 3.558306816521986 -4.570581785126846 1.1234880893067347 
-6.4777110090942145 -3.3053114857838426 -4.866838100654517 -5.514586493737351 -1.770930710666328 -2.2446074118803194 -10.936628417501913 -8.878831927781082 -9.75036663319789 -6.74877866737283 -2.538329901330183 
-1.9569047672893376 -2.501253595460574 -5.010033845383946 -12.911227255582524 -18.16482890028913 -20.118067107183606 -19.47285373913821 -15.214863369996054 -12.959335441357918 -12.027731756597554 -8.904382337422103 
-3.1601886722715182 -0.03472216955949005 11.732086844357532 6.517264612195948 7.662124902716626 7.430175181976793 7.847090713606971 6.294985134954321 -1.2010614091821679 -0.657897342754275 -7.016231688946533 
-7.115099291400329 -1.6564856575100078 -16.051713609370047 -18.29713414126823 -16.033347269812104 -12.349199007593349 -16.594767001224408 -18.701025411371027 -11.620667420300958 -8.472675976678392 -6.997731013880415 
-4.69753771041766 -3.134442570955027 0.8599532344046226 6.394339274083009 22.558557477773537 27.070828555597892 14.257246237576464 1.018494673082043 -3.912199217636483 -0.1285510011923232 0.3132722566388557 
-1.351493067402351 -3.026544065534361 -1.6835005299877315 -2.8553229667546107 11.041369366179959 20.907642097932683 17.076185358043208 6.207206140126416 0.9387535863870518 0.566598567924103 -1.0944532094988468 
2.223563238463028 0.9545939809725241 -7.464689741704279 -6.827043850916196 -2.727612644729415 1.9759515863072932 3.4734119417991196 -4.0168886615346935 -6.933406647418934 -6.184621997752057 1.4204319772808027 
2.0604069589848866 -1.0897230167674907 4.388085585540891 -0.15713954806605374 -2.266566015339678 1.5105943854595656 8.158409859406143 5.234062878549469 0.5927938291350162 0.9370664763773255 0.8591852390901128 
0.1821184718095767 -0.5254996167437828 -7.617483956588753 -13.947741431919049 -16.59817013108654 -13.650286319767208 -8.828402087424191 -3.0957258331992428 -3.025372918102576 -1.170829824999438 -2.521124116344618 
-6.509621239739009 -8.650243073506868 -1.7716225797279002 -2.030799969406144 -9.025238889033446 -7.205146832438158 -11.042171984586943 -6.044000980518018 -0.38999751259062554 2.2060631465008056 1.8482394102150734 
