-698.8345038660849 -699.2458889011112 -699.5264087872689 -699.4841289457936 -692.171650143198 -696.7800412719187 -421.2494907133381 -127.2025353515131 -53.50910898276356 -57.866521547799785 -109.72087454080626 
10.004099492795199 10.47462807996521 10.873562709054605 9.10433172979094 0.7022703025091332 2.61862150865889 14.550453737486304 -39.024269991167216 -42.95740279315554 -15.802085363608136 58.65565789232781 
-1.4930892200489323 -0.8128135070301328 1.2677474033677008 5.3074843925037145 8.193973493896946 -2.6053424541657466 -72.62690567443906 -52.23212273672783 -50.88020399269355 -64.87157945539646 -74.17775460057325 
-2.5528400279457166 -2.6527089905078 -2.6285965645270997 -1.426097129917779 -4.767196212712703 -3.9826579427404423 -22.776554981082878 -6.075899647049867 -6.487150661350751 -26.317734326587978 -15.088196291115196 
-6.208621466654881 -8.119028629365207 -9.035823288163465 -7.521282181823671 -9.55467095662562 -2.3889595687726275 -7.98879204726089 -23.402831941027767 -39.07076781203186 -67.92091698559199 -59.575271303252116 
-8.105283874817134 -9.210380430017915 -7.688020029006214 -5.066632466602467 2.3318586769286838 1.0716286903209307 -17.00822915363358 -7.907394675075099 -9.737616838820866 -20.162713415741493 -15.556200177500095 
-5.587497472539626 -3.614569180846914 -3.1031333495723934 -4.806305079236379 -6.617774449610609 -2.903412547091835 -24.5300024127617 -15.472153454270552 -21.759547419735934 -19.832629871182725 -11.660576044970796 
-1.2538940612992155 -0.8134641327471799 -0.8009601030729827 -1.4486302169487466 4.169398151359038 3.612122799042221 17.45917566729204 7.048521411529752 -0.04383876392104813 13.966130543204816 27.326589073880122 
-2.9830153723577637 -1.4818184671317454 -0.17308331658570852 -4.526297174404908 -10.011809607617943 -2.017361038354839 -18.134975665276198 -14.022051608232585 -7.234302624395042 19.500888494237188 34.739068413317675 
-3.8875716772233573 -0.15794523763419527 -2.003110842992978 -3.3301796614109547 -2.360695460018975 -1.2430598231904126 9.937854280760453 3.7543974449528896 10.94424087076479 24.29927733337239 18.72352051765386 
1.3713696552826553 0.7142962443401035 -5.17709031625178 -7.489182284866217 -8.611384497359007 -8.696636996989898 -0.17030921304191424 10.431642301895822 28.17608976765904 31.39506947742068 -3.3264390791606537 
4.030671260445539 0.7350780570354019 -3.9461457969505536 -4.320858605704654 -2.9564226525219857 -2.250628145029786 15.057385119700793 16.098724049316473 22.41635149635201 3.4599346984877917 -20.025051633580745 
5.515270225364919 4.710809803412313 2.1257991357427937 -0.23147509074127615 3.2549035856118236 3.8274788431496054 13.761223491516734 24.635385685056793 21.31017638634114 -2.484471749420902 -12.708400262178936 
4.249889074823679 3.2775036765846783 3.9446350625144575 2.0554962235286256 1.2174160559822027 0.8572661906480761 11.949574788054232 10.597347231488634 -0.010824192800231724 -10.877522045102674 2.9310701446351137 
0.22965137539594327 -1.0832820588770853 4.108890324213085 7.041641623867834 6.281052298206439 -2.999346823343144 -10.086686333818356 -5.737015434825854 -13.4211240786973 -4.949383179508797 -1.4596375864233009 
0.41375154890389565 0.5859416468339665 4.32082423036932 4.744173904698248 1.7644657695214365 -4.5608451768709415 -22.30043179840253 -24.155944672972776 -22.497093302667746 -6.31334679670926 3.233037213026626 
-0.8769139398556505 -1.951201830058292 -0.7667574184145763 3.131127516997628 2.2432874668720117 4.2543874320549895 -6.959625913631722 -7.083123211059468 -2.650600890088361 1.3875540254548175 -0.0711506727560054 
-3.705853872132513 -5.912711744490167 -2.2343772764491963 -0.507952038098181 -0.5959393004270525 1.85525850931721 -15.550238379284174 -3.753213220163854 1.3829103116271382 -5.40178166238439 -8.426985331763897 
-2.1485165291211823 -2.6532793191983997 -1.748158173499425 -0.7167874737702788 -1.7560166510669484 0.28215848865110793 -4.644968676226849 -6.356095235662387 -2.7065045924352726 -7.931617878393451 -4.3898839735608775 
-0.20537661040595512 1.7427693996537525 -0.8148311468716042 -1.3781073177116139 -0.5934621981601206 2.079401933267046 -10.267526429752245 -10.871083667827627 -4.438238212190818 -1.1073286578450718 12.820522057364608 
