-425.9153068765709 -409.5041874352498 -417.1341884086475 -361.2723294231806 -114.28841130807534 -31.95355276799893 -48.888693691356586 -103.32788266369447 -152.72466138888305 -243.60580912733425 -353.36452793961126 
-16.3144103538179 -23.159336480438206 38.79076266722815 162.08886616745522 64.87951976375254 35.091864828232936 20.507555459911252 41.98821470351867 92.09073967906309 136.5662500921655 135.95637187040188 
-10.838630652350467 -14.601752001560172 10.551774703822934 7.876334613834369 -36.00664798990256 -52.705612035181986 -64.4063154623149 -77.78724545300949 -74.40137793241442 -25.129233785303448 18.671470061209202 
-2.1850747339059606 -3.0420420704257713 -8.682537387910044 -28.629341094296365 -41.407046281559055 -20.738604880659622 5.884126895462382 15.103553101181426 -5.185249002188687 -32.54448267542472 -32.70220674434421 
5.176791303193371 13.409274686807986 -1.0841120300802514 -25.7352428577378 -14.205381481584297 -21.45713080584203 -20.690722493452867 -19.31294714419196 -19.981441694710483 -34.259404167065256 -39.593120790513765 
1.8752242677162962 4.6019974754691795 -12.045517890315132 -28.413566911347267 -2.445757566890332 0.33966576963210393 2.9601287056453875 -5.299745851135612 -19.318429257506736 -19.57667954490085 -15.766508453865814 
-13.767969270255563 -10.017517506056173 -20.279913433498415 -17.061614453438814 -51.205006683187975 -41.39367790697682 -24.088029903435135 -2.6721201026053483 4.195323641982055 2.033371694776153 -12.242021667433653 
20.658777519028263 23.003135590801648 8.784655746472463 -0.0507976111691919 2.291881917455089 -3.2320457205443263 -1.8763005141678373 -0.8262485178355654 -6.194019429596473 -17.767598711764535 -8.743702817544538 
-8.607583119282939 -5.760769323090081 -15.152191135234567 -12.434989521686148 -12.198851820152917 -8.93656440576476 -4.69613111116151 -8.199167609489692 -20.800468540315222 -11.260504857368161 -5.734792073981053 
-1.4770461732064226 3.2251875592311543 -4.989103485496717 -15.32046991997342 -10.863037635064245 -9.48130627668391 -3.799611642516454 7.370248402937698 3.6943159573213444 -17.44624971345801 -22.280857026804583 
-5.780275151950752 -6.019741357593647 -15.889882813371127 -10.373960403141616 -3.541414420852287 -6.079642859506069 -8.755404428945297 -13.68943604764516 -10.683753450982994 4.16671143571423 3.899599864532767 
8.329875574208383 13.120791011685075 7.981281606317225 1.0689474252235538 -10.781070262292321 -5.019913171898167 2.2053853086197437 2.650461572502559 -2.5210876989551823 -10.958883873506629 -6.235337367396353 
-6.780333727365145 -9.583713254371961 -10.408620108310624 -9.080318845843149 -2.8103444426829323 -8.101121248626125 -8.050358185626278 -14.143238923402123 -5.712466343570134 2.656103383097272 0.8771528425338453 
14.182574086662026 10.929393949579215 8.570620378108302 2.7381433178595227 0.3476220402018622 -2.561712958005508 -2.3006037395676615 -5.608213689987518 -3.3359153748565964 1.6604828502428006 -1.205247605826057 
-4.263649447678667 -2.691173038121634 1.6664892906392073 11.650342760053906 -15.775132667251041 -13.431716050586434 -8.50822559685318 -8.21692740564747 -6.263085445040064 -4.946249391841974 7.537279062391152 
8.63314616601675 2.4424317868354515 0.32790004569080966 5.2887018541092 1.6261592752253307 -1.8202907250170348 -6.029599630240973 -16.651708035041658 -5.487978092827438 11.468863173213764 10.108594665095639 
-5.654887857181409 -5.452872939465192 -3.1132121244993245 -5.529787924097365 0.01137852865107919 4.96623646508172 7.179999330955575 1.2930840029792523 0.6163872089469038 -3.875779293985006 -3.0452117013148654 
-1.9843316503857595 -2.423445883643248 -2.2538859573897803 -10.082734998470146 -0.38778080682202454 4.3029423883114575 6.283917226754594 -2.850101071981054 -0.0004552033774518627 2.4981643292889637 2.9265358601599205 
7.585074908469198 4.698244178593829 7.318071071487995 0.12785599858280644 18.16787503270129 23.510887661468317 30.279277046028252 29.72557117627649 14.019795459778786 11.870929828482495 0.986322746019956 
-4.932851493227257 -2.7110179120469535 2.4528594810012905 13.392626957793578 15.58656084374622 20.84490108779216 27.666294362790367 40.11973078982564 31.080207835680145 23.91147687246194 12.94871146417609 
