-248.82483670005985 -284.13204095057483 -322.9331368556718 -240.97816730070406 -63.66051058927518 15.988100476482565 23.538579826797616 -4.086060849021371 -63.109378527215675 -161.0024834963567 -245.80037498147252 
12.078978915322754 19.766225978752033 67.771461192786 98.18686438203885 27.765848426183 -5.524794418446782 -19.442510744590017 -26.731421566172777 -30.156314317511672 3.543548559353176 75.03523712461312 
16.025735547908553 8.637706888982105 -29.180858990934468 -56.337897231715665 -35.786143440249205 -23.621100593337466 -11.30358916446733 -6.894813191834536 -13.248206948247411 -30.263690170480604 -10.035604976608148 
-14.08023693905298 -12.445766393506416 -16.207925539007668 -56.40965418097716 -33.535266783660845 -4.424917998568114 4.911614504521731 4.753481089379505 18.588040761077053 26.87311867983324 15.3720664900915 
2.7255538444836795 -9.65910590599042 -51.38064758330605 -30.18659266312603 10.549523531494089 9.70644874451992 3.2702478881326305 -9.592189639419159 -25.97688126452025 -48.060398894833256 -42.64322329138815 
-20.07505568026488 -23.292045767607 -28.051681310416278 -26.692960690862648 -20.462692940860777 -21.680377555547885 -21.903246346472002 -12.210263296546675 -3.476525506034736 -6.792802436059864 -13.14868975174899 
-28.679763531577013 -24.463789369417547 -25.74147015864768 -13.146860301972968 -2.443640036063125 3.303506329468294 5.962644218391653 0.48478461015207724 -11.066429415481753 -21.16038789430124 -18.18501678743689 
-19.223668728980883 -22.782613063911384 -34.90786210645072 -26.13510069993199 -23.154403398666304 -19.29593714753516 -8.035820322573084 -10.483931799211692 -25.43754627423848 -30.636537177903968 -33.505110997742875 
-14.324490355287729 -14.959864221052563 -17.85500978514777 -15.521092079184013 4.887463135798805 6.475393222369511 2.978950591842155 -5.253806062104499 -9.732613459150421 -5.779053204640121 -0.07689963305211822 
15.114930330291896 13.490891185681123 6.690932381474706 4.125200065349034 7.882401208797827 7.582007099714952 6.84095925265232 11.266790433276018 14.575359060874584 13.746761186688243 2.8629763296430912 
-4.931934038122247 -6.822512130305842 0.4238964006532999 12.048370879982329 14.711615101601236 11.9371072202261 0.05988075010787641 0.25197492844394603 -3.2457943156799947 -9.967223144631916 -7.141313992929236 
9.264094358984819 10.896290799849396 6.470326299840653 21.8143998818115 23.669909045004133 17.168214496058905 11.874362817999915 21.781188491396634 25.191060346844402 10.545862660134214 -10.544716173554487 
0.33334152280534024 0.6626884796806004 -1.6930481157099253 3.937510608029297 -1.5547512452239325 -7.782937201637908 -9.622280804317391 -1.090705961893411 19.422131349967202 34.118009637732854 25.742812676074067 
-1.6206905242607044 -1.464695292790831 -10.2648378679864 -3.352821553677609 5.954168071488075 5.0624449925980315 7.927342365032969 3.1516384893887683 3.484477291207075 21.09543966065317 28.933943207088006 
5.200618675689555 4.595797070057685 0.3106584056323808 -9.859821616174525 -20.497215241987814 -20.03297262924665 -14.014473665565223 -15.659941892983163 -26.81633683336996 -23.69473128364554 -12.415178925333702 
7.69419898300692 4.382490476290507 -0.09375884545565566 1.0359191035576418 4.8060110163575915 3.275992182085499 -2.2920162416481653 -2.965486965287136 -8.774453716059043 -17.622426765247127 -16.771454750410577 
4.150861759820091 5.144495944927824 9.465337379557937 4.0430756290812795 -1.8426343184361786 -3.95933440004426 -1.4089903227235172 3.1710658540241803 12.328332275067515 12.269933009651925 2.698563781810416 
6.175087448560571 9.2146304099802 10.295390632691813 14.699124328696909 3.185935796050358 2.0873456926758394 4.754173619316577 -3.9176738728660707 0.09784691155291503 15.969378375618772 12.975001704665951 
-2.9765677313972856 -0.2722319154856731 -4.280780636894493 -6.6171441762009025 -10.644081153477416 -8.135739419782707 0.1250658981353251 -0.925762249092755 -5.822752414970388 6.00395014467634 15.801868616350387 
0.19547082943306077 3.8406084897260526 7.476502391963893 10.386233292487328 8.999004030955142 5.011477416275945 -1.9478808502965677 -4.678919147296635 -11.859598206225467 -15.797751711811298 -12.288429350385233 
