-457.8422935874795 -330.526223008225 -252.7547370304978 -80.1195951173357 -33.0906207119286 -74.167494355774 -153.93450922336893 -239.6701777582713 -339.98240959495934 -434.3068596444304 -493.0627318355308 
65.36552818022284 65.79427266458879 76.66553967522333 24.23318714801547 11.828296211884172 25.269249314136474 59.45231337552568 79.32975865913971 84.04725825269674 37.907818823167744 27.39402761864806 
-33.36514300614142 -32.77399821499975 -15.806182547185978 -61.88894006900232 -79.7677968258987 -91.36074262053216 -75.41848016896638 -38.8399836886271 -4.476680742108085 -12.367265437698347 -0.9879171036197556 
-16.08098021428358 -10.706193774245751 -44.66275990061078 -40.30779533078447 -25.41861624698865 -14.607710247336264 -18.696426022748923 -31.382838335888078 -35.72702595837117 -31.82290422563274 -18.68166498012704 
-8.503008647345963 -0.7906975766574674 -15.26011488197389 -15.978451791083504 -17.46104572632517 -24.047795641592657 -22.76580385322955 -31.063683871431188 -52.836707433316846 -42.74041786985421 -51.43787536576534 
5.082110462819312 4.021968660650587 -15.475298961938435 -23.796740352967813 -30.72625500348376 -40.86141035977797 -48.982747862270216 -37.35454019014847 -13.14244500338977 -5.922787833597983 -4.730828269281032 
-1.7648423152708435 -5.749678354669342 -26.502549415456365 -29.907771436738276 -21.267249959473073 -10.597186813243319 5.748510937339333 12.92968184647101 -1.9061759595554353 -6.760252150944213 2.9902771211170274 
10.99060980135351 15.947036515735327 12.335106250891297 -0.20824578105405225 -5.319005159758515 -5.890085826438192 -11.445246567742108 -13.99748006677683 -9.913871658774816 -5.350705340966124 -0.43310869782009764 
-8.490908939607175 -12.793281421163476 -9.6211079443676 -4.3111774583004365 -4.598583462050371 -4.487963763794035 -9.51527549364182 -11.411879395883908 -4.610910115835813 -7.2335422486237775 -2.389914758088598 
-0.8002603163897416 3.7110138413723432 2.0327056637105443 4.188385480474459 3.0933955053898723 -1.7370413871359083 -3.57135062081581 -12.400232795744028 -22.977930877057062 -22.620910771162436 -16.143485069275748 
-4.421980441399608 -2.165380718839004 -10.626267978536738 -15.20884181695071 -14.860799714477572 -9.94453252389957 -2.371352154610504 -3.6027426445153887 -14.554942426552174 -15.210923289985036 -3.668041224894313 
-1.6673686791781137 -8.462355827059348 -14.329862288849712 -12.766245601037191 -16.1105267680278 -18.266733416311936 -16.176905843945903 -18.120938168094582 0.4528572134400468 5.131722283394748 7.878771169610179 
-1.8441928611690777 -2.0001753006859184 5.685672893901607 12.009173867021474 10.084014363487833 3.167837312820777 -1.122225397034523 7.026588982355133 9.222331637214676 12.8158162056516 5.401770391090825 
7.152541097592442 6.959960089953697 24.21541821798543 21.344527713759696 15.660982629755823 1.3281880934045358 0.5469945989429126 3.9484568056894496 2.1746716722168453 3.15096386022523 -5.563755846650443 
-9.638761570917968 -12.334381260946545 6.389058344301103 23.602095855537435 25.88949741377109 12.617303017687773 2.1293277743489702 1.7354976693575794 5.573991479532538 8.365437492848836 2.671499595992858 
4.7086475229527265 10.258309511690207 14.083971839561212 18.596951168955098 23.029364795969734 22.599719114352524 12.926753766296892 6.278669836632437 11.040803177600882 7.722586106507776 -3.336186142083725 
-13.513100174815813 -14.529970276131298 -6.4080882693992525 4.606417073240376 15.551549966320426 37.1941667465774 35.44848853356543 26.906873755988492 10.874522247733207 1.436887397198931 -3.4910057784953175 
-0.4423042875201608 -1.6698274622913578 -8.81787523193661 -11.661936289968626 -7.167813570062268 18.368750633715823 33.81494401570289 26.697707967021863 17.253616976225075 10.264445404601364 10.313259806854987 
-2.8410509996692546 -3.485889773484372 0.7786586873659397 -3.7802290694524414 -8.649443297262351 2.213000358548564 17.816612359701367 18.86854053261374 12.032680511114714 7.6132411300377925 -1.2967495972096645 
-8.484205796107346 -12.164286201674896 -16.0216806790928 -9.746522141524366 -13.069158472101925 -15.388914698929998 -8.848556012293406 -1.8536205699641697 -4.069779190830763 -5.798707015633303 -1.0372039692569948 
