-398.18621246713883 -451.2153185895563 -568.5469924364538 -541.0113867936465 -209.52465236475905 -93.44837339565876 -71.93887613411886 -116.43849358261406 -233.26351310962627 -385.4097058549322 -502.04757902113306 
3.306007226238094 9.139189666464217 36.68459472720808 49.91029222538202 -10.8346440806911 -45.70233079510865 -56.11736016306362 -34.27846844786217 22.730528703969668 65.30274568602499 46.223272753105604 
-16.005336304199226 -12.1357548283762 9.709182427073518 15.481450351376274 -41.39151838669346 -45.72964154822776 -44.16720359243908 -35.88367174082889 -27.509828254998315 3.5102764949456677 9.558394523743882 
12.904818926951684 13.682817226349869 10.88402077787791 8.17487191325512 -22.4575496545438 -18.800954938371234 -24.165204969383865 -26.808730994880438 -31.12679920120698 -33.326652225454495 0.5778219090904908 
-7.691055510589109 -5.538303083675265 9.296244953983479 1.4754847259450963 11.865241728648698 -3.623972882065941 -20.758605645877573 -28.549017965285557 -15.882300715598248 -6.461466428952267 -2.6192377655311727 
13.783384191582208 14.979775534180625 11.424224023903038 1.2828570243578787 -28.455966823727337 -36.895294783752675 -38.16917425337898 -34.93166143123105 -28.538058989853536 -13.883323083455895 -3.401781769570044 
-8.733903218678911 -8.16985497757197 5.118377296684647 -2.1793953523420373 -34.388097611880454 -30.808270047400313 -20.64573782569156 -11.01382574806259 4.6535321203218345 1.3339992242750272 4.5148578078452335 
28.495816566006905 22.53267021308595 4.067496370980766 -2.035912977492507 4.4738779690607196 6.722976460393815 5.621428461998319 -5.97403609049846 -9.578653084625543 -4.329485990522956 2.5348593033601494 
12.240533615770246 8.811620588685148 0.31228081767852356 1.1428211862201012 -8.753520599314813 -10.471487056792276 -10.174548536111047 -12.605446260582212 -15.314586089702702 -9.341232501909666 -3.5871271530004343 
-4.339861151098963 -5.616981877322016 0.5574032040997715 5.2367057484832324 -4.091307114874246 -10.357019059608326 -16.65308865459984 -22.263532647885086 -15.203166920219758 -16.84817057772335 -1.528090893807012 
-13.99764875022938 -11.90865136771924 -0.5273512359672301 -0.808188892471641 -10.34174662241583 -5.032257865996337 -0.23564930450144725 0.35137356413520365 -7.323456733782047 -1.6075543687689053 -1.9784822197786505 
-2.9996951739882918 -1.7084686757625973 -1.7068036448585577 -0.6731746587953565 -5.507670043330542 -9.031586580294846 -8.524089951435919 -6.089579207186828 -5.364440552638975 -10.701096597968387 -7.954991792394676 
-4.949117868054948 -2.669814185530346 3.6574451350613577 -2.706046055369028 -1.6700230767684119 -1.4590929860316948 -3.5993300406942845 -3.8740029095516344 0.08369068287780165 -4.356430972009939 -2.359266671047987 
-6.686066993361925 -5.7798686495600355 -3.868146004449008 -3.5196019808258967 -9.318613218306787 -10.145295244817525 -10.760243748072066 -6.2654982188534 3.541434262923969 3.6436450421730697 -4.361382414995991 
-6.806467259764113 -5.782871300264441 -0.8556226561191365 -3.157145086371557 2.2789777973063625 -0.4122911646750817 -6.6735385320308325 -7.000936286820474 -7.10965577771011 -5.833470173687944 -10.439961455724312 
3.3938258641293975 3.3547478780362883 -4.936926728442228 -5.362501037810453 -14.459000653879723 -18.92832023405886 -21.722583076970245 -14.045429250137678 -1.2611265880421199 1.6463855102346328 -3.4004510117822737 
-0.7944520851022733 -2.1175222829643294 -3.6164363198203593 -3.43202991645338 7.493474326619129 0.42896374756470257 -9.35964868138974 -17.706345395551025 -11.514779475821516 -9.316756418360574 -0.6853977338078229 
-7.4400281400610515 -7.180091553260332 0.21725879383417435 -3.5775625384915877 -0.12221795506835464 7.7566497154256115 5.1525585151353805 -6.302326022695072 -7.95811654122817 -5.59515885244821 -0.88857334571474 
-3.973557697706782 -4.869960798395378 -0.8424686084433309 -4.5751729666072745 4.771852156490287 9.939095239881038 6.574066803455608 -6.860110594644587 -8.035720804122482 -5.621743883400591 -1.6042951420122746 
4.576153971598868 1.2233124917718483 -6.067349149551655 -8.295012304158691 5.069132089906977 15.218337408538927 14.808495522647135 -1.825836259009146 -4.0554021083156595 0.837227187292501 0.8320309938142403 
