-659.3565598404857 -657.2990637452309 -609.1185286855513 -322.7815473760361 -114.45784499393567 -53.85587132186427 -47.52078540453532 -66.51741358969826 -98.95143780624775 -150.89996105742537 -222.53336907937174 
2.1673369895597254 7.614074479006868 57.75400166064266 57.35846669677852 -24.93132770409971 -74.20621922328455 -91.45924411884187 -87.00415427218591 -45.57625014438621 44.82535499858768 113.9827548966189 
-3.0747850669386123 3.0869784419279283 20.151491299856495 5.906770400580192 -30.655942104885114 -52.82156805258927 -58.24467652507886 -51.73806767034819 -56.88922265741141 -72.01707446228733 -39.53588751967314 
0.18919691594979438 4.598177366656369 -0.6065721278209846 -66.8942538393689 -44.411470953797604 -17.206040437032534 -5.884863824499342 4.017812717990733 -1.1358315387320739 -11.075101543560844 -9.958701004547086 
-6.29426312066869 -10.691283960574351 -34.47957412231659 -22.39287165818532 -15.336704140405857 -19.665329625974074 -31.880875330214973 -28.941384350135216 -26.063722719023154 -26.324660157063036 -18.91155232941703 
-2.291236580732737 -6.12906122455625 -35.250897013168185 -5.878129383038788 -10.337480311475147 -13.310362899638175 -18.995060400509285 -16.780957320354055 -16.248731277528655 -27.357266676051612 -23.85258772508663 
-8.690474092275718 -11.92158699939282 -30.020574728614495 -44.45271663014483 -24.321206324862185 -12.46285944039683 -10.240576962080993 -13.429988911389543 -20.200778982149497 -14.412232442636567 -0.2502649341013709 
-10.97414327880164 -8.347593927287246 -4.304946459914036 -20.188959629581642 -18.32788294577646 -21.404255914039105 -20.79684501863386 -17.177713284681253 -25.481193010047036 -33.73223615364782 -40.414864922159 
-6.586671154334956 -9.887062775893252 0.15451910014717807 1.2673087263733886 -14.224111565717513 -11.663689520945619 -6.011864317441791 -4.409768663674747 -10.645574314074278 -18.650098746941605 -12.766339521670808 
-9.252869420645382 -8.726697454918856 3.5922473523447067 -0.4240047293034912 -3.594091258387849 -10.854420462324963 -13.256306955824481 -13.117484210111709 -10.799554116031146 -2.851763063307949 7.8572145977635905 
-6.034145584060952 -3.9264655692598516 11.295396335198472 5.43585910738374 1.553621966131016 -3.3369634557155154 -3.7476322079761464 -1.2757480579009592 -7.384512544155155 -12.01028190969961 -3.0720817197013117 
-2.6688623496580317 4.3909860699083385 11.261391764997512 -6.1162456017596645 -10.763090222492282 -11.82118666347673 -21.980742359421296 -16.890845271532818 -6.751131474136566 18.401146848955765 28.411474129935915 
-7.939825745902204 -3.0977015863042223 4.892238238300401 24.65057715533894 29.972842152773012 29.114881098416205 6.849643595519686 -6.775165599022202 -3.9434284603608627 15.4175655554872 23.385686089254644 
2.78857461827723 1.5606849615397431 0.9551519833889318 12.629318572143369 19.578255145332733 23.33167067513517 8.21792736036613 -6.600968722214633 2.3957122374187665 22.43476347926284 18.818821158440876 
6.4439695475315775 3.235901352988528 -2.9791454713431267 6.130228221463769 17.313924177809213 28.563571357377448 30.10825839022744 12.442588134968295 13.866364303020159 9.160539993435783 -16.693349372927877 
-2.8663827000243978 -2.1035382278008425 -3.7862116726017225 -3.27645202597214 -1.6714115995025507 9.989226378437579 33.04654297194325 21.235248829141774 21.348399053684055 15.306997705489483 -0.5855689465248191 
4.019757073929581 -0.24376375615267332 -5.502617858501759 11.338720813446253 4.998078977094513 0.07801275668749241 22.989789972310344 38.328859741570724 41.46196818445609 11.773368924804343 -14.836569135194996 
7.240347660679256 -0.21852327282850587 -7.43493431229361 -4.6457001241807845 -3.213962893217896 -6.549560975596894 6.035143361205078 23.4275617600125 17.51748742575269 -0.10516937341593624 7.80300273538756 
6.166114998801831 -0.5590573893610282 -9.472850425420985 6.988225250659535 7.055450397745529 0.934103074956327 -1.3378837950778086 10.474072404094178 -1.1964302980869461 -18.401166252864684 -16.310598931402804 
7.436765226617325 2.502797777354601 -4.589992481527557 -5.1462880097189405 0.13019758068102238 -4.01052560525334 -12.585843476336304 -20.088812568103876 -27.559257109215835 -22.588586330048418 -8.948242520400617 
