-608.0391472409065 -566.9846168676586 -298.5162976174158 -131.40397968782196 -92.81494905444971 -113.42599312200446 -129.56215975636246 -186.70075824775955 -326.91809979625697 -500.9106421752947 -578.9419158242204 
48.460382045746144 88.23475389538737 28.973376384861538 -41.543484378509035 -78.01779783123513 -82.43946526589602 -44.20118864943322 16.346404218906898 67.67216056227886 98.95554826481009 57.58839531901231 
19.812555538119817 20.34824452525964 -13.552010590757575 -37.36290399075423 -54.253929845742064 -58.29530991243073 -63.58603009194824 -66.27294221401714 -45.10876163400281 0.5718683267534413 5.039512699056949 
17.584640506297212 -15.14397290078249 -75.4729799444957 -39.14934690235623 -15.977810843642649 3.040640977815651 6.456477545095764 -0.0429557781802663 -4.242198584075592 -3.592135134694115 0.0812809161489616 
15.879149579144283 -26.652838779114475 -13.323593796249689 -20.319131511396918 -25.552910637660922 -31.830711879889122 -30.317025968666762 -27.03126990201416 -29.23706899396184 -34.14633815090055 -33.16657095449938 
6.579655895427123 -14.490436683961859 2.2386891097949677 -3.601440293707152 -8.681188097056207 -20.519086725738696 -25.636877085481274 -31.36070598455754 -18.316357133881375 -16.830730987701152 -21.264999053057423 
-4.875353242411187 -3.0410728827644133 -35.62523383518897 -21.648199404173646 -14.498021960425833 -17.582766489530812 -23.844739107905262 -19.805738672563997 -13.797273365629904 -13.54735670164142 -7.918159236823689 
-1.5557567543022899 1.179501827322672 -4.631845794997787 -15.975190536873301 -19.658398025589765 -24.170125507568397 -33.707571182586406 -47.531307003204844 -55.40628328502109 -35.483167960461756 -31.326093520658063 
-1.9755166718859531 6.040294855487053 -8.18488389491098 -7.447351889256597 0.18170204213886043 15.22112556219672 13.753561733345556 9.153336453487675 6.183304886608112 -19.732339730482778 -9.376612587623704 
-15.303536450691048 -11.205795768977266 2.3086900886449353 -6.0394406505302305 -10.394678052069624 -10.059630808947624 -14.815598733916461 -7.887895192216167 -5.906398919409137 -16.8234330588734 -4.260819299459822 
-16.768348416769076 -15.530166370010413 -16.010218538050943 -16.25887981559629 -9.944910437167458 7.280444943100042 3.6202259595922497 -12.364819427139022 -18.4312923036568 -9.379800698382967 3.0002422844942416 
-9.443252501976922 -13.835824971008424 -18.362514179578625 -13.8662338062653 -12.482108220016364 -4.538545580434711 5.794416931519592 6.764908998285775 3.4664361292291104 11.763606085322785 4.812219143772869 
-13.299184516155783 -18.106141566570493 -2.8523094037644836 -3.456215980940946 -7.548501579236634 -12.143506282570844 -9.780186054641755 -13.094771029446232 -6.612103851427998 11.6079120438574 10.957171102109506 
-6.4921683298180675 -7.197153962013473 -1.1475007838968612 5.778798692141503 2.983334865704662 -9.999510919019189 -3.058910021037483 5.903236393535602 25.24292615327517 21.843846188162185 -1.0127809663170124 
-6.065566562236835 -3.141659154283616 21.676665330223273 27.034943433376036 23.096268551778582 -1.7784113327299291 -7.540943628174761 -3.5398766382541957 8.27852781681004 22.035951293832046 15.551121732726108 
-10.44723554681252 -2.069008894866146 16.7441930015094 26.101980521192957 33.60895094551775 24.706778207524415 16.71350141948215 28.996439785378342 36.71582282049187 16.383416908346998 -8.794196520394781 
-0.8687636436466066 -2.981268583303075 14.558561380735853 17.461565329386517 25.509287236311515 29.244860110995315 18.582126202005174 20.57609703198739 22.756429227504007 15.415957516288755 19.09614994095112 
-14.066550376132271 -15.350538088580022 8.916815977944841 3.444765481910159 5.408634874041649 26.22956363754225 30.40452791354674 34.08442128335349 27.03927214633555 14.117206981798748 9.462729908170113 
-7.6303047795802 -6.271585036077104 4.620553213511483 4.063327089064321 -1.4721262009616354 7.620899586259595 14.834241036878865 8.032544909343423 -11.302586748132597 -13.607416697911972 -10.64208543522532 
-12.037770238666795 -5.299067223166553 -0.7416973654395818 -5.920066923269033 -15.326046866432947 -16.5344071466601 -8.750001283944556 -12.544842015764974 -15.725336985607143 -6.3957827182027955 0.040825573248794766 
