-537.0274674259084 -514.7320253010942 -366.63653969670725 -234.47707586060938 -203.6607028928985 -230.90900088798895 -290.9027688883033 -397.05182841261154 -478.81994330803957 -524.3144387979407 -548.534352426403 
85.98446014598949 97.20860710643441 63.479386249699594 40.14085281909548 32.70053791078568 42.445265349048384 71.03853558856841 98.89040325513714 91.979286602304 77.02220419559154 69.18199588203186 
12.674466091567089 20.394398611886636 -2.704203702667598 -34.24895061479238 -50.080754712083106 -48.47244673318501 -25.055989712645044 -0.2982938355746517 23.29815890095895 28.613051451404708 25.355350092500252 
-6.1038268933319655 -5.071635818915472 -27.661307469591335 -14.31487051269665 0.03522384666353884 7.660427937388394 6.4433147870270595 5.672058609089848 12.826077033220841 10.4589145041768 9.173731618836158 
-1.8067922790016655 -2.4773321941425266 28.583529867992667 10.648745397284873 0.8790470396453817 1.1503283753150002 -1.8853945725255374 -1.4735624946884156 6.505107354763078 5.975906969932893 -12.774442677880785 
0.0880319498371332 -5.194400076241636 -24.25617711856951 -23.245686802971957 -18.574212200255488 -12.548290462991432 -7.734571069636996 -2.5064324998218765 -20.660313405513705 -22.338861552924783 -17.999086504357827 
-4.336219003300563 -16.493688331737552 -35.70028027117743 -29.534498992905988 -21.962481664565082 -11.476789767006325 -8.982932948824661 -23.569381621341353 -26.329303254458477 -22.66800095096403 -23.440704055774653 
-14.875636832784767 -15.861052111584186 -23.077665359430604 -23.347903418651576 -33.86300594410457 -44.12459674071896 -48.741768889522845 -41.073117404804854 -21.984686260636217 -20.34399549368167 -19.236497706760495 
-25.551468070280794 -16.80610984881669 -0.8941419003741498 4.8051962749435795 8.666878842367172 10.974715343845922 9.369190110537225 4.354759100887631 -0.03130811752997853 -4.418888529008685 -10.708680111648459 
-24.944421333884122 -15.420443105745791 -19.77567160051291 -20.289735992023875 -15.170677947564581 -8.139028433662062 -2.7835218272052242 -5.965528047395684 -15.554728190491621 -11.615885358876422 -9.654078480616462 
-4.142024496528076 -6.142112687884865 -4.296605085690624 -0.6644843529889175 -10.44118252399062 -24.98329768284058 -21.890782578104265 -6.358582904823115 -1.7485988398679828 -3.2378883258362636 -0.7593092864524142 
-4.945407359517613 -2.3081932490967336 -14.887569146588513 -11.439847390480494 -4.338725276479882 1.508397351911241 0.2237907245212749 -13.77950984293692 -6.071399654650067 -5.391058712809537 -5.743444379762103 
-6.719955295083036 -1.0360727110635453 -1.9163457560114943 -7.715289233162285 -15.494693155465058 -28.707089142487742 -27.871483853266856 -21.42782947518173 -2.09679086424982 9.345273325202864 6.5657755795538275 
-9.118177994313157 -1.4371371297490345 10.313214834514064 15.634346712994303 10.219001879683594 6.205199426179291 10.007059078025307 13.054184481979966 1.7020253943258645 5.552326905580266 4.769360447861234 
1.6477629860405436 -3.6541929182960153 23.705396729202164 22.164017390251075 16.945194493796286 0.92120721791443 -1.3497481295140314 2.0779469826073793 6.751910574566783 9.199270084915138 2.2021066158434457 
7.500595650633823 5.432572450432439 14.90131659211252 28.071691300496514 33.189481967579084 28.236199359050406 18.66136522027782 11.783218111306953 10.542136711363138 4.932768406984103 5.892166566622147 
6.1550075670454145 8.838239179521164 12.811187762397104 28.738447698034403 39.35552096862584 39.955217084104234 26.8990173559562 20.854736806980455 14.531464973046404 8.763544490126506 3.218435411321659 
6.075980175082612 13.582116638924171 -7.187218721047364 -13.43197044271994 2.350485293477971 21.715730209648736 24.127815409729898 21.276668427374307 17.428128710251585 6.838183230341049 -6.837043734924895 
8.36115453483334 10.81358787703224 -4.677469898957591 -13.141508770817891 -8.267377697044934 10.611490406458072 20.38833760105066 16.803095956098 12.185924392358558 5.036756767824487 1.552789371160615 
6.8434581939565415 3.12791382075622 -4.701124234020165 -19.423345495438603 -23.741952375701377 -12.898791631490575 2.8353815039618926 13.009374232862127 2.1858443062648316 6.0077633921124445 7.61582399066588 
