-677.1277064627376 -706.0698947315885 -834.9773883495484 -901.7330757692854 -825.4502448507088 -358.11410086192734 -249.5690804846982 -227.0854210065788 -273.1481391183784 -357.2098066552428 -514.1456640573467 
-61.55235488147093 -47.32734306648392 -11.632510782775823 7.181977341082235 75.72638529720786 -44.493880415610825 -71.56859499526107 -84.90674444178464 -82.79808941048952 -57.87647707399272 -22.90491708016786 
11.956977439043063 8.573293676953686 -7.174556747759709 2.94788802982308 20.986243733957345 -60.67282527711093 -73.08382793871202 -81.78315338312572 -85.09410130333072 -94.81961411581696 -70.37199624568524 
21.15583667765112 20.931887504433632 18.015320947286806 -2.310076493223475 -41.25065876057785 -93.3369891446541 -77.22205318371903 -59.211099213652055 -42.27558736294692 -33.11904640168765 -27.556000613737964 
-23.078053689390284 -18.518066143699464 -11.097588421174596 -6.630629862139198 -59.41551099178456 10.142858821787168 14.08491297026181 -17.85170373961359 -65.27010067717072 -70.70913001657483 -52.197721689990715 
-4.971383268710076 -6.737695233548736 -10.788521235067721 -8.439211716711682 -58.81564188006864 -32.25125776565555 -29.392986503714035 -48.86767299919808 -74.15751769391343 -79.51455102392545 -66.25957869095225 
-0.539906017976508 -1.6712618530046377 -0.49655628111961986 -7.138741230333258 -40.46272611959051 -43.71255785483241 -31.911509166900963 -26.67727717048005 -16.177345819158987 -10.390694402399804 -19.28646878968145 
-6.437315058718696 -3.3090186461228424 2.089735922231021 -3.310505588856867 -14.432164506614436 -10.169342563645863 -2.267629610685311 -3.1658389102330613 -4.888772914914925 -8.573843469222217 -15.987088476944905 
-6.004097625844732 -7.941914648416418 -8.002557525443537 1.5436054697193509 -3.5558870061240286 -1.4181935535179337 -5.796187114096025 -7.901021440957729 -22.414725314516545 -25.860121424258857 -16.87282497281678 
7.354789073142639 7.407694680339834 -2.0451774445863533 5.603363359285089 14.187916234634603 13.030685119847432 6.422387341015501 10.514459295526768 -3.0032505182856832 0.6412152768638819 15.160482834582751 
-21.94158032185635 -16.609926518287175 3.337978763943668 7.430543621992737 15.918241659007226 -7.043124473683669 -11.217924947295549 3.095232900987937 9.125267139179943 12.726674851308047 22.616297804631216 
28.65743526954584 18.760671275241606 -7.89567773032956 6.491352518223643 27.798104995252157 -1.379585631864388 -5.916903623651914 5.246474296541009 13.679193956297919 22.782091157522686 25.221699991419037 
-20.36618592606745 -23.30075545158904 -5.722398857739232 3.3065519407216835 18.471859102173646 2.327858564349228 -3.5150095005947533 -4.858125037627488 -6.426714654207554 -10.330058081646026 -12.373170241643564 
27.146591737574557 25.491661897354206 12.287395989050552 -0.8095022634486727 14.910600565469537 0.7795886350014954 -5.802412420354795 -16.416192232952085 -21.153266149351303 -15.421167980779973 -3.2606409072044347 
-0.1373260171890916 6.000496554464647 17.35173951566459 -4.296067222547707 4.3678609837638405 24.702273077703637 20.803605482538536 -3.57289006224367 -17.527573351292958 -14.513333176466857 -11.151835411655428 
-11.0002777395297 -6.6464043264988675 -2.266141559834602 -5.949366683908517 -3.525139598575561 37.05071758017304 40.05814137864873 17.55971756944306 -9.10409142922261 -12.976532162340431 -5.975401720965377 
-1.4576922958474658 0.8680794985664928 -0.293474218505092 -5.344509933164739 -7.889886028380197 20.26556347498123 30.84117227285588 32.63819924647676 9.382168398435379 -9.90120642285775 -13.648151401160234 
-25.194804828101574 -24.82584230640405 -17.3276961325905 -2.926104368191298 -11.211896121114759 3.5613216849073703 19.230766880134297 35.659011299582936 24.467628802059437 -3.0748281399476696 -15.093506291937855 
19.364378089096057 15.38214119113775 0.46015398214214664 0.24075580700933302 -3.0488687402188908 -14.116265938187146 -9.96000810888354 6.462510598879171 19.065250663909246 5.167107765840862 -4.7920578632357795 
-16.390456790451434 -14.505093999703753 -4.712527730757103 2.932911149168903 -7.253330202638463 -9.719841473537869 -11.753928021562214 2.8869414945396983 23.187033647201396 21.462611871549974 -1.0140886722220361 
