-625.3502065601816 -660.3865819439186 -802.3942176332525 -888.6353982092285 -888.6353982092285 -502.65341941372697 -264.2734314982324 -201.37413206010768 -228.82613937042973 -313.9820916656708 -416.81925244003065 
-51.7907805736571 -40.45761217832034 -7.973596370934119 0.0 0.0 -44.47526894007302 -69.49241383619957 -84.33323032175525 -97.71789489501488 -88.52858834752706 -23.13622442426646 
-21.832738160865134 -19.34460604373278 -16.540580282400683 0.0 0.0 -47.225807021810205 -62.91616325446296 -68.33302004215822 -69.30105099208322 -74.43609947110413 -52.36075351473113 
35.43003090141259 22.220278424906525 0.8697757742625034 0.0 0.0 -89.98047573481611 -70.94334421900942 -58.49972647762442 -44.834147819033475 -34.664488870613795 -16.84995607222294 
-54.73903046860441 -49.84985148152201 -28.180928631563617 0.0 0.0 -8.78996607055279 -3.813386516311402 -13.755976758264737 -42.56721936764832 -61.94637199492901 -44.132127398427926 
0.9854020699121201 5.076885391965728 11.160822768984584 0.0 0.0 -32.63129864351553 -45.237040951777004 -50.29912845491048 -63.2190650471633 -69.06615030602572 -60.78331043488416 
-36.691932071549786 -24.709633478636633 5.844969850972758 0.0 0.0 -53.58364144654551 -48.99679175041793 -40.85384875442027 -33.94873217209959 -13.10581656422837 -5.3781692999276824 
-18.44919305953889 -18.792880837602176 -32.34321321771837 0.0 0.0 -12.551590500289125 -1.7436299993284687 5.650960392239539 0.9829018657628836 -4.649291231324556 -0.8323827479427165 
-27.55004047427419 -24.92471095350524 -3.7424910233701114 0.0 0.0 -8.127803450609292 -18.47895483398437 -21.179067266411636 -23.621171221969924 -19.379667238108148 -7.084343182392904 
19.207222273481484 12.293167761450537 -0.050990509811572604 0.0 0.0 9.781895653811233 5.673807310579596 4.701921667482296 4.143828450720612 6.8127452691490085 23.415560398875215 
10.673929372485198 6.143592482865667 -1.7038718715148213 0.0 0.0 -27.56985161647625 -21.926835131548913 -11.852106460488777 3.200447769783934 14.853700414077956 16.87045896358187 
31.13028063916917 24.938983457220385 16.640324883180433 0.0 0.0 -4.150210130640593 -4.6107906254569855 -2.0878500538504636 10.221151429774611 12.981437316465673 17.97798761925487 
19.833550184105917 17.72437199964481 8.639039240870403 0.0 0.0 3.7785304851367076 -3.1166303964083104 -5.719921201673885 -3.2617893100075968 -8.889327170803345 -10.669965939373096 
10.189564121639147 9.523455496584479 11.971944665939152 0.0 0.0 13.553155091148625 4.727024381774051 -6.759063466172625 -15.953490137991638 -14.375327322769458 -9.030696676812612 
-1.208014601902122 -2.909421216645403 -5.421831404212458 0.0 0.0 24.417914954293664 21.75379772820574 9.930315425092932 -10.85292823148847 -17.315865996466812 -5.543917986024363 
-9.518620797595595 -10.794279285120968 6.354670193245864 0.0 0.0 19.732270956563887 32.40855929218084 30.93307207526103 9.461846397427525 -11.211882141519418 -6.37340639350761 
-2.084160775328384 -5.885998164253937 -15.587292862666555 0.0 0.0 9.986031467929386 24.997918281163074 33.58729696722524 22.78608907066179 -14.060023904378905 -16.162056994636686 
-13.324414152397228 -12.204945138626641 -4.724128244249583 0.0 0.0 8.055408201171506 18.93546455140764 34.05035502849657 42.42893390347104 14.716203517065612 -10.136339308961984 
-3.652660088800962 -3.7919117075888997 2.4486233067900898 0.0 0.0 -14.165660502858872 -16.6097237493652 -11.823146638440857 4.49519543123813 8.505981988601189 -3.2595933595365794 
14.081268649961967 11.21046556814186 -4.619632304937199 0.0 0.0 6.000623594613328 3.1725299322853115 1.3886676679231542 13.858200956697637 33.181868474757096 14.177728768611098 
