-404.58261652039835 -290.1512281328116 -252.9650929913094 -292.45117813474826 -328.96946563571777 -419.210722313108 -576.9980412702431 -840.1283340698761 -866.7792008324845 -843.0268675251717 -822.6459145947811 
5.120775561181279 -25.205957882118433 -58.102737629984816 -73.20771263825566 -54.469433496782884 -50.60659506787951 -22.8685474449589 4.048851756052767 0.0 31.39753433022817 53.59377521933439 
-18.178657824137183 -33.156657178293315 -51.322387772610206 -60.92253800644541 -89.03028699956451 -66.82499255529959 -14.22254598714397 12.30579776667278 0.0 25.18766893917838 38.09116299620854 
-39.493432507937776 -27.570783975395305 -10.74496581412986 -6.74643865050756 -37.69154408561904 -64.72827599694766 -71.1528991584002 -14.296069079706548 0.0 15.997918960151202 21.9258959069898 
20.43759356266397 6.551051952992677 -21.264307181341742 -52.286730154161006 -67.18159083658907 -63.70561451126117 -49.927560678411595 -24.1594111964408 0.0 5.3264644022062235 3.96982931932327 
-8.430483608267686 -12.212463613609032 -10.257158274398613 -19.250190717395377 -37.51445905537858 -38.76857731955843 -35.774454269078234 -10.334609806938632 0.0 -5.157737772224246 -8.585156956237508 
-33.230472596816334 -40.72706172026784 -44.208102377506286 -47.3871486894378 -52.160519556893476 -61.834348341847374 -71.26438232915507 -21.08330432869802 0.0 -13.928082957341278 -16.62061235744648 
12.637062066004095 13.837709648999885 1.5752652422539046 -7.972441342556658 -12.223581909652498 -2.1768272074523667 11.020369079789369 16.52281336174673 0.0 -19.869321098356146 -23.912663291239014 
5.027969187323892 -1.7087547182866163 -5.729898234149882 -16.30970961396344 0.952973320865666 23.813092708760898 18.504568005530253 5.609422963523597 0.0 -22.448268266167663 -28.426244997607363 
26.96252004025505 39.43957760265188 37.442432789045995 26.01008692999623 23.96703228626039 26.039026377891275 42.613973320029984 21.949316188548288 0.0 -21.75639263312517 -28.427802653140283 
-10.010942734480148 8.470315221504348 30.175072716142186 39.934971379721624 25.129810006767894 15.672719709024399 30.15530742583393 11.581644215035507 0.0 -18.424512258379696 -24.47475483348947 
-8.026421771468273 -12.323405307299495 2.7581199331716775 23.63949689763321 5.125353904313745 -8.488539239156179 -23.66490212349214 -4.79224672439533 0.0 -13.438218032695934 -17.35675820463658 
-17.35039432651986 -8.730313391157054 1.8407219743422354 0.18864361679457187 -22.455112610852286 -23.109665321526634 -17.646315012183397 0.11464075319507891 0.0 -7.9026053079682015 -8.40303405121813 
9.098261816571561 -11.774116219145764 -21.129909233830862 -41.60624212109112 -41.87705018563899 -26.885784417127233 -22.676589909172883 -21.68304757704837 0.0 -2.8121513961244387 0.037245680878583765 
-3.7188275069866865 0.8148094288821637 -11.098864203791845 -27.656876421496342 -14.28250727869636 10.422422947095558 8.128627532654022 -0.6211025775862877 0.0 1.1248146403871155 4.8627968459209985 
-6.81680291875147 -4.451432951339693 -4.846314716271565 -1.0066381198506615 -3.2600780591491008 -7.40747431831276 -23.07803576474877 -8.539594222747063 0.0 3.575117879879018 4.346744294413681 
-7.600491618101358 -14.777983441668562 -11.876583098433247 -7.328493870008771 -7.796841020175579 0.6863514632957171 4.928067531294154 6.373326551553746 0.0 4.574789025068967 2.3077683302503864 
15.047724722042254 9.42456762724958 0.8515477845378678 -14.01412591254728 -10.598372816793699 4.965765197506191 21.20845311359725 7.888617223855252 0.0 4.442942034935285 0.6688609667569125 
23.897385398346426 20.55583741266141 6.42428735600055 -5.180749836965399 13.956928808605905 36.37088787859388 31.625005655172657 2.0629998476016813 0.0 3.6474464300237823 -1.9643845006459342 
-5.525090680239886 5.8615850306123995 4.845045346461463 13.697103100988059 22.423934734992997 29.09718348567465 6.023068777788863 5.766410139441715 0.0 2.6617903660332516 -0.4305647861791546 
