-695.4581165866541 -494.83177293159196 -142.39568732949886 -44.37645223485004 -46.81940432785829 -95.21282588579673 -102.98224521986363 -92.1596236588694 -131.85081236507523 -204.49821213015565 -289.5565065883165 
19.359947960005208 168.43994631312125 33.013346893665705 -18.962145014670284 -33.4300907630967 7.299030336737294 66.57136731436404 28.724206265595917 23.42928376859902 42.89709126062347 27.428437635451218 
7.019312860538637 -20.29142650341486 -85.28297671147266 -88.3154045127724 -77.77334688886097 -71.30865457132174 -111.84538521038664 -101.01155494309106 -71.22471506907917 -30.21721453788764 -27.860441110555335 
0.3457908419785446 -57.997645330136535 -16.524463847489667 -11.116557981838987 -7.012471147404389 -19.84267347695549 -16.760203795332004 -19.79393390244243 -44.601628507865655 -75.22191973630856 -61.4966031280706 
-2.6107699439660816 -31.58700135863861 -2.8560778297191374 -3.047958053816613 -3.949046990042465 -6.147522067399699 -8.59750093013684 -20.031426387835346 -29.914322919061203 -19.18406421246334 -6.684758281423733 
-6.994413126419989 -15.96997731058255 -29.969527621633176 -28.738024906869413 -24.461936099842703 -13.492784872458268 -10.970032394589932 5.7611602486819855 17.798080356377962 8.78051595846784 -12.901457725273488 
-10.65641368469073 -22.395999683198447 -34.240358096308626 -32.10687295980904 -26.430417807934823 -23.231501872170195 -10.800948594563321 -25.624878822252334 -44.44655373438838 -41.427712132229516 -34.4461356637689 
-10.282923254503062 -20.6584270235728 -8.728193790901416 4.016399364704462 15.618082098732256 14.931773385661977 -8.438643738258673 -6.349353548405923 -8.056513108979843 1.7219209875514592 18.064254741090895 
-8.083165310124402 -2.719985125651324 5.108385589794935 -3.6851824714078454 -9.515674112462813 -24.349894284255583 -20.997542531839002 -18.75914192946092 -20.075436987806505 -25.964390931220123 -30.343734501438718 
-7.703220199461932 -15.458903680304767 -23.40781087856155 -13.81139107136215 -8.074247891304449 -1.3382809531134703 11.509807020139284 15.32044888928234 5.05505210024826 -15.069945906967295 -29.3741949623986 
-7.3176704063760205 -19.983772649443274 -2.694242162546752 3.1276411712909367 1.3245473870387332 3.5278087338115367 -3.343974996680733 -12.059338576416508 -15.599922432872923 -0.9180380650187385 6.134460873528451 
-2.3842304285996065 -9.65894102430536 -6.359370642837391 -8.984876090205942 -10.284864433930004 -2.9960203606212663 0.27441418547466145 1.7069639289948242 -3.9619810636149473 -12.206755565460641 -15.49775949595925 
4.8134850794994986 -15.795156458788524 -17.800676404567362 -9.801643347690568 -8.92485084907987 -7.2205028330432075 -7.544085270627159 -12.079556091385847 -8.95122292987817 -1.229377472203701 8.2842371086195 
6.953487334824501 -5.1462267917651765 -1.4878114105964564 -2.9648835259357607 -5.38107003489982 -4.584543743278527 7.616483546177095 8.935861388344875 3.7030621129810766 2.2222866878376863 3.341016375040641 
3.289740120657159 -3.4064065516209197 -3.5051238047603483 -4.952202847625982 -5.3959814941642295 -3.0603566256209325 -4.921798586484247 -6.942712493877474 -0.7520887251976363 6.764500431847486 -3.1986873311865516 
-0.36414576406346355 1.216217957520318 3.676483434683549 1.7532240260277905 2.181645373232537 5.7988993981067605 -0.5233002392659499 0.7011205676842072 3.8282888150021885 0.2300347233796608 1.3161570419457589 
-1.1279830666784147 24.17612900354218 9.379303662308313 -0.03777070711078345 -5.809743102207555 -5.286689271510515 -8.339610809749498 -3.45581396543768 2.774066530199177 -1.6183879800654732 1.666338900006048 
-0.5720909885213712 29.371740276712913 24.106270971513858 18.654330361343284 11.120977145671006 8.504148403769555 -1.700546782642193 -8.95226402705862 -1.6794883058411472 6.736950383658968 11.440604531947887 
-0.5150109796055593 24.15401805560262 23.796808847197987 19.256115381582564 8.487121846176295 -0.9738054103762683 -1.4463823429899305 3.489855421162588 8.45882558963666 7.269542219689394 7.6296707707275955 
-0.7898518459898505 22.272430917771274 24.122260883839335 27.403769647801088 23.363586111391506 16.466245489342228 14.259839063139127 1.0304321358728186 -6.623152919495551 1.6939805855022514 3.8247818667745306 
