-319.16245147405965 -88.60029777806066 -24.139308318046094 -48.44703972710668 -71.48682566768368 -94.20959499101698 -206.27780683899007 -413.77079111332154 -524.9266941244387 -530.8977466341952 -530.5756435248061 
12.22782184117091 -33.92101198979131 -50.80131156893914 -48.370415610389415 18.529267479460167 48.38805553507407 52.75811049955166 47.43821242486099 52.36854233877706 53.54548182140296 54.28378878178661 
-96.99296374755033 -102.19093087346593 -89.85237201367609 -78.43080282451353 -101.86466846422573 -102.41487166995789 -67.54539183119749 -36.51293808846158 -6.0463948792461855 -1.191564414139263 -0.288457720469487 
-8.449309496659605 3.639396830067108 9.612726570747363 8.95102961567366 -16.808524026352156 -17.732456674587375 -40.289941014215174 -27.720992200695783 -0.20974067575710742 0.3484579483663174 -4.178575829207882 
18.719986341367854 0.16143707194926726 -8.44996316243962 -14.610288752271021 -35.31593674623147 -39.67579301764917 -19.873006353653338 5.169909845917842 -15.219733630949204 -11.477486096899916 -15.538119429713298 
-9.837849673444754 -13.821466831811465 -16.75737472913222 -9.567255835321909 13.809185673677456 24.847127528823563 23.406397894134656 -8.468396771317689 -17.996648716002902 -17.648709620744086 -15.291371026721547 
-34.7162733307847 -16.97213543798513 -17.285860668243036 -17.72557671963938 -23.276684689112397 -30.038467814554572 -24.463795618418512 -18.257570138448408 -12.157843237306256 -10.483365821827594 -7.792046022448984 
11.285412265281082 20.649810069895874 14.204760287992437 1.4852148985768299 -15.540431560342725 -19.977201298829314 -10.387424952566661 -0.7345664331896057 -4.459278160575797 3.186404931113122 6.006631811860801 
8.779230601112616 6.569214791614909 -3.942270580522271 -19.163892975128363 -11.116328037691 -4.1205061405626235 -5.597089602502873 -12.318664844412769 -10.180559419426785 -5.218929449575634 -1.3668606232316542 
-13.474519083943573 -5.860934367203468 -7.328863380716144 -7.562630369612346 0.24396549663554956 -7.881021614231174 -14.030659230861168 -11.188322756585672 -12.604875150913937 -8.490640644894274 0.987485040142905 
-7.183922630018577 -1.46034990665461 -4.079202732885957 -6.489552607330472 -12.300385082327 -13.234186057010248 -9.231601848308653 -10.914722192145991 -13.122023280024724 -7.786634890977231 -6.895846676454857 
2.8132578430996813 2.9357918275712858 2.6489650229217623 -0.21435045859014668 6.714402591982436 3.354679768199296 -5.662464771206116 -7.444907417458326 -12.694713480488872 -11.887334116196069 -9.353925737848513 
13.899310982614294 8.493740154657074 6.690136344532101 2.9699680495932483 -0.5144535093302982 1.3709422474680915 -3.808184996874119 4.059709263619935 -11.21161003689706 -12.148326420867576 -7.909123651162409 
-12.18895381058568 -16.766060461424306 -14.211067130011184 -12.855387488690475 -10.26091054869558 -16.79407241701068 -14.760526222831757 -22.216073646790502 -13.01741576923565 -7.431867745033847 -5.803627173849452 
-7.635913467126187 -12.13735893578197 -12.792010799306667 -11.009219051330383 -3.8124958542924476 2.8706021732604547 -2.6121558359757695 -7.392940489490112 -6.890797477787917 -5.930346663890225 4.203607113232595 
13.48363700157062 2.7663817438735547 3.4001826430613358 3.255670495947486 2.492637984905012 -4.23452974284102 -2.1213492272556937 -3.5825007648231844 -6.842227835688753 -5.538603837278806 -3.177730775364809 
-10.673879015803081 -13.682839171176933 -10.515010220345433 -8.233475809637415 -4.01646468894389 5.287195086381352 10.518951956682443 1.6021870735049175 -0.7528718511134688 -4.260202600666254 -8.907285945196874 
-13.732778938933603 -14.312419265104197 -10.764696730681639 -6.7431035538392 -4.405593272521469 -12.211688232548571 -7.28786417514514 -2.714755476840816 11.291275452935754 10.229216698615067 4.988355468328686 
3.6021816296839795 -5.659579085951252 -6.704791075018521 -5.386120260596492 -2.7994360858795067 7.040109504384786 8.304536846193969 5.5128057870112075 6.8135113037968065 7.653382657298124 9.356876563139675 
5.966551906257817 0.5151737750613465 0.136430577398178 3.0588540591741804 -0.40377936366630857 -7.390365212818522 -4.805712129191742 -2.0617095350060457 6.9220802772399 -0.04553185954127148 2.5556127333451144 
