-725.1620764910182 -704.1038276669451 -322.8707552714473 -158.41571867891628 -130.68883046346627 -172.84808306876454 -172.07278410569302 -190.72985124412568 -318.69724813318504 -546.054892763724 -722.5772029405758 
20.822150930030972 17.36663591383786 31.841735398141907 8.899785109784426 1.0460675175325955 15.746686667520898 38.4938111997411 23.295526077425833 -5.516007266898843 -52.24574944139539 80.96395944238637 
0.9375378691220847 -1.3693900922030895 -47.407844833064544 -41.981312761821954 -41.03282450406067 -60.074288930981226 -92.24103553195626 -71.65932200119337 -41.08728196473539 -11.635347144837244 36.23208475526695 
26.713916355072897 25.161878510600175 -22.133718403230535 5.935819831426952 13.933583779562404 6.730233858215215 -4.344962146546822 -31.831866563289047 -57.75181774174317 -18.411333604680827 8.166514207343965 
-33.815063748247034 -46.04464614521219 -32.12697013252592 -19.515797979151998 -17.024111773423233 -32.43379438929408 -58.7195048695944 -43.566025481957304 -19.47203378419388 7.948136183339631 -12.261808015104855 
-20.93242516147624 -24.192168168108577 -36.38498818363914 -43.65614784938145 -44.401139911345595 -37.61766659455134 -3.9208354854966654 6.202783082050848 5.578620097689875 -14.444681428008067 -17.602973514306445 
-1.4522569514814685 2.3419781877142567 -27.041666537265343 -23.112243686465373 -21.07750164191473 -5.6381516078507765 10.793445666060808 13.180234387606369 22.20611109973911 27.502591763747823 -15.068323497337229 
-23.23607007707965 -23.47938760737535 0.03870154463920639 15.787882721785683 21.19647797227867 7.300945622970156 -15.176724938962185 -31.052114740206665 -28.751756309894667 -19.645516014450244 -13.690178468863584 
-4.320619807005213 -10.135877063830485 7.4385039379626665 2.4439916929408287 1.9058801079396925 -11.421167342393261 -33.84533783935257 -34.79145206403738 -44.40285228219861 -46.21562927028249 -12.405610829018402 
16.7723204683594 15.02935316725886 -3.9237530403340943 -2.2397174896402103 0.1208400332902494 9.720826766418703 17.801837081293254 6.979311003326888 20.446075836637668 21.470072223292178 -9.3326294991732 
-5.397180551768505 -7.318320309515311 9.573196720041208 -0.3150815824065518 -4.406109044864574 -5.420638905849219 -7.088595471955614 5.432679218613345 13.170161187463219 -0.6136480499183271 -4.406338024383217 
0.8229864565020517 -0.4131939066002891 -6.461075026925085 -4.022259151367749 -0.816397175622712 1.7434361368996736 7.356521227642867 1.5677702616702056 -6.9613200423619555 -2.375492703635363 1.6282504883748499 
4.173818283797333 4.217326533936612 0.006712663294803023 1.071378271689008 -0.8846295060120681 -8.238890982355613 -17.819690635674505 -7.698245344132625 -0.2484293946988077 3.704667582330835 -3.096072682436366 
-7.142999466143867 -2.7242038863788136 4.911816660957938 -1.1496589845275136 -2.7496197334514623 -3.346728337816639 -2.337028920715771 -6.132166872722 -11.212375120654954 -19.57598378913066 -4.564571601206911 
-3.539485115426044 -2.8215946173157933 2.158503935016878 3.9890569982344735 -0.007391395146531365 4.613036222081279 16.75517800747011 22.75112328786144 14.580924670029564 15.546945033502238 0.6162316378661115 
1.7952350252034412 -1.130895119717253 -2.1617144136579944 6.205516188534545 8.840095557042668 18.086484297419336 2.187859856544058 -1.490892461161332 2.572067943570576 8.330462423164516 6.085872788170171 
9.636245421291335 6.9811874607081865 -10.988110337749058 -13.319533123590976 -12.381370460782577 -8.952804949037695 4.430122011375759 7.533567899801661 7.02584654663408 10.238445140203002 7.342954643380743 
3.851490696364867 4.890791466348995 -8.92456427892354 0.9347958122876056 5.787719405049341 3.9961331662010466 -3.3565585739176615 1.9371112097576444 9.807409669400469 -6.131931246952707 7.4900104479941865 
-4.411925477676407 -3.701407894200254 -2.4808571500263943 -8.269427068025468 -8.361866479605721 -13.406203074985067 2.0462230560975434 6.297708795183412 9.805472534089182 -0.9329721987929318 1.2180019441347187 
2.0925847066230534 3.92528530612261 0.6359650952697657 1.8068772178828725 3.587774199820382 3.3334709179025603 -2.8014547813857114 2.2712404014504655 7.026372543477382 8.570582351080446 6.773335714163729 
