-179.10549479199886 -135.40573031293854 -148.99044870639668 -106.41533824573021 -68.75421587619967 -115.2193182502693 -241.493613603945 -368.8688749558417 -657.1769260088736 -718.432034399631 -746.9698210817601 
5.618240483090278 -6.030874416328156 3.652504101644105 21.32493771728636 6.37072260425614 12.846070344720246 17.017196734400525 -4.066265230143588 -3.2017261511436184 4.55180727478622 1.0868651261387594 
-78.09198806566208 -66.3195523600454 -56.16863868431723 -84.01209949731036 -76.43924360820915 -54.56618095208626 -4.574588590231536 -3.6371379852393124 1.336649752877772 2.7558276225636362 0.30933624452078373 
-15.473872146377946 -9.418096577354168 -11.756244307929201 -28.698717066656027 -34.85611893986318 -37.3405184103776 -47.36786264843418 -42.56051185483165 -8.41773041449164 4.455722154371998 -0.09275527260153911 
-26.95520704154668 -21.042329588682662 -18.78139517177982 -35.81178895849071 -35.95548857918344 -25.87535170359222 -1.2509049890454986 10.555740765904709 -4.701220681178379 -14.168253677947723 -1.5342350887201932 
-24.167158456033526 -23.515210939052956 -20.31888061123783 -7.428899268837295 3.206045962467452 9.098198746666661 3.3095180287749524 1.2186152787021407 -3.7356650925550325 -3.773691538343397 -0.9208100195984501 
-19.20413737113004 -17.18584050612779 -12.437496520897618 -17.482380528805024 -26.63766829877131 -26.450168295446883 -3.6443368658481017 11.840267007686307 -2.8345153588424035 -1.6101934218913316 -0.23998204105204457 
-7.633849409750587 -1.542379042696482 -1.5064298724453404 -28.160474079970307 -25.546229411392854 -18.350705787049506 -11.033001160836584 -1.9757279173212414 -3.0435108752403854 -4.348244452978778 -0.49665548218353944 
-29.038769105778048 -30.935718558277202 -38.614481271393274 -13.912106421527234 -8.88159440360637 -10.086419493998052 -9.115496322427989 3.432916438302094 -4.881460454069391 3.9152752579205874 0.3777142581401085 
-16.475249178100334 -19.651967265609635 -19.75371277996978 -2.841963764124163 -4.857613589059372 -5.725451080966795 5.352007466060359 15.876131354632854 -1.7651680100139573 -3.198374607700235 0.38675118204523784 
2.015181612193076 -0.1547711871369042 -6.181744245156498 -14.768507918606918 -15.400640176911438 -10.318482374389735 4.951916580391565 8.71449420963415 -9.638294298081874 -6.484791867056272 -0.091313503177959 
6.264542577648881 3.879640855662524 -3.551518457848531 -8.194772500788755 -12.038147668233808 -12.5540088252185 0.8355274705185465 11.093060680443564 -5.744791574590588 4.209814402497302 0.41970173794576554 
31.834858454822292 36.7878079728591 31.18248118269295 7.6943175800385255 7.892987162417248 7.793123011223557 6.4462427492687855 8.033862654015216 1.8910800610463105 2.740417953297583 0.3316306272659495 
23.354627113353168 28.201316672767753 25.410973706575952 12.283031960455794 4.260298798412781 6.575237425686683 14.41472077914676 18.460636503427608 2.2826256668758873 2.1184966681979356 -0.0008462719034711685 
19.097754796995776 18.80344848020988 14.152409384402883 1.2173077281627933 -0.45599655230189384 1.7266191012264511 4.378252818013461 -1.497599903912597 6.651363845573574 2.1900583110927063 0.2550015799415126 
5.153547650147545 1.8278460578615578 7.638661468422891 5.597156535482439 0.9753971391535671 4.089545823153308 0.7001188465726843 -8.691911677006324 2.5116666672519883 2.2733701114775235 0.0676773973499728 
-12.054503372314677 -16.406999732628684 -9.344098200758383 13.871817821452396 11.988992919147858 9.965673560186982 9.045586795619098 6.054284779472593 0.7114130020722226 1.3195244984854435 -0.3771408371807947 
-11.853933834928753 -14.253321497524915 -9.18000444724114 -0.9467763919448694 -5.546424560358179 -7.924436274408027 1.3795944587673743 -2.2497847659646353 0.4160380303543141 -0.2890408266202428 0.005659924959261514 
0.1484364743120541 2.4795388026411103 3.5320266322669953 11.946850028764988 16.130240364388566 15.00661509680409 12.595771687138075 7.31287457916288 12.503405058257874 3.7787914265911824 0.16770642684601383 
12.280838001425149 12.55826839428081 10.222558903641314 9.744794023549424 12.933535244293552 15.226782368968816 8.447190098137273 -1.0956908234845995 0.17053624761604763 0.7704463151413168 -0.1632210392406478 
