-532.414463904265 -530.1969424870498 -528.1463295646886 -198.9374074449234 -92.52281660267646 -97.79699801672803 -188.14551361615085 -214.57554591650626 -210.1994595096605 -278.0493548023811 -329.7985779870387 
56.87420039986391 54.14864707723503 55.17041329823053 83.50429291787262 74.42690077617203 66.06007900256995 77.93985875143207 154.66978589492044 147.4768292461056 122.55239086345483 99.86478066754704 
20.556901905779323 13.777109442375178 4.674740870476976 -84.71829106629325 -86.93078619385378 -85.17794107696616 -65.40573600605867 -80.32537011516322 -70.46160552037941 -25.754820421335822 -16.230008597923206 
7.126176053439493 8.44727490726715 3.3888739693747647 3.3662020857683537 4.012511803553163 5.083768987646901 13.56646493738276 6.426054931160085 1.6151591170729784 -18.2589053234719 -25.744143247482512 
-17.493268556742514 -11.7580225793505 -10.745022709453854 -4.396239406880468 -8.213648086874876 -12.820699175220494 -18.1247371725133 -40.660741847575295 -55.9429885409569 -35.64849352523485 4.628415458441504 
-19.47270692369536 -17.517413108996827 -9.355628076261794 -19.171111371752787 -23.48347098449343 -26.578160486705123 -24.458249828265913 -5.784380076262624 11.64389855735968 7.564128001081517 -17.561954966694444 
-16.25698416622323 -15.908822084535798 -16.42393094156958 -42.977519287531806 -43.00263424430706 -40.25910519097887 -31.37275554729383 -11.592411036646057 -18.511124208672157 -19.912375993226604 -17.951900887574553 
-11.874950121235958 -8.39849676699259 -12.262408157629585 -24.926219391113236 -18.159678398338812 -14.631880093743348 -17.212736650885944 -35.906389809810136 -36.09986789254934 -23.004475751226536 -12.033055134971395 
0.283137026641247 -3.8866088049084064 -9.817380149300966 7.052258160789824 0.8959959840716281 -7.346767652523713 -21.26405049586681 -17.91859609626237 -11.27721831165138 -3.5823187725361336 -24.995693264875207 
-3.7682037328889884 -8.315641619901974 -8.411431665230129 -16.71324071579041 -13.76937944201589 -9.527956304120266 -6.577603467367404 -0.1408386800290183 -7.107885007803438 -18.46623481877377 -12.18326708316533 
-2.69080241997564 -8.152129845773667 -11.95635659603023 -3.469479710328805 -4.414808802059563 -3.5182573197451577 -0.35156667285904664 1.0713135909389755 6.397048454419878 12.200578423403494 3.9609531288375845 
-9.033428867776255 -7.7616702329046365 -9.46708030798159 13.171924541548817 6.376098201254507 3.87624772238427 3.4989760973042525 1.3833710007431175 -0.8174302102274582 1.3341092168877022 -1.8427879840125618 
-13.026330996976208 -7.466282265663582 -3.106878264851626 -9.522848273240529 -7.499787614542699 -7.6530863681070915 -12.821783646345962 -1.4922033109106543 7.406662830486942 4.159042176272288 -4.736634725925111 
-6.648158964099088 -9.312184313339559 -4.720555966929045 19.036697275429106 14.78139669079194 12.032383181846614 13.226010895627565 -7.601790992711235 -12.201853122272103 -7.2313429708016645 -7.696322683202288 
1.4300453967620141 -1.2713158209908422 0.15171793508643477 -13.132594307810297 -11.668360836301808 -13.233978469269818 -10.882036339719926 3.4137289972331937 -1.0906635914206455 -4.014819909882963 10.771493189012897 
4.57315219096874 2.1015174325122468 -0.9518174827132103 12.012987902913057 8.780741253047657 5.722183471633663 11.536132880081997 7.957926802282106 5.483495061059452 0.5311406058340693 -0.3951676185496227 
1.6875597346683888 1.9999884866107265 1.91474424017999 -14.746697471368282 -17.951548776563826 -20.108440025587512 -17.14950818576206 -5.266209378587285 -3.454180379808151 -4.204863599042301 -18.88122444192127 
1.3322769739825784 -0.6625654012958991 -2.373751626589123 16.70506362486835 8.599880654491056 2.3945940684038765 -1.1342560446742025 -3.5273348537685507 -5.743538212921436 0.6161176233722364 3.147121017750043 
-3.1962294127775133 -3.3849193582054227 4.31302091697955 12.711590395501489 9.037436397677334 1.973657905274007 -4.8904485050148025 2.1031833551264505 -5.6276528644328625 -15.574583386757853 -6.2651334881531415 
4.815808017738296 6.8192729207716365 10.713270514611857 32.323584518557624 37.0940623884412 29.605913924474564 13.74792485604734 17.141201947447197 14.731659461869594 10.630808455452106 22.143653020927974 
