-339.8013101565173 -345.71294593441866 -363.6255918481135 -341.9928397791827 -284.2946687089995 -118.7623289309137 -82.46153206103924 -127.10247530997101 -148.57111769690985 -141.0321431365294 -174.58035890133365 
152.99404755694962 141.6717694288668 121.24115375578342 136.15315354425627 147.2484025669377 47.75220543960752 18.96610502809324 7.6187822852988605 49.27729845799103 51.43356096197698 54.81799951623452 
52.861330813922365 46.51430675625747 40.69463311187321 47.80772224689254 -8.632977107136927 -62.40057896164446 -68.27553837276838 -66.76641673223014 -96.81005702661349 -90.5550055196733 -80.01492079638318 
41.813717621728905 30.096537528091638 23.62626905258565 23.667799051448156 -10.603524026492796 -35.35756431744102 -39.43468128868135 -22.562827227190642 -0.6717579007879654 -7.254935562620407 -38.01963948276837 
-0.07374235032000964 -6.998525641784649 -3.5339319519171415 3.8093680704785178 -7.3423685746094405 -9.583995715124907 -8.222157147385404 -11.606241616217297 -33.98043986844034 -32.85057569636545 -22.698121035088725 
-23.20205535870589 -11.050246977435226 5.183553631317032 -3.432412756457178 -21.087518792704525 -26.94412002883039 -29.276588182800662 -23.42183936153799 1.4952071113112209 3.744475568746939 -6.999819265282489 
-9.584097739697789 -3.8595340351039646 -1.1033759551104847 0.13791051715462577 -6.5943765226938424 -15.209055612535241 -15.54828336495292 -12.171039676386904 -2.5978747456245475 -16.24851980748231 -21.846296092957232 
-15.477022292426117 -15.650024356210816 -17.516221656053524 -14.662253491266881 10.491613490199587 22.78444359033446 22.11855675303704 5.169620227484584 -0.899725536784234 10.512948132682208 13.995878035787076 
-22.44326825044491 -20.395108916140746 -14.027734998755557 -12.662904746792512 11.74915267275384 14.95111188524664 14.109971459002768 15.187055774597521 19.704612775178795 8.658596616453746 4.920694729250677 
-13.578994478442807 -14.98898175521359 -20.81459620925269 -24.758085150128416 -10.934990118560764 5.636887719971634 14.837872610123696 14.541352426514168 -6.628589816112303 -1.9986636936382132 8.114232078996078 
-0.08056481506569291 -2.7755365999163 -11.293683579909295 -15.092881701772987 -17.337815627228302 -0.18986445822482098 4.3009077183310795 -1.3448020357747699 -14.636499381215565 -13.355266877080297 -7.119844152383046 
-17.587779459078142 -15.444345978024568 -11.71775973209571 -12.98894885969062 -23.187526710092047 -12.86484623077981 -5.239351894382996 6.11220851363851 6.74377975553832 -0.15245364205316975 -7.196441773037934 
-26.37551268245319 -19.928872713956196 -9.879730217298754 -4.527300584693308 -15.718756720022512 -14.745023819916938 -15.15808462785544 -27.175749807856974 -18.735870890958438 -13.673947163009405 -4.21731448676327 
-14.114351789015837 -11.280394820093928 -10.77584165469963 -9.03489138025719 -20.066558426222166 -25.39457345555045 -18.28603520175887 -18.485840491356 -7.566910842906136 -4.629574512567286 -5.265667106138809 
-6.603859752293755 -12.9776975517489 -19.862212241704253 -17.85582853290589 -0.42295787719052846 10.276326721665715 15.00964037485446 11.798182731320018 -16.458914687627015 -19.422821426350506 -11.027531654711638 
-10.870360346855433 -11.330431924171634 -1.5317281846249653 -2.174784177226313 -7.108627148494772 -10.302000362941405 -5.747495216829201 -15.165858662205679 -23.277534474366405 -8.017504593042032 -4.2386069456381135 
6.327694609413594 6.938233613763813 6.369305696956099 1.623590139336706 -3.6008328738105924 -5.598334024537187 -4.047163935167529 -1.2424747437965888 7.158942293757628 9.197617751431697 19.031060790125366 
9.498874475581072 8.387304931774736 1.7904727751183596 1.02569589298181 7.3988557128809544 -6.533674397820306 -5.050011825830127 -5.026387932162086 7.010429865822891 17.96588329324648 23.830825264951137 
-4.525316646856501 -2.9917709488497852 3.115418882185055 5.860680346376136 13.229848155481307 23.473132660603845 29.624046243371822 31.71748254309711 12.502033387443023 10.89103308663633 9.11503482986723 
-0.21891111996792112 -2.3715422820127996 7.062890280495436 10.04797341502147 6.765831373508137 2.2680313403920818 5.584756776443108 10.076878770883717 6.451784284451627 5.52184277703195 -8.977633145390552 
