-153.5809749435706 -51.04893225203334 -25.108685304208468 -75.075139331119 -73.18822287060638 -42.052736654462336 -81.14341084269888 -177.38786887589933 -268.6919706142555 -324.87969508565476 -336.838860626446 
96.35080093908715 36.38018941452489 13.474916373096196 23.958340968779233 60.751713261385206 54.582140832114426 65.61790758574053 82.10417205102988 81.3885066143341 139.10717405757248 134.3223789795568 
-60.84631867501303 -77.02955123743635 -82.85377399215781 -78.01908231121678 -107.25758234726038 -104.86524052971882 -77.25923412343613 -20.39999074129169 33.726905271072326 41.721473848944825 31.364777539762073 
-38.10163722275505 -30.3626331858012 -38.079935896327626 -39.29966496012373 -9.894985566030147 -17.861720828313338 -33.99858614972749 -39.733027877808766 22.243839007864196 24.997706534596595 33.83053062342435 
-12.011094876529157 -2.558522648031825 5.117379519222992 12.951214167094866 -23.25148684808503 -36.079853329037775 -22.010559249832905 2.7764896197094577 22.43955477637071 7.37748975459504 -2.412508445157179 
-13.090080773306859 -24.772690558663065 -25.421349691451496 -17.96761937512388 3.8752842584682123 15.7489844690285 28.210782248009323 17.975131300701896 -3.432633889012489 -2.7238212242682454 -3.5480107244767227 
-10.925677914399394 -9.688490096619702 -1.946770234907518 6.453831365589851 -1.5255974192737016 -15.32807006952833 -10.514896914985382 8.605880218783472 -3.8924077813920053 -2.3425507128996133 -8.689867564533007 
5.329216948833379 8.006859516670316 15.100467262073591 10.86304584648905 -13.283941206554545 5.56562585817448 20.09746291406063 2.82805114487143 -35.672849824240444 -26.547023881581055 -21.474808770154763 
11.12284287619529 2.3518739366762187 3.579150960032785 0.2669376065657343 6.322783965376463 1.4649761376874335 3.2478606631933324 2.798457371857121 -8.242693237483287 -19.173167445634114 -19.77876648480443 
2.7269841498511758 11.967868099491453 9.176807841101956 7.615611590698746 11.27754258460969 9.41822762446457 -2.2106639886022386 -12.631659204920659 -21.08036694488385 -25.579630495015117 -24.74681303071607 
30.47819999762659 23.50553229172904 7.0219763775387785 -0.4628753557499057 -1.1228793704203812 -11.316038847855996 -22.22088660843064 -16.940154348479748 -13.624823818410986 -9.253775198477157 -7.50703273334055 
25.078965657270807 26.194936271354695 17.6938124473146 15.441670707485049 22.51492546439498 16.78208083874751 -5.102668925370084 -19.00519397461475 -20.016377917022925 -19.30185484135763 -13.177060261780964 
-13.606107054787824 -10.190179187212081 -9.827103023219513 -8.072831882727357 -11.052472550081323 -11.436290959077414 -11.927696391790917 -6.124058911876396 -13.489914685538128 -14.821485771761521 -17.004023901856034 
-16.3459130820087 -20.77150400005913 -14.670437237468475 -7.764752765632413 -2.745051535437459 -0.2752469856095794 -8.587028855052775 -15.405685563529648 -12.869969544335051 -11.140280847608418 -6.5653675937154805 
-18.57085358997877 -14.127142402126402 -18.623064553414956 -19.05270605711695 -15.056079647177146 -14.949057345004011 -14.671986738217747 -12.492144473310281 -9.430174881466101 -8.433673588363082 -10.118758648773127 
-3.4108607535224826 -6.675407365074498 -12.77457715920481 -11.52723819749487 -5.555688040640385 -4.750853291732403 -10.80228285640207 -18.513563799788262 -20.38216651251654 -11.442891571044445 -6.054831425278197 
-0.11945133590762846 1.5862860259854115 -3.132009685754256 -3.157394782894288 2.861357717743599 2.691606094669816 2.0242807485039496 -1.4990140710990665 -2.452464655156602 -1.68019271541478 0.4224814195324267 
7.0854663015996735 -1.069930996925226 0.18031226494769909 -2.630215234882083 -6.6417610289237246 -1.1456579395363482 -2.470130409192571 -5.283297703722067 -6.6089160688509665 -2.5198360451109965 -0.9989984502305964 
6.189372462960362 15.372164095375307 15.301430020917373 4.480600252045269 -11.139531912283225 -7.201142949554974 -1.409239046442842 1.6702644972397103 11.652354462192292 6.638365535939629 1.0196569173110928 
34.53168147668511 19.2622724720056 12.930666849007686 4.6757268904932925 7.9632148969335 4.295443238615326 -3.047837346099683 -4.3221596602790475 6.535078680262275 13.197547080295331 12.995980249884408 
