-129.47315848209263 -50.994131692465764 -48.956326166564466 -93.968333002091 -105.14787228733483 -170.82057133297866 -297.8535028102598 -448.08434984320826 -560.6308629376074 -609.6866260746154 -643.6632094645341 
24.550675828655052 14.494647240000155 26.39256964265347 75.09325277370567 79.84301870648949 56.65406342494474 38.374886344648615 33.32297982958806 61.3079873113525 62.9347481691006 47.54872092854021 
-78.79264188169327 -65.08632226081274 -59.46949033711134 -89.62832710168381 -100.8890410184105 -69.800466227935 -38.84397547934651 -39.94036235798619 -13.111649347708923 0.19891172826924752 -5.560477617595336 
-29.775918904516303 -9.719825354221996 -8.302568843175173 -19.515510328580746 -6.572590490870413 -5.190888242974296 4.912850072793804 24.859956441280765 -7.699556788298247 -22.188572712686028 -35.42942620839618 
-22.21273825496354 -14.52068503985435 -20.349605109603907 -50.07269942173102 -62.72320707668658 -49.6356955459102 -39.618077556275026 -43.52709236907982 -36.31460357028001 -34.72048433439873 -30.91770763887748 
23.294262978498 25.717880636315726 23.429101921792196 16.806230254332547 26.14969690348464 24.57000593300949 2.3373131169759866 -10.182116389798491 -15.267659162543321 -21.358970959531135 -10.01817823288862 
-33.91036314704207 -39.076479327585645 -41.222443853958715 -34.37606462333993 -35.06654664303575 -37.21330727735078 -23.125841920220367 -23.516124092457495 -30.45679708038749 -25.389222055415786 -1.0971413765740679 
6.027838310671728 9.787906421995736 12.710768290136185 6.207049228911238 -7.049315797720178 -10.97504026861677 -6.096125874284818 -2.3617648151026165 -14.20975621646475 -15.013482250751236 -5.689790762789027 
2.8598815395816795 2.301528042650942 -1.5204092202447308 -24.43045331485467 -21.079642682211365 -7.348376026185928 -16.53483956764599 -21.46409754745119 -6.881095546877997 -8.109002480891444 -11.028569684661907 
-0.29363169103306697 -2.315513254291559 -4.006462345877606 -2.394252547654001 -1.6949139329661254 -0.30110098431293575 3.4355024878566893 -2.2504291806484344 -9.141269195159488 -9.557860316573088 -8.691990005027431 
5.35415573274983 3.5642510343040934 3.6896056566290634 1.1481627788724307 1.126348025300598 2.8008031095640638 6.804502169108561 11.243311095432414 11.406637070602297 7.478930907211196 2.723943172998224 
16.631366616177655 11.793174829792722 11.293257345821107 12.09466378034822 3.968986306555813 5.746125666254932 6.362966158161865 4.3284836905892625 7.6555420348353405 10.588798199080262 11.967960700109789 
-15.95119629974435 -11.443410479669698 -6.6356306956692865 -2.4786702111418113 0.36448775179540605 1.360660845174452 -0.6063237569082552 0.184222845020992 3.412590014297818 8.218673293574406 14.28391143074198 
4.161713884655994 4.669879848715132 5.4713561648707945 6.472512768514776 3.2825095319965323 12.178285350854143 19.286160907052434 1.1919319075230053 -10.481674069674067 0.2972149386676215 11.892727149251128 
-20.162056944116287 -13.893566600065029 -9.567919002749878 0.8781630824614156 9.203363516594443 8.489915262954327 3.659201808494271 -3.0524646059745293 -4.273124406682559 -0.8602655932553923 4.719960006202738 
-8.106373643081689 -4.877510046489264 -2.9119564589721603 -0.8917973354592345 -7.06401599271104 -0.10069344569680365 7.859217094102749 5.735256362132439 9.069361105160159 2.5219471270847014 -4.252141627457411 
-9.040233850256433 -7.441546739214376 -5.263188605827461 2.5984872209882215 2.290806315015495 -5.495095238062209 -0.2671639232673415 4.5807263553298725 0.18557083819183184 -3.6038144459025885 -7.840074403550274 
-7.452273210344592 -6.67205875285784 -3.8994741506654993 3.1483267898465805 6.944887520516513 10.804150142372666 14.256498529499797 10.116859022534344 4.560356700906812 4.31182195451987 -3.0629782050521603 
-0.39575907168092694 -0.27777987270861715 2.1636172639413624 -0.3178535087179509 -5.7317065183051294 -10.098530142126503 -0.6317036919628083 1.1848351837003008 4.20413791794916 11.749752548493829 2.100487669855828 
-0.6586105489636733 -0.5308250340816458 -2.116288448157471 -4.589858337078967 -6.373726676077163 -2.198857719697502 -0.6160417770203092 0.4392514126769604 5.311249312297718 10.031517278784118 2.7406697077548654 
