-143.16759449146323 -74.76236947036519 -74.59346570015761 -92.9752076122855 -107.28664085733546 -199.85206616757273 -349.1155909811777 -505.93262549329137 -579.3200548709218 -622.4353182111687 -648.6217113164818 
20.738946806431187 14.687864659619706 24.63454396511422 64.10557028601795 54.36520977175371 30.387099468163207 4.788563353550896 37.18912200232657 57.68007356825497 59.11626841351064 46.32552912827643 
-66.04500390127167 -67.97735675650924 -74.53032619365379 -114.64114513144258 -106.23452194322721 -60.88273154219672 -42.03167656098695 -32.532220919937785 -14.874082491942147 -8.341452090171767 0.6395869612739918 
-20.935224328191865 -17.668691851452245 -19.94515752568917 -13.788627196931078 -16.33845776792829 -20.31266395090509 -1.0673446031970326 0.9447147383224931 -16.819513675625842 -26.06289818144932 -21.88911159613339 
-4.218467500289254 -4.6501544127673675 -14.822356553134254 -47.06651977652237 -51.04776514860259 -36.29888973553058 -27.165212008582508 -38.07714330405368 -35.03629493553744 -27.61606593565282 -23.165346034738967 
24.55033153905007 22.33068213994939 17.096735303198102 17.4415859746676 18.290277421615308 11.554174189198381 -2.7184085084220935 -3.8633562262874883 -21.996823769017276 -30.44300479150013 -21.221817737834776 
-45.51695291197305 -45.957795638194945 -43.94386469710804 -31.110895242991727 -30.99386231489642 -34.24051955745529 -35.38573508845015 -34.358943592512524 -32.5977797220836 -28.97705224611567 -19.758074812482242 
-1.7009722072503335 7.698369415487118 10.287593587388317 -7.083144274899407 -18.173636512736984 -16.130705381913643 -16.00535693116313 -22.344497781348636 -17.189458709136574 -10.460164925600413 -11.464363694073171 
1.7192050953652898 3.578523639055663 -2.2245567054540256 -17.478724268686303 -14.065095194762797 -18.09810272923383 -24.685930080331467 -8.845570130961761 9.634204665951831 5.867240930378079 -0.825284668424818 
2.8416281394033067 1.7206817871422415 2.6285300450501206 11.563552365539433 5.015424801236768 1.6374291942863406 4.19299174642892 -2.616060294092876 -0.23917865514701625 2.441346336982188 1.0390066616545068 
-3.6770508459839215 -3.433967692942435 -1.3022458605919645 -4.062163089538956 -3.978480202353478 -7.9888312731602005 -0.34084011211561516 8.913453437446663 -3.9307127435433222 -2.0866474246617766 1.1096838826424942 
6.01134329427817 10.36379842035868 12.57930168819076 10.85876832893426 3.6732383719178325 3.779737170046381 11.723596366312055 8.130560167356046 2.9271896987313744 4.0261639709254196 6.146175596707601 
-7.223766624756573 -1.1232255244535516 4.723459952689364 2.337949547248592 3.5310553921651344 1.8467229729948405 0.9894844328073078 5.045365696221315 5.716104568519226 8.425218304899456 9.584560115617773 
6.197696138617488 2.722270397896776 1.9126556365243976 6.338731486228561 7.52378794329036 6.748207563403602 -7.007870502894018 -7.171672668977976 -3.4157853666225564 1.1844662025689199 8.306649454214746 
-4.281533414111773 -6.613268868989146 -6.219162368218893 3.3173222789572723 6.213904555358599 7.134766376507343 -5.483244536514981 -4.819397689475128 -4.666112117604506 1.2151434433313761 1.402789136104361 
2.452581885317919 1.7495000890217431 2.7511672497519157 6.077908721987058 5.991303863496582 5.000381215599193 2.2694331837301522 2.9849465270523248 3.3350089954266586 1.0303048766151512 -7.236566139007048 
-2.133684205240193 -1.44641289706995 -1.2291356992726346 0.35163139265122656 -0.42404620979398794 -2.925132415350671 -4.03041177516472 -3.6900737129587426 -4.632894894640826 -6.751755393076832 -7.704359439589607 
-3.9905288399112187 -3.2161819075239135 -1.9363008079593491 5.186416596880033 7.442007724694155 0.8115192125302333 0.7831223521021472 -3.460962711498307 -0.38962649111792863 0.8767936338459128 -1.3968139002818354 
-1.8942984013537798 -2.6588427342692746 -0.6278755375844011 0.5650163663210044 -1.3432962407912297 0.10268175385336109 3.5654159656539814 0.2746329431368988 0.6749004509796549 5.732730804389794 0.9211454945771855 
-0.2264988578503086 -6.044304723735962 -8.919742167980623 -5.118850606055185 -2.941663078566913 -4.707548782563353 -6.892161389205206 6.356392046110312 4.577893267067531 -1.6588201621997556 -4.72508693634321 
