-501.481765818429 -497.3997456874609 -449.8588465160371 -264.35411133341324 -202.65183822780352 -206.77205540662905 -248.3908995701646 -248.61559400813795 -254.18815937775182 -329.5293146298584 -466.14497526131464 
74.08640887756815 75.5658145724606 47.79339862979792 -66.18591286410386 -99.58045372074093 -81.99253058185448 -24.614724575385225 -21.862359869325534 -22.697198803200145 9.867835184085784 59.86835763054633 
37.68865167654125 29.98182349765569 10.965876367333085 -22.051681120456934 -34.69637545212544 -24.23495477786699 -35.58673455830257 -62.606545654012706 -41.40726271832955 -7.405151704145162 19.218172855115718 
16.151864906168843 10.25294994978562 2.4356854718320724 9.234124532701617 7.8790824092556475 14.77711796692882 13.786246754071026 13.3008951331879 5.181878857094993 -1.8123086722538138 5.235776713101139 
3.4453265542063543 -1.0450111548237206 9.684279486248737 27.028461528975328 22.85250485112776 22.001588157071513 11.962048113426295 -6.338430413023081 -5.598940022370462 -0.8585297852256811 -4.71209344269597 
-4.284689699243056 -6.638199327775472 -2.025195802318889 -9.324146763553154 -19.64334804479458 -16.695444813828537 -0.05095091986627773 22.606651047767993 31.757919365113914 34.158967510921784 9.865307390149724 
-14.691431592419516 -9.710583090620325 -24.924641544353907 -33.648546975788804 -36.29944968273077 -28.784700512475474 -14.076191075846424 -21.300682992849605 -35.66056368527309 -42.44864929127482 -14.5416350440478 
-19.959101373337607 -15.568591515435353 -4.508766009479338 3.3129093167438746 2.1710277562337597 2.4299509483583877 -15.228469077600291 -19.88172084770246 -21.870350656512016 -12.930654799584651 -10.380750790386017 
-6.558647512808337 -12.12212151514052 -1.7044897784573032 4.716292334816844 2.6291359812593944 -0.6941526650934314 -5.336063197408324 -10.763879351473445 -17.30644396431217 -18.299555186954088 -10.315701064719162 
-2.227716689323637 -4.33219709375884 -15.287330609902227 -14.381733442771365 -14.311823794916387 -15.53950219005146 0.08051522017238705 18.575417904722194 10.02520533649728 6.589761148253655 5.2703641088316076 
-6.4379351890169625 -5.577589265671966 -7.885758954364926 -3.49428527053981 -1.2435448138094554 -1.4942919801623642 -2.016321429746475 -9.511228529489788 -8.412887289241896 1.0266711138767544 4.300333897014644 
-0.649667314057654 4.636838887495669 -11.252573714783992 -23.815467844033748 -22.911005935831355 -24.715032169971167 -24.424113156150945 -11.437675276934936 -13.881712634863842 -18.900582632838784 -13.13790556757543 
-5.196696775912082 1.0344979369801643 17.603296552729525 9.20819553906612 7.158710379165362 7.404115294733458 3.100370624330616 -2.4618536653687415 -1.6890155745781161 -1.3020655981352123 2.737037033734742 
-4.6420632672413085 -5.637521784699788 -12.527933203304531 -21.966666937400014 -17.63176031645144 -13.846252766900697 -12.590810154240913 -10.368515430652515 -13.110463227913298 -8.332480546849546 -7.877740221198239 
-7.051741959333218 -6.328781943011583 -9.171481360778952 6.988871314198326 9.26732369447836 2.2527349692923897 -3.686244742775439 0.6881996911297636 4.370268263991641 4.573866208879178 8.23338294379296 
-7.014768126938883 -5.648174476783427 0.8074966064941771 16.627443467707756 18.604624322215646 7.186289645350499 2.264488957103623 -3.033709981883157 -0.27589895195828396 0.902720755729566 -4.453269244638923 
-0.14464929620534261 -2.0025723167093927 -3.7494634555054973 3.122626441743762 5.44488868871976 -4.681212525778964 -13.875817684453903 -11.125263239065335 -10.623955549653877 -0.6642149556665222 -5.968763308493639 
-1.710392788524977 -5.7202845010306795 2.6571954436203797 7.295768369963937 11.789276425120118 13.934647820812604 15.285821863466367 6.936318399916586 -0.4857863771797292 -6.4436829644517335 0.20120083410348866 
-0.7028202158495223 -1.6471892208384402 -14.935997812558238 -22.848699811696463 -24.30040122678556 -21.446090149588226 -8.878957466907135 0.19263758850166074 -2.3709008591799137 -5.702539903091684 7.711943734528685 
-1.2509474638202192 0.8630585551506391 4.603932679832125 -5.026777323275844 -10.225649054450207 -16.300319611721577 -5.225196203404998 0.7563724818460236 2.6772252472969713 2.0312796066888374 1.105283423811765 
