-547.9667587775997 -387.6186539268926 -89.73608717560575 -11.303358950776127 -36.49556178740717 -34.63177948415164 20.94594200176017 -19.49808555602699 -105.92084659370869 -202.1503107410905 -340.5683797022675 
6.857473068022923 144.9139048145255 59.315057046854804 36.14740522435708 33.85681011246436 54.813214925986564 23.250312909538522 1.1619704291203004 -11.82713201674312 -42.792509035504814 -28.4141982148571 
4.75536508868554 -19.68216533271609 -63.77870146099352 -61.48428566224489 -54.582484193873775 -87.70344653475343 -83.49838556863557 -58.901162753374464 17.10784668746657 37.289217109298534 22.2028485530831 
-0.6189030346692305 -58.164084844429865 -47.13293315659056 -43.956270557333134 -41.2171279779942 -27.662657766344655 -31.499478360858227 -35.4190069487135 -35.52668094271746 -11.440265123337422 -18.85192559205575 
-23.999070698025523 -51.354594948995164 -4.149664506798462 1.1495198312602897 -0.8948137480524272 -17.430494814326668 -21.07977798739568 -21.645578755684724 -13.903174081720065 -1.7482623964662287 -33.53740286466523 
-12.744446904452008 -21.77080004870499 -28.92127634909359 -29.45553579873475 -31.76745373443582 -34.33986881230733 -22.898840586945006 -11.426304059629835 -5.695078453345442 -0.3647827302281481 -19.23703460819113 
-4.528654434676592 -9.464662636967821 -32.630137406974164 -29.255193303247303 -25.835330739624133 -0.1710993760231545 -8.096266580220595 -17.14620171044504 -11.274548645049308 -6.477908876438848 -16.66531960398141 
2.125772736802218 -3.615009988009344 16.405022234419924 16.21475664123632 13.374076310607943 -11.27125111806322 -13.509975105030131 -7.861906738640421 1.4342809393678435 5.149052919570789 5.1299503768157795 
17.705266361802003 5.895222451803869 -15.594783013907223 -15.830853406478685 -16.80665053819696 -14.779624104977465 -0.5559293558593014 4.080483840408153 3.577350403686096 3.690468177093317 9.824491897316541 
-3.5716224220805586 -14.810665150891749 -0.16363816944820675 3.996206482619468 8.996448797591022 8.466618587194551 4.61581632843032 8.807729132141963 10.433377227911015 4.789739361759411 0.10079294814168782 
-3.87621202139527 -20.513481677679252 -13.145040559745421 -15.624950442141856 -15.316772321334373 -8.729331472831124 -5.768730282117675 -5.994300084063048 -3.139401755819984 -1.336458181335041 4.0956050697311115 
-3.2870936395580546 -14.301054325668089 -25.040373989348733 -22.857773576851052 -19.611864392325955 -13.315416478806434 -9.88007692701498 -1.4299328508881282 5.561104894509388 3.3060302485328066 -4.30422379658894 
-9.725208630002822 15.452074092736598 17.656982448617633 11.58059455503279 5.164584293530295 -3.65891524833976 -9.376377435038044 -9.623547113379185 -2.758976364575244 7.4764368536191625 3.685765215909118 
1.1690182254352237 34.25778418411589 21.455732765233158 9.129989781776542 -2.8153689250601976 8.434833140315224 8.3706341929616 5.245961613395654 1.9300865573095034 -0.9696486139631094 -8.427961526193005 
13.266930201085588 27.614055602329724 26.34329993588803 23.862867562316644 19.47164005169602 19.608069582339766 8.12681966437325 -3.251296737635752 1.099871265524351 6.479009262889052 9.493013855760303 
-0.6798483810794371 9.287930618179047 19.65312003519294 24.326805895306244 24.979442937684194 27.572648879737216 30.428076494521278 14.881544781519349 3.6171371015828218 3.887163504990092 -1.6900211127968954 
-0.8233623289135442 4.049452488038711 4.580021533081698 10.602417319558603 20.114181614348617 13.828235395817675 16.940819268760894 16.44916470602014 7.371092429537093 3.1062429833690492 -4.2104255436174345 
-3.593062369539409 -11.014397917159743 -8.531616275431539 0.7043902271490451 14.239912732539885 0.7499797969949646 15.878464768645797 28.440130761283875 13.99157236199951 -0.5528146130096442 3.5005771899360374 
-7.5737936720529255 -12.576499492668558 -10.302464789223208 -9.796698857261402 -6.238275502421429 -8.474847726490989 3.1987416506552435 23.612895508996484 21.330814213696627 -1.4350934949631289 -5.525296134983588 
0.2141391845745746 -8.657716840949421 -6.0619424086805225 -6.297009470749573 -7.737736998951882 -6.700518260219098 -4.731968336739088 6.806988448052419 14.381052123240373 4.746344597586574 0.9319829170964534 
