-667.1451155448144 -471.0867264546466 -116.82122517111854 -39.54086895651745 -61.03886862948801 -101.73027787242015 -110.34461885945724 -174.91221040300033 -338.118293445261 -579.1993294279969 -599.2988750308641 
0.8804704005709436 5.677332838847741 -17.268492346378412 -28.16327382256012 -25.82255538643507 16.652286186055697 30.912702474597424 32.06128562152111 45.66695339110492 50.717387623089905 45.99749996118429 
0.4134760013202282 -61.827844297333286 -61.41614481441132 -53.87158009470602 -49.75690089505224 -81.31486342245302 -91.49454681313051 -55.38406668807265 -38.54006049479525 -28.625175563175176 -24.082871137605057 
-0.07088602214147635 -40.0461634041548 -36.60648671572308 -33.035173718172786 -36.03056811406152 -50.35939592461037 -34.71502085550662 -55.36957558543841 -67.28424209324068 -44.96261397986517 -37.86484578139239 
-0.3623535749649216 12.321762857839921 13.675684126050523 11.411394733155173 7.257004168339659 -15.636178360248554 -33.504661982568905 -24.54853758846694 -8.556417012152021 -26.426305864504055 -23.321030080842533 
-0.4351858865292221 -15.021423728192062 -28.241418216856495 -29.922738683873447 -25.360994465424998 -11.157644432801554 26.192444041143546 34.37151046826453 14.011703404050023 -4.703302960591295 -9.145704474833671 
-0.42953417090355434 -39.93223196432074 -25.49696589510679 -23.46638004178523 -24.6117290230031 -27.997772009297343 -34.391863957945404 -29.507605702065476 -23.144828684957503 -8.769673405601436 -7.477529143274445 
-0.498236538924775 14.51005881581445 30.2627981903972 29.999470766190342 20.194183582498034 -3.614798360586132 10.208942862291487 15.798012531035875 10.702636303738014 -4.576845557789992 -4.902658301869042 
-0.652831474605299 -0.0446446385206134 -10.54899856741628 -11.688740546811118 -16.504711567946526 -23.511834875880695 -26.388267497099186 -16.549176947022083 -16.24315436705252 -12.081169262223945 1.2105439568207397 
-0.7414192289617232 -29.985742989008653 -20.017564265978407 -19.639262689550147 -19.29878813091731 -9.85529354177942 1.234570923179242 -0.8485236473424383 -8.23298504329945 -7.9637808145856095 -3.2753657566692422 
-0.5790255474893531 1.0685381246623242 8.466144819912325 7.559050885774541 5.788741473768223 1.6164742457741503 0.6621049639414825 0.7635540832906447 3.1670608467623635 1.8604509220524375 -2.9494054754920613 
-0.12161055766969082 -5.7385645156278695 1.2895051235180113 3.981503437249818 6.341410542200919 1.1006715262601137 -0.377917075280134 -4.195861245134028 -0.6198130789797568 6.919068363654043 1.2438748920503016 
0.46430316182964343 -3.881226238610143 -0.7811770971761091 -5.249207665362772 -8.48698956803949 -10.128353065077583 -8.542767521538876 -8.994124472871354 -2.5580759836413787 0.8118806114134131 -2.915819920834754 
0.9002278842887488 -4.6414976749119985 -9.349519162936884 -9.626696906030134 -9.636563878038286 -3.684759023308958 -1.386116269399058 -6.181714789574972 -9.361840102151886 -1.7038353170359428 2.2631933939834585 
0.988158602974818 24.90049242744886 16.89019769425049 9.613006686050715 -0.3570228258944902 0.9676800731665193 3.2486293552565355 4.094588353697875 8.268828051633019 15.98929603403919 13.79924774312644 
0.7445314858971959 15.792784242151436 8.619842860486438 1.4506614821097275 -10.592056796248414 -4.923910387975583 -3.7234645152182257 -4.483918763775982 1.5695519200786443 9.985646167049216 9.84130845678328 
0.37027236246142214 9.439027862818604 22.975076378291337 19.407118994965437 11.766581298897705 17.461023129137093 14.657282887876418 3.6728120918191776 1.8351777259106288 1.1821141308167589 2.6171356408560333 
0.08473853852924346 2.675725914647767 18.400416870780653 19.56624753767325 18.312490276069322 28.501120669073444 27.61573129795277 14.971726314255658 9.308761227142146 0.4064309412434873 3.934844230458495 
-0.03899950732581603 -12.281098049005074 17.703708138400053 29.316347764622975 35.92875886085099 37.708318527505355 37.91424135611145 36.858428961895186 26.81016348127575 -0.6546379374970679 2.6691586164296046 
-0.10427752238986049 1.6881025791704087 2.7664912927815264 10.800406210512802 16.621555905279557 5.196320104064345 13.212309478477597 26.044779195886427 22.350677254284648 0.6641147656903719 0.7176771536332275 
