-654.9697200945155 -646.2094516354755 -641.1449676927874 -449.30222936109664 -176.81718681828983 -105.83591107080426 -128.59922496191436 -185.9683830858368 -217.78184919279062 -220.96035290674635 -304.44276962369617 
27.060565206710628 29.771765593945076 31.772991595419207 60.52068584767133 -41.19739250507551 -72.4585199014398 -83.92088967307957 -47.539357683820825 20.621684538047624 16.9133186998504 33.71357058741973 
16.26454072619844 13.67018682009885 5.4411725821725705 -1.9714583408406299 -30.12222893896086 -27.598744357056994 -11.190060427550861 -24.751582376770536 -75.78069132051326 -72.340736335603 -47.249588049971265 
15.607800314318345 3.8289755830580963 -10.075449177856807 -50.52948945137429 -44.1555924901039 -38.580165563031215 -28.183700724049306 -48.613497315455106 -45.06568212230661 -50.284368691573974 -71.61657980317472 
-1.2775754111716118 -13.734053404060269 -25.250189152320154 -27.372247918998426 -11.86467918548793 -4.243875723734223 -1.7644571828335023 -10.297108581754447 -48.88956516808749 -57.042753446367335 -55.50576202314272 
-10.941407864645768 -12.401880476664877 -23.63215165300646 -28.873664606323928 -21.192682833613237 -14.325704158433247 -11.962363612422276 1.2912782948811925 25.26885473540225 35.959555183440145 31.26745845965094 
-24.220009615450486 -17.820873911828656 -21.562582424876247 -34.39590449018 -30.989854213617875 -19.824607107791756 -11.758036586883481 -1.5255297806821844 -3.5531711221541302 -22.012435896126718 -35.36021034972232 
-27.031957499121688 -14.800974735891618 -9.79903095011979 -10.619883408733571 -9.816837237035674 -5.978243310251666 -4.636060192051919 -28.413171897643778 -52.38017706442214 -35.98921323953441 -23.828388433745808 
-14.763544636215508 -13.844736383610012 -8.736119546373258 6.256965274109435 -4.894719176693641 -3.377540669390077 -5.6843327193697615 -17.617296480199666 -11.702138063077836 -9.999192012138149 -9.313424653046052 
-14.656498943193402 -12.326774341779455 -1.2100824924600029 -16.403866019061805 -15.65069988534631 -14.117324115216515 -12.728865833972254 -3.486886453721405 30.63294139462382 38.4767053104849 31.988647003750646 
-10.42314900973551 -6.8971956343808 4.484397347600789 -10.795656218579104 -11.735779924776708 -13.152108271308546 -11.207335581369964 -15.149384010935488 -21.924104758040837 -24.248648163143866 -17.990006447668996 
-7.948230615478028 -6.506710510001843 5.088760298812491 6.580923121039909 0.6172465861748453 -1.1572816635898668 0.37537879969466204 0.2763643198269896 -0.7816027805219219 4.967353018853251 8.28357987722964 
-1.193056169431589 -5.956081563624716 -3.764569785739942 11.723691784605705 4.231816131869731 6.550151302826404 10.699680994290809 14.640051484266895 -8.200275516339502 -9.891320528838149 -4.707149241836543 
11.032305426171167 5.036297173592122 4.405016989882163 -5.320395933812233 -3.1180984565276066 9.603509222090365 18.14026286773008 12.758089528913429 14.920864508335859 12.804873068559083 12.885503845421812 
6.590563188622998 6.879453321324982 3.929055207419652 5.991425437326346 20.815651097117364 33.294316544292215 43.657026941168 36.01483060855199 0.272199205433591 -10.33181377063579 -6.811837219653926 
5.702768838492247 6.127878505050182 2.1895070581614844 6.6224696238123 19.37562857583094 27.05035397835681 34.43641814972598 25.89542162489648 4.083290339087618 4.099752208284038 5.178558956635328 
3.399668019664419 8.425666797665597 -3.54786851218053 1.2400522038816288 11.424133527623642 10.180393659525528 5.011920916046823 -0.2391899883697246 1.3376762350727718 -1.3420833349532222 6.416112286985596 
7.010498235566589 6.545649345033626 -3.605382625129548 -0.28976081774363616 -2.1126520105259297 -10.509112518730038 -22.13258629076117 -8.754218689388814 -5.404712788765928 -5.359132794313866 -3.486352522367347 
-0.5609749895974958 -0.17378646843176912 -1.0089925529615404 5.155520870722446 -3.1322752333064114 -8.326020609132364 -11.721686866127481 0.02238049274707421 12.10751101675569 9.626574680484277 3.6527075255774286 
1.0767152645440219 1.3533103329830574 -2.3433535375498176 -10.481936647893379 -9.695449404974987 -1.9826985398813808 8.544555966059187 5.3483769026900045 -0.3238094369185183 0.08024699834428661 -1.9976083311610138 
