-532.513455966758 -536.1963825429342 -542.0177329290015 -543.0040198410364 -443.3634359961899 -179.80708138857366 -103.64786768915326 -70.60095020769023 -74.73353761521984 -112.13384097928683 -331.5178833170443 
32.24412906904027 34.70732682568271 36.67653700249328 32.32091977475325 81.72581204452355 16.062314779124577 -2.8721076935470076 58.09909485549696 109.42706025060852 103.15786569903403 103.77122318189515 
-15.072706057415058 -22.60400582538131 -28.368741192983734 -29.746085788123587 -23.104891735058956 -14.670222619048594 -17.37193652307724 -1.9692441696138712 -10.82703717386256 -12.782209047305324 5.524969766499795 
19.862783207214456 14.266549416698012 7.314840299251804 9.186638175748303 10.1077394324943 9.361626588466182 16.068376591509175 10.754051237597702 -0.21934283037006186 -11.494840207866279 -35.48286064743968 
-24.519796408233816 -19.998133532700805 -20.157163512228042 -22.743444990607035 3.8831370259805995 6.059710281495404 8.186827225328974 3.9158088456306146 -20.614128716166615 -30.16191517080567 -40.465867636123164 
-10.430103588329688 -12.851810920692726 -17.603085042178698 -22.579385008089417 -17.78409861306659 -25.476520798610238 -22.741159375236947 -3.418807193635507 23.42989202288849 23.631988762016604 21.97283310725487 
6.993652824415313 4.35119043453261 -5.777258864722946 -8.191797583833214 -26.625803510507062 -35.890570039863675 -34.97613391358121 -19.87474611480112 -19.571582336682546 -24.031754574723 -31.17775040919283 
-16.664686269743676 -10.023308915479983 -5.1597684567986075 -12.16076688394403 -11.368738839051009 3.180806324502454 7.27351391696924 4.872201165283299 -14.193875006023513 -14.09880111953608 4.1179430803835135 
-13.189245331670593 -6.22086001005748 -9.016942307879681 -18.6969435823013 -2.07335024440783 -10.734292658323698 -10.777554062022414 -16.396709369815106 -14.199302725813293 -15.478695853179804 -17.199407886104858 
-4.808448620737569 -6.220170549205047 -13.845126238463882 -14.754523868944387 -19.738678186967725 -23.436709449599064 -18.292214931614474 -8.818086177306864 -3.1160845408361952 -6.540408458159453 -24.44951380937127 
-15.425214358459105 -13.060281505010888 -11.57881055989058 -13.867657546006395 -10.473008150666615 0.549218474789182 0.7618960124111358 6.21335711350157 0.30611067447222856 3.537121048035367 9.10188338853788 
-7.9286898023586465 -7.278636780490414 -3.826248034423341 -3.5409365298935755 -10.241102247053137 -13.817770151357687 -12.07300152655814 -8.556063817995897 -4.840568687776827 -4.499068513507457 -3.956970534909702 
-6.723812389397447 -6.194442410432405 -0.026945656478065294 -5.005420510788962 -12.381360921182797 -19.812057811449865 -16.249689613018287 -17.692147335633052 -8.134134009419999 -3.3374461147235306 1.59461369745974 
-10.670424714014729 -8.343023204600891 -2.8302980220282348 0.5550380946741988 -7.48603662032653 -6.780726802704158 -9.033298997863398 -9.791715143726261 -13.523468838522977 -15.627103795614762 -18.550864436172038 
10.949492977441817 6.2808645686099505 1.2672552668352202 2.0821560642122705 -2.251779209222336 -5.354947240725229 -10.29486078486043 -0.4277863341842876 6.930381856288051 5.142887775742949 5.829147567072436 
-5.693469465905378 -1.721314146499091 0.41540116785979697 -2.9344663414129912 21.72351909802697 20.15953253175919 12.488468974193495 15.182381300044876 12.861047097599245 12.65468488496122 18.351371980624336 
3.9326654995840924 3.9275353303356795 -3.228005767247353 -3.6726838935099453 -3.6923694115859838 2.5043606813969865 4.055498457188925 -6.694939727900172 8.809296060087867 20.490116302904088 45.29194401340631 
14.436100533739477 5.940812605701066 -4.407895804549858 -4.052898625888282 10.230963366306614 21.487674742981092 28.096877540906036 1.3105202152485447 -9.416524985902397 -1.6255943477308405 27.10123124806242 
3.1948373332656903 -0.15937008355783672 -3.1912254131299007 1.0667107007056713 -0.12941887380241213 15.205650412229545 23.101163243322105 -1.2501725785811268 -12.676084023709421 -9.408752972343176 5.820936816787304 
6.5691973049096095 5.652212230943459 -0.02448087673112498 0.4948506276202965 -4.851582412977393 -8.938918747749959 -2.1678888242723167 -1.63647869208621 -9.141761288339875 -14.541663075506309 -31.28539399735153 
