-514.5225064952726 -511.5799440676538 -515.6617774957716 -520.3401551845718 -327.65179982704706 -198.57349232890607 -153.4742599506945 -191.8472372087418 -256.4036777413229 -237.78160741005937 -273.85886095103484 
38.27225849336821 43.667462869692585 54.00528797894668 59.047577896341494 42.42648710068783 10.45541066666988 -2.7344869778785212 1.3286077581020979 41.304974365615095 59.033786585644286 58.6111369559501 
-23.761391872637383 -17.098915335129725 -16.120462739632814 -12.10786319537593 -66.13075580579914 -53.81359342640821 -44.62594790082549 -39.81365856102713 -77.29374225613685 -87.76869637798495 -69.02892125028472 
2.458552383549217 5.397769228057224 1.03435105771028 0.4505948835265825 9.95434396797155 13.7159003391156 18.807326313426692 19.09813115803372 18.11409979622662 37.96326670628397 35.10049556270495 
-26.808673491071715 -23.03698961344178 -23.668752180508037 -20.54176750786913 -17.025886434543516 -9.14789079657763 -11.44909241064358 -15.731984479450528 -23.00440375529513 -36.43247719639314 -38.30789415296074 
-14.108304720132429 -9.171245290611317 -3.9080162406507153 -2.5412826224689473 -0.435213123219654 -16.017179906400077 -29.336440595610057 -30.653892966057697 -3.0055158749437716 10.210277884439979 20.011203291489046 
-29.116388817496453 -29.23008589725768 -21.551008988033622 -21.164076773571004 -34.06081023050343 -23.591136166336426 -26.516158796113412 -31.83370548512127 -28.019664846141275 -31.847808232031596 -45.68437262310388 
-18.214573852747122 -19.6439113934787 -24.090290812603712 -26.871847732534512 -16.35577552644502 -16.904643587011236 -16.53769392882277 -16.932314735957565 -36.50399498148975 -47.876827433882696 -43.94588542644814 
-15.015352770897044 -17.052718361688083 -22.294845324411284 -20.312068721241765 -16.860538479029742 -16.866299043736184 -28.137769796973913 -35.518119289506274 -21.640181655819955 -12.675590816371248 -6.6919584787536115 
-12.113141677415658 -11.01839449783541 -14.002610423384455 -12.087949825247355 -10.82749203373967 -5.219208069752767 -2.9845825962672996 -2.749065389812343 -2.044243019902522 -3.9105478212352005 -7.849510129656882 
-12.664159812260227 -9.270452010713717 -9.152202011466704 -8.786232724620909 38.724837009554676 36.860193253698796 23.93649805103348 16.29619371168137 -0.38617016867245213 -4.902193058334902 -4.1900604212642785 
5.938010121393589 9.01381126518033 11.61468992379709 6.5359657798460535 16.242731559307003 16.63968696235493 15.96021529637887 13.062320005082764 11.582752182029033 17.214670214045334 8.106767189138623 
2.3663412094140823 6.3886363317953565 9.049871802726754 8.251111751462206 23.205881107570548 25.803140263477005 28.95090909121685 27.686628473338143 21.625951407895084 11.490463805006502 9.894488325116306 
-6.040923945637585 -4.696059761836092 -5.578440715864078 -4.25852428962023 -12.631517934416994 -16.02838302901405 -9.186341903177443 -0.9187687011247149 16.880301611393854 33.90997154514049 42.54154819582707 
-4.619913952443971 -3.391435126115577 -5.627070138460276 -5.0544599490965 -19.618333909121915 -19.32966696110239 -14.023290475055546 -12.872963803271471 -21.154732883400975 -21.725560946214053 -6.905486014022731 
2.840272378869248 -1.5266786442028446 -4.55616055769368 -2.520769102234303 1.990562030373577 2.178701372228422 3.106241700454653 2.0141318911750625 -22.043603611809196 -24.865165914649232 -22.776173531588213 
2.840312119800669 -2.0428882918736626 -8.236747325666002 -6.4122855351395245 -3.0047270688995424 -0.8271221193362113 6.641747169558198 6.236164997911471 4.7637357961328135 6.613865225681645 2.345930202192447 
-7.064811770371582 -8.785338283084 -10.406016853742218 -6.816567125482935 -14.302990665804742 -10.581674073034105 -2.4874767466045027 4.981484861659525 4.9824244348845905 -6.23151090215538 -9.320574478799477 
-6.768416530691535 -4.096915895026497 0.7604558244960637 1.6629359337610272 -22.569016515252045 -29.78328969934531 -31.15465698309091 -27.576673014068966 -21.204074756664802 -5.457926170521546 6.5274718333867945 
-4.7955141179938545 -2.5555071520095134 2.4539808528425473 4.315554815462232 6.764296892337481 10.108443500393076 7.014570546854385 2.0753642779734403 -13.213614560257739 -26.53282927678336 -11.300850000879798 
