-571.1545877870371 -564.135020222665 -228.44119872022597 -102.8367285894038 -95.80459185367349 -112.74361446325514 -79.23095354557033 -93.1218798629548 -195.79657062341195 -346.44028532343697 -469.8154439425164 
60.28972355377581 62.20488290077389 67.32253378978984 43.52518137431164 36.141388617779015 74.58832231409409 91.71830207404354 66.18198111463086 66.30778977393346 63.2337599554009 27.93363875147982 
-4.041093450656385 -6.082379848060613 -68.984184530282 -58.05611187654421 -54.36839264353632 -86.43752709136947 -114.41599783059905 -102.95730611999326 -72.05797820650096 -35.414933861270015 -43.21852717776987 
8.179617572680467 5.099723989339092 -19.006632352620606 -18.69964801072617 -13.815308110118343 -11.715224625610462 1.2454719981400795 13.392035494570472 28.360866389836946 8.140514693857561 6.612899254761372 
-1.1928657083455798 -3.6909079326372503 9.426367766865084 8.018986347779894 5.919328514578147 -1.6889024706370277 -11.041039495062577 -23.136184603325624 -36.3433185487628 -24.012366924447683 -1.460133006952441 
-8.800083774915745 -6.220628689269037 10.389334565957437 10.089486205850635 6.846628415419351 -1.406186056431552 -11.099210754433663 -3.6821758108502016 5.875694557307271 4.558224832073298 16.704700077160474 
-16.431374372422198 -18.72050462689539 -57.98472159285251 -52.74869369670877 -42.237274587400606 -29.0422254128754 -19.093384744711475 -32.833722286126346 -46.11262799705637 -31.575322948304247 -13.942788821768534 
-13.032173905524699 -13.14512006625569 -8.218326389644925 -8.95148300770724 -7.020072403274122 -10.665749211187364 -29.176790389925152 -23.52949533733294 -16.501907672315884 -23.628687623104497 -21.239493198126528 
-4.498890815272066 -5.348470501956539 12.625791492640039 1.2326753427121488 -14.029771678982044 -23.4457277137921 -4.183059930036507 -3.2315140056550726 -1.7864139113247475 -6.476131731941162 -10.303409264950853 
-6.809047989577782 -9.082322362016354 -10.313806969562824 -6.085054450142335 -6.876632670245792 4.040047988671851 4.229601291011461 1.3142404105142003 -0.8967058399499052 -2.9503878875096072 2.5151603792313546 
-12.620424074362788 -12.864025970328552 9.392544053126947 -2.909755138089938 -8.466921377590342 -6.620864959999391 -24.22652945892836 -31.271621228917287 -25.652218215266025 -9.667469366698466 -5.23050899606262 
-4.811417666359665 -4.161730279648708 -20.38157120395279 -19.05583333168021 -21.89550019794043 -13.61166518742911 7.180629229205634 3.9090684436322904 -4.317202067594237 -11.148996051416535 -8.188795116647682 
-10.172516880551605 -5.43980778598636 3.8666400318290783 -1.7645364666222303 -8.345962423302204 -1.9178275730490917 -8.238952719423464 -10.788425211773202 -12.536204374307193 -6.429482060270591 -4.603492046204538 
-11.152986488784585 -3.7626424108795993 -0.1569246987400823 -8.147542906285732 -13.38985046505314 -11.23141463442126 -7.146362618035043 -10.86159429226598 -11.094288882857821 -15.819319315914289 -7.926696799904633 
2.0148251556199366 0.9574805988822652 15.623321041559905 14.184805598784386 13.047562801728773 7.869583827190718 9.052022653048189 6.865149682274325 12.520645902628733 5.491543436320631 4.5576516685790835 
1.8174582357063684 3.7563910177511968 14.599875722889527 12.926268594755108 7.884650610062378 -6.007463293120222 -19.42128650646312 -29.48161853200701 -25.182615564579365 -16.319900627928448 -12.347383093329626 
10.661939363467955 7.89398905304474 21.2998578487018 24.96210239188091 23.470079434323978 16.388530039410938 14.762633786618116 0.7618347523807716 2.530806906427822 -2.2215224097547774 -0.2415974049135574 
5.928638934666386 5.311811958114274 17.678371725126702 23.386929495276206 26.827667052442553 26.911143336961857 14.974729025296199 -4.662921833665749 -14.6555843885218 -9.087700873867261 0.0539590148114871 
0.7204287767727092 3.897599758184527 7.5821517271861625 10.164335724740976 13.150563065627743 19.732667355736915 25.56629467006096 12.875135764763407 -11.586628141667457 -11.008600160090154 0.10590732624422411 
-5.7702265282250735 -6.304795882009406 -1.5669387463077622 -2.429273500901744 -3.28246316844107 11.691566333048705 24.730107836541602 23.33994300659576 -3.037603870049272 -7.007018772154826 2.3319205254051107 
