-545.5632363813631 -540.3306603366943 -293.0659744926222 -105.68328851432345 -72.1894428798989 -110.45762582274176 -114.03120641097709 -118.79766130299816 -211.86224800774298 -331.26131995599053 -423.64733928124514 
52.70607435122736 58.07222095821524 57.32886595804501 29.05052303233769 26.881558112061143 57.7740102896386 111.38293971532508 93.18065337250545 69.25860127878056 61.30987639274871 29.20288967986894 
-14.591739314218966 -23.701633723384905 -58.94217561540091 -58.0558520938753 -58.70968545690485 -67.95343044096055 -102.57655101848306 -88.49280986948165 -52.96547324614855 -36.77731998061695 -45.53189536323326 
-6.654559828349042 -10.608131594640069 -14.898553058877578 -20.23389856988126 -21.391784140672108 -30.22094357997685 -16.927230292718 -7.942140571407347 8.236499574940884 -5.423517509214739 -13.392391648474222 
-5.365144405655734 -2.9644655579937824 -9.1016832723768 -4.861477043904886 1.7094447565660957 -3.0972352394574054 -8.624187812558912 -15.176101002112087 -28.243848819973437 -11.334994692607573 5.937033661950021 
5.627747545204605 2.481737741821658 -24.030213161546246 -14.676334972945261 -6.156811095962242 -2.32214640557004 -10.00295506937764 -5.207344442569972 1.2415457658872626 3.3488234192518065 9.373366540402426 
-5.079088985025807 -13.2773825962603 -57.426105902841485 -57.4085913584173 -53.39613854965559 -39.87906987881493 -15.150829126985307 -17.29449296366345 -33.645648475631496 -33.75985076694573 -16.77287415491228 
-9.344772196205891 -12.755158076091057 -6.37451419671315 -9.469781079541864 -12.486066753781856 -10.575395126289504 -28.500589589796206 -32.626816276254715 -21.574418474939723 -19.92931927446012 -6.028397871873151 
-10.123473223847668 -6.301314834358431 8.871890092763461 -2.0136719944027304 -10.888474810303325 -18.334729587829443 -17.736357785461582 -7.029835345344047 -1.758313819589677 -13.336275061965809 -16.906746855923494 
-10.560656131587464 -9.60759282935808 -22.649975792114823 -20.36144092254099 -23.997607937073568 -19.801493355321202 0.8295844283128101 2.8821837345210035 -4.457299982365576 -9.278453539894343 1.142840670277566 
-0.49046955253326263 -5.576118837022658 5.48916534248502 -2.1531953232628953 -9.732960125708143 -3.5079703223950185 -13.060503690479564 -20.819499506826272 -22.28442771992952 -9.828234357033285 -5.623717940449501 
1.4423381555120522 -4.567933136976931 -24.67977516789353 -32.97207353658517 -40.27811083848596 -32.29157942804556 -8.502527222822726 1.7920224194523258 1.77261260078214 -12.959901382360655 -15.15714457533999 
-3.185769414006624 4.599134496907364 12.66146016614686 12.25922267160679 7.2299786504479915 6.95543640022737 -5.963368280576809 -17.128833911168726 -14.340218359583503 -7.446471539108924 -2.586616702604459 
-11.512350370794124 0.4535192560620792 -7.298582896510748 -8.974824112605052 -12.217053647912337 -16.6693298139817 -11.725342619431498 -2.811946788649097 -2.113671409437985 -6.3039902069711236 -12.286818428190436 
-14.224644075460088 -8.633375651938607 17.43576573316447 21.5618100690114 20.80418381104093 11.792525179173404 5.984109966618616 7.788721500468113 12.758649439366692 6.015955027838439 2.9264345161935514 
-8.95516921231702 -12.034170822719954 17.047425930461525 16.67842424694394 11.214903108753134 -7.003136819250713 -19.16613937485303 -22.134328488215708 -14.706960776642765 -16.367079068478837 -14.49159852760234 
-0.08843609707266964 -2.929410884275055 24.239414572471755 26.098097574813874 24.26032822867214 15.210859355075993 0.28229567931954747 -3.080190440178799 4.042603893293963 1.3891505585018122 -1.440323714778323 
2.3842026616137275 6.7671305598131735 -7.327721147631922 0.3527420852158243 5.951331138161477 17.290772731089184 15.730992444829054 -4.965085731022832 -8.979516168820883 -5.657925790978556 2.633944528386171 
5.783987313171995 7.36260786064477 -15.668954067977008 -12.271644667720194 -7.358351002293952 14.574102633819919 18.1364949513954 14.030468965163188 1.0911937631572806 4.671565096342448 9.778706415314097 
-0.8130007073877155 -4.881116259869707 -4.82666432661197 -10.475164469888881 -10.924943023701282 10.064024140298631 25.39867411106472 17.944814751658637 -3.0770517151527916 -1.9988858350906469 1.2757180080836084 
