-565.8851542374457 -570.1138594740316 -585.8395233438912 -174.98577609068803 -43.76226128504994 -49.50204705185085 -144.20300997168314 -162.34184089148792 -205.03807172252843 -291.5019260197302 -427.3758221335595 
103.0772330069833 100.11483763189176 82.60391177967335 66.48155206443826 50.25619371305825 36.529017679115064 34.073232931031015 92.80662432240942 83.99808670379633 43.41632703705782 43.85479957353488 
28.842801201005116 22.88517944435197 15.270510723152567 -54.95017501823423 -51.62771425296319 -47.13248540351361 -38.50085809205426 -36.566003349304914 -5.586544833629931 -7.2973870881143235 -6.782298296547308 
14.233850237900768 10.57902296198772 7.784832624221725 11.12627342575347 12.141964235952152 13.847574880718334 15.79285727612572 -5.232974318501665 -43.428606167772486 -49.02950302995343 -16.674588603722036 
8.487020725170257 6.677237432005429 3.0696521395954948 7.0069530477589375 0.04523885029964603 -4.922865963260099 -13.694995662526283 -10.565146309446202 15.955348587146295 22.23595075146735 17.223061101425017 
3.0501815654933 -2.215449498894482 -9.349315791722782 -32.7193449691069 -30.307820899981223 -29.35588810598955 -9.160667490752141 4.761235310331369 -8.134117177202937 -18.02982754390886 -13.074139551443517 
4.870932666553232 -1.7783376661878312 -13.3218347537538 -21.001107096885008 -21.090777378066537 -22.876121015751828 -20.103440668799344 -12.78164122448958 -18.23459240516491 -20.563639453813515 -14.514212744240368 
-1.8672399537842668 -3.464332300789271 -7.571949198520324 6.587258384165583 12.72378640670748 13.269303847014811 2.2755814333073903 -16.61164435652031 -9.766198337995652 8.820720966363673 24.288466240634317 
-10.43345105572601 -7.481401659833937 -7.730508318435846 -9.262650215967962 -16.59234471489662 -22.06313476636816 -23.803192125528916 -19.32870282284387 -28.933047289277816 -37.49388596324279 -31.38335443780479 
-5.415178691293486 -6.611208336823943 -6.323680173720199 -47.92572262865864 -47.21786011849643 -43.32016652187344 -31.792829263865514 -37.9849508292308 -29.75227843701815 -30.11721918637423 -19.017319014966123 
-6.815558157473855 -9.682356520695928 -7.613043174046179 7.0543867648669405 2.918343282262648 -2.2040201987958388 -7.089124615188583 -2.116040943527562 -8.366586881197835 -7.2290647268798 15.132060678321231 
-6.091063340939714 -7.594658001588499 -6.091016086926912 -6.674683276631688 -13.769076807971274 -17.77277039757093 -22.17474974960088 -17.145827749145162 -17.806868077628287 -24.91099048169976 -31.103931182688395 
-0.09501963889775655 -1.2807832030692388 -2.9132471799059156 -15.061876145517697 -11.37558316417526 -8.13692699953646 -9.757547026211139 -18.35912738482118 -7.442393482353149 -1.5638792716377035 -4.559942663214674 
1.8239159931371831 0.030546166707985933 -2.5891795621594635 8.306717384704054 0.9961581132259218 -3.4051021668718917 -3.942101438992717 7.730834094356256 -4.450169066010622 -3.5811775941409523 3.176514181273199 
-6.680301724326757 -5.0223648830487 -4.802870067265309 -7.259135978619513 -2.1698234733106245 1.0498814513742514 5.864112142956422 9.090645877694126 20.268954466954906 26.485547278097417 22.971437215531353 
-10.116675140518367 -8.458737239808412 -3.148442532056928 -0.04581453910459965 -0.26983185647586616 -2.5389166893948047 -3.0682497374957043 -3.549506158160873 -5.309545991476757 -5.895587605096832 -1.8619934713648252 
-9.94367769782653 -4.118374697564501 -2.6512957581677306 7.5296048681949586 6.603372822794593 4.0520252572296105 0.24584785143648105 -0.5224949098341876 -3.3280011267306837 -12.906655350663133 -13.804905535003748 
-3.4836438756200994 -3.994532720285049 -6.609852980565863 17.48142170027868 18.996065292365603 17.915543014452865 6.342130288026379 6.440945463616587 6.984262442231836 6.644517073079678 5.649897825001902 
-11.52071344171838 -11.40782101947704 -9.371981047012131 16.634044272596853 15.414633684864816 14.29488687943369 2.150602744921608 -3.6675411363693877 -8.51162178296226 -8.104097151878392 -11.903549625204933 
-8.377853887839617 -7.41258222254667 -6.6689060541847915 9.117635865149609 16.043644746722546 19.052431782402593 10.375601125286702 10.637592528971112 13.918503654883185 15.604524676797976 11.400915098627635 
