-625.190285431025 -637.2471440981853 -663.405040567322 -263.2235764448343 -91.193189544129 -61.22194100985356 -105.15961577905564 -92.9731976591364 -85.84616754910769 -180.42161063351378 -379.6415228572846 
84.9267735140414 68.71965570911797 38.90862520888582 22.86418813954247 4.895338298452176 0.10749500812936641 9.602693098794736 48.28401844784116 52.60045173398801 39.67859608670529 9.672400403818871 
44.53245845265445 33.425478752882384 17.95110357005482 -74.548443961109 -63.515855848470295 -58.44712044045773 -67.82256959436619 -87.56912497959962 -70.05745251494139 -29.01384787658147 5.023891454206292 
6.979136787667747 3.627871547074741 0.24091908996114614 -0.5657832515541122 8.217141946812317 8.837894997807076 -6.861768720288653 -30.05146677838244 -40.264043801347 -53.48297379264441 -60.33449744238759 
-13.53363547187855 -10.780439885245023 -9.1414861614323 -39.10859643694056 -34.62250815369474 -32.21074166561884 -49.148250122298315 -52.30006744130494 -37.72936454846884 -24.75550087081851 -3.0938611904178472 
-20.81953743141309 -16.782539933192446 -15.311692541845433 -28.84420704410796 -25.34027783309066 -23.735367514247642 -10.87307487243009 2.430191084138994 -0.3844934028498199 4.848267060055909 3.031379143643158 
-23.606214382350956 -23.44246827070286 -21.54855531362348 -39.08865796545743 -35.001623788721574 -34.83545992910041 -25.10314769819476 -0.7518182724748743 2.773601892980788 4.182950474237705 -2.026935552225035 
-23.838637571347036 -25.228174487837798 -23.147781154699572 -0.7860330683778174 9.072868370163153 15.15960749137594 2.3825550001232116 -28.79468862489344 -28.12903962212885 -27.196641269920647 -22.75534636106527 
-19.8756803786749 -19.342166415698827 -16.82675629304731 11.690730573607592 11.88102506875196 5.493911899721223 -4.4272623189136056 -0.6737851101881511 3.075549000674008 6.032515663489042 -4.562545639478853 
-14.235912898269977 -11.890447549918047 -8.058252348861568 -16.90402060154713 -14.381813170521621 -12.694960512415697 -6.940128380399958 3.195354865001816 5.445636821362058 6.074346870173843 16.791248773441005 
-11.608474145071238 -10.134481784024706 -4.6467982525930545 -7.289184222592406 -6.082537283866404 -10.250342834080785 -15.280049746215626 -8.65226920435397 -4.50748178815238 1.4172018023388566 -6.454767095594267 
-11.22115618973416 -13.388381602620845 -6.073310798388671 8.833292317159554 3.3662712991196266 -4.4995160560144205 -2.6209933238554273 3.878955937046997 -3.807775480724165 -7.905224311227418 -24.23266437113341 
-7.443666880231681 -9.831531157666484 -4.334238961066848 -24.495615008622096 -23.736505189081605 -27.261373597755664 -25.424197417310758 -15.354273562077612 -19.89027591830712 -20.753714109660706 -8.47945234805974 
1.1144093721739163 1.360966094790317 3.41022139248148 16.82756575750137 18.689087782386515 11.751036256572547 13.846222693569429 15.374834475751538 5.594521884041693 -8.154595207210956 -14.293142187216226 
8.13886987132909 10.236033458774603 10.624664635910886 20.956885259766057 20.807428566402592 18.43299456021955 25.99737223391638 30.78125733736296 21.98810337322709 9.140649370956947 5.6888784942227915 
7.924837276815362 9.59504652989806 10.81033409346591 2.485090937543259 17.027091367052655 29.82378386593826 24.928199679159924 20.314517782133002 24.462514705222368 15.583338628413621 7.411789396880604 
3.5340858543618188 2.409978258502062 6.297991236578833 4.326570547065189 7.087154766270841 21.104560743339405 17.95980934787688 8.975282779238867 15.125951998957936 21.706142242081796 20.078815934432356 
2.627851445894616 1.057646383547436 4.4848492461663945 -15.444750545819918 -11.923590125283262 -0.5449960216023082 5.86979808358277 -0.25439266109077596 11.551071941199991 27.49053730590999 25.120295654314635 
6.914170544564035 6.004844313210995 6.55935263554772 2.2559776171725296 -1.0610226641783955 -3.073348549139162 1.2650613021298136 -5.331003569715675 2.51069202667522 12.697390257423839 0.6727909126778859 
10.374007437782918 9.237532080614223 6.9490100964919455 4.489554403024185 1.797596673189263 -4.728322114869684 -0.5819438346240742 -1.833627932673157 -6.003523024052532 -4.680773160448615 4.558199469207574 
