-535.6957834952182 -433.8001528003192 -174.7626457329749 -110.65233463271947 -137.40679533766584 -157.4038187113735 -124.58257374790091 -133.4867477190696 -176.5373570078386 -268.49125814332984 -420.6006403071081 
42.06497814916582 73.60648516085625 37.220998468923995 16.197444144265866 18.07749277441695 73.52751075401083 71.61105750873907 58.181311181453125 81.81999296366281 81.40894726404326 25.121675623615594 
7.864287241493059 -63.67187908822332 -85.02470075916781 -74.50113472465705 -58.40067954287376 -104.41881956860809 -123.01668756442695 -102.28695520398242 -74.28509545775245 -46.56267999256285 -47.61843436063912 
2.4398154881572682 -19.901404925797355 -16.120745676692632 -11.96150259934534 -8.96218851094315 -29.87320423890546 -15.502215815930942 -2.390205993111688 -16.279190374670062 -28.27775913020504 0.030207486057632515 
-15.489620686186496 13.464237993229336 13.26113371445836 10.97244961961215 4.544348178842916 -7.020685340103799 -16.45483758255109 -22.666707261595555 -26.243489016850145 -20.879505756634963 -5.187291797294734 
-16.478701594140134 -16.573787954095405 -29.925419922370672 -31.279640816956338 -34.4946517823027 -31.767716523700635 -29.724901593423603 -16.577785705713925 -5.975914882459984 -9.339594745414832 5.042477085091785 
-10.52879775027939 -40.460218493573564 -42.772709141137206 -40.6640685927788 -37.3689297163795 -18.83874440369845 -11.984245360366092 -39.56368568133688 -57.34758948990183 -46.981850428376134 -24.980180227222093 
7.675451374374266 0.6984028658856163 2.2300826687784046 5.566351234890439 7.677668575934478 -19.630710268915934 -38.369316836313004 -24.093028108278794 -9.503886565090927 -9.822178370753859 5.550813659454317 
-11.845084196191582 -3.4028099661085776 -14.313384204709568 -10.897756317529637 -12.60376751715478 -28.753678008351866 -5.148869878616909 0.9302828161580136 -5.142708178548256 -11.502632408782897 -1.6994829034156804 
-5.808584283557012 2.316923079881091 -9.133240049474331 -8.054091847257892 -7.2989584850427285 10.655601537660086 5.937998598571064 -0.5154835403625908 0.8520311894271726 15.46863241792612 3.907537407882277 
-2.9790818176214717 -10.39587117428879 -11.186080933892475 -7.602136806335474 -5.789462315513853 -7.647724038555536 -13.850469010755305 -11.433111011850013 -1.4784262448455963 -0.8016918023001682 -0.5471813424822867 
-1.6804987100044044 -15.099722086863956 -21.541886363294708 -17.07752198422979 -17.063161233263695 -14.837160660425049 -5.002460132546458 -7.664362685020664 -9.793305947390532 -21.762859266484462 -24.23688803860179 
2.1580982491399197 12.654286974426533 12.382915070519108 8.54702939332511 2.9719830777744454 10.134543508551072 1.3113049899851712 2.284522368377668 3.1100130589014707 4.579211251728399 6.038051037076789 
-14.888150971910978 -5.3356709901707235 -20.34394457443571 -20.56410417999803 -23.603354591418935 -16.038039642571132 -0.5351994903578108 1.4689094755090988 -4.852226198645888 -12.499646561191398 -1.2230805133291667 
7.940334895621377 -0.44672993092900937 8.020599353671908 5.89895068691385 -0.7417617648959681 -3.77301939016001 -15.130477071742716 -18.072319177111602 -20.21665077896497 -20.47745987936719 -17.025072331787428 
10.927290577726184 5.092572955702003 3.586335559918383 5.781227618219083 5.262164821803038 1.2834126265522114 7.100175206715585 15.985360160156059 9.565188586115008 2.682486302322684 2.3455595186807816 
-2.866542335762554 13.321506710759415 23.40658498218154 23.16524070351556 22.559946675291457 11.77095994672866 8.780630869424016 -1.5862333856573398 2.8154460604683527 2.2368600379632486 -7.094680314929801 
-0.06946565206294031 2.1096794685710716 10.849098114195023 19.542972993104083 25.168361118167937 22.68038534330791 20.8113987071723 17.104861496242695 17.51010564928334 17.630532182889745 2.8144255631648614 
-3.1795296959222643 -8.510433780741181 0.2697176350812752 5.486333201356123 7.4286271933966725 8.997996890899906 6.900346158088855 -12.9271729632066 -9.854450921628377 -4.887921947979579 -8.509130085131373 
-2.6207956426456143 7.9602744817005275 7.44353828415209 7.292245995295653 4.030625458210224 5.79346191031436 15.641616763818078 12.03965199692471 11.61179132840751 18.07938115215598 10.355147601322889 
