-380.065417301768 -422.5345647812677 -288.8478735506973 -153.1231818489368 -131.54209116726565 -162.81798192240123 -123.78867552562471 -90.12922703293721 -112.19701049990145 -167.36756854918406 -280.17149869644015 
21.354717873152488 26.077894780430732 90.5887967721539 56.83660371182491 38.60134766646195 57.79240956392453 76.39421655684441 40.751718953267925 38.87076272200058 73.36207359514303 68.47786164420113 
-23.892581833698145 -23.14445863688898 -70.92913356821347 -74.68533310617147 -73.55733855591981 -77.3694289625055 -104.76720003233629 -97.25901342331073 -82.17295756413557 -63.753584252809844 -42.8385319111961 
12.545950193437719 4.926051808829991 -18.697830342818833 -12.73197974375984 -3.098748994146323 -10.82812534799212 -24.297697041301717 -28.249804286296698 -31.25982721217916 -40.31890613148684 -23.62123457381383 
-12.78170302765513 -14.287902500073008 1.8751365007745058 -1.815489282255614 -1.2550970485233666 2.0916775670592678 -25.32633540000421 -26.258405129269313 -20.252818212559024 -20.418190027378238 -29.634127490571807 
4.414857649945925 5.536316168119443 -54.966892462051256 -60.52730963725958 -52.1761478128305 -30.79372987355716 -14.293372419040306 -0.1739854691468825 1.7481423069904158 2.879723532504247 -4.334707861199785 
0.2336506840029755 -2.0018652505203205 -55.60816110241498 -48.24100566415666 -38.45891543614269 -22.4216465868226 -11.779097390533853 -29.124429359277663 -53.57755848343146 -58.063971900419034 -39.30275900115619 
6.527084425232333 3.9471709104011716 4.1191178482604105 4.081621629371214 3.610078371939422 0.029030808074988035 -34.181062632281105 -28.511738868892362 -14.805924434360634 -6.475549498199576 -12.083096815600449 
2.830557882492897 -1.6034278852750263 -9.867351991318632 -13.12358779008116 -17.14118909749643 -22.74397958490098 -1.9256390545042428 4.709211941290295 2.3740110725627255 -15.827309447367384 -20.25898161270304 
1.626536328632728 -1.7215076960267384 -1.602444289831106 -3.668668749384251 -1.984903138290588 -0.8766535691601249 11.781249534750312 10.853088630105518 6.015693397042311 8.179950395628847 10.10155018689661 
12.794393758702299 9.390262075055261 -0.3052375854195247 1.324451569152806 0.6294760869405354 -5.138422984490214 -12.256601377946863 -11.860123014608233 -13.65504874476908 -5.7826116147925735 4.7646237042800355 
0.268815527961894 0.8610854227613041 2.227457544987746 1.079900807417213 -10.929359970294435 -23.413061421475042 -1.3112546759868602 -4.593660557527791 -8.79522706809152 -12.503457483846784 -20.256322320823898 
0.6052979780857599 5.5539113845355645 24.448659921030774 17.738905993407506 5.6710002321960555 -1.2653854217089577 -4.540283939108061 -2.664511947968249 0.20848982813120562 3.261000510576726 -1.323604154410079 
-6.260179910574303 -1.7760164374807514 -6.219578840933732 -7.225686429146791 -12.088954725970716 -19.495120452790175 4.150883227458635 8.494615649278945 9.667093396283768 -4.4794467910346025 -14.14558982163414 
-7.761296291121325 -6.448631177863113 10.44142106871738 11.942095153159231 12.852478126541627 13.66047325676917 -15.710436924553962 -26.543627361835693 -26.294889725043554 -16.42092782856112 -10.659515880216205 
-0.9104150469594108 2.2734674070248024 1.6281104668118254 2.769080917380455 7.945158739913187 16.27341007762831 31.83558529131165 27.031242594122965 10.8582003746925 7.493297094149773 3.0675951055700725 
13.426337468084846 9.95637303337439 17.818114165612798 30.15475117416387 37.4456554017836 38.44750284845375 28.336848997006612 20.352736012915937 5.282339774219236 8.86086286409273 14.314036531206192 
0.07803754774158467 -1.4877995572029463 -3.21285171969354 5.0957407864568625 12.286556431537106 12.034755653870862 18.238751448360873 26.57389086969313 14.761383326496905 15.972069325216328 15.865640739286768 
-2.383886591191015 -4.263953785266979 -4.385061122545341 -1.3419708052428108 1.2786262517639484 2.4650231201020425 7.388099127323731 11.684983677411946 6.028720517755714 9.023932392246031 8.413029739134144 
-0.49345889365383144 -1.1978990932268556 -5.567789609810513 -8.605192026004502 -11.147551215173628 -7.133052255822667 0.5970216915267833 4.8313061329475815 6.083913007512448 5.416285390056407 12.340349172346555 
