-645.0740979169142 -644.9767540916266 -522.5431808253545 -398.51406781496013 -135.58853554205047 -43.51663850991459 -61.42324556746961 -155.5558865377705 -123.56544772787765 -45.08829377298172 -21.303994824315332 
37.229054865204276 37.55453044819906 148.93688249592964 218.69825473539703 76.02774761776007 42.726680923680455 35.91990527798305 54.11794336773714 89.95589199854243 66.60113377669609 60.63049187076702 
19.07460901488674 18.57961879486217 23.259048657586668 -14.757380682704888 -44.044781415406014 -52.78905742888865 -49.48776118572187 -62.68298465623283 -109.63065266271902 -104.5736612440439 -86.31989612572838 
6.171411551783351 2.9846491377275894 -34.27428453403176 -40.3046723423336 -58.556498194248604 -68.37717499057342 -69.49522469522469 -57.81937203749579 -54.421136458208196 -50.12547759789662 -44.50054260315615 
-0.7464120661256349 -6.027947824939914 -29.121009659634293 -11.471884334758645 33.97949350370337 34.171808755421466 31.336539443818655 4.637892677776424 23.126054620028963 19.6072615277065 16.253729589593274 
-5.796049110092142 -10.104033385049656 -24.42770898052715 -27.829858358884778 -28.061889696883448 -19.88845579133826 -14.533182182116818 -16.663499606387504 -32.590215863200626 -30.143493852604763 -18.400053182535256 
-9.400687590223026 -10.450871932704391 -26.4646500267163 -36.85982765011222 -57.09938546751343 -52.32413334041905 -48.20732063023466 -16.969009145427272 7.2154106431536285 -3.1234483108698567 -11.23202911113351 
-12.00615275670981 -10.638805352575432 -17.194767072026714 -12.312975205114398 13.49035665081176 11.48874035206535 4.2348089966565485 -6.72000927010122 -5.07302706962189 -17.19656058963956 -19.046221586904863 
-13.594736149915828 -12.691063993355547 -5.164092351044676 -1.325973339999128 -13.59856043955314 -14.603572324746672 -18.04432460855695 -28.815491574496612 -34.85807041745953 -24.102487916928965 -10.913391352611601 
-12.72047463654149 -13.204084699149927 -0.5358937019380249 -13.011822954670404 -19.03821254268595 -15.163205611367882 -14.065933591010754 -9.99782298257816 6.13889588217136 14.000817689137747 13.20205704575605 
-11.565522631973668 -10.938940096061554 -0.327202820872143 -1.7670050189709363 -0.8677672814399879 -0.31296925713479573 -5.146264153833604 -13.664962223855646 -9.084176109724543 -14.399254001469805 -17.101903529223534 
-12.794928766177422 -9.4037332052526 -3.6437109160317736 -2.746491344734678 -7.758882991532454 -3.82371176515002 -4.568334253008636 -0.09922147104332085 -3.831887082407656 -2.4986532213660517 -1.1806013922856686 
-12.487918983719695 -8.729119365596894 -8.673225955280332 -14.321981150723886 2.0758382220955456 0.1717533584779497 -3.135507702432273 -6.872790723637298 -9.925609613983116 -10.35817475699261 -18.62679513533721 
-7.420925271034292 -6.653484145538013 -10.244350140335687 0.15452416656453588 -2.263353647825679 0.7911617464549161 0.12385330919796061 0.013983389939726587 4.195022567456899 6.603406384867615 4.7211427187721196 
-2.7036898540387693 -5.279523541647672 -8.704444156748972 -0.8430367357910382 -3.2157807235178515 -4.883928290101792 -6.430259097218883 -4.734243524476632 -8.05084428987504 -6.303488256593969 -11.305312573927676 
-1.860203445990582 -5.3293024578415675 -3.8194619880705014 -6.408798310205073 -5.973109609462605 -6.780287763106886 -5.146035131258014 -7.7175954776726154 -18.77221622613222 -21.645214530741697 -19.271655037268253 
0.20679592869878102 -1.6727786720946298 6.099145335508428 0.4670294642130952 2.67953231015263 3.1753925792086672 2.017309043569881 -6.797005023770235 -10.571420197189493 -10.55463004345524 -9.252080879972056 
6.12857413420285 6.067696523928861 10.366061168668459 0.2918078095980395 -2.206529232060345 -2.922745033624917 -3.222883131074633 1.1975288028841184 -3.9708971545645313 -7.38232735869509 -4.436931746344998 
9.983178231305033 10.419573229902605 -0.13596397383452472 1.4451743436469027 -1.8849227669901132 0.8336536461679745 0.7847174850650678 -1.053513655373162 0.0432393456889123 -1.951960785335542 -0.8846000305798764 
8.248884792647035 8.866206224774714 -10.068248699220629 -9.09283758448009 -2.13435099843177 -4.765257514110607 -6.529256836780146 -9.142568001996139 -17.208838387888715 -15.611911267178101 0.8549391126779773 
