-411.71519135034634 -371.2526398355159 -227.7096390880033 -56.972849114112066 -25.960150550759234 -79.43512932589005 -90.95387816361249 -60.098072041597575 -72.72671580746515 -161.47124937147694 -249.00626207056968 
-44.699293771163155 -42.76547487993769 -4.36487482458804 -22.45309699573704 -31.595267137295266 -17.39849634134965 33.72651505487834 17.529463892908467 0.6133467010615581 5.755383691280883 -6.112032481966251 
16.39252736132378 7.243740308014266 -77.27488701104474 -82.73719291142082 -74.9307001144696 -72.33608161193098 -121.72356327664849 -130.7054735386276 -89.10622168412722 -50.377032169094505 -57.224693717383424 
-13.294722917158182 -6.875007725649346 -4.429038119012173 6.650818942732059 7.942921329031722 -7.214721795154638 11.098687244046793 25.148786217148462 0.16663710293296197 -20.68842003541377 3.8891562808046163 
-15.358905070073266 -7.394584963723652 7.893558529142236 0.8007321472162025 2.1145735172851516 -2.8967471101404123 -25.379279303382575 -55.70400008441138 -52.469636455557236 -28.909086486783792 -1.7716416482651824 
-12.449065366177805 -11.400106730197281 -28.2310674596284 -26.472264096103025 -17.60791033166759 -2.678015361367485 -7.136424301467818 15.549671914407607 17.029625515803442 14.90196844004676 7.666957918449713 
-14.162560386071217 -21.282713229704253 -33.03750056289884 -39.88932862178374 -41.459431734987575 -39.23828580524811 -20.5590924654706 -32.63192076692934 -31.381808866465242 -35.13674295943869 -27.030632831664242 
7.080468511318145 12.883516236977897 3.7652425018375935 6.20943944657628 10.416658284987744 8.49635670706153 -6.83770729097178 -6.593484187578743 -13.683116075755713 -11.81989579236881 -0.9270608190388976 
-9.87179053515397 -1.400620966944059 -0.22097785050589053 -3.8873248739143365 -8.127721901942552 -18.811897647335613 -35.818087736255066 -28.868416502536668 -16.97431034297049 -12.500227225720591 7.656641230503818 
-5.951206788219766 -5.473991424925739 -18.510591783363665 -19.7818286277521 -12.004932767157221 -8.017869581444472 8.03601273377761 6.824534103199827 0.651531060412516 -8.316951771907759 3.003243521372022 
-5.457424326086781 -0.9864152638649404 6.731388502441403 6.032201254405744 4.335213850406522 -0.060653426155003784 -5.015542217522 2.9671844943540764 5.112753425770102 4.77880631741086 -8.303444135820286 
-0.9675897226490204 -4.266653741379738 -4.652295230696459 -13.418507913003339 -12.234240904709065 -9.823294514897913 -7.0802286201355145 -9.32316471780787 -1.9257430407829386 1.8230548541374567 -5.134609536329224 
-8.191355577699072 -14.270213133357633 -9.257089219082554 -12.813297284490364 -18.086467935912268 -16.442764477925568 -10.06018237712825 -3.1060514440920164 2.7961020672582917 -0.8227584621797064 -6.029740801627574 
-3.921739449178385 -2.9531620772776006 -10.098317752976431 -15.173526591462554 -19.630699102154168 -18.722225817074296 -17.54215911602071 -20.844851006271206 -14.338278318033353 -7.529880371279049 -0.2517868341976319 
3.113374043205238 -1.6464022358875015 7.308052852259069 6.4651801338628 2.8952608389933556 -3.3498050745531938 -6.104460870788966 -2.239923855385222 -7.018793440634023 -8.903351653113955 -0.4574922907414125 
5.319365286257979 3.7852992806483234 28.843286517712055 31.377775696600835 27.616789340697586 15.099013653159112 3.661180005409858 -2.120297618844347 6.850059676692785 10.484196601762092 -0.5487721670992552 
6.151510111454761 5.504268193405251 15.777387474043131 17.936312753815855 18.61631093926746 9.954570936640943 -0.9074240103359866 -2.997197358006904 -6.823429038346673 -6.33848975550163 1.0105101618813723 
11.583123632275347 10.293285442833444 3.1944353251955833 11.326772481669607 16.4278310871229 18.48472539268934 11.593872773073633 -3.9452132219139915 -9.226217575258694 -7.907385243640109 5.661667156891319 
4.0979531714467345 1.3298455495635486 -9.714596962474124 -9.70881508099015 -3.193038291533492 12.66214032210095 15.542959845658475 9.934599307433396 -10.089037389069992 -16.00983223896185 -9.04442480276251 
2.550650634358439 -3.8996332648522287 -11.002327478389901 -11.581606464678577 -8.4952857350546 11.717014456764513 30.536168539888347 29.068488246518797 15.745359176005916 3.8762412642820827 -1.7815616952510989 
