-414.1387148791922 -407.2109780767942 -411.3044710807209 -184.25885404354068 -73.35144039421596 -79.63320923600787 -150.92811480205447 -144.43944977075424 -166.22899340335857 -273.2712053244921 -380.3743748663205 
-26.2157658752378 -24.33961421815838 -26.628779223986612 63.434488511995816 55.7919946049207 49.70322027703928 68.37076713771026 102.9977051203138 95.4833176804994 59.68656308666995 -24.09345061926367 
6.947739962474813 -0.6608070841638297 -8.549272745400527 -37.43578498229145 -43.36467342200521 -42.659778544303904 -57.54234576188757 -53.37490572378776 -37.83878687828377 -7.715257854304712 3.009246709345639 
22.5710750058242 12.9984166484415 4.6619950005659625 -5.607371349853394 8.753054013368192 12.134852519804774 -20.07538202259439 -42.098516045899984 -44.00341532043865 -37.82292031336412 0.910050395549897 
-11.586793611519841 -14.096217601518592 -10.898573342119981 -20.388460867512237 -27.71237236472782 -32.7706196026308 -30.48146428556154 -33.415576850536794 -41.006876896414965 -44.8846548738038 -23.78271834527822 
-0.18777321399032976 0.7264103699214832 1.2208885341808677 -25.848171052142973 -26.01676234408657 -27.09158862515629 -13.508573532775955 -13.879043390372138 -7.39426084903714 -6.893581953996291 -9.161344439253927 
-2.3164959067581936 -4.5559377340380545 -7.162225468256149 -53.17472356316608 -54.95049765188734 -51.94315072222203 -38.47041937414086 -26.175731413998772 -23.93159056423454 -15.363726212059907 -21.56641530650789 
-6.954423287868497 -6.773013442225716 -8.089196774965018 27.354487071632956 29.612981506762793 26.78592852056309 7.351078180131055 -1.5078028496577252 2.6137124178791513 -3.59785934413038 -6.809297677903616 
-8.105841358498598 -4.621336295887609 -1.5420969319181657 -1.9198248055804752 -6.514174575939087 -10.004125136240848 -16.140717094719097 -16.999094327019343 -12.838311530996528 -1.269485367112171 -2.714991132400507 
-11.600403226402474 -12.056282059422175 -9.62497114866744 -16.342844814167343 -16.31574002107387 -15.336592927203396 -5.436462336790143 6.039169361599171 8.177465937599427 0.06459100665737877 -6.489610728707991 
0.9481780979481927 -4.479960353031261 -5.908389308914 13.801538044561248 15.222374161686187 13.703677766393326 14.838299265515673 10.639474607126747 12.119391871746252 4.114846683011185 -3.181442130238409 
1.6961402380917603 -1.663440635660644 -0.12162888340503031 -25.854141314386986 -32.14661446793121 -30.18992327826922 -25.748502716670007 -24.60979961585468 -25.981341076713086 -11.526471849646649 -14.675621987791942 
-7.731408510912461 -5.888033637472708 -6.755173263318257 -8.285083654982541 -3.9893896992701445 -1.9223059026316314 -5.455740865879707 -11.294671327144187 -8.01272712717595 -5.443116779268061 -7.860569367558057 
-13.657247887594604 -9.232881172764872 -3.658968505492839 -5.24196407665179 -10.134182842421211 -9.990713633980778 -1.8809832472707517 2.6502265941522642 1.7374363328207378 -3.4775946057477194 -6.363540008434965 
-11.186236238328052 -9.329092779549484 -6.666194782853683 11.746356754275672 5.583522860142514 2.480768320775489 3.4857571065784745 8.964783328946506 9.54031728172945 2.5123267354060244 -8.330352809100502 
2.787987214074709 -1.6421271495652285 -6.751653370184682 7.268905321851576 4.5690692619728175 2.617603366468789 4.145407881767781 1.47863915909253 -1.382434151631471 6.079817080259211 -2.07079839804266 
-15.431854106603677 -20.42145011798183 -21.745125915197665 4.629011939339501 1.4409253632221635 -6.39326610293499 -12.234130310072171 -2.244302211850747 -5.251134801989676 -7.59463636677619 -13.762031218795432 
-3.936819876841735 -5.055010803958065 -7.5708947599339025 21.920243341766337 17.20906377347626 11.13638351825217 1.810337602231512 -1.6690595315926755 1.1958880004786847 2.2479875873840407 -5.427267162581964 
13.266271209790572 9.987369299965653 2.7479151640744215 20.261370431014612 26.745864949612027 24.04445478035609 4.35687618928387 -2.7024098197911393 -7.168512588920883 -2.412753302358933 -4.307623430530554 
4.285177279008011 6.619714635642408 7.164142681217585 16.52365750713129 25.706925587783722 32.812517497183435 20.002394862473295 2.813301423659775 -2.2267560944245983 -2.498854765651518 -2.527088135016668 
