-493.6912699085808 -491.44221759822085 -429.785194465079 -357.26756118710796 -378.15493148201347 -466.3118771619112 -217.18475683337127 -66.53973678687052 -31.526501616918125 -35.72530491224803 -43.148504276160885 
24.44310713909235 26.60586090067043 -14.144051065526934 -31.9759099755552 -21.689001496796507 11.137360402284019 -18.890074243747062 -37.455407957074335 -40.690135134355 0.2352461773798829 46.74314407953665 
-1.0929737121888194 -2.610955235075817 -3.9927762660012203 -3.250680951045161 3.8514438356529688 9.597696946240681 -15.077773988779153 -21.534575376941227 -24.594756552573948 -49.65468413180918 -74.30027071173332 
5.620562786370151 2.77360322938224 7.442791203631597 9.812029472886902 7.285661580548229 7.136557510755015 -12.371936650574286 -3.227336756149411 0.9426153323073753 -23.69226235382152 -20.594658204226914 
-2.662640177242399 -3.7927151815373343 9.015904023819603 10.233944493951348 6.173719417546675 -1.3165556099211573 11.098676522770065 3.826934286240803 -2.4262575614377844 -17.749077588686788 -31.83873043627323 
-14.848661715064793 -12.501282304215737 -30.86242307201552 -28.897135938278637 -24.810922929980926 -10.535026164206617 -7.199278073786585 -15.429770438078524 -15.047991059852842 3.3573472214361617 29.78646679870507 
-12.395461358928188 -11.101873686964979 -4.401283093826314 -1.532575327175147 -5.665901821588607 -12.186375615171308 -49.16541789051727 -40.63716681404193 -37.20188629442541 -29.11314995630524 -8.405815843308812 
-2.1175395658477507 0.22341372739082976 -3.0949892087205897 0.6360583931636794 0.5115353423249518 2.2364016530303634 14.594106481064411 17.735363662896383 19.134197482376024 1.9027920817214783 -8.47407133756129 
-1.0123685291533198 -0.9157338802399151 -0.6895151996906247 -2.260845480997296 -7.83592814668604 -6.847081407681668 -12.076746946399712 -13.072502627695151 -14.623721038318667 -24.374458441519703 -11.293614267946872 
-5.916705968693189 -5.516078709080222 -4.877900798551057 -2.4297685656766843 -1.8261387158755995 2.447508135467234 -11.27873771356504 -12.693728969640079 -14.86217562300903 -11.558772979482683 -17.109207651734174 
-10.054541459504511 -10.811544910713769 -6.357168447939149 -0.2917374951841991 1.5620095028053447 -2.5462914510690045 -7.277117191170969 -8.16675424681102 -11.612246429774993 -12.778595421314153 -12.417009553852612 
2.2274356928669032 -0.8114276739541214 -2.715663115510364 1.8628203142913162 3.242461423547711 7.474570951774885 -18.703603718819384 -17.374536749765458 -11.096832317689895 -12.302533581570355 -12.060787718080753 
-5.391498161310844 -1.6695774628606577 -6.232307204820916 -6.059183209066996 -4.732181788861775 -2.6663801453346525 -2.610853608389701 0.059912037505351845 5.691031753083516 -6.677424906479594 -6.703106747939187 
2.002367531566343 5.260136310605171 9.18484646038572 3.3448427127087474 -1.6450343764765663 -3.159349581939751 -5.3322621868063305 -3.19449891676961 -1.309354164291575 -7.82594326975073 -8.36166337774133 
-2.730834688378888 0.17018009983481636 8.78868665038515 7.971516429526835 3.8975533052731772 -2.6771136898078995 1.0711330010540814 -3.1262266091704602 -9.522529485163947 1.7901305116081392 8.854045055748571 
1.9189942933756314 1.2850474152916425 -1.3728057070045172 -0.8071034889796814 -1.596088818795112 -7.248798020932007 8.684183569154087 1.9291708118651327 -2.6570021877116954 25.948589367397027 25.525345375666262 
-6.99511006936326 -5.628851605204426 0.5831959860230878 0.36748900228318204 2.3498594489644615 5.9252437111737155 -18.188404035882442 -23.052888143436753 -21.638266543963248 7.570276371779254 20.330624882281928 
3.4479594989650493 0.9761455440597154 -8.09973987152448 -11.436437195412163 -8.777814874383177 -7.679249075035118 5.365605340705394 5.539899806197493 10.545955139147562 14.987736841524349 18.70224812092306 
-5.350118704184509 -2.670164902630315 1.2750648848305501 -0.812856831604392 1.9162905691727883 -2.5939264645693076 0.9821390903133287 3.0780585504122824 11.933815497310075 -0.8329350769794948 -6.49400857002446 
1.409670017742987 3.2696047558822503 3.38162084401623 6.467908928512702 6.438562297740008 4.7954157967420175 21.548632169427695 21.986191440316013 23.49428739121663 4.904901940709546 -7.997874289968482 
