-565.8900820443787 -559.104068597043 -560.3781184367076 -384.786821458633 -144.00409673666144 -65.42930157517141 -89.75913618754375 -207.8622088771791 -204.5535263533715 -192.6575571626606 -266.2023882373238 
84.23853621527647 86.0873066644229 83.40845729871307 163.69867347609818 93.84246752607027 80.70932697681064 84.93617814710689 119.09584354206555 155.5113145513394 146.38716718136402 145.35001888366207 
16.35883453473596 8.814439855628901 3.956854756546997 -47.61409264398148 -89.44353164135208 -99.5808617252496 -99.70795058336647 -93.70588423172396 -120.52517139328276 -116.09136786981904 -96.48808029089545 
5.498690444445553 -1.2153467120921917 -5.83252308745201 -44.59112608813123 -39.38161052351067 -34.81198110646613 -26.994864206461102 -20.761019385420013 -19.220584956181632 -24.85301459130955 -34.878548963121204 
-1.248617867063139 -6.8476551231879235 -9.158956952931373 0.7973198294373555 4.158342161466756 4.9497287601482896 9.334482438388969 2.435358956383556 -39.728823117319855 -41.13993894919432 -32.54287763310906 
-12.247311161772634 -18.189792126389673 -20.45451379891218 -7.11008340469645 2.1236385172199226 -3.0810192821795654 -1.3564153320224959 -0.8908848855925853 25.373455870610776 31.784534838956013 28.394090578884494 
-5.865473058363515 -7.363863232698984 -7.841017615896009 -47.369742746606505 -47.259651072579246 -44.61530847452454 -40.905691055002094 -43.36352575752576 -35.90589790539552 -48.071306178348024 -52.542485377939386 
-7.127781527506091 -7.806377923977287 -6.070695885481484 -11.817609118232735 -3.229600282001865 0.22920398890587784 3.5030065084593103 -4.443785968899006 -34.342513843311515 -29.842544834485984 -25.05199272254965 
-12.422147860546838 -17.009798887144893 -18.76690411809683 -0.19935018463213852 -10.414444093192753 -11.916940127261523 -12.209631621987217 -10.562840066712644 1.0555282266227486 -1.2862515428023071 -4.529537762291048 
-6.814842925795979 -7.795214751402165 -9.790762692891377 15.59009007369341 11.928964438069855 5.515649745571662 2.626956812991176 4.733331536355518 9.158344250090808 7.653880968079375 1.3793703877952779 
-8.391758764614963 -4.828864920593828 -1.833999850887122 -1.6331803419740463 -20.634694970870832 -26.766154977209148 -28.781000414330073 -22.099959530016783 -6.608202770226535 -2.4320324255653585 3.3996729097155045 
-13.63666498086533 -13.482409530799174 -11.307711238451732 -5.497399209222457 -1.4023454927126018 -3.4666931837968176 -4.38051498467192 1.455455046467836 2.2201456091201446 -4.011614444611604 -11.178133772695787 
-10.644620841796712 -9.61117015075742 -8.828813562168158 11.016969119080628 8.91661240750565 -2.924787567108787 -10.50946844144242 -2.1215790479492034 -1.0491173839938763 -1.3406748353123774 0.518590852567315 
-6.15743294683744 0.07627047046725008 1.6832051302569737 13.161137737776167 19.81737534702473 3.2374160755188273 -8.53403334603868 0.122373218387886 7.789649455253827 3.398638037633682 2.929023393477911 
4.466425943948421 6.753365297300984 1.2787768232316454 10.388256638129771 18.452585633818074 13.461241464204496 2.940519345017499 3.8502546017935724 10.722405467685707 6.048521866786853 -3.256669505235475 
15.448738383909904 12.45057721782861 1.8536704902234828 2.3612561562106165 21.030469484824614 29.32307190226211 23.886357544623685 10.453110549094731 -1.871065467336743 -5.287280024458223 -5.5764264577541365 
9.871807649754924 10.159336498003416 6.722048156774553 4.189039728700803 6.945774465082398 21.936775139249455 27.074194219208582 10.34925328022442 8.625061229335754 10.309231135786721 7.287912276498371 
2.7185078848470434 3.8795756189615225 5.295743255227035 -2.9924174165093724 -5.222289434151767 5.743765481940699 17.798023996930308 13.143763937312956 -3.824464427732817 -4.7012639030941905 -2.1893990359237074 
7.5286035737477786 2.545447309111497 1.9203029052487606 -2.4982000647950007 -13.149066658377361 -7.006585502434618 4.545754819866865 9.496796484069417 13.976628773397074 13.868251642529366 10.78161714672395 
7.6395891019193884 1.344151179037207 2.640752525406284 6.808597735366707 7.438669442182091 7.181657955841785 10.769838293670091 17.131607323212677 -0.24312645900039265 -5.1309003254709555 -4.685223477645565 
