-733.3656322040204 -729.5932058009694 -731.2984187501794 -333.6189544197559 -159.77414808542278 -136.15406206938655 -187.70080942565986 -219.31742555543923 -288.5418178610173 -410.0488681975778 -515.5321107124373 
37.05614010453405 38.6293505625052 37.823052357709784 40.366568237951796 3.003079263929471 1.7091031932811447 39.53913035544194 51.18234643592842 39.31622312819325 56.299178316708634 55.5481650258037 
-6.166782357850735 -4.768141545774413 -1.2827947687218562 -75.38684822184274 -85.48614177337672 -82.56173481236397 -82.22675993903565 -96.99959721542632 -65.72838989286235 -20.345745627181607 -17.48435741760754 
0.4883570876284212 0.4213382160415159 -1.02460921131979 -7.5821465297508785 -10.175319084700758 -11.613479539137442 -22.527066636052112 -16.210612362786723 -9.110613280329344 -6.110420965994617 3.8581469839203377 
-6.956028492156284 -11.091035413947887 -16.623426489688526 -0.13764085321317238 4.747217250161382 6.1809643178668745 3.2515697139725788 -2.9635876898889406 1.8196964065586498 0.4885604283904057 0.4569333107459582 
-6.2380214800446865 -7.997111359397434 -9.86163492929794 -56.995838837838484 -47.113805543197344 -40.902574518248116 -29.092733960755304 -18.254998617246123 -11.524027718561127 7.377696469298398 9.061658743893645 
-9.122864616650338 -6.016146755117582 -6.213365519270367 -23.326811901108915 -17.724134927482186 -15.351510465741455 -11.089950071950245 -17.01658394227318 -26.74324626910834 -12.336809082290745 -4.682923793440807 
-3.187937467289435 -5.160660655328069 -11.945021850156547 -29.4072101273035 -23.13698844180967 -20.85762813778642 -29.717032156325025 -27.706536565201205 -18.442204547754756 -4.069901722680572 1.8189975668614689 
-3.6054840203746488 -9.333503603028396 -13.169750331051993 15.165689050145286 14.159426619345833 12.033222695401271 -1.4787367910179152 -14.09036656258521 -7.66794742501037 0.7770606511895968 0.439161244696983 
-8.694678219615362 -7.067618966927476 -3.7966761037778864 -13.93814734641007 -20.684565741943608 -24.404187220233595 -22.365977514040047 -9.623430506947983 -11.86637489928842 -7.938712767545795 -7.917673348355223 
-8.250931419198661 -6.553349759015754 -2.2921233391331857 -11.819381681096754 -9.86918473207168 -9.489965874408824 -9.036463375859121 -17.03049728922031 -4.2614949040792975 1.5077399214210974 -0.3908296881146785 
2.754433615334692 5.279491858834829 2.9554128770063675 -2.477194482383621 -0.5474699545413143 0.05047521030410379 0.9609248465434855 3.9464400787774947 6.015455013812191 -9.633017218965824 -12.753371813442033 
-1.0493871712693017 1.4757318978431675 0.7231542273131344 -25.84405190354487 -26.33954496978459 -24.975109858673637 -17.890440588038256 -10.490267388607704 -7.7539721295400295 -11.953070556713438 -15.23232404569688 
-10.27774750325526 -6.7748120122638 -3.076001425534268 -5.224510193605006 -3.2919023192208345 -0.8988376022907234 3.1768626610518544 2.3697604679803144 1.0471054397219879 -11.544286933957514 -14.800974043530548 
-3.5667866476349377 -4.960376971981994 -3.940396887333087 12.501330260929882 6.346445622628982 0.33981280981573514 -10.936912022835825 -12.000958069174953 -14.488801152441741 1.4690743924325864 7.219850476485782 
-1.5039374507440908 -1.2885537717584328 -1.2386127232418784 19.01244567329058 19.011815157712782 12.293035705706767 -1.089728814002313 -12.103921630560233 -12.759877294258395 6.487437718490178 8.136025947229243 
0.45544252879136654 0.5613486912375317 0.981404199258843 27.216195150386724 33.9640510880414 28.459220123173736 9.731556287208946 2.3654483275887594 -0.1187268894303592 8.01510990510429 13.664038969385404 
1.1394505534622443 2.374237364587345 4.500839846226371 18.60368042420655 22.321426374841195 19.992894656563834 1.4490378407070028 -5.947333892194505 -4.715902674639363 5.949127846983597 6.569795473763078 
-0.07498761681055643 1.5030214537725608 2.9494059631651117 -0.19618047311535441 3.984005811265612 8.991622879221781 3.1560118361259546 -9.143654229946016 -8.034068134128505 -2.9151467662291077 -5.875428340515492 
5.399711242226693 3.8661345737028134 4.915142949293739 -3.3400242093697172 -7.850021988325056 -3.334129900841582 1.203456851780297 -8.978214164606948 -9.80494760674045 -6.71955055727417 -8.793381349259853 
