-408.7058364680268 -414.9927737510427 -478.26249489288625 -573.1531718675977 -231.61782445721065 -65.94262904441771 -47.12948236557743 -88.84922292232574 -139.6731185504319 -168.742760763098 -263.25319610197147 
-26.063466948191667 -14.578678700924446 2.419864263145418 35.30680786620166 -26.379580689860315 -56.609123381431715 -64.47745039860656 -15.74084832332379 66.44458471082406 71.26455587020354 95.87981863749881 
-29.668655540919104 -27.455219854797157 -15.999004999781647 1.3802577243969354 -68.57726080320134 -70.95527676566886 -66.0344767543379 -58.867209200715976 -88.97068053369784 -67.87827250839158 -44.232714962708826 
3.6331208091716425 6.003855625721561 15.33034595650929 13.246645540224591 -22.32356648467602 -20.069245047296427 -17.646309544357695 -23.639332130913232 -16.173180286960207 -30.938482172449014 -52.652750852690126 
-1.3783271714942922 -6.409270181793438 -11.074402612925844 -16.200848815166335 -27.7258317949235 -29.57021334927964 -28.72340548843397 -18.64770363606337 -29.031188880942956 -35.01000161705957 -38.38349102942941 
-3.8284974038994517 -4.18424393345135 1.195020671048826 -0.7084567558437543 -26.574543115843962 -26.297141775458293 -24.452543153917624 -7.802967445528089 28.772465653852677 36.107837837895325 26.480189982209694 
-1.5578972230764156 -0.32017647114967474 -2.2867704379328497 -4.120732774159214 -38.04856913328443 -28.221694515445648 -21.879350262569766 -14.512149159589447 -26.564931668039122 -46.58679265539053 -51.95310000613221 
1.6429273518127299 1.0900853022279233 -5.4257534876457205 -5.303638503305074 21.850198634756033 26.626776160573044 26.949044594738886 15.011749155141096 3.1717486843034592 2.01752514239391 3.318319698371377 
0.6232836115672058 0.37040052283185276 -1.9525118233213556 -4.471280592353587 -13.632148136521524 -20.189423664837868 -23.228123157201345 -23.27312420207405 -4.418931034293381 -2.7772408460626075 -11.608999799458456 
-2.5804357832220393 -2.5677066517240776 -5.196067497905587 -10.381567545384073 -15.808954335363616 -22.11924805129007 -23.14521117945093 -12.214864815716293 -4.5431521124639875 -4.308436101444271 1.644523456370921 
4.320594811420295 1.3787023202927302 -7.54830853848793 -17.46217945940578 12.627764617897153 8.881910059258113 8.809443567411655 3.832993201541025 -16.39405116523895 -12.450413682134378 3.723322355718986 
-22.456444349133054 -21.57129806677702 -14.71847727323202 -14.015530712525134 -23.941303069074422 -20.977266600619778 -15.590513417393911 -20.5102693134019 -11.70909320340423 -10.459834387678264 -16.805579014152222 
-6.08535754438633 -5.894232293836364 -9.096632878103625 -2.8825938314414232 -16.276846138881787 -1.5363179064615657 7.113828999799429 -1.523955003042901 -15.43445564570758 -12.112245894205035 -7.210661559504109 
9.07020111730655 9.518818209798926 6.460451613641682 0.2839315595178149 3.7474546147913115 19.538498025281534 25.4446421332497 -0.36379649563227645 -9.959244559645478 -7.009350559165226 -3.5477868347877797 
0.27394425675736267 -1.6528685149206452 -5.725730351075557 -8.08231574863266 17.617291174695012 31.42776814210706 30.66380246414708 -3.8532001325190883 -15.123025004746996 -15.414670101254966 -15.000511059546579 
-8.75451630058194 -4.420331503126884 5.321106987383811 8.16037258885179 17.10330788969165 17.56571865419784 11.003170655258668 -8.101804339179107 -15.071234446676307 -9.258931185070988 -8.11850134109391 
3.7767398609817686 4.241437333958468 7.810167189201963 2.964922335329349 9.905480608264504 3.3534225254900667 -5.6216452953510565 -3.7399262557522785 4.634138221169781 7.805454214324619 12.164271489738061 
-1.2669588511252576 -7.013784098143187 -12.874764169423315 -4.326304072250692 17.879994126050036 9.81876564677092 5.979242453186703 17.02854907227293 13.690668427853625 8.775003699205172 11.15703172531299 
0.5135545938675241 -1.9335489114863988 -1.3044668459221755 4.584212175092002 -3.5196976307936185 -1.0735656617837739 1.9587511134482831 5.737461778982705 21.213796111862063 20.394096431270953 15.321458061905819 
2.3990454654980837 -0.19365834738386045 0.6581094352278778 4.514413830160644 -3.6817095098580563 5.31670656503092 10.079178398310738 7.537927382155341 -0.0205131534283316 -2.52141188089932 -1.7922566286324715 
