-693.3606631483068 -497.86577712339044 -123.90582166064964 -45.622963855107365 -74.77814229833831 -144.96194918246502 -179.7896510796789 -223.88242020386357 -230.05356184431014 -285.8862593469017 -548.2294355008806 
17.509561279875108 155.58267652172884 33.127312766321644 11.527506991277754 5.0119506819399735 31.389530019877398 69.69153990405258 59.430291262944735 19.306680666692305 12.480066218704774 6.630856170607255 
0.16785971304867087 -24.443700297044934 -63.136623238742956 -65.63338803349693 -66.26531471916604 -97.27675762204055 -100.69836659126817 -47.19305641325987 -42.653498740743316 -40.12348291896889 -29.038877487645067 
-12.915902155978856 -53.37172152928358 -12.238571990136657 -9.671150012139154 -8.144672224072439 -8.633136455923609 -4.188037169833597 -26.496052248183442 -9.086255843599304 -6.004351149670551 0.3003675060211688 
-13.837913785484371 -42.196383489996435 -18.42087809561027 -9.327226050241034 -13.324115791565768 -48.79537940737961 -67.17094011093981 -34.11294567191644 5.5217927011575245 4.695207154005919 1.2837828007097054 
-5.851502846193618 -30.208594316796482 -8.435171947106829 -3.377607705785399 -5.817134803181297 -7.3890146186895365 6.7405881726512655 2.5966251887164464 5.183816568703579 5.467343187878151 -9.288203100018023 
2.1586911222042477 -38.652213679868716 -45.8109076638206 -43.489249051523956 -39.682295678129364 -28.445285476612906 -31.28912534214229 -16.772922127822532 -6.9704760076233265 -9.51437550345635 -25.427396729418398 
4.463330770942362 -25.715763895182825 -0.280406393110148 6.2215213872298465 4.4499711474981964 -20.882529906298334 -22.52054012214584 -26.47436180648339 -18.14215537956312 -15.849156876436915 -0.6638590606593502 
1.7479651546338326 -1.7315514803412275 2.4616409190034787 2.2849191077302717 -2.7808094839265554 -22.586830984460782 -16.50167310406447 1.5678050958020733 9.85911376193625 8.828145374186208 -2.2524971911816394 
-1.9817697052448757 -18.166563273255612 -7.883074280920207 -5.225216129933519 -1.0978535925036033 1.8645058966023615 -5.1013231387382 -8.126182188797255 8.248219859946005 7.763403667715242 -8.184417885934153 
-3.8242175672165164 -15.019578273586719 -9.626015519652851 -8.804557664616759 -13.40498862416702 -16.125266527015924 -3.519843020079147 8.597497331972871 12.437710295131636 14.85413630327955 7.196541246916881 
-3.806125478320411 -3.1088057764123693 9.94013627059471 8.169283704044972 5.5245437343975174 5.980210491007096 1.3734717915050674 -4.746531018059603 -6.543097586548537 -5.093400818270812 -8.774469793561284 
-3.746735538751706 1.5254989339289173 0.6645373326492194 -1.1878695324000983 -1.519745623095904 -4.6555400765575214 1.3333023817770853 8.901559513766433 18.275975842838825 19.20254355746582 4.361176849902627 
-4.644773570464876 12.737010383280374 8.36038464795294 1.5374848591751729 -6.0015060977504735 -9.22542235462252 -10.55394953844733 -3.69544677412934 -0.9853610182120621 -2.191170465454259 -15.267650985407403 
-4.850062937144969 0.34799728996104284 -13.095830964241525 -14.860844244581187 -12.472962556277302 -0.9973618478584421 6.934877217553437 -0.5981216666996366 -6.3798153843194605 -3.611648530570603 3.4885896758131163 
-1.3536966375157298 -6.268450049752704 4.5036091685300725 2.6292078080219503 4.261180459377308 5.060316889061861 -0.879771666186041 -1.7994819580643207 -0.5472183553822594 -3.0452459245750987 -1.6905213890551378 
6.159543890208797 0.8876943197770895 -7.373019977033213 -7.600312442987539 -9.136803333349174 -3.1918489617773225 5.82392448207578 5.762537998457821 0.3474643011036982 0.4348388077109526 5.350137981934308 
13.012635664732976 3.151410261642219 7.8719599160563005 7.559059480545183 6.813683891652891 17.905140653673868 5.968241840880312 5.480972558474906 7.427608794332794 7.606459468960563 18.18822275542804 
13.066505922180845 13.199991364766237 14.065250215110622 14.36697594053089 10.01403123901516 23.147825819939975 24.14748089629387 5.969553580646265 -5.4504977578191705 -6.441007547950561 10.240092077314564 
5.343442420709721 21.420020171009412 28.424878324989834 30.993710087289553 27.75071841861793 35.943229235852144 38.569448286077495 25.851772082240245 -3.1399738854540624 -2.746090912615185 13.144030970493592 
