-488.67122001100336 -488.3515911501769 -492.30348405912923 -466.1833407341397 -263.1817707827349 -193.51615469730126 -220.01937867098016 -252.4012727457396 -286.51825935187946 -376.2151794150248 -470.873010342545 
20.411797851785387 21.70156557552707 21.228054574965366 24.397945962440048 -62.531822900830164 -80.19602472207384 -86.05211073736236 -87.12237667596541 -86.12762873027995 -32.29339403322556 11.131726202672588 
26.901692247630173 22.745745722799015 25.053131158593075 12.113925242739114 -24.26922676865071 -22.333984970958795 -10.706638265732913 -0.9040039574853955 -12.365885977947848 -19.807823856560084 9.788001344507483 
25.521522017293734 17.743556868057837 16.252010275584777 13.41070944508602 14.06490979145994 14.199364934291108 15.141338792421031 30.90031023440129 46.37706647123766 33.49799421921758 26.22743421031767 
17.015463745562272 13.404507156684126 12.75089359996904 22.14032010177057 7.651925789466385 3.683945897152927 0.20545274974350802 -1.9760123851640798 11.92584283075578 33.94217638676852 20.522418920802878 
9.132623797934093 10.75839683447149 15.118173219452055 19.210871839448266 9.988019867173353 2.8740938704638985 -0.9978913745966536 -8.04605591727665 -19.288964281594332 -30.93417908800748 3.4684788878081765 
5.77510453211959 8.850774028153523 12.3469538687708 5.25274891309353 -0.41474179505726577 -6.026763544078869 -5.925391347489198 10.578094226814095 6.245492900492977 7.120454403164527 1.7845524617816642 
8.753830920909493 7.35147765853708 10.450156105981659 5.480543328507832 2.4787672431256245 2.3739787490475646 7.6680248653281735 12.952444904717218 14.78103236316146 15.483905638181687 22.313178482497662 
9.995968935097274 6.79259534886656 9.43134321998739 12.827272440124515 6.315246769511584 1.0773947718056611 -2.897876048549907 -9.353727198632104 -1.1785940555777357 8.89045186987288 17.32523158748629 
6.772720980617496 6.542023276986786 9.330771046334837 17.40661156975092 17.599418723149707 4.155807976223334 -8.770973147225568 -5.399057378410936 -4.097564027071785 3.1558404983456736 4.063874884035729 
6.648818137566084 8.30877668086454 7.350034838386511 10.191077358917468 24.89543974275748 16.887407053967724 6.1158844349984385 2.732086479528914 0.3917219791325909 -0.1613038952634646 5.980729308943584 
12.002907067400738 6.199328979359482 1.3131443521264277 1.7064091214805002 8.910804738956347 7.784169077606593 8.883624318778153 11.1085630383708 26.02274016704599 37.472575694722124 19.89418386253717 
7.613053415672436 4.836146210913846 3.392908218334818 3.618704573955763 15.55073306732869 21.29390054127049 28.479300835050715 26.32945740927905 29.60911659593774 21.439414778479737 8.108153351727605 
11.542757582772023 6.071836326926217 3.4909390505942057 4.066038271686004 -13.972211623647356 -8.856288709029833 2.0476215686284966 15.80968174190541 6.766413091105108 3.652850155000392 3.356498911797781 
6.6568237711166125 6.8051574981727185 5.246306335218181 1.385233116298277 -8.10392527037087 -0.5493177158599654 5.805272194938965 8.874930032690074 -6.948397833155033 -14.25932741788161 2.9030765697869265 
2.8056777581449777 4.521903985577678 3.832246259845322 -0.1070543958640888 3.4797935738924632 2.591979191235842 -2.5712361159105948 -19.839751314298603 -23.45384298240114 -14.151358099777365 -1.462944645725388 
-2.0358721449674553 -0.9077212878429046 0.26598067760505717 2.5405293607712434 0.20937595344596488 3.7309360963160065 5.360095381133313 -0.642397084845999 -5.91294264356609 -6.736806749743311 -4.211503391592574 
-3.88638433971855 -1.9669649728974985 -1.166312048692727 3.6557501542223054 10.337457049041785 11.364197477132032 11.608668501901517 16.570562220984737 14.314171833815184 9.58936019157801 0.7297510552828221 
-2.8570340462424664 -2.1691941500099614 1.050078541726964 -3.104969677131584 -10.054282293063856 -5.696628620573746 -4.117333884377105 3.8846680639549875 9.405160455362427 11.63861907914244 6.286607424541977 
0.27191940895638245 -0.9048084815130888 1.213223720826191 6.349521387084266 7.191500881947137 0.636692899216678 -11.76158312837729 -24.728070962363212 -16.439971475464787 -10.100047418764085 2.473704347562379 
