-645.1287345809548 -645.9766403562833 -645.7170368247909 -483.42913977434483 -153.5377580789325 -62.18524689175298 -31.38855604023729 -30.315383146466317 -98.3236555783312 -220.00696290420257 -422.3974060696166 
2.4503882965915875 1.374152085315668 1.7027312166574295 101.30141146698276 83.86371158334914 46.17782383626508 36.18300733991093 58.08496297198603 81.7143680059435 118.22336507748298 121.50208751648009 
1.854652298269203 1.1076719607584822 1.3302468958215694 -69.33146306861994 -120.82636431291334 -119.43359139840706 -119.61830993153299 -115.03309682697389 -112.43133090452253 -92.47073345646996 -46.97089894140839 
1.048356626898252 0.7324739686640984 0.8079453189175171 -60.793955379301906 -34.33252553927092 -18.290443253826663 -0.0039408052440138425 6.778175131297974 5.095678296154945 -2.9041668254707673 5.013423170634416 
0.24726834641421624 0.3308824269586512 0.25403963466771345 -4.252745305112774 -7.183463449107514 -13.587954772011297 -15.9687810144227 -13.011071768832839 1.0658044019031676 9.02855034011192 1.243496202385686 
-0.35240267831696903 -0.017042144873492482 -0.21555723218087414 -9.330356736292448 -30.18331207150292 -25.513463892167955 -34.79580725055001 -38.720980832003036 -34.55061718621502 -24.790532862917424 -16.133501968814784 
-0.6354376942322137 -0.25483151563580037 -0.5178272575373345 -17.214561165622285 -0.10960292442138558 -5.807812821979114 -16.92118193635332 -17.10796753056936 -10.2396329141156 -17.763961392785994 -14.421432419954659 
-0.6005150306398224 -0.36252824664756095 -0.621954832180004 -20.06388916913398 -30.812701885399555 -26.97734643162053 -23.972814588630364 -29.846571113985426 -29.302532503414888 -23.06616244380176 -32.164662949754884 
-0.3539078430735499 -0.3576044067341764 -0.5521215911749945 -26.391540662884125 -17.51485726626253 -6.927262372149878 7.700400734751669 5.550651134067821 -2.318786877966277 -19.39034942149018 -21.727862563566163 
-0.06675957389873852 -0.28434444067835285 -0.37399326275088574 -8.702914762414087 7.372075640878577 2.4178025950747832 -5.4750377061002125 -3.391283647886212 4.755479257963603 4.268280790247747 0.6969479169343918 
0.08884249510431462 -0.19593057870179467 -0.1702559996190064 1.3923623291326956 -11.674195871889046 -16.366813461792432 -21.8283278527543 -19.54755566332705 -14.14913206277847 -5.514025835819934 -7.954784087186707 
0.0026369444625188726 -0.13568744041179776 -0.013734712125980708 -13.092133329863813 1.2584991884352057 5.538334384435384 4.057269827830733 2.4789422808900143 -1.063741205726455 -6.823677912737024 -7.703968358132137 
-0.33396862790218085 -0.12388419076067492 0.05316349932234321 -5.502477223720284 -0.28745523536237216 -2.0935725783305785 -5.456145786700573 0.2879373727836794 2.392582514137884 1.5142227657661245 -1.8656567303275704 
-0.8246692670410236 -0.15423646102421323 0.026643188328172973 15.756527036635486 4.702119742161603 -3.8420913058542956 -22.231209914812247 -18.07752169874175 -14.277166340890066 -16.234746388176333 -14.55245180051401 
-1.302575393745451 -0.20063631582351846 -0.06410646861116234 14.647588827460414 16.382038216171843 19.593585451557395 6.958742954420817 3.644365603381093 -2.5173067543321017 -5.342019323678777 -4.665319227777412 
-1.5899649714287827 -0.23096522405214853 -0.17301476328652038 10.181831474414478 10.263594588916021 13.286744791496483 3.7974434624226285 -3.095215251489285 -3.0938830995397923 -3.4680092381358563 -4.6071924152018955 
-1.5625717521585216 -0.2224085608583405 -0.257007191646214 9.659508173420013 28.32575786818149 31.410445716732653 23.391596983653905 4.11545986720027 -7.291558169789905 -8.897322834216554 -4.79779640120425 
-1.195952608663149 -0.17232936156940318 -0.2921518213714214 -0.2364125551464007 14.43939455333376 18.448609232451645 16.55907587743943 1.3112759669027576 -7.479424157026836 4.602931166964591 2.7191449793147235 
-0.5776863194160619 -0.10056448931173378 -0.28048390595572076 -2.4962693026428076 6.549508473343148 6.154771061796763 9.819621326418837 4.53601712149651 -5.582241065589928 -9.941268849823675 -6.809264048906574 
0.11903349083303354 -0.04229608399968554 -0.24575037324374757 3.4671641455857602 -13.837360651472327 -19.80514755494398 -6.159741216150536 -0.7709313114400315 -8.339893132210273 3.2157349211467925 6.043961398494864 
