-500.53921680540543 -494.50525131743416 -500.4946108971825 -381.65551274368687 -262.3073456372777 -191.03818814228381 -171.75984999917475 -217.60838797031485 -316.101339011926 -349.7853209641846 -429.0453185693788 
-1.5622548439145423 -9.558090242242745 -9.894545508924072 -27.511111468266478 -70.70562789745375 -71.45936251034146 -65.02026669886651 -59.46858399740201 -17.16369376527029 -5.46742973672757 4.806629475465289 
26.713496161248205 22.248614588824175 8.44977540076564 -33.36589275677417 -8.868747529680384 -21.53092305693784 -45.65074238180142 -70.68356691089622 -75.0733375622065 -49.50369078412102 -22.526627362872894 
15.948596162919879 12.6660542133051 9.767245300961957 26.343603600488287 18.11553568995172 10.313462855511965 11.584653781605626 14.479852208565879 34.887327794756864 24.974612744106416 19.878228580237035 
15.216831187548081 6.891577650338101 -2.82124368796242 -15.38106479961677 -21.09504944621083 -37.15724089947538 -34.71227809713742 -27.045523870003112 -13.535844348911976 -18.41521682625538 -7.632649828352317 
19.071757547951087 17.170127066241438 15.16337654932216 2.5524329438545683 0.1671130316921799 -4.133079114327027 -9.896561778021457 -11.64696513328561 -3.823154278779419 2.344361890870013 2.952830443049835 
15.524202103781032 9.413288337514254 3.107660889834549 -9.058394396165642 -14.976500355662589 -5.845061406523497 -7.234315160347039 -8.050385268652915 4.335754816614409 -1.6280838836088507 -2.4208538161180204 
4.5620723586089325 10.322281711221674 9.583693366852124 -8.53797910744768 -6.406594365671835 1.1487448667923008 0.21196696472464038 -5.552940522713852 -5.0995014700336885 2.178812477893268 9.306192913779057 
-7.908316867629191 -13.236560482776895 -11.476759176374234 9.47371276832601 -0.7631176215182589 -1.7250882656261852 0.08809617608293885 -4.295176875349079 -8.847171181771843 -11.19955742896087 -4.0119312205283375 
5.352400049920982 6.771108203122472 4.717778134034541 9.078047066708459 10.950554051537864 12.83771793382722 11.237068721971912 3.1983994158982663 -9.569601142625114 -11.301294251135534 -9.90279402918225 
-5.580309182178846 -4.7253705977327884 -1.65047494371663 22.00436542988989 20.135098398054467 14.419556503089623 15.951806149083122 17.790525781467117 -3.9648417267194387 3.5644745046295787 7.842500187073201 
2.6555931866601594 -4.064961348842348 -5.621560731658768 17.877746177751455 17.792631679041524 11.228249918921788 17.492404649463204 25.700480104713854 23.053689904194645 11.357138870908077 -1.7386157711485626 
-9.498240484757499 -11.956891234616908 -6.810331411602548 -15.872781948751669 -10.384192513063006 -13.899249024873974 0.8712452225747325 21.363319849344272 25.988543763930707 17.104250285004944 8.017154994430019 
-3.1785073903307213 -9.25811959450594 -14.044456535050998 -21.939032949765597 -25.6282784127731 -21.888343333501247 -19.000894344019912 -2.706656865787103 34.06610623218255 27.051024679936045 8.312256690026572 
-5.6887392540024315 -1.925060632556971 1.3538274794710652 -20.702395237252254 -14.536783122194034 -3.8904561203484787 -15.825720304696743 -27.877715113554256 -12.55881964657364 -2.013340250819942 -5.692524814018073 
-14.640157155276285 -12.337940809806396 -7.213662976668489 11.735024777140852 9.587612453660412 4.809226317023112 -1.5782246154739665 -15.172832418897517 -16.872362013940183 -3.238307851532439 -4.217468683178021 
-12.741079711822163 -5.672309736489468 -0.25784343006649213 -7.762324681079748 -4.648257247845668 -7.041810339786682 -5.330074096632682 -14.713950585394343 -29.08105433459579 -33.71965681514457 -17.318348928169193 
-2.844660540342376 -0.28106510819699104 -2.8739242893424723 -18.476070681963662 -22.012648145556398 -13.578377623328919 -4.8831738453361195 0.42814388264148107 -0.9223973139853819 -6.780391540751021 -5.161029017250675 
2.2627407448033767 3.4028372953031667 -3.1820732044584688 -18.03052374716595 -13.48649171827713 -0.24124013089584517 -8.09714399127235 -9.695543067360745 6.677687306477549 -1.0171314281318022 -8.265135001169533 
-1.5753941062331942 -0.8310341801438841 1.3599301340806385 18.72558992437251 26.978226180080974 25.33695706363286 10.033371746080427 -7.912772342531534 -18.08067821352157 -3.0140001083993297 -4.232650585636703 
