-237.86693986390202 -176.39145177930232 -173.01723878740734 -252.89938168650556 -487.31694051140414 -576.2451980677205 -589.5217378536487 -615.1093484457709 -667.2179702165553 -711.0916837493924 -742.9878413496349 
58.88568899058074 12.98875232619403 6.68356899957799 35.69459465775523 148.8472571507378 91.97742575580257 0.0713045630174658 -26.3394203365836 0.04868429214827352 59.75885453670858 75.5419194906078 
-102.74817686779939 -93.02727070209141 -84.38604159767824 -81.77635280850252 -42.213841782603076 55.67270708550869 84.34923489245065 95.9146162399129 119.5053806706775 86.27075313273166 56.09867537965496 
-80.68255876379678 -60.5055856285436 -48.78502813732673 -54.84745818176613 -75.79108851786509 -56.69888129937533 -52.31710978368489 -42.44685546160835 -25.472232986863965 10.051238868407799 36.26278180309486 
30.274094894527565 38.23343434654982 47.28926578999898 49.87116334119727 42.586474784795705 -14.755761063859941 -19.25872889704653 12.4620595639961 31.895142795214564 27.56950072003552 24.294525114021194 
-75.56151389920632 -68.65866303642593 -65.39018714616337 -61.038104953762335 -35.60870771141616 -18.299424992360677 -37.45676804384538 -14.814590733929418 -5.357590429317241 0.1741749979085061 22.074631669073057 
-21.56785276951514 -12.725579371993177 -12.23541880069353 -11.96064637361827 -14.114168314833758 -5.311515593977443 21.456085427297317 29.10262555812568 12.132585750802821 24.01336946103708 26.69657634519548 
-10.170097975355556 -3.4771583748201156 2.055582492549524 2.9009670152259774 15.117063618589384 49.8220795861886 70.30226407895108 67.0767187838417 43.912207116883195 31.01619152066712 32.75236016973748 
-40.68344245131962 -28.533945465274687 -20.291618932784132 -23.274384890318178 -4.04621152074922 -19.147776101919565 -20.15153071713791 -15.338491309031648 10.220360746396132 33.000259964700724 34.03824505693224 
-0.5366232724382547 6.4429140936811855 10.936020886760172 9.946670444887456 -2.4312388009724932 33.67177112525282 32.527285996157694 20.257094176262036 32.72209994584163 33.82125162688803 26.9116690837501 
3.989351046766556 1.4586335824658563 1.376800172586257 5.752515319224596 16.539676936036763 10.83034691523404 5.053891458489236 -1.060365136461915 10.234937823637274 14.450003420338934 13.829579008830803 
-9.887029105757037 -5.082437935461492 -3.703244076542542 3.260087397063062 43.91921878716755 31.80963963276244 7.178893791111828 -7.240220651317372 6.601738564804975 8.672983201661044 2.0549506582027535 
6.7927501109123725 14.261160563445216 15.23421918317271 16.480750595441847 25.393805447845132 43.94918125255018 28.24368318949113 14.640308618211456 9.39852814488952 1.1802796545323657 -2.5644440971707776 
16.95803920671633 22.78046130670502 22.23591142312042 19.50656901226881 22.882200640470884 19.302055763819865 23.4333219775177 20.13191046834416 7.018034845835962 0.135473250210991 -0.012021176467933437 
4.124429844317244 5.644016510504255 3.321970038123878 0.7680879470369746 6.7377191069840485 6.317142147038677 24.892503691476335 22.77905012185746 18.701879545572062 13.788516331821032 5.7084884598125765 
5.464367542189293 13.27518112036783 11.642654078989207 6.788785860777368 6.595452743502264 -23.44217059756285 -24.933502253662404 -7.90101485926402 6.245754606665908 7.681105586785192 10.85399890962862 
-1.9410746446356701 11.958763318620786 11.41509067367408 8.165447173774092 1.7524955041587085 23.09037449244985 3.3017189413311545 13.15147231488115 17.401125957783112 23.7349073710496 13.311698126242327 
4.5263383085265785 6.881439375209708 4.85078239556718 7.181622666367497 12.778097123667864 0.20932346463506735 -4.885870223793962 -2.5805177791297202 2.1215175991185 3.5000390951707443 11.83415932284485 
-0.49463726675731057 10.75949638265263 10.47598735764775 8.438962739410627 10.536901497930089 -4.568500074677486 -1.585619574927801 -5.065944135259147 -0.09478095446108203 12.202664347030124 6.796352063907767 
-12.91605365194163 2.108267824972258 6.985049009040904 9.747390877291814 5.512892052289274 5.8084122989238445 14.745568731633366 0.3327002668419343 -8.490697158308254 -9.10578796484501 1.5355608021870897 
