-81.28693458750197 -127.60529304091004 -220.02614651039127 -314.5935620348763 -439.99165057118176 -205.61301261423145 -32.34162414625338 3.9349567243048766 -36.90298065961229 -67.29232740149594 -77.97932511289532 
127.71322003983681 136.30690520158623 166.27146169573155 152.62057048122892 82.852353425156 44.65332899575348 -23.273466059316682 -57.06978147110821 -88.13917601156626 -72.45886871922758 -0.8598906825112562 
-39.05876836403277 -37.713479937912155 -35.59541607339952 -20.84476807823909 -2.0496361033572597 -67.85413684426649 -67.03794683057016 -52.49283139203033 -41.59877147751442 -59.05212773914815 -85.84979389348285 
-4.844302270208555 -6.839998550882672 -16.14568149883804 -9.601223936584706 15.129313302132049 9.570065992087105 11.36257852906418 12.64859570844009 30.269789630937964 32.21110005343364 4.424857572382049 
-34.14282208967019 -34.93031593873207 -32.53517073037919 -30.267125067969985 -3.832820596665785 -14.16704319819511 -15.690178156625468 -15.63485794267038 -23.119507404592433 -33.53607399244507 -15.863579627653738 
-40.448621960869716 -42.06039710204999 -42.917123672680916 -40.54682828702107 -10.64502223913324 -24.47701217722877 -6.997187033583012 0.7355024351557429 -5.234165068504564 -11.667139374268633 -15.7147519994841 
-20.08861429179146 -23.36386928270465 -27.231323319152125 -26.88443384461241 -14.585905135092409 -4.132189067183681 -9.392074960812826 -12.644222888989505 -16.060627295235804 -9.701784875863357 10.076406034575143 
-17.799760300012817 -20.74372792697126 -27.41273119636394 -20.307585043785153 -7.058312681411975 -44.79277396656486 -32.04532158368415 -19.82349427369506 -15.501569199032343 -19.125517734132035 -23.296149716314737 
-13.162940350251265 -16.94867037851221 -23.61776707449515 -25.191284382488323 -15.85914410363868 12.80512573225985 17.494080279135574 17.773302040866596 13.851008279708353 11.904128009054507 9.723967463793395 
-10.919672676632313 -14.656127770702037 -20.626540595146356 -18.94278777720961 -22.075863036348093 -6.286289999943813 -3.201199266389818 -1.8906895817630507 -7.746591007833699 -14.2367323970457 -6.932641846580798 
10.27979939630303 4.495428478954379 -10.907636617299865 -13.908629682281035 -11.999403943477969 -10.118394469043654 -5.065446936317408 -0.8629487892266295 3.033029823579113 -5.397884547718045 -20.3314757796958 
0.7683231072793407 -3.292921772044826 -8.0169687650187 -8.337484781115249 -2.822204875637032 -36.141514346043024 -34.44825028722845 -36.820775615996425 -27.626817800090564 -22.556957185551646 -19.182938204576686 
13.805704297544482 11.799892248846344 5.031898288853958 1.0997022540003492 -8.765115595284648 -11.11712898371869 -16.965488549715193 -15.239377180890587 -7.906072160744438 -3.8618573605243323 -11.029214575331412 
-8.236825817892797 -4.552652137346047 7.374208383149451 6.747945353551223 -21.405484198684526 -4.028084516796939 -7.0114114565911825 -19.514176007093937 -31.22038178498486 -24.226257124464112 -14.706155705202677 
-0.42013441943136043 3.6812999712223773 23.205798577088185 22.436318608591563 -1.5768405459644204 19.334414790816425 16.348633662684225 8.929590380760104 -12.840945770281296 -11.023390623786565 -3.433277006708428 
4.602605900579039 5.935304329405824 7.730495178534738 6.491553316196136 6.304921606020718 35.09564979818886 44.11802055039751 41.49469592061408 22.80293593817507 3.674825834994257 3.973032290206997 
-14.228555780741567 -13.659592128126388 -21.331388099346896 -17.40157504044194 0.9688829649020911 19.726038848524087 29.347446030637826 36.67631652600652 33.68550450810633 8.595616646235065 -1.1159530348720128 
-5.148344241682164 -3.3371649113938022 5.129161630087744 7.783514252180946 5.613301566341976 5.9529756994122245 16.428626696511344 22.644561468140886 33.80007481954664 27.446376209165223 17.5334088336068 
1.7793821966721939 2.0332383344915455 1.0592562815102473 3.6007222396291696 6.36835939185432 -20.298498402997666 -15.305100352895966 -5.590420518762668 21.83232453100446 39.33233024649867 32.873398560188164 
13.26397237884585 11.979277936547057 0.719275413972293 2.973729222181014 2.881643118529168 -20.536727740038316 -20.85022507014029 -16.41781037656358 -12.109090096360967 12.201452967220966 19.189996543224623 
