-905.462301501385 -870.0864243023257 -634.7745738888307 -398.4828488328442 -307.7480241557143 -313.24483129672404 -355.91980895984256 -368.23008694891445 -386.30231523283004 -450.0105685390682 -551.1767210694516 
3.7861676465157945 34.32310613260286 167.36569615389124 32.008702825733394 -53.33490580691335 -85.29944699616226 -89.71520665603333 -69.39151418538503 14.269945262487125 80.9738272192956 64.07144719852977 
0.7547975751021363 -2.891400176808375 -63.50551884593765 -85.03795284366551 -66.41250859627607 -33.168057720732705 -2.194125888139692 -36.835886738991135 -92.81162589425585 -119.95569957395509 -82.4973048763901 
1.0629793122557571 -29.834119915392726 -84.99838335857999 -18.934905801675786 -12.089456339344586 4.801907864088257 12.325645820762247 7.671670292115898 -13.056198333255715 -15.029190472375513 -19.191340097857005 
-0.5115786507158295 -32.520966022401 -31.26466627694567 -65.22649822349788 -38.51567993276514 -13.922895492185024 -20.01707782548422 -16.752756173401814 -16.574397913042308 -17.50949836170493 -25.41651846354637 
-1.8706479780695715 -18.280273401724756 -22.90134098214594 -5.928464564595204 -6.593409549397791 -5.985889413161077 -2.992754868589711 -1.8106492928495719 -24.825913377047115 -32.97426258601752 -19.51519450129159 
-2.230024656340387 -1.6737282672987563 -9.359973131264447 -21.515747382829474 -19.012723221764986 -19.09297376908704 -2.4221508865788124 -1.8330039213606861 -9.199680393897022 -11.456412326289232 -17.127790263672672 
-3.631116810607441 7.107966355585653 -1.9097131056966354 3.72531257748782 2.076295397332486 -6.297397140078996 -3.9582136550084934 -3.3019745806895022 -14.944896531518786 -15.574987755502367 -16.43321295828391 
-3.6805699764543847 13.383436076495972 -7.000932710995391 -18.312357588277983 -27.233580164386478 -36.58935281701463 -30.06254421144488 -19.345210599283998 -14.077966618144586 -20.216591775759372 -17.45701625794969 
-3.2832797490631735 11.223694685132845 4.5902331090630115 4.103954740395432 16.94781350132307 14.379191192880207 5.048522591030041 4.14615748362662 -3.674154262432967 2.5518129457975345 0.9754114331613984 
-1.3792400663547737 3.39590569420782 5.929099811954244 20.069368038903267 36.95088540632517 45.41276292186865 24.88416740827897 20.631746349768015 8.835416871997298 0.718084230735093 8.108746104038776 
0.39798862494324794 -4.422581964921811 -7.296998629904515 -4.350505902854298 23.29097536765301 41.35729811018116 35.40283953291262 23.91439615267499 1.0909937425905731 5.654681230958562 7.139163900932427 
-0.22686968181491873 -7.231843468534114 -14.593752859612792 -6.629042891921561 -0.3393347362981102 10.405661261174718 23.820598669727556 24.944248485619042 13.488827590153093 9.63109082981046 11.496768510743513 
0.2836539955930435 -1.5037239824893578 -8.65542528234786 -26.91235120614658 -33.63901535182363 -35.62234787707912 -16.92411394422118 -10.942351799679177 -5.824652945646548 0.6367967040427052 -6.080392280902531 
2.923092563150445 3.543448075731747 -2.4001882225160864 -4.316522016261942 -11.837156683624558 -16.88318406911278 -10.582719035640496 -5.835204653280595 -11.696155366405714 -11.063999251568264 -10.203312429933863 
2.6202023243828774 1.4307791991853374 3.024227973871479 12.172140474947211 7.589228559357187 2.614417206888803 -10.442758051080663 -13.10058660760315 -11.633187287058714 -9.305087803698427 -9.508003985438066 
2.1838480011740984 -2.9057203691863807 6.969008888203719 12.18844594547343 14.192360107046373 19.1081185792369 22.746822331900994 14.771783777010118 11.398234390758862 9.180342573094089 6.884107513554745 
3.8136079480011054 -1.7531328686938377 3.795655479174357 -16.050920853036537 -19.64163780826839 -17.346588238201996 4.20522210184233 -0.8614449129021724 0.3284967115457739 5.374942257890624 7.298595234059274 
2.617119235071347 2.125801456325136 13.655973629127486 15.22857508242105 1.2749141422191077 -13.619181115884302 -19.450513231906726 -21.64195644890139 -8.249088779300399 -3.6658896140799455 0.04365239822709821 
-0.32329939517574213 3.510884776911772 25.09487740711642 40.85272190031098 34.344541845168 17.212204615754885 -11.04386690696058 -6.828781554936259 8.116016211350086 9.90809581092305 1.0948715558889734 
