-84.37276773384183 -29.77718300300135 -29.371816843767697 -50.58465676942835 -111.86923164626178 -194.410711161607 -193.0216569961068 -244.99172436067806 -429.30310968972424 -584.5243148209847 -620.6321933649565 
16.090792413824474 -9.445837058387095 -25.378534854668544 -28.65241147908535 -4.103784114526126 46.17908260573893 25.534902989655368 6.995659876211739 -14.37544432700496 2.5108988099973955 4.436426486427717 
-72.69992106191528 -50.775373998855855 -32.97320437483886 -53.86718254196258 -80.12973426564707 -86.82278901715728 -58.211747678996964 -32.626826290572396 -9.856010915390339 -15.356663866339154 -5.756629633701891 
-3.8060464557420532 7.90291097658576 13.556917151713144 5.434701272411685 -15.694322752375193 -28.925559963100604 -7.334242130392044 0.7275822008489153 4.7255604895362735 0.8285358400412913 -2.1367194707860717 
-23.280167591984664 -19.41568705620616 -16.78788701472272 -10.717391138349136 -10.689235819920254 -2.700366534879978 -19.632324565811174 -23.23694294250582 -32.00945741439964 -15.788617484082444 -9.390897115305146 
-17.57667198033223 -17.866392185184914 -21.15102293965925 -17.935375645612083 -18.379331228922805 -24.67559562337056 -9.502822739267655 -9.062423672759037 -16.82470688950702 -9.63557401641453 -6.279259313049424 
-0.5403089980487457 3.405116281964625 4.367451807308528 -0.09026888668502586 6.683811030647416 18.183466641452128 4.803476209276066 -10.881889539315635 -27.07246019176805 4.534046198925326 7.429051926513155 
-14.390664004213273 -3.5312521260901066 2.3306568208438954 -1.438030019001727 -12.290656753516227 -20.72818081597572 -17.335356455232102 -16.194361032701007 -2.3089935438506926 12.183095691942608 5.2067909759125275 
-18.876038981093842 -22.673124026022567 -19.957957902231236 -12.195028205150766 -9.505541767782422 -14.984473346530606 -21.031190785210274 -21.215258856917053 -28.075632294733992 -6.255763765033979 -0.9334358653147835 
-10.658196987631573 -4.981630036689596 0.4976502606576318 -2.063211595164053 -11.467853725746252 -9.62513853241294 -7.017452582880567 -7.768393051284053 -9.387567450569684 -1.5667117718915686 1.446912918093699 
16.02921028132073 9.904918489271429 5.359824618529185 2.186298322400839 1.1968152759467598 -1.2824446938635616 -1.4080730373689656 0.2972229486487915 10.953596491741099 -2.374514523771011 -3.066492201605006 
0.397787692013863 -13.392524811970585 -20.719533441669668 -15.895201488063805 -10.371865676552645 -10.14992629621123 -13.857228865467734 -16.847756079520806 -13.902592049565575 -12.994787205598943 -7.14352650992263 
7.638365415658448 7.505954208230831 2.4384320710398866 -2.7069480215801933 -6.853896151811593 -5.041159746264309 -4.426799118082826 -0.02436303801581119 11.215035221804648 6.988600312783723 0.13878396234972212 
4.093780109165772 -3.163464577876429 -9.580463834908217 -17.081559932440904 -9.159204931096646 -3.747254660424813 2.573348174980742 2.0607574490179936 -5.2183480830549085 -1.851610068828402 3.883664094167799 
-5.753490308053683 -5.034336205631998 -2.308237627965139 -13.341323390802152 -14.159987380809845 -14.92887636947839 -12.729135640507346 -10.335120351958341 -8.467226541184434 -2.5441312983936295 0.9059202885326103 
14.69759905769763 13.891191487866696 18.995019943219503 19.208378369401736 15.17302712923293 3.0244160498937385 -1.8176444065503052 -0.22635296953754064 7.743077242299364 6.9899240701997964 1.4936273946641965 
26.27286784384721 28.814305369590837 31.282407960066685 39.352782698618284 21.90944752357641 -3.680015263216112 -11.692480073010948 -8.469926838885078 0.009089242627824456 6.365266918608845 2.7081852160361928 
22.098745564139655 16.81752969774976 13.497881744238693 31.661883907119385 33.75541391628076 21.16028153359795 10.346957261218343 6.261364705298701 1.0113883903668106 -1.1622315000260977 -1.7541867964700706 
18.484322761229933 12.162756865955515 2.51124411862189 21.084780520582928 41.73554068896506 32.375831734032445 24.92222441623999 18.767594032193877 9.912503857107026 4.4615426120723924 -1.2565540699684903 
9.683615082133931 1.9835760507753295 -5.090616137551427 3.211656851706069 33.71523685570041 49.2149229406286 39.0396350114865 32.20105521573284 22.034529408859044 9.590607621052536 4.040165922350297 
