-352.2848957546888 -201.5163766141654 -157.51098929419953 -157.323899940004 -160.03979912536826 -244.65433047709362 -404.624977915259 -521.6124970995181 -537.7761047489466 -542.5582462027004 -545.9088301780125 
184.3389764266528 82.07566924159826 19.28768416997558 -6.653827744104296 26.45937613012252 78.51962678374406 122.7187099537127 123.75705065137373 123.58217289948891 123.06723647871532 130.79297498746126 
-63.09145523020147 -53.91172343569524 -37.44948016006299 -30.621941569242452 -41.165124519610444 -60.815639789034805 -37.35029018423421 33.2759385189302 49.46537469044519 49.91573527621388 51.949651145255295 
-9.86062428352101 4.243080273752447 8.33101792516674 24.58443100957137 28.986925389751452 37.90930621893749 39.6602280380888 34.050361548479614 25.192158220939746 22.86526973976211 20.219829008440488 
17.30743212902169 -0.6115402842595494 1.26011839513862 4.86293255315451 3.8553696479682467 19.44591386708557 46.4375590034428 23.068899426147055 11.82592516698695 10.37524147246628 8.853080090070339 
-6.399210109895757 2.075953518331737 6.539807638305124 -0.8026802580337573 -11.700506290793005 -20.04811651583633 -5.282818893594911 20.467173496753972 24.733674036165226 15.551271507144765 17.063820345215902 
3.4095617530409497 -10.3470508540885 -11.892897111673935 -12.61019849819046 -13.408277047887568 -5.584905664987351 -2.5531769051904494 14.63835023402477 17.012598648872647 9.021574628085887 8.254716580057208 
3.9443150620468153 9.659700134914306 24.81154899682018 26.753979937173057 17.71252538935976 12.790757825099092 25.81177900422839 19.808690363141025 13.104312730976204 8.999711481502924 5.762824607899008 
4.009374435796095 6.87474293141309 0.011456035207351611 -2.4255195507789615 -0.879278982235163 1.9602622240870518 4.426899310584469 10.673818268330542 13.366774999983893 8.831219795611748 12.979250595577994 
-3.6942900503709195 -14.894607886344943 -10.20336215791697 -6.611127537502606 -8.121754897356256 -6.942434872924503 -0.12526825977684858 1.6839956866090144 4.793350342517201 6.8293501318103935 7.326534238330009 
2.042530615414966 14.886987769187828 18.726778817750528 17.38193334867766 7.707275098387615 -1.9565408925697256 2.634862178019208 9.415423270073486 8.681933274165175 9.019731192691296 0.1397298159481214 
7.5469310520243535 2.843624250607849 -4.647955503316022 -8.834790269380786 -1.700202877681203 3.8326386097743477 2.028463152799273 9.715880158731823 9.465713824274985 9.093863143029738 0.42465952614085456 
-6.122548219008614 -13.809696338229152 -10.416645817453979 -9.649992559804797 -11.205895054205511 -8.861514538903048 0.34626565898461015 9.838445850911466 10.792639293119386 7.7824822813774155 4.1290619006686535 
-5.814273901513751 2.325355544044938 0.7265563957236867 6.172226970551474 2.384061322035137 3.8266464990550837 7.65054244514579 20.770203304033988 15.850668191419212 14.789434190434765 8.093769706114799 
9.072360437110028 -5.581419863727959 -15.374407584430056 -19.304608894740873 -14.771726151488032 -10.679975236615752 -1.5272509782150678 8.796822321314139 8.359205766872632 8.193014466056391 1.3651642285048187 
1.5614611397547784 0.8434728912569259 -6.149233259298557 -13.194889118890934 -8.596377250122792 1.0976442271855582 3.8538644630469743 1.1154551562405752 1.6909004114577886 0.3051578842286513 -0.5250186157760179 
11.38275748227029 1.8574429379296797 -4.7130623777440315 -10.750075756940193 -8.479030187164721 -6.990560435466293 1.0984599468495042 8.343592945651174 -2.7344056998833386 -1.2276268336361824 -0.803777751354757 
1.9920154645290313 2.2618931641619273 1.2264745596333835 0.47390473257844923 0.11470473163192951 7.4079324993415305 12.00360907103925 11.647700388993318 7.226520553300566 8.282718923590483 12.47747245628221 
-26.944227495523588 -21.141140375646255 -9.251313666292326 0.38551208577327745 -11.676118650547476 -12.467817457882845 -6.620851668591545 -5.985285332093395 -3.6638873469202333 -5.738191537520339 0.5048779231984261 
-3.4536190452181574 12.394551466264396 32.252352712206786 40.7214742213021 17.332681648476765 11.060443281930528 7.361548507078354 2.191139474993136 -2.7247935802955587 -2.816766086865088 -3.315674559148034 
