-496.5658093566711 -501.1066483437242 -515.1368360253116 -514.5621015189741 -514.411705307976 -514.0377044501897 -513.585683060369 -503.82682284719135 -434.710304410832 -367.8700512372542 0.0 
93.94363203019813 84.19652494833261 71.50874039538985 72.58654098667182 72.51285221796249 70.70464672667723 73.71599098466709 86.00649635616085 126.186891925207 138.68906938654624 0.0 
35.771688849323944 23.864498029311157 13.66638403497005 16.331491866337593 16.28331076613381 15.643132503122075 12.244928739616116 9.81166902333384 -16.9992430775413 -30.296743635980697 0.0 
30.15983218518282 22.82734076332282 14.389450147454882 15.495054142563044 10.585229111895757 11.275988717100049 16.69544027800065 5.885459171366613 -27.47201516711816 -19.029861237439043 0.0 
15.025010506635596 14.29807936837077 6.158643785873393 5.8932581681913785 5.277985172847901 8.988617206677452 8.169209166076753 3.4143675070025514 2.043205201407612 9.520221648125432 0.0 
7.004785384466917 9.672042109704591 6.588127478296187 8.359376788476965 5.068949871336166 3.181318433166432 4.429480274943012 7.036057122385636 17.733558351835196 16.528695474347217 0.0 
3.265988068825595 2.572081284016991 3.3506849009602346 8.107582592541966 4.544282816528712 0.21420729711344222 2.2054232649539385 3.8380215383982446 13.149534709449563 14.576329380644681 0.0 
12.583188708645944 10.499405180047875 9.311738421631151 10.033994680984321 9.656183298246672 9.636481148609409 6.940087689801148 3.1056488532552717 2.8218104420193986 2.3406698745674843 0.0 
12.609332528109588 6.379910646669554 6.941627000317236 9.212233342724026 9.291998149852263 9.72179038280855 7.202659094664343 1.4257510013863093 -6.3411107261473845 -8.591859728295134 0.0 
0.10359499748284873 3.21730652146835 3.64395901013724 -0.11494957126035721 -2.063892297916553 -3.229433184136017 -0.5288886930935746 1.098189564295035 -16.52378601577879 -30.8892664588654 0.0 
-2.2470188559499062 -1.7130674457391715 -1.6719927345138148 -5.822121080779713 -4.567471307706115 -4.4494162271082605 -5.932867682587105 -9.385866985842448 -17.86482911550467 -26.526860298298022 0.0 
-1.2012737502724142 -4.305479146468757 -3.4799998873580997 -2.2775330581821707 -3.8288679950682303 -1.4982786425960803 0.6861144685320157 -4.049255249631914 -8.714686189516403 -11.429005010559857 0.0 
-8.637872488596976 -7.87107732791673 -4.515040723950153 -1.2954558144261044 -1.1776496491837776 -2.9731054720032204 -0.08925876831024393 1.9657225093689892 11.3240325544457 14.063867689971385 0.0 
-2.723900730294865 -0.5013161789414242 2.27475689272498 -1.0423036881499628 -2.88589739422617 -3.552586712117635 1.0461992632915877 4.836638765611189 15.774089351723758 19.026089165220117 0.0 
-2.201758006383126 -1.2068726792283475 -0.5045770141939175 -5.553791338816058 -6.089555670955734 -5.238018349070517 0.26415683523832306 3.8178017489281677 1.9795313591154144 -2.7969510144711243 0.0 
-8.482514849748638 -8.457680992344791 -5.390571809507245 -9.14619271860357 -8.924434190909698 -7.183528570619951 -5.693922716923412 -8.276786230446504 -19.092317545302144 -22.956071142999914 0.0 
-18.530330950336616 -16.501863595057362 -11.072004619501648 -13.813323929366057 -14.520796888706109 -9.895935617432905 -8.958574569470617 -19.476628636411675 -25.84249471348786 -16.56375426914399 0.0 
-20.275458070505895 -19.537217416837713 -14.99083196917304 -8.083563305684079 -12.449799450689438 -14.68802042543892 -13.11285141379307 -19.26006321947818 -16.58718563094772 -7.341574295496859 0.0 
-9.575615269964272 -10.37831621746063 -13.250829827248342 -12.375443947851004 -12.419140077619474 -12.077461955290563 -11.023544511937798 -5.283947697658316 1.681418685942253 1.4429046500940452 0.0 
-12.298050169665672 -10.403561301981895 -9.243798678740994 -15.21992313684239 -13.553061437481713 -5.464917453782565 -6.4525846527658475 -2.286256434426932 -3.1635969417680805 -11.271590722269359 0.0 
