-690.4487904639869 -707.7322779385712 -506.83020116137595 -183.61561402653757 -71.3571833126502 -65.14106896560573 -145.22939415991115 -342.4114200534187 -512.5793632871507 -676.4060177653212 -687.7715330685352 
36.72971245531954 23.597437017239574 134.65228641672604 52.625170068426335 22.00933976951069 16.140195564381738 40.26413771226896 99.0173185646502 79.80729954651706 25.68894594945114 41.59678483624388 
2.1986004041149547 6.226565782706187 -48.768415743886735 -77.40560311968974 -89.93307445433081 -96.5813051791045 -95.14176604152948 -75.97476210398219 -39.52535201477623 1.9920304258724009 20.71256476581282 
-8.054652642785127 -2.01916267940624 -34.362945002499245 -0.5741208164400667 7.720719802334285 7.143994015256447 7.023090637429111 7.57766229642644 28.2184833471281 16.988736853499574 9.577510249568888 
1.4586883575879908 -0.663363611023654 -18.74999564416642 -0.08093332690235261 8.350626975485472 6.238804886368841 5.05619457906649 5.319081701760484 -13.726096983619016 2.6546599752289115 4.846950779965743 
8.683358545449824 2.458425750737952 -41.58345997822859 -47.391650635530915 -38.59452608751898 -38.018491768861274 -37.32204906567155 -31.875040691874283 -32.24882202830884 -1.4751801665869162 3.523119299109293 
5.455266427356954 2.858792084439058 -5.9636961878474075 -8.450350114220791 -3.07548600621437 -2.0158319462149565 -6.171868885513584 4.748638768199273 10.519464421795568 -4.65201788396725 -0.6573035740027374 
-1.417117235755748 1.33460688333584 -14.024336810819825 -14.8683298025258 -13.249713089976293 -11.786151895414028 -17.877426491968393 -24.06986217988735 -7.236654735907574 -1.6339209839427848 -3.7401286256878796 
-0.8211995600564929 1.42028484000669 -28.182383586347363 -12.966845579572292 -10.943597969618928 -8.975649359302656 -11.564546359976415 -8.158863607190773 -8.363607387618297 6.2293281584915965 -10.259242358699012 
5.174577771544724 2.86269396771116 -4.170281339848495 1.501030677106623 1.8260822083946286 2.6355265500286094 2.759728698052448 -8.046694417816802 -24.48044748374157 -8.869091655140036 -9.983927663848801 
5.095319502561487 1.6839534494193917 -14.419791220587214 -32.11388132096285 -28.19235997517513 -27.111687638555598 -29.154702115806728 -18.380085430076207 -18.826915390145302 -12.536547610030237 -10.682018361611808 
0.49617393433205137 -1.9279245071845514 -18.24905386319561 1.9046695732375896 4.856176998462553 5.189721516400628 0.6656442390747885 -21.337897708550578 -9.929118888968242 9.820225412570784 0.18047376905071696 
-0.5917371791473085 -3.952634382767478 -0.25272655272446354 -1.2840622633942629 -3.095196049216067 -6.167976085343296 -9.128292251329643 -4.086859075346779 -11.506310026872377 -0.9997231384974452 2.539265518974444 
0.008050552359881391 -3.3790885051509183 7.751738276679324 -2.2560217272789567 -4.484510344645926 -8.702075746383038 -10.4893321979613 -9.804564233923335 -17.013062184497393 -3.5589203847161093 -2.6212385340839544 
-0.7097298786358075 -2.3648396164632945 -12.720633170604279 -10.609143580968814 -9.274745327063824 -10.073568722331725 -13.613511852921356 -12.955011332685327 -2.3457654303137963 1.9108689888226014 -0.6524090421688125 
-2.06967405871827 -1.891016789747754 4.300421523055647 9.497212428795049 5.835505286265294 5.583275776953645 6.407439155796837 0.9110503487643952 -0.5238143612927139 -3.4084363188815145 1.0258469226640616 
-3.811505032785745 -1.3770576043617793 0.478899325807901 -12.217687115376512 -17.018603217687044 -18.931541091694996 -13.080515337237014 -10.55804770989812 -7.435154799476754 1.7489724625685636 4.355358616610495 
-2.8161115884126025 -0.9814464555648033 1.8048607652447735 2.5346556638754425 -2.0066370126534285 -8.438257414342214 -3.942690315582255 1.5663392099685627 -1.7070750854281245 -4.4326917403252715 -1.1716402407821453 
1.2479503154578917 -0.7951854807256392 8.238737882265088 13.159407736266424 7.458942265299166 -5.748175006945411 -8.268656622103352 -14.588754883788681 -19.651109438911433 -0.18929135796134733 3.492368456969878 
2.0086035372160396 -0.28888409805291926 25.086062660643698 27.7004628546567 22.2036421766924 6.043784942300711 -3.712928031261469 -4.974990075257524 -5.1115378306405175 3.556050116529578 4.048367271522291 
