-359.5248719209505 -346.48120387116813 -386.0387435300842 -416.51981441240747 -423.854162669899 -367.8072536890168 -110.4869931381438 -44.13845781701282 -44.389962154814775 -73.21677541015816 0.0 
31.905918252976008 25.874739980587343 26.687605288495494 35.59070297365691 31.17540183903654 80.90770986229508 104.18546009477257 102.6678820405281 120.55972620695411 154.69114204012766 0.0 
-31.892245147915357 -38.60585005517677 -30.122995303806903 -19.46109749299108 -10.456197049557385 -12.067555203804382 -98.19744257344888 -123.3860057023021 -149.3173946306727 -140.15535115159634 0.0 
3.6419998055887843 -0.014714525107977106 -0.3983281601914057 -5.9740019889555676 -1.2319920914856777 -22.66047224946825 -70.50139565057349 -75.50097570285607 -75.99421845182502 -56.24927237981066 0.0 
-8.50251339354163 -9.683552176639086 -13.664184464445015 -12.121718470683941 -14.997768120655689 -16.308261034415708 9.767533243120184 11.37620759736307 12.219914987173766 25.116103365205838 0.0 
0.025696156815640192 1.3264293935041551 2.1912519496888176 4.931818190423965 1.0471526981099992 -3.4613562993193447 -32.53871316643257 -38.130196164937665 -34.26942265034924 -21.784903130299288 0.0 
-1.7143735288139759 -1.7786936063953283 -6.540111191286789 -6.263575683539074 -9.188185899936634 -15.254873703276415 -23.71781708959471 -32.04079667679216 -23.8136553219063 -9.939786023707104 0.0 
-24.096436439851956 -29.361040363669826 -26.44787118487205 -18.951839028314645 -11.519302957421184 -24.49066603139096 -26.58152202470915 -22.641539846068838 -4.800431328920043 -0.1494231001599131 0.0 
-18.713183033690015 -23.132390410418004 -25.380636782809653 -21.221563533482794 -15.83272219668831 -17.14572875538108 -27.89254639943276 -23.35086530565881 -12.014160578852604 -11.707126696084394 0.0 
11.869280357374393 10.268447667878439 2.960273529464577 -7.509335436300524 -6.663040375653642 -9.151000598119882 -12.218171027472113 -6.741841363533025 -5.8932976154425605 -10.351083976078131 0.0 
-12.591975527561456 -15.23746629495583 -13.049926245747711 -6.085015070827518 -7.192689120552814 -19.35973861720402 4.166980439717699 19.848344796344577 17.551587053047356 0.14382910452851005 0.0 
-9.480073954937371 -7.765329438458518 -12.238954615570773 -7.797141948488441 -7.337633641893488 -23.42192869779456 17.064247695053467 23.035717405176484 20.192622040247592 11.071007782081558 0.0 
-0.8527289053617343 1.4238827062261448 2.9370696438086643 1.1009339728224505 0.7205633583241715 0.9040772744145449 19.60877494036792 7.012038984112916 3.913500880792819 9.53613261325783 0.0 
0.4428545846093716 1.2718449007101575 -3.8447175098621287 -7.496902646717398 -5.562938829735826 9.968201964741384 2.8090097887448966 -2.029039313547995 2.4557719431312703 4.893715953310534 0.0 
1.0757159214873213 -1.9447633936468414 -1.5814842391028847 3.1890546723871753 0.7819321614633454 29.535069012555404 20.0664672621365 19.11077053521089 19.96185722680667 20.034095740297715 0.0 
12.002687138465848 7.615988751231656 6.992292359180794 5.079272455029329 2.4767241693805966 26.889966493323925 9.197582175248893 1.6531668800132069 3.5896477825147017 14.974192799319042 0.0 
-0.14505318818513374 -7.122464575095908 -12.060965400708884 -14.277426757049277 -13.317601889746433 -0.252023429445313 -8.417214766504873 -11.042995219626587 -7.092729465865448 3.5849021167469783 0.0 
-12.511413223167871 -19.20037311811096 -15.343204973879725 -7.551910873520008 -8.246299573736735 -7.681167096394045 1.2970090458332844 5.477655259758086 -3.556304941089144 -14.95618124360917 0.0 
4.892433297491208 2.73896796244314 -0.442901345167836 -0.2370315453747508 1.412193803232486 -2.674681151462538 15.011716363651077 19.306352561393943 9.26093735265232 2.8466619451666357 0.0 
4.189709316951751 1.1327001242061951 -2.0091434477362196 0.2364941865277883 -2.8891241558829024 -3.815089441012784 -8.13328440497465 -8.965730181040861 -7.2628887618860425 -8.038925681165324 0.0 
