-403.3913825028973 -397.8937083727214 -397.2488012577524 -358.4657355537431 -282.19111969697656 -242.9025282107338 -259.3378131339611 -276.12444756959644 -318.6117252047981 -362.3348053359152 -397.6378796985898 
46.41862217064171 48.48335550269675 45.79927505880062 76.30895719777408 97.79861845623549 68.01544094167937 36.6002758929941 44.2127231379648 70.09175334864277 69.94963832605322 47.90248124335433 
18.063854974026242 19.52200998010953 18.69887266657073 23.37040010323382 -13.246107279367253 -16.31648363431492 -14.74316175016413 -22.700179225109732 -13.637725530021724 1.7289379020583064 17.330506816136655 
6.45589094916227 7.281190517307542 6.195823769761542 -9.951492826815143 -27.974727893856173 -24.34618829320612 -11.98613326115621 1.6986804872200731 -2.8736487114454743 -11.285297532282016 5.492585474087305 
7.664910546856556 3.756542988976257 2.4143882212952352 -6.719321918334245 -3.4979817255187555 -3.8661960576734 2.480831130950552 13.958044493310112 8.521639818665424 1.042957282187584 6.06649688138886 
9.992703057896025 8.410011526931264 5.832951386317865 2.141781954274936 2.0487667745295286 -0.9987801220809858 -8.795038115030131 -3.9065667085581897 0.16087570194421058 7.715283199181254 9.621706825401448 
10.32274893002809 8.757833274031611 7.570262407868306 4.573890215206285 1.617128681723842 0.24510747617266648 -5.2497266032002745 3.7350113866811103 11.217309483788414 7.981932532058503 5.455149718593693 
9.515576979063365 6.876433426816652 7.359400518936717 9.267733342548256 -8.670978651493503 -15.725704508618502 -8.209181481788706 -3.0264580679186346 -0.04856943369582353 4.915100425274094 6.785801088396777 
5.435350727421234 4.546084329471653 1.9507421867228083 -0.5834353367308217 -2.032626332259559 6.704561386774392 14.410659056146603 14.451693902171947 -2.5669835470726206 -7.095003826417651 2.1234580751668815 
9.221911617445457 7.862329254315199 4.81924037956516 0.37211527038476944 8.7280354020039 4.977309240988184 -0.2599752808105794 1.6122497591425506 1.5852892110610532 1.0483735996786798 8.935697427198068 
6.478966708345064 6.363043609607239 5.328823424443439 -0.43457747748900877 1.9340223237700802 2.212544795039813 4.179695801859048 4.026647616790642 0.599378359350514 3.2762337190610116 2.9780433400015838 
2.1959670665696813 3.9861544582208936 7.486648440570461 4.52163052328871 1.4210070670040587 4.387741045686117 8.85397689881166 7.5302748747442365 3.5329558038571403 1.817236142693005 3.4659175297929776 
2.2205574247635873 -0.3658718320175237 5.0611520457969 3.11247200323626 -3.3262993864167916 -5.012179935293998 -0.3909172656907705 3.1419156764551146 8.181391865271028 5.225470469123156 6.544145771048141 
2.727380499401458 4.455885826545645 7.529003204009021 5.996921164662993 -9.291788813808804 -8.096985575335701 3.8274389719444653 4.748309696230472 1.3345306586359413 3.098895372357842 5.691715975852251 
0.9511749554892359 6.243668653431177 6.120591507450699 5.062924264683653 0.8462850573585836 4.045163231003943 5.42516645239364 0.909324071366914 5.036680432620452 3.7414975215774646 7.20389259767437 
0.6824055147212134 4.3825409711376295 4.72485663081927 11.368380950122013 11.502183630709096 9.115922490125833 6.282604402346465 -0.9270907622100197 0.6313319962697955 3.6792256255455364 9.030181817594698 
-4.111193178059713 -2.599854387432661 3.3691345094510092 5.3660749047960365 1.760534702103053 4.437792347367985 5.237594375671514 -0.4813423998780382 0.8850485619906056 -1.1769489595791092 -0.8340009193617692 
1.5440506336440438 -0.4347628400392125 3.9410142152311582 4.669310135995454 -5.263715427945833 -10.927669332086259 -3.598567182526261 -3.738940547240648 0.5653527453035552 2.2543987387552553 -1.9065659329377338 
-2.192313821620996 -3.2202878717237087 -0.74593447898781 -4.083749184681952 -9.74438095983504 -6.347456606123359 0.05907317801572565 -3.945898796746579 -4.357973929475833 -1.1484795808816706 -3.6426923393539545 
-3.4160593011691045 0.43046870403678805 4.138297770095582 -8.489610901729822 -11.472618989630408 -8.19829847708452 -0.35336477018302803 -5.763571273641265 -9.675491976043908 -6.452253636831738 -0.5391838367081043 
