-685.4992489135163 -577.4305103113019 -370.2491403165505 -248.32788478747227 -231.66325339490461 -241.70918237219897 -287.55839418674674 -389.6579205319056 -492.4712124889487 -572.34680329741 -668.3532104497002 
30.038614216406327 82.76740185735635 42.16292400200646 -36.30070022988785 -68.88786662561196 -64.65609070359059 -35.91915245499669 17.570325831389294 -12.624072965846311 -21.243908306611914 23.168045672144494 
3.367228104502263 -69.15841575455048 -97.12506440900985 -67.61497675906635 -39.519906601424324 -29.249010008324454 -47.65276477111588 -80.47383465061071 -101.2469668963231 -67.2927063816955 -9.460160334634148 
2.7605019774748345 -80.61574002206478 -61.62023927214162 -46.5985885184119 -15.626090185868946 1.3464987427653263 -0.5451295797072093 -26.026771291612274 4.3280608242850125 31.97361871634311 21.38043278488131 
-40.704867439762 -36.85182140729074 -35.28218351087885 -19.150407461972925 5.368750504350523 4.940965169757781 1.7611866066375952 5.5624508449674614 -4.7006519417699515 -13.5024471530925 -37.1898735028907 
-15.735597209027695 23.01148284531135 7.2020677490503715 -4.2653697988603385 3.6758841618087352 7.232040300910089 6.599008714051907 -5.13480439290074 -4.023769427962904 -19.388262727841557 -23.64460761853279 
-14.612020282551029 -2.9934661985284183 -30.843980302941173 -41.621464130030475 -30.960308332417867 -22.067928652847137 -23.48626730348422 -26.476876022085897 -20.599732828052232 -30.568352647769387 -21.869033328699157 
-13.05075512436201 -25.870745874542923 -15.792448801049579 -2.8979213962787522 10.077896509601654 6.285322340974153 -19.043377611727873 -33.61469672438223 -31.09870077543018 -27.280948887902767 -12.51963804422752 
-10.02299471845986 -4.398942039750156 0.02145543633154645 -8.37925673634039 -7.183467543917478 -7.44898290886414 -6.2440424421770295 -5.874419255107913 11.447087543900622 18.98352405269495 6.616721682388446 
-13.011679954172472 -20.19633438999102 -28.261826734397758 -29.388183841463785 -23.881322846466055 -28.23582904507161 -32.91384349099472 -29.165602907463494 -22.447840091650995 -19.52913701241564 -10.58384917688809 
-12.573243427880978 -31.01811733942785 -39.11946473491796 -25.625354917797218 -11.061478079548609 -11.72107512572456 -17.904687525684185 -29.01718099580034 -14.475314369596436 -10.053633951508441 -4.449149987317807 
-20.102175143429662 -24.449260933779982 -3.527780806968139 -8.863047871103024 -4.133726045903883 -3.0174690884188147 -4.7328733281502675 -0.3875344888131756 10.03334144657372 9.317918189877819 -4.1422220102291885 
-13.452267178333798 -3.860443720236436 -20.08257531901157 -23.254242679013444 -14.633988153921406 -13.114539264931153 -19.64853006359271 -22.648262013328797 -22.033448645020528 -19.598715241563337 -16.131205829105813 
-1.287368154254566 5.452804492053897 -4.21023610537254 -3.314451908874913 5.147277283075025 6.182231904157684 3.1935989748161604 -6.399662560983911 -3.3234965044288707 2.2532277818233832 -3.3662826848946548 
-2.0904698463532636 -2.678933112804261 -2.3152990961843676 -2.3355453034079092 -2.543390661004706 -1.6417422593351065 5.139670212148781 11.169416400083573 0.20041085816895254 -2.640356959357008 -5.110675940623182 
6.457294633501373 4.451652213471231 14.15021891750704 6.8884372144380395 5.468815035851968 8.43735438716824 18.09296056141651 20.429620054310675 22.069971363244512 16.302132197436155 5.934932770034817 
14.840694062640164 18.296464117181564 0.269495477993196 -2.6610658893775536 -0.2282158772432999 4.307251736635582 7.344172051388516 2.166407328309743 -8.292988557951304 -6.488132274476669 11.837083578254735 
4.137466048780039 1.2780245408090465 7.344634050774197 7.119829425449713 2.474205463559023 5.779134965209249 11.788417640165235 1.7867803984706971 -3.1179751550831556 8.217029215798743 3.2401646922502323 
10.072281027154448 2.3062092899976516 9.9042967106719 1.5896528513634571 -3.3566206120774957 -3.889278740466619 1.265957734400193 3.271714707737663 8.87681826708969 15.212926599070961 9.243835155479072 
13.080332090551885 9.555488893803398 -2.1772184290073873 3.1390643263990405 8.980633022670133 7.611524396588297 0.2061899715198634 -8.199467328175146 -8.990477428841068 1.2804855549482648 9.811695824973995 
