-374.81496687527795 -360.3250972412536 -226.17614148496983 -133.32448220850088 -127.80720693974021 -188.0490038895542 -193.9204529450947 -217.74324958117785 -292.4153204887811 -362.01448132133874 -353.11407386233833 
90.71143125516829 93.48987267704658 114.85213606062801 101.22512040292499 78.0541291498211 50.062814060482104 69.99272803997529 102.64537624488679 114.20613283353646 96.53597907458305 88.56320415277048 
2.8780383113792585 0.49258925568421114 -94.34170577302095 -121.65701799352676 -109.33232698826293 -84.9400395216565 -86.6484183899733 -78.33389637193169 -37.760636514838325 8.234217639657354 13.420678757797122 
16.678793980206613 14.511562820356074 14.535550995394765 27.44388408958111 38.070366752887494 57.27265170900477 55.16886546092255 45.89563409433545 25.25277169390298 15.362924411644698 11.78467424814313 
3.0985873916738775 6.064032838334446 -9.795453031649428 -28.404957133625025 -22.302126290859167 -6.642365514956779 -14.189525647052054 -15.586687028356614 -1.0058474136993445 5.998262291001881 12.480955533333677 
-3.099944751694618 3.203305111685408 -19.199669430040313 -18.86152086944064 -10.678773549109405 -2.120093461491474 -8.641940528829345 -15.326500387759474 -8.337904443262158 8.45973474942434 0.8120400521250303 
-1.0524278515551109 1.2911250932908822 21.386164065969965 17.338967150460462 16.8834234590626 20.18912659217495 18.975755670939222 15.633811351118203 5.334378948325957 10.469703626098479 10.504732606123701 
4.587084422352081 8.356286411430968 2.9937440703729745 -13.35636272663659 -17.61642492395253 -19.56420467251246 -26.083255961700676 -29.20630849396386 -14.357053076714834 2.303817647193038 6.545047228389597 
2.6877283309703905 8.937733205542848 13.791202956741708 10.67263832275713 7.362068269214214 -0.24874924193137726 -5.318980505989982 -10.999601079992246 -13.114120734188191 3.882734051254508 8.22982480452509 
-1.625711267446855 3.751800978368438 15.218043393036556 -0.2918417311169512 -5.804404111791492 -5.179046024119747 -2.9772390630957015 0.6168823638340347 3.278296986718173 3.2365378133689706 -2.3079780160731236 
2.999245954023311 4.341923953572667 -6.419725781509225 5.106980723200663 15.145276410044424 19.365082485328752 9.859743797588695 4.063196650633645 10.030377169220124 9.771577596748202 13.81242026214898 
0.13549839062752211 -2.8650663081312495 3.7727065732191303 9.934729079411404 13.369727126882529 23.282676802190593 28.119042987880057 28.369008736630285 15.503616752298356 3.1049109378210034 5.950953894741497 
8.20287854165622 1.659631792759019 0.620596349581903 6.594602265277899 18.222066949238343 30.789569252777973 29.03130250319385 29.62102047325778 23.810148516644997 3.6505985508919245 9.768376745741836 
1.933732429652093 2.2205450443928676 -6.125742013327985 -6.936682409808355 -0.5009991735367514 12.579982688315717 16.296884978808457 21.61490596786104 21.84111307951015 2.70819150183826 -3.004936578884929 
1.4952490009231152 2.2828229784552283 1.142628629226483 8.689278239433051 10.162924882797176 8.503825576615476 9.558459281962282 8.341815839239615 9.123906377683166 3.0989583956428746 3.8494056631269364 
1.4317427806097704 4.69256833451483 4.637684172133396 1.3893874779205664 -4.137947021917479 -20.484271948122938 -19.668212717208945 -21.597160794773146 -12.715154615510905 3.310252935155269 0.6634065626810993 
1.6601763571794355 4.7481357984588755 10.799963733510584 4.364825998710967 -1.3857338726596224 -13.689625141183988 -15.34086279326587 -19.35024023038602 -16.181464266504378 3.120621867157432 0.43180070393829295 
3.7656823970985167 3.4282188301895657 1.69849731940035 1.6905570324869044 6.917879218951413 9.940065473493185 8.631097053169416 10.653401488107747 7.212267590988851 5.038496576865985 6.107068015815257 
0.23589601449765393 -0.36378797559322884 -7.548354100972784 -1.9221546090393222 3.1693742248018983 6.747944810240894 5.915599470884132 10.526461316999765 10.874374360430002 2.4713995904255 3.1514954727409528 
-3.1272861146903796 -6.495769063268572 -7.99584446443402 -10.26358855373298 -11.547909046798406 -16.69101012844294 -14.36561934135704 -9.933873356176013 -3.2085722043245886 -1.1461002202039716 2.639309117893192 
