-350.51805414944414 -340.2574159459882 -357.13454542786525 -364.6542724225675 -237.03007297261485 -167.7506178140665 -176.04471907270695 -210.50008469359273 -207.7507000274092 -246.1018940989894 -337.43305030059986 
99.19551297309104 100.11387118104625 101.92098271680331 99.30214959589105 125.57052089114516 113.53090831569713 84.30267255838109 53.30654430805535 74.58954550882365 102.33943257687987 100.82680141321474 
17.89852209862257 16.507764786166447 8.013277444980437 1.2960636058478316 -83.36835481371031 -117.29151165446257 -102.77773885657102 -80.81255185397492 -81.81004389149265 -69.40694694032001 -17.67981792447533 
19.480488656451882 18.264202544422574 19.625780484388613 20.443984975813137 4.1530567582958415 17.802252528019494 34.682401312080884 63.568016147791575 50.87560796502542 31.875462408377405 16.308262369471066 
-4.0844495084061805 -1.7878099740118225 3.9845493849157214 13.072841256915384 -8.6859533221612 -22.754334666976938 -15.862102710207703 -4.957535928825731 -18.422988886295293 -18.021643473016105 -4.464743549339323 
7.417775539528695 9.99543934020138 10.795547087723792 13.335191228480516 -8.426133959549581 -17.41784289939794 -12.319455453003087 -7.1445662520396525 -15.479875604106647 -16.73799896992487 -0.17840915002616087 
-6.110676977022441 -5.890278081501049 7.780121852033075 13.018074730268188 20.346418280645246 22.63493764966327 21.436540805885866 26.170265098233386 19.38172088477907 15.33787311617623 4.866614607810958 
-1.0762475465798436 -2.011474366771578 4.096755618721529 7.155616859815806 -5.634598668353213 -22.489914650962884 -28.18928338680379 -26.33909210986952 -32.98128632481685 -30.319541102364457 -5.555755891230966 
3.9021648244376634 6.395404098008267 6.146892124716351 5.920328610349007 6.202892224042946 8.065693944000962 3.2545438442285555 -5.597743465436663 -7.3709295599503974 -11.411280785718908 -1.7627659269837501 
-1.907883531182089 -0.30555869654463536 -0.1228817377351728 1.9968397013497792 27.88376597501862 20.69038703221146 9.971405522535573 -8.689164131106178 -4.161903921683223 6.395746892638617 9.573158094295211 
3.472155786564502 4.530633125241708 3.430470892107499 -0.724552522888562 14.482228603226645 21.53234517125877 29.0093750280878 16.815902035307815 11.09136051038544 4.727560684983439 13.807988869326477 
0.3896415686542596 -2.5542719837835435 -0.31355961361242424 3.2647109638005816 19.133277276949947 34.57380341858752 39.30562458941885 37.464964139334 38.53594056923074 33.09596571334524 19.088494129559454 
3.840219133117451 4.480954415032856 5.213712480174205 1.13075524179519 3.843264990735526 10.223155700779756 17.373418995377133 32.92817698191505 36.738790054320205 31.425076890569834 16.210002533096926 
5.418317660550512 6.485111357633286 7.056598373223839 4.828694826454278 -16.08057942578177 -12.743917275973804 -10.650015392353222 9.055759425988608 17.993293003823965 16.10877667970223 7.37102712573673 
8.487579754715831 10.025971855388887 10.321949245068886 4.918469395893237 -2.8016188056536264 -1.8280089372820063 -10.272031710257483 -8.105327821003147 1.0070346661385847 6.514598168835794 8.426639679085802 
6.851899066547968 6.893162523715601 1.469936507990813 -0.8952491413334354 0.19341026171872436 -7.358285432466911 -12.699768706759437 -26.21219068216661 -28.873804635803946 -19.247849695709924 1.2422293783643907 
-1.3467437068274457 2.310816477936937 0.43101746358462584 1.9661179487689215 0.32575021963842926 4.53297500885229 2.726103712283706 -4.170965805450092 -12.79966516668637 -14.43643256975456 -5.081492253411323 
5.471293622625298 8.480526134392104 4.3483031989039365 2.7267765541245197 3.1504791679140247 4.224235163134042 9.481685363040711 14.24918436843091 10.17977910913698 4.532083743336476 -2.627946872715251 
-1.6005980753704687 -1.9260463687638887 -1.3610939394180916 -1.7583974223762004 -5.592290658883116 -3.493597662007134 -2.7869249732785653 -3.34478704394675 1.8984995033745888 2.9642517569473674 -0.5604601169549115 
0.9662826361971226 0.6426504250635746 1.0335826568331412 0.08816907875694097 1.3100636605581626 -5.312525398657707 -12.798280983468537 -22.952569316758222 -19.55482211822745 -18.67888997787109 -2.525188346525429 
