-429.8577843109441 -426.08393241150236 -430.2390119457835 -172.43707886993562 -54.57998068646524 -48.7940255189838 -76.2864528063238 -143.3019967482458 -295.7509254381544 -445.9182772324518 -457.263402255595 
23.943597555306305 23.305043890343576 54.978216138922434 65.76593301805937 14.942426180921348 -2.789453474940281 15.740376498840496 59.04628994305985 83.5336100543418 54.27977846917423 61.621779117263415 
6.3738149614238155 4.535604299635557 -16.801516178184595 -101.05576603255615 -79.52209719124761 -61.61510907666377 -73.45995357923621 -91.56754362089116 -75.1778333788038 -23.17187775366603 -7.951472026621026 
-27.78012350942401 -25.417818710679892 -45.80483723279959 -13.48690185109886 -2.6686132487967633 2.4288418208152 -14.171824623080544 -18.46607187024848 -33.24486839913423 -12.393566726891423 -13.904115277587291 
-7.97568433179662 -18.533286024387593 -32.57557005576608 -8.77799665472752 -17.16263392897433 -22.989694093305943 -38.37017931636139 -39.11257371166047 -16.623283377294957 -12.408546626209372 -18.39801346763697 
-11.28428921485673 -19.594366726410183 -11.303235896105058 -29.342622043744242 -13.293484464275323 -7.1862735665536315 -5.465496945075877 1.0044192800184897 -1.3815896507314172 -3.178684240409185 -9.71511841870731 
3.854763034869662 -1.0886504147855507 4.427788414022806 15.41879320244853 -2.645872555272206 -8.997225099577317 -14.902597721739559 -12.183184255775206 1.7225778654270472 -5.65502806359647 -6.11023244669923 
-15.105952012219056 -11.004393800395068 -2.712244033442779 -12.716247261271267 -2.2456546705796137 9.308368956924658 15.896090550230767 12.21326994907827 0.7137014349131128 -14.278210890245361 -5.988657637787774 
-5.396228581928249 1.697733837923796 -3.1485721444894734 3.0773935571269395 3.4067525889330277 -0.5927776461334846 -12.27493393876973 -17.550741333578543 -12.09740479227026 -1.4924751061696249 -11.965000168312217 
-9.961018498759408 -8.348986948209753 -22.840772702002667 -14.254468901532267 -12.188630655494164 -10.376889315285176 -9.022373745188577 -3.623006318306654 -6.606616009419833 7.694771193598086 -10.697264461903163 
1.9581638889310005 2.379691481699857 -3.2359281895648713 -23.801682697917776 -17.088332051532202 -14.934572174833574 -20.406571880608055 -27.620723430727395 -23.855633759161307 -7.608394564489746 -1.6727390095083496 
0.19915023057786108 -1.1233898921490608 -3.7566783055434674 -7.6093289591503055 -4.231571422975865 -0.8723726417934026 -0.6515985058640367 2.072980262345852 -4.589539423615404 2.99006656267567 4.111882015101839 
2.2549846304925385 -1.3670571323664182 -4.627230092998094 -3.5633947328391566 -4.915337344105408 -4.6085960483377 -7.0149378248077365 -9.35792790040691 -3.8043544805817535 1.7590779820844873 5.595271637232167 
10.76775760167375 5.0581473660509015 4.69561062095758 -0.8995901050769936 0.44485193226811215 4.394561376410093 7.961188380133624 7.191135338293219 2.469123624364714 -4.537803300805768 3.4675530076506718 
0.14871818420962907 -2.6331044412058686 6.922715025817894 16.196426550082272 11.122658675186274 13.918697862604212 18.90740321819434 12.226946741758674 3.229590234181832 5.499988433354944 5.097388210750099 
0.3054305926806282 4.538872956236515 5.631922960016961 -6.804864277170218 -6.320109944600892 -2.2120526591920915 8.719669101032501 12.403093799230849 10.81677490159448 2.3193199959213087 -4.846309139249227 
2.02287089099494 2.3488453300553958 -3.883069642545515 -4.347047239678005 -8.91582533337397 -9.381830347675507 -1.973822420647349 6.471033110841421 7.9701557796627345 3.283464701454319 3.280587732399921 
5.426206544270191 4.475467233149162 -4.088260681237536 -5.383011225327774 -2.9097026891630335 -0.7134685107867051 6.147996028677284 9.195095596718733 8.433190105698994 7.581700730227747 6.205536207635921 
5.566484375698657 5.364458067056213 2.7163101124258935 -0.8076716971970384 2.1543117862656365 1.4466770956110342 -0.1113341065772937 -0.131885999507229 1.0088350650518658 0.6735984347851586 9.950530258922216 
-2.264544525588429 -4.824686921656401 -2.1553976983587324 -1.8295920966001817 -3.9464984257657814 -3.79340893707623 -4.624232827226173 -5.02401254768049 -7.354758223724685 0.08410368331319518 2.2094924807028393 
