-197.71819865827376 -200.12849653376077 -234.15896042989093 -215.15389751348806 -131.19082338830523 -115.83882642554535 -150.20242568070324 -219.15836977045004 -270.84163327970265 -217.80595597289994 0.0 
12.887795138384345 0.16904751832753745 -18.345412859582378 -18.84353277242766 -14.44273439839617 -28.459072530604118 -24.671371641770158 7.925867010987767 33.237835843387785 26.999758994320786 0.0 
-22.37801883478262 -25.035667154603264 -18.58556162534377 -39.39658310975784 -62.874527224218504 -58.100716238721624 -59.648987497942386 -60.98209534329697 -52.79750602934105 -60.2735961751259 0.0 
-18.428893170132746 -11.55450798970054 -6.388040498458419 4.690335248875029 19.81579064522661 16.88980965940086 7.46348651755377 0.7813154153895628 -30.196147934040376 -37.97069378812233 0.0 
-28.64546075277684 -44.80090479588987 -50.62565761272107 -39.15506853860735 -37.62194311892223 -33.956472506162356 -35.84342458326388 -31.3195887474189 -20.4818935537388 -7.296570733137246 0.0 
-5.587132635030127 -2.0304947965360287 -4.534096133240082 -24.438976278834396 -36.56268741514047 -44.45717763342195 -54.572690084796804 -58.122936358273506 -27.43409711164181 -15.160109315487361 0.0 
-7.40380196366856 -12.372097272925433 -23.538121447976415 -54.37172566983056 -45.11518623078261 -29.467948709443757 -25.118015246851062 -27.87834154938046 -19.385678566790304 -10.775706669159344 0.0 
-4.676484834817398 5.459278434456298 13.961776710217293 30.390503286755997 29.811212517069883 22.744782829967168 14.216061807364097 10.990699282510612 -2.2059876670501377 3.677164694573764 0.0 
8.028568294523158 8.678389924094882 3.3507555901124704 11.899761186261625 14.74822519190428 2.098537256329704 -9.892017744337815 -6.2541155915656725 6.79518186553928 5.748848250015287 0.0 
-19.78661412326971 -23.264241022387438 -21.915166139433346 -11.81204988158823 -5.136823382370816 -8.141181521372541 -16.015429781027436 -12.915406402309102 1.8877587285602901 1.021874013694343 0.0 
12.938730198926228 19.533051752276315 13.787506890762586 17.012648986992048 25.279735446966924 22.58074528241295 10.278278745234317 5.676449296459555 -6.332601612061489 -15.723309888431807 0.0 
-7.813495021751766 -17.466852590801324 -16.206097409557756 -9.204927350142931 -2.369495986759944 13.926119024269742 23.04655409377668 23.593504124025586 1.9781112732109625 -10.434410873150306 0.0 
-1.615859491146513 0.48938646690744736 3.8670294734414963 -6.7198948595996715 -13.585818255604268 -10.899937001805787 -2.0486552443853667 -10.286989919041647 -10.983136820343981 -12.455336478354996 0.0 
8.732494776853061 16.19466277057443 14.01216914602924 -14.737715735872635 -21.450205399533413 -22.246506437823726 -13.620103896261412 -7.77894083520556 3.371588159252358 7.788791212384129 0.0 
-2.2030767988941538 -15.002945083024622 -13.77937201708773 -4.580772075842837 -7.077394996813702 -16.913665787101728 -19.98733644436521 -19.308204004051767 -9.602185505966004 -5.642675681865822 0.0 
8.856195388820264 15.937437917534382 9.850189182001479 -0.8809634391023696 -4.5295594839235545 -6.421935596710506 -8.804221531076237 -9.240740385929444 -6.420225514193846 3.693669711703592 0.0 
-4.704784895367904 -7.694831724642113 0.358259710501529 0.7601747750361183 -2.37834259220571 -2.9467555744662652 0.07922528874038942 -1.27350406364233 -5.073172376544759 -2.7638520090164986 0.0 
3.4041255280461566 2.0386195213364027 -3.3029372453382697 2.2688412292836935 3.3313774928691293 2.953295454316259 4.414647115914331 -0.08434094496023525 -4.084118046789275 2.6138663560663367 0.0 
1.7851161176117527 4.715538356854953 8.202091597597652 16.32469139902762 6.3280146190198 -2.404916233164566 -9.801200053218544 -1.7029873253155086 9.071771421984977 4.262311372079595 0.0 
-3.4755039782354427 -8.156107758773114 -12.019141432801145 0.8650312911039875 9.038893375221386 15.00293410615411 21.140310112851665 18.87029561469244 6.163196037537505 -1.2688180989135924 0.0 
