-429.01152035845405 -423.1721942997351 -365.8049619852246 -175.0862545778409 -36.671829562702236 -0.7504307525765397 -5.301254336736845 11.039868943918188 -47.12996414825507 -192.40311242435456 -330.30162709941965 
64.33954187474674 64.05469016770942 87.45972414009346 87.58446393384858 8.450119016062366 -37.230183934343266 -49.25390830715018 -19.770411374547326 28.37434581648734 95.34568681029879 100.07480073899725 
28.54690167466071 24.864887564434536 4.708335186484499 -67.30731572085148 -70.15846144502282 -62.75346565091587 -55.905396656485365 -77.15643399407551 -90.57896565853738 -86.99537453040034 -19.101206604124197 
37.9776525790485 31.804101800670605 8.541995893212246 2.2751695414412425 17.873567489988442 30.574177615527447 34.310943846553556 27.377183547775267 27.281047890878583 25.03419793370515 16.88736405239228 
21.66499945348538 19.60356194690123 17.668774966139196 14.596024242474485 1.2814198196278361 2.3878786342021234 0.9583743222927977 4.572635443379755 18.25156499959302 48.30325193185243 41.21525071903544 
10.337259299203007 11.820965165714117 11.419170298508286 -17.725382391866315 -13.997396173241892 -15.429876878059076 -19.190871125581005 -16.01215794683511 -16.895392594696133 -19.029856600670946 15.402556096713585 
4.611747885539547 10.01763298115973 13.949900785113023 8.763605111899553 0.4912378020856435 -2.3428489423593737 1.3752517356727132 8.617804947915243 11.6325205774539 8.808225975332105 5.819881306110771 
13.72923688561417 14.090776378876264 5.9500048719240715 -12.701280919028855 -16.68419420991076 -16.96088581543377 -17.172231278161988 -19.44688012342808 -22.750895566807163 -11.27386804599071 -3.631511252537156 
16.319208959848964 13.738562026410943 -1.9690720173392389 2.926344829299423 2.888632477671412 2.8871380153872854 2.3355620173088547 3.193165407302379 6.979067513216677 1.4298827854615035 8.242669670045704 
13.435896353186976 11.275447121842353 -5.536830398775951 -11.715534517135406 -16.4392518364372 -18.918192580442657 -18.44402070799011 -19.734001082091083 -16.98899439957099 -3.406009804683422 10.867889177634204 
8.931998565059981 9.729223122300894 -0.9673777935240484 -7.499686437570697 -5.138637447974807 -2.9748461128347436 2.6058272166028953 -2.024153510230164 -8.558400945786351 -7.886383579161228 -4.706165377206377 
4.442117610005819 5.078477863766103 0.9551091865900669 1.0362818057364562 2.2444740494637125 -4.488084394296269 -3.876263223352601 -6.990044037492215 -4.8615325822846644 -13.666045208634847 -5.996040140343485 
0.3979522357982511 -2.4006822165297415 -1.8572215174717674 -2.2567578233045644 -15.826737382508085 -22.21540966410464 -17.449759924919555 -19.338956348452683 -11.634078053018689 3.4151980183509822 1.6107193659576597 
-0.10274207702448535 -0.4397871910401394 -0.8756132794167539 -5.452462278653579 0.19203146075149352 6.274050968962406 12.173770319477693 0.7033914688687173 -11.17780222293933 -11.575064790789021 -5.949996633173061 
-2.7845164585865154 2.270953310122006 4.080337159904053 10.317393579781953 7.445085704598694 12.802089216812341 14.692712267110739 5.641538569319405 -3.928532556105913 -8.00816873548625 -5.05797010326981 
5.334631376508268 3.9103796645835374 15.322800215630274 4.031682757871497 11.32372218911644 29.398266962825577 33.827335709720565 22.515140363723887 2.629035213434192 -3.0491342024218735 8.083574839218963 
5.170779161333572 0.7296718160574136 13.236516282032852 21.76644223407166 37.434523075231745 50.2887558868022 48.479662483156716 41.87720788711684 15.586248984984088 -12.085162424550926 -2.4590205071831206 
5.864667532343938 3.8989668262370465 15.806851698074455 39.42628214481892 42.48583213890085 34.363042590404035 26.12016999859407 41.64798589573975 31.294137995277374 -4.359797836932152 2.4930278666319405 
7.618219866396041 7.158846366430046 12.913246064412338 27.33347565646519 19.667066887782703 -5.256820291526291 -14.378885120554315 17.464671566586006 29.82315696253555 15.846831108665809 4.345858117146658 
-11.303517641801808 -5.933534212222712 0.7795661886777583 0.9272898146969346 -3.0299693199407356 -15.653176204043085 -13.06079172739696 13.691021501464242 29.938381310073268 20.083106839155903 7.440508601151038 
