-431.531339633252 -424.4319420242409 -420.7566050974441 -416.32140502126225 -416.1797653203482 -388.4693712981547 -209.75920406845856 -90.05013429252561 -51.46795389331093 -69.98509900879458 -100.89702989586385 
65.03634551217249 59.59896526748706 56.3202979236014 55.257479939584016 49.63559974203039 50.30311333597859 68.87213231177384 60.57128456785819 44.905955369375036 45.586384650811254 63.73655432429277 
8.06422807974931 8.765702762888871 12.026537942011913 21.099564467536236 28.17893723738015 13.431704100991752 -35.93883791249747 -65.78806248980881 -68.54799202946839 -58.39074145298318 -56.69430899973959 
9.206938445108372 11.822053238475611 16.804083830872298 16.47257781813516 15.512139979803312 4.208504096828229 8.552551810045042 16.743089336665278 21.70763939509736 24.197812828194202 29.935036842749042 
18.192420239434753 16.27493925416603 17.088535601780926 17.83687163683176 18.066034830837957 14.543876338431295 -5.467242704374728 -6.730535453169544 -8.154830868467018 -9.311714817664463 1.1121924673834889 
16.894495708086094 20.02291618040946 19.24105551775765 16.814751658492703 14.673030803567741 10.34920110968937 15.334054343688527 -12.053774678942133 -19.551959588691865 -21.954055507783643 -17.90734079196794 
6.235676309689705 7.754964582278226 10.649996482512758 13.067113532951879 18.1319228173243 23.61153213991235 0.3241701312676277 -2.819695416552367 -4.5197318723692215 -7.42860529129536 4.464586004400783 
4.940842622995669 1.1805635399440957 1.6117792646591926 2.475605139286272 5.78758645841269 6.693330634152559 -14.008194048808793 -18.938155070548255 -15.996174646292516 -14.154845895287075 -17.79619928376821 
10.682935763451797 5.790672684771536 3.5933293863579823 9.088909300648645 8.001181312956195 4.37383952656871 -8.289879348858248 -6.626174476088305 2.8061095278559227 4.007714498703116 5.117827793201482 
9.113345782820822 10.180481783854539 7.087068009659629 5.578845508600887 6.373549858054936 10.193976273091717 -2.7671708634037993 -14.894258766400814 -22.21804770937607 -24.48705973170901 -16.388557096070862 
9.371004922610245 10.002838505581423 3.5347719745769477 4.944785074091767 -0.9664823102052166 -0.9063893035066141 -11.067940304747214 -13.546527158137808 -12.407625209183422 -10.509343076141064 -11.48956242381321 
6.595653367581165 7.5857358687675145 7.916881711886842 7.268771929735159 6.357852392138167 14.24706298054807 -1.944341926872334 -2.706450712011187 -1.5560653957875816 -2.6919795483107585 -2.9387253790399632 
6.920400208570989 3.8199016175429317 8.307730726255151 9.846586491255813 0.8663056763356647 -0.6468808691869663 -5.034569918846264 -12.338210976819855 -17.173459179202435 -17.7300906181884 -12.590120056132939 
8.136210862838153 4.312193356356716 3.0997434067444667 5.4769973663724 9.338094707130335 14.515050238137096 -6.6021076625769535 -11.083296693981554 -2.260079352821761 2.6611730019662834 -4.841965513513445 
5.274763253431587 5.258181728857347 4.602675889321423 5.2046473608185035 6.300038261185335 7.386312055312752 -3.0024401218376537 -7.892665556303397 -12.133761018511809 -10.103353742118685 -4.426592159627984 
8.44181095341864 8.897019854870205 9.262152839937256 8.653975035517558 10.066028891502729 10.905152981393682 5.7332718270653 -3.616328477069708 -4.227753050984415 -6.985482306180453 -9.66862058170221 
-3.2320865785773476 0.946502888545284 3.0765772052272524 -1.3283341585509008 -10.081221506108204 -6.91489251508633 5.877861703691427 9.300944580051572 8.26256911880311 1.1216088546568928 -5.653996843131416 
-0.20040416989406476 1.1369600554865187 7.255733177485393 5.139265750476213 0.3584379729740188 4.239197789811042 16.452857149182687 23.85901111436762 23.93534233840859 15.690016749261192 4.017191871465943 
-0.396364021223252 3.0410485343681 5.959849458763381 3.32549821020747 2.543664580858551 0.7161754874997857 17.955215989914127 25.37374905984995 24.09724122068919 18.677988083045996 5.581684060028152 
-2.774687869271613 -1.5081382669828098 1.7531113440229107 4.049443272963876 9.120556787866802 7.626147767423241 9.969328132036045 13.621279657802532 14.73938376107471 22.705661689709913 12.866487890808415 
