-372.29290819166175 -168.20670276175503 -83.60620195317622 -91.07365620431801 -113.50697675913355 -156.59560610305118 -279.15153799255023 -429.0302651391745 -492.92569012309457 -497.2682449910882 -499.20485029466425 
72.21813619702176 -3.809956120593289 -54.56210155183441 -76.50380359011112 -50.43367645263444 -8.723454378611896 40.50241557988238 46.56025533444041 51.38677754895003 42.11812861901845 39.4751151510991 
-91.96972920833554 -116.65611842171357 -101.90957113229473 -78.1362002153376 -70.23573424698282 -88.68958143931843 -100.50857276531883 -35.796186588084524 -3.2058872750234317 -6.8126200782569155 -12.785147227755303 
-14.665179660899724 -3.5085365618853888 12.86218828835228 23.467532239149417 7.781058039142799 8.134472466287221 15.48325618853085 14.704433250152427 -1.912428080854112 0.26901993434711635 -4.889295528387333 
-10.104480732752524 -35.17455450374284 -36.093020058043265 -30.779584392808708 -42.000750828495285 -40.70785345099128 -30.893793674194225 -33.01065893710768 -20.325195522249206 -18.124376904565246 -23.192402706216804 
-35.08416752623201 -46.05441918684474 -44.158528444344846 -40.613844763670436 -43.92628961738768 -51.45604726893835 -54.618838327812725 -34.60049919559897 -11.232399064412824 -10.404967688080555 -12.441611379358068 
-11.60128487644533 -13.541331958837382 -13.610777716669908 -5.237272716238458 -7.070837732675026 -15.641068285663634 -20.07482333342053 -14.057062597484121 -12.931107058242926 -17.911013723136097 -17.73118498441464 
-29.107280416722542 -36.65516426358644 -19.993302465752073 -6.586489802014265 -11.595421066550161 -17.256985134933608 -18.295786714783993 -14.59421443319871 -9.505513234937549 -10.68514366460608 -11.136487960482313 
-22.49131889621609 -9.908970670748635 -16.410736142506085 -15.8804002287776 -15.937235119530758 -10.804606732572962 -4.918665429665067 -4.356669554636633 -2.5440793669767365 -0.7195079683361744 0.22339440656928988 
-8.488071794905142 -15.213425004447172 -14.97932341040859 -12.338058313576845 -8.355282118996065 -16.5783925363033 -15.867606591209887 -9.335501746972593 -3.819049724148364 5.330648955134758 6.48347680216002 
-2.4313482080962032 -9.468582664424172 -13.056403774547586 -13.416385413981676 -4.553426483453064 -5.54951483162386 -3.6845552309739036 -11.187461638246479 -7.413033339630509 -4.208923519000221 0.5943222934195719 
4.1821517031170465 2.4184771002047594 0.2017292532211512 1.6069103143067607 8.187075153535748 2.3613527001284575 -1.280453566550592 6.5791856869484775 -4.555461146689573 -13.625577891377326 -7.509638518945093 
22.516026029819756 19.91540190636372 23.254117852886225 25.218674626904132 15.87887563405842 1.3770648892775226 -4.2427839482909215 0.1638404137100074 0.2473533915938808 1.5774575555790444 5.818455932469664 
16.49978574452173 32.66670778935671 35.286699093702296 35.81863937670829 10.31116657157645 -0.7697247684833024 -4.5851629368958635 -0.3565335118985208 0.12655195070442815 1.277547567544504 1.767976960475199 
9.847530342602912 23.56491686305424 32.766591399606526 37.23388614544146 15.816020692497915 10.065299386358697 7.970592826849527 13.249573549360203 4.154341868054327 1.0287765102189748 -0.4194140967955411 
-18.523739452487792 -7.993967857559269 -1.2584083523441398 -3.5091667574353673 -8.655432579973827 -1.7479711376712304 4.239082821984167 2.226975036632849 2.816337554841996 2.8636936728906135 5.215834690767245 
-15.049752129122371 0.6616871728666593 -4.035911464381207 -10.240251940556892 5.0350261719995935 12.070991148076956 17.34597271177885 7.490887023519573 1.8974317819184705 4.848998310334643 1.0487020261190338 
-2.6897173571909043 -15.038583551518846 -19.313723810751743 -16.617485664265256 0.6563092835038393 0.045847363937037366 2.13261612794143 7.503443173072398 5.655010392538397 2.9527198208348127 1.3627337146430407 
0.5561716651536147 2.4250029199722607 0.5599219659846687 7.577125709251453 7.040962885432562 2.55082930299698 -0.5947351719196087 -5.458971699545369 6.224233406932387 2.3452731444350725 4.790182465660379 
8.373182840465416 5.1412208377499535 8.369294356528197 8.739298259803155 -3.43774511374442 -1.9200470206842009 -2.5464261744126926 3.6896623390464534 -4.06149811558677 1.0032747655100867 6.3238212160939895 
