-715.918189087185 -489.57176075705905 -320.46783999477356 -207.88937824920995 -148.69556652802555 -135.86216896965524 -207.51252348058267 -335.4833191505763 -447.5263301816304 -530.9211063340612 -652.7340322500568 
-10.911117515524463 144.31963639493262 164.58994696126285 83.81455902109407 38.21384004380435 49.313835825980306 64.30883939111854 47.92895476474689 2.14668492227477 2.955968527011471 4.021898472806018 
13.738796551189647 -61.56044280288283 -111.50836562434915 -112.7123702918134 -137.56508758347928 -133.69319035526203 -103.41324872034372 -54.617421891558564 -12.022731498027309 1.5479853849311647 24.063130488546392 
-16.50046143931667 -78.49654094424798 -32.29328417772504 -0.14719078820489262 4.120892038397189 -12.388555665690735 -38.725800073075774 -53.34550666195875 -28.787929220318937 -34.81649204786418 -38.17845644530283 
4.084830560704849 6.384442627472785 5.51571639920018 -4.046202580928365 2.011241730466003 -2.5317119450547723 1.391733750064539 -1.3406033791159893 -16.210230329215165 -18.592610026451965 -10.782262797320733 
-4.4663376683682054 -19.64736333702393 -32.874801304247725 -33.940402799335 -26.458020421978585 -25.900454442280864 -28.57194960573897 -20.940980008898272 -4.04693220772853 -10.888620625542638 -29.0134063547675 
4.636791627309063 -34.59678081164934 0.04767047028549645 4.390042738834705 3.4591773619335675 7.120162065577887 7.681252010224786 1.5008981929863958 19.590824654424587 23.467818887904905 11.687775351743893 
2.893835183366634 -25.773125893739028 -53.8212971172981 -54.73766865017009 -43.64692944350898 -41.58969315571734 -38.8523381677352 -25.511495507832777 -6.70151021087757 -5.812851416343408 -15.097995274488362 
-4.7137745815054855 -38.530233222506126 -10.414116758775428 11.166963909536483 11.534241477823445 6.642334543587113 -1.6352520003282545 -8.190853430414105 8.178913889264512 11.24632321246522 4.570987966202026 
-0.13113828168083072 -13.294339235216754 -8.542706343921665 -20.9178713853849 -18.58752722799408 -16.983087960940914 -16.722264737988063 -18.27693477563247 -17.922052854932776 -11.301055434213847 -10.152102470154881 
-4.709080644034118 -2.019514660480129 -8.701270874465092 -3.5891493947136666 -12.5133662246493 -16.750941219470914 -14.737293768314238 -14.012634648620203 -21.011688178453493 -16.263678147292076 -3.2888194168482174 
1.6640672671025643 -3.011537940311193 3.3510621998154724 3.767570629655612 1.0355345011915635 -1.689001176132615 -4.163673149107313 -6.710362681687814 -8.97013555837812 -4.470476204511634 -6.493438778334909 
1.0499576562427142 -13.085850460002927 -6.644655161715983 -3.2808807642427515 -4.346751559291807 -6.095155966550981 0.7222199465359425 5.36592409870653 -0.12355939288523982 2.7516643633507725 -2.8922041383223593 
-3.664550452782932 -3.4301863955035086 -6.659823334850751 -10.297438204625994 -14.22172530432652 -12.667534586820235 -11.064113206916108 -11.50537381773551 -8.085938849742451 1.0563832217771436 10.674507076747737 
-1.0223707576641958 4.6839905825677 5.554676282023097 2.733593616357721 -5.375997818556543 -4.432628759030437 0.5401637210099559 7.17021099500926 8.317394736798283 -2.074360687042315 -2.071477704503398 
-6.592575793162229 2.1306729745888395 3.645187091574986 14.133130891403866 10.107393978648286 7.373061485163951 4.63689841695632 -3.2811599980454043 -3.168646935132311 -1.650106887934923 2.2963170001184694 
5.6319813751465295 15.570837975723737 19.2847391319458 18.83874976329047 15.811828342864331 3.2413267303710933 -2.7355690313838643 3.095998903013883 9.192861326830217 2.053254564147271 -1.9739810538050335 
2.632932947056597 8.318395780615205 29.88859078475213 46.77973312366178 54.91895728850591 43.06717567720207 26.452178338151164 17.831577552384502 11.686223642382151 12.25978279986658 11.167701183016366 
6.4717087693196 17.929493842843396 18.87884408447833 10.965271111281902 22.638071126678923 20.83801026072952 8.865684418710458 6.848738443078091 3.801807767900587 -6.221242412287016 -4.864911252609862 
3.180746362684112 10.542550881393362 2.460641195990688 6.830122351100435 27.056392461778213 39.708793121265344 40.450502852372864 32.49028652223189 10.935559777314875 0.6131333877473083 4.631514358685232 
