-440.02699312572656 -240.16639407715525 -59.76482572560111 -16.124412330034453 -31.341667419138453 -52.229536594846714 -147.55158073341 -313.91096684595254 -431.00944300135427 -450.2879791022557 -457.4235825970185 
50.31018459925713 81.57811845765076 16.268776175155956 -14.657019056537898 -13.442014665058924 18.658458555371467 47.3124991813022 79.4107920756251 71.55085734448095 84.76072135005494 84.8994185944675 
3.938834124837336 -76.7686341186197 -84.79894339665327 -88.03158269198575 -73.31614215188702 -77.05057240739595 -82.52895802738104 -47.59503021870641 -13.074295208684838 -3.721785385279351 3.3568258077440283 
7.6002442365887894 -2.5262158915996027 11.46340101341684 8.715975591995864 17.635835894191576 23.816361732279915 30.65145354641035 32.454711190298184 23.798424490463304 19.08152638372528 23.188236024255968 
10.462506030123679 3.557396586817033 -14.40818442252786 -26.134491936317367 -30.79247491977663 -23.957896110349296 -8.43351795187505 8.489947555638171 2.835142837879235 7.311873763040842 10.327978416682264 
-0.7145013221495914 -24.08353933800202 -20.885429464774504 -20.002669008721657 -26.06559551321515 -36.30317311398597 -39.89208264722059 -33.415957247177644 -10.06909568567615 -1.3595404300128653 3.0888271181659195 
-2.6243512125950836 0.549169300309406 -10.03962681628291 -12.680109382074093 -14.275724985713769 -11.509607785377312 -5.872964522480045 -8.275925236255386 7.0260147198646035 8.028766381071465 7.754536049221423 
-5.836833704209771 -24.022278333955946 -26.13966605406963 -28.243227182150942 -27.94193539654715 -32.52681124928411 -28.75645695162812 -6.786458112985208 1.001282146875207 2.9832912815449806 2.9183894631359717 
-10.429709247985523 -20.304206036008026 -11.976754793137665 -17.37825810307363 -12.772372755148211 -10.578610154166928 -9.893647963836393 -2.5912846988563367 -4.441998284606718 -4.546736207427912 -4.221726461470164 
-3.6384576196249925 3.553171525805205 -14.74550642488103 -23.796605590454003 -19.671995278232366 -15.060189830790229 -6.163146095233566 1.6271257578858147 8.026646782623333 11.926787961803841 6.390174766274703 
-5.028273007244301 -9.334420146880849 -14.146070722829691 -6.673471932157293 2.999731180776611 -3.959855747143062 -9.419634887616246 -5.448400106690224 -2.9534615158381445 2.896537376395328 -0.353389632806424 
-0.07176877722290398 -9.687912745123981 -11.067430515188477 -1.7665539331304994 3.271776414023052 -5.101423049495279 -6.912460705127325 -5.481114314223987 -3.187646800618718 -2.6948089231827272 -3.849091410830476 
-8.07814270577211 -9.635455118282016 -10.204964928220612 10.751416143896831 19.330328218108118 1.2360709371766183 -8.153609620719232 -2.4777025953326275 0.8845146747338922 -1.6079999384331312 0.5618171580050171 
8.1086720144487 8.502885930514058 14.773413728687611 28.11281209471706 22.235205910194836 5.227938439591425 -3.2120579258563025 -3.149300904799875 -1.8319246781493472 -3.179669331521769 2.7510915482755935 
-3.639355310184127 -2.897897366883938 3.277597916647518 4.801149127363702 -10.570022875568966 -11.491241027324985 -14.600387765017935 -17.711743864642333 -4.245433768896961 -2.464973894119435 2.6673008494195907 
4.137168018958251 11.184025834348827 21.30490761497045 17.978185169349473 2.7320026414059306 2.139729699368826 -0.22756217974846252 -0.770989836931533 3.5383785851891774 5.293285940263793 6.245934910830261 
-0.5985956971474212 3.5402986548728097 4.070756175619874 -1.3246894981044581 -0.7881473173400378 0.08464198292799752 -6.7942341960320505 -7.21056843201592 2.8293245022916844 7.103720882274336 7.176843945128562 
-1.557390496466187 6.507966739154488 -0.8466088227248919 -7.640822468730496 2.816385413528479 2.777828945281811 0.43509610801445603 -7.70441395275072 4.228440508352957 3.3463058373005823 -3.132110985624205 
-11.177604981769155 -4.661419093601783 -9.62334461907312 -10.630313083304477 4.752983535084397 3.6458109849578966 -1.7044569096648636 0.004329785827077659 3.915477532548203 -4.700678420387332 -9.028237707617432 
-2.55590505949421 -10.280897541594594 -10.915419176109175 -15.43553467798678 -9.33736807454503 -0.22792671156075367 1.3375907021032218 -2.2592327789588955 1.9388920035465564 3.106413728827828 0.00664921965988996 
