-319.1473516222921 -205.8421489123368 25.652207321114755 108.67239371706984 0.0 0.0 0.0 0.0 0.0 0.0 0.0 
24.65724306052196 113.55712582403363 85.05328344514346 69.08468164144176 0.0 0.0 0.0 0.0 0.0 0.0 0.0 
35.70553298292201 -23.55251134272771 -52.398798317935544 -48.48671468786615 0.0 0.0 0.0 0.0 0.0 0.0 0.0 
15.227954593744741 -37.615994112128575 -20.924286194134236 -12.870208525223157 0.0 0.0 0.0 0.0 0.0 0.0 0.0 
-22.090208754845726 -38.5078938038094 -21.646517161483793 -14.019130338449738 0.0 0.0 0.0 0.0 0.0 0.0 0.0 
22.082994641832045 7.82918693361958 1.141278327635332 -2.7446867552597056 0.0 0.0 0.0 0.0 0.0 0.0 0.0 
-15.589424356616854 -14.451748967647466 -5.154333612993664 -12.136119930319083 0.0 0.0 0.0 0.0 0.0 0.0 0.0 
0.5914934632145423 -23.40840313444119 -19.78591276589045 -18.90930376773506 0.0 0.0 0.0 0.0 0.0 0.0 0.0 
5.295031702041305 -29.42503996914662 -26.68029375686164 -27.303970287874648 0.0 0.0 0.0 0.0 0.0 0.0 0.0 
-1.4716159447346089 -0.13830405291627607 -2.891712962648703 -6.5636036021933455 0.0 0.0 0.0 0.0 0.0 0.0 0.0 
-4.113787009877953 10.113892046614641 -5.587672018397435 -7.570147113321163 0.0 0.0 0.0 0.0 0.0 0.0 0.0 
-7.929933986743018 -3.6738401884697893 -8.561219436986612 -12.483784559285684 0.0 0.0 0.0 0.0 0.0 0.0 0.0 
-0.17496602922026863 -1.1733426675791208 2.1526390653161833 4.939664101921339 0.0 0.0 0.0 0.0 0.0 0.0 0.0 
-4.024770658270786 11.342502241529203 26.54477363601213 32.92604757704141 0.0 0.0 0.0 0.0 0.0 0.0 0.0 
-0.9177475333807807 21.833865048258914 26.872157144122454 28.150015546167346 0.0 0.0 0.0 0.0 0.0 0.0 0.0 
-3.8359082344778495 14.778317879774786 20.173579402352193 11.828781128202273 0.0 0.0 0.0 0.0 0.0 0.0 0.0 
-9.704043712538152 4.735525359090541 4.036359073916852 -8.455834488768982 0.0 0.0 0.0 0.0 0.0 0.0 0.0 
-2.6315735549652106 2.382464007438325 -9.345720741971467 -16.340371033024407 0.0 0.0 0.0 0.0 0.0 0.0 0.0 
-4.726634792951531 -12.781398837505868 -5.299079796963415 -4.201510855770664 0.0 0.0 0.0 0.0 0.0 0.0 0.0 
3.4771506131068954 -9.858348806178157 -2.431390041011204 -3.715027003349817 0.0 0.0 0.0 0.0 0.0 0.0 0.0 
