-687.8030827909064 -684.0460201237184 -681.7592924977571 -684.0091490741025 -694.8085744967226 -667.412942226569 -452.2075061844415 -313.5937309039316 -285.8225770906064 -318.99077807758766 -356.3741593351229 
13.741222164111068 11.013134341315947 18.923788731886837 26.969158646301686 20.566666720086943 43.6125016998609 40.62758711400496 -9.704850490654858 -39.891277431135975 -38.509542354758324 30.743196900214436 
-16.54974917739974 -18.679309852064826 -24.13974206002809 -20.737856143312555 -23.836063550039178 -26.39753110183522 -91.55850427935235 -112.35337659538379 -108.653063118414 -91.22846043351883 -70.09650875454179 
3.774546740993298 -5.139313100633121 -21.98360952899057 -30.528548801002426 -22.95627656660284 -36.72105110925625 -20.429063810328486 12.22429253492917 23.517402446865106 32.87541267261065 41.532345954266646 
1.5792829963672423 3.08169578953624 -2.680456533655623 -9.318718619120634 -6.966166332801842 -36.16352340072305 -48.64581418822932 -50.2857567005361 -44.110779838398116 -37.75537110865977 -26.537036450280535 
-3.613896162736183 1.3393446627642382 3.7833602505505075 -1.4005125609016513 -6.8612166191229536 -19.546319343778404 -29.704490609682956 -26.173402105552512 -22.515609347462266 -18.290246893698 -18.070017629935062 
-11.877723884137795 -22.978772875560566 -21.145564778972272 -10.823321584132014 -14.195398514398825 -11.082489328518726 -3.6263628563690133 -11.807083730916496 -14.262878243487027 -8.05274233616231 -11.212644066434923 
-12.040150585105172 -6.185573069016134 -2.936422939862737 -0.6190048022734126 -3.2469452610242215 7.1115466948589106 -5.856559670049097 -13.184630790604423 -21.004035631367252 -22.842339174494967 -27.180211926195767 
5.957202841848247 14.417971449491901 14.731729524881118 1.9324650139352548 0.9753807165877746 23.67661577704336 28.903083390668193 29.318163263665795 22.81111808673264 15.94663664477418 14.22728114347992 
0.8017903252073657 10.386105709744315 11.534255879550985 0.6241374763064749 -0.758438810713874 16.141742206349832 21.23770914698907 17.48649642075798 16.629352572997796 9.433317453011334 11.397072645427148 
0.37821742628117705 -3.881030767712188 -4.684040950661371 -5.485071422076928 -8.589899457762726 -6.482876903584422 13.923763190460727 25.19567803294306 33.022318510513855 38.330418535729926 29.774964945384482 
-3.145284659005101 -10.447878772228414 -11.506009211542299 -11.260409411622984 -15.087037087156562 -17.41396985371619 -10.996499302687852 -12.865113373062215 -9.269733022970268 3.5516728037704737 8.941672016921466 
6.0656798590001735 4.187079700483967 -3.5849617948645047 -8.891881741067012 -2.2285989010193514 -8.664823660983291 -24.51095222076799 -24.70570776000798 -24.75105396700917 -17.260025489088466 -11.046981785557781 
-7.090350265921414 0.10162264550806849 -3.5432432000612013 -7.762091845121088 -0.8602290909028041 -0.5353368012673891 1.5439240985105744 -4.325524911732295 -15.933874926220327 -22.390941942565448 -16.280384290673787 
-7.262830550569894 -5.507300936630152 -3.6128095033046703 0.5977944496539842 3.550129348791683 -1.2333816966351254 16.51032266287763 13.838737483996585 7.030281222571151 -1.3543350931646596 2.0008417949272577 
-12.047410788770723 -9.380242465121082 -1.8612247070266292 5.382271821084151 -1.0552779654929183 -3.0826797081841644 2.4048943099908815 5.633945584292187 7.921989156555209 9.140599199167848 6.841032962946786 
-6.441132659809945 -2.4955685691106835 2.4042952269669593 -1.5814195236941249 -1.515280236753858 4.491239145497251 -2.0254059693466506 -0.48352416593774994 -3.7160508875173983 -9.997421932238218 -4.280597841141023 
5.940241155133269 5.880317285519634 2.2742998123462135 -2.271154316631232 -1.595362017745126 6.449596117670658 11.967228188749644 5.544016123627361 2.7301800136119048 -16.964059765229962 -21.321141766119325 
-1.1954144071552797 -2.7616521811556494 -7.340216426562408 -6.955758671539698 -10.332107666957311 -2.400060686447516 27.709118990911016 42.8912378626258 49.11233698057978 35.40242723989921 14.80001356025333 
1.1858812240490024 -2.278714547226128 -3.61429841744456 -4.3045007814619405 -4.035126787265185 -1.1267678751382204 1.2452676954191337 6.810994655913003 18.81738142288177 32.8539252254865 29.506804461944675 
