-340.34819436698507 -287.9667189420676 -180.91002921863358 -139.50183096418536 -159.07997654456523 -205.92309335537632 -209.42892278556457 -250.3617489761041 -281.9812074838581 -326.11078664188346 -359.14961445493395 
73.86465723375377 110.28463511917607 51.02337255370908 -26.516055442804593 -42.5974438182558 -28.486623664852445 30.602753314425065 71.69696564940195 47.24149794618128 29.190543474316907 31.82902552580385 
-28.802493168261158 -41.43409007409703 -86.33658780049085 -89.61123593888523 -72.14447365322201 -63.44533973473851 -108.57800354892431 -102.3660024308431 -54.520035495238155 -31.14154328919076 -30.996304237346198 
-13.342818351701116 -30.415103435209588 9.687051544505348 26.756794934726464 39.1199535160914 57.405539033606544 44.44209258710768 12.036098882704362 22.596498104175723 31.945938971501377 14.929755067669753 
-21.102054800537502 -26.002321445670226 -20.967819929498397 -1.4401728678163248 2.199750652710712 -11.04106597440908 -3.26769304836445 15.501285383368373 0.3281823844109802 -8.456144336222957 -14.687296986624093 
-4.542398416901665 -13.853280415047326 -26.42530422338996 -5.489164867542695 -0.564272858509516 -9.85745214408937 -15.099415105954122 -14.516075499663668 -7.098666265201732 -6.739382591953764 -4.076344260833667 
-20.76975882510845 -30.10602467622342 -18.025707269592335 -20.32561403077884 -17.45507867448155 -9.888359058152112 -16.361073228176544 -24.561015086232068 -12.84051031678904 0.09067474507048318 -9.24848260380461 
0.44119823391012764 -6.137239057620572 -14.1388456831823 -5.072058503409442 -0.22924866839076505 -0.6231647455248006 -18.50960301230129 -10.042404006060533 -6.0383272596105915 12.644796161076775 17.653733401091955 
1.2563760043736711 -0.060570485302082144 8.271797775275317 8.626771228320678 1.2102433704327025 1.362447595914697 5.240999896765805 0.0017678707213751865 9.225301636038559 12.060604852506327 12.151036809170138 
5.8274255395480745 4.779738485589457 4.341096274955493 1.220826706925846 -6.895901382133529 -7.590873128730575 6.323784115283029 11.99542685364949 6.435731139429748 -4.704408889671894 -1.7476286829746908 
2.594939765582836 1.9809278681160916 4.657950089771097 11.798236013816938 13.114045617321239 12.320294893124021 10.525354593350183 5.727996822771729 2.2426631490562254 -1.7075467707762397 5.684475463797975 
6.6930167993228675 -1.3987002105260493 -4.996230279393022 -5.0222339891932215 -4.186848227435693 -1.0319478507465658 0.31504073142373973 -4.335954773476109 -2.6662914907579705 2.193228365734825 1.7916294566608033 
5.208731599359851 -6.191028596010167 -17.816357676045776 -13.406574092881545 -5.052221142785461 3.0950300040266026 -7.125408220932868 -8.648513568591966 -15.09853869547878 -2.1749714725931315 3.9659376070857233 
3.901967517602143 -2.2873063407329064 4.994118824997787 4.249226985804274 6.24825676132425 1.1447197250153005 -2.9308132475117787 -6.758602776017205 -1.039359724268003 11.27162518404512 17.517738681902017 
5.555879281709458 5.297802416686522 4.015433362072137 -1.2960394736301826 -0.5537004432912327 -7.343209317936845 -6.61743903239522 -8.183180261838848 -0.17284797136324415 4.073111110102797 7.315679332913011 
10.236406051543062 8.595226663430521 5.562984733116005 -2.9971610659069583 -1.856919288063229 -11.03718191624226 -15.050852928606783 -8.34315229449668 -5.018718226422274 -3.273085698770715 -0.8591992047327411 
9.941869027387185 7.05973326063874 1.5383192626900382 -15.231601422340706 -14.352640624134658 -7.153449820051863 -4.770284878229074 -5.659864063767461 -0.8083336639272738 3.0580996695763725 4.558344315680742 
15.001594453486444 13.426549397029007 7.037238080781949 -3.9639659841783628 -8.933211061359856 -0.8441188996427026 4.376568662086198 16.871275821854702 22.020895356416702 13.897323667531678 11.250183546673995 
4.811939326378406 17.44083049799196 20.059611570491057 15.933482720376167 1.5812070934837676 1.1508174659703232 21.829130664095434 32.24107883029121 23.173887350617242 3.6120883606984946 3.397947917847363 
7.448638089122116 23.855031795958737 41.269374246731836 46.64934849667429 28.695740271868914 15.240784644755893 34.30288976251876 38.7480449951823 30.97041063344993 9.903495867092701 2.2671754185079562 
