-525.0384570391407 -530.01056831503 -563.7044617343288 -569.9085727076832 -351.3159021261749 -172.4373646470602 -141.13492742461767 -199.01716777594677 -269.91577290302837 -392.8984437767916 -556.975408914131 
-13.5956016444268 -12.901178358234255 1.6009506615616118 7.936865861721646 5.8313957621930825 -46.7866742115916 -69.63797046607607 -82.26929539404057 -42.97800735726845 1.3015066723606816 11.572222042337964 
-9.369764598125203 -12.187814709793056 -20.893233674313187 -28.712983483804273 -130.523762521826 -113.34921692367121 -98.40553693178616 -86.56847604172802 -93.15735632758128 -87.19429106723913 -38.71762820757267 
-24.055659978120346 -29.63531851452327 -22.6662831750868 -11.145137782862818 -15.161124927138754 -13.950350220091003 -5.584653226503383 10.131320165620616 17.050128651176934 13.16758663614156 -17.00690156987168 
-3.2110677491843465 -7.836440173289608 -12.92705285301525 -17.537350157700843 -43.810770539626006 -54.4207856000395 -50.330518133324816 -43.5525522500073 -41.739476963259754 -26.498030930689175 -21.064272574707154 
-11.204782513629763 -15.361997400305057 -16.699072598394295 -15.497800251160662 -32.89339859201258 -22.56364234350015 -17.28513985243555 -13.860365705244806 -19.277296430572193 -28.05087423539228 -24.446124006106118 
-3.5123561391378284 -2.4744943909526116 -2.4795888962096333 -9.108878204592529 -15.435729774504221 -20.57440658297927 -16.24261049247361 -8.496269462470941 -6.742975201998033 -3.364857322871149 -13.164821754993767 
-8.37419459368558 -10.169384715695927 -5.5893995001055465 -5.543293454703334 -23.476194321710405 -10.642120081073259 -6.576550078297375 -2.6700227613644465 -8.889220826965145 -15.350622219391415 -0.6695142392311555 
2.307820289996677 4.803875727778311 8.07334127074775 3.7901658304748778 0.8526689829874434 -3.2775860410642284 -5.716541182379418 -6.553683356816801 -2.024256657634228 -3.2384670239254456 2.1704192686121866 
-14.086110142461305 -8.271852435278554 0.6748391411091669 2.527388544929244 -3.0302914228132707 -2.282619951965019 -0.5420310745583439 -3.0599868591380925 -11.891253663818013 -12.022449727061542 -1.0502458391217757 
-1.60551956737324 2.9134401315448777 10.61909395288125 2.6580761566476263 10.467441976908743 13.063966724031886 9.56147095952128 0.925011532084874 -5.139982086343723 -12.321874555600653 -4.029691683953555 
-4.32293163536247 -4.909430531398293 1.8182537379708055 1.372724044773448 7.4299190124280035 3.5189091598092253 1.1909174005987273 -7.769994658505663 -12.479694509944952 -8.992580849592548 -2.206709619486289 
6.296842339736512 6.61158318885502 8.454414230605376 6.112032836753839 12.035851650849303 21.672525607687454 22.225789275586074 17.72719305280633 15.96627477177691 5.863717484275618 2.7476194158689613 
-5.2468996109823784 -4.019025822641941 -0.2999209801586592 10.060677764207295 7.784490519800235 12.518965646091882 13.660388829178697 16.864321041662688 22.840781269274288 26.406204606009574 8.7777126769354 
4.70604028302762 4.525866337103626 4.014738553792475 2.3344915764061556 3.8123433820056523 9.507624621075598 16.363031943269835 31.69925802294798 37.552012735782256 33.74540285411513 6.959730284002737 
1.655725266040394 0.2220152460790284 -1.3540329585459214 -3.0806520722043027 -1.8840234262804185 5.159823884239084 7.813470148875459 15.756762338064775 18.391720410696372 18.311747544275097 6.920277782093961 
-0.43414164666842225 -0.6611843981091169 0.8372591274368552 1.353412258420477 -1.3376028276741452 -3.5194936438580386 -4.116171800799403 -6.614024698450634 -0.4278832642116874 0.4208500560615567 1.5865217584616655 
-3.3996477040786304 -4.0049446183715345 -1.7054900279112075 0.1442950109466956 -3.4016590395687754 0.28304970848563626 -2.0067612601758684 -12.985968951156355 -20.205349621270507 -24.039891546253994 3.3255886936854497 
7.111262032633491 5.244480781339522 2.6995356253459093 3.725581762004535 -1.6628155633000326 -5.154935820112094 -6.26576409367787 -4.983218341735531 -0.5436381391668609 -3.9339662906360315 3.2215679403288666 
4.14577274505301 1.151167339700221 -1.6204317602970193 3.9598899267125587 -7.373255026103671 -5.572164067201381 -2.7114787742624573 5.228196395754645 7.472021193704498 13.994426401691392 4.4811725845054555 
