-556.817438564912 -555.5877504806788 -533.3881755445796 -451.01830504886277 -266.14509298911315 -107.64257857290436 -22.736048418961335 -32.04351203803231 -143.06362219607783 -324.34048901669786 -459.72914383850025 
48.28200883816626 32.93007511811018 -9.103937587968783 59.18732396953843 163.1895225156032 77.18091465324542 37.332168044679875 38.04994733230013 63.55649972253546 95.8615223209747 85.43009559742076 
-23.481289513484874 -20.586338875179315 -1.6496110634601509 -3.8464117933437576 -67.83630353642977 -69.19896669849751 -65.78060407172106 -52.10885684508485 -28.552772920880685 -10.517536725628688 -25.87195827170086 
-32.563984750023124 -46.26514493653651 -57.147322208443704 -65.86318193866992 -56.32894137482707 -42.80311020404797 -41.58175223662036 -45.371772226702575 -46.251584288059036 -37.27436508716078 -28.8857098027052 
-5.739945928015498 -3.9171187791961013 -2.2360167814580767 -6.728949923262414 6.452444537490159 8.954222129113688 2.945262434538975 -6.942709587349594 -15.73855237804666 -23.90856635694647 -21.459049050384778 
-17.103135171351774 -21.88567971821182 -17.02691869764334 -15.205174616796015 -32.59372693834854 -29.22936261658834 -13.940209279564273 -9.236363825487542 -4.476149943892445 -4.916869947266915 1.6768482186413411 
7.614893752778079 12.790484342319136 14.830660308034762 13.023313629645482 19.89468470615906 23.821071311727685 -0.2813218777550017 -13.542843061440134 -19.666471910711593 -20.18976053466286 -27.40552151990072 
-21.15465597984238 -20.623094680931985 -14.070206672391341 -25.60022712452332 -15.377778570992707 -32.53817471030192 -33.27980403373076 -31.66075836411658 -26.286419059542283 -39.826412128302394 -34.38170993369074 
-11.44023474866012 -5.653314830629879 8.413052922319128 -5.386924030457559 -22.92810727786363 -20.502996575427375 -13.526019768169874 -10.442619102220489 -10.984125429539056 1.3872574124322532 0.913925636359902 
-4.330880209943048 -2.053800036924425 1.3658600827053051 -19.519986967698443 -16.951586379919686 6.70041524604269 8.180545139135507 2.7903978921609616 -7.246172720826243 -12.022523458180691 -4.730836408239801 
0.9888355877409204 0.3983671426186558 8.6891316520528 5.002573442944701 -9.101306399317085 -24.283550545692627 -22.70463255367515 -22.606239746204743 -18.621210277410878 -25.24616105516816 -20.659534987840438 
-17.709219478826807 -21.411483322512137 -25.847902245785384 -16.52827717845696 -8.439888801219817 -11.004045453621847 -6.146288728741527 -4.933964875219685 -6.912427746269331 -8.634517469150072 -5.492156211521092 
10.272813592636492 12.908056397175033 4.403404360526235 -9.057858446390483 -9.342497665538591 -0.7978931894433146 3.5820021781197333 2.0030550772855023 1.8885914913010085 -6.614184046659392 7.805533745383352 
-0.584386069836925 6.075792185905745 3.8962556034703972 0.36220203332131884 -12.539893040986456 -14.226714683056162 -4.998811751004542 -5.1491881919011036 -1.3995886817997507 -2.065712578809852 -5.8205695716187345 
1.5836604904513034 -3.951403137123391 -9.229047130422792 -5.824154964809428 -1.5274005413497425 1.0383640235807015 2.0077456541450776 1.0512656506719023 -2.941421205027277 -7.1918156413371825 -1.2441145921064367 
1.9232805492742515 -1.2125361200124845 -5.830404847494112 -11.371967252966968 -8.577096559196093 -9.999941577442426 -12.539575023202081 -8.72689998133485 -2.6589193027422455 4.168450433557842 4.0534546440692285 
12.762021719895863 7.381080708701644 7.3043230512125135 6.307319530775137 8.579112219547357 1.3809372039295438 -8.497449707199074 -5.505405414153778 0.6411744103721448 -3.9701730251047396 -8.32111794036966 
0.3693123876187815 8.040945665861708 16.114793637722716 18.906472558514913 15.985546708502582 15.259984919110426 -4.3853662976419585 -11.36488944317188 -12.061713526665777 -13.254678224061456 -5.324309957246344 
4.527194894701372 3.6976698864433444 3.6714673993902927 7.800506175193718 29.77604160108235 38.06600018197941 22.772417296785633 5.642324600310458 2.480819712358792 5.955668016015295 9.080425849067787 
-10.126600088846192 -1.7707981576766987 1.3572172497159487 13.996126718725666 29.663816800284415 37.15220379689819 31.030348195866154 9.28111596410509 3.776932776091896 10.129236994646305 9.7536826438836 
