-368.0500794250096 -375.3232733150856 -433.4823714895767 -189.40638235008544 -68.26677562807025 -44.70245209557271 0.0 0.0 0.0 0.0 0.0 
-22.982825987201654 -35.85464700624844 -19.09502458769459 1.179777115936774 4.0033873258873935 6.633839487833814 0.0 0.0 0.0 0.0 0.0 
34.97561683792618 31.67075361631332 28.828404564726263 11.486474898577956 8.531029241467008 6.2653893312789 0.0 0.0 0.0 0.0 0.0 
18.557646337510405 21.133890845539614 12.297977121075139 -10.39298231492316 -21.388600674371958 -36.297776437730235 0.0 0.0 0.0 0.0 0.0 
-5.604772102850516 -0.8861619631547029 7.266439327062265 13.07864357201398 -0.3199885514603015 -26.949985900453164 0.0 0.0 0.0 0.0 0.0 
-14.869117731249755 -12.805812262346208 -1.1503261139958043 -1.1701224716269487 -5.307448343696535 -14.07163751573913 0.0 0.0 0.0 0.0 0.0 
12.91955661759117 12.465610460948547 13.959257937881723 6.519141735602457 8.830823401090147 10.227697358668713 0.0 0.0 0.0 0.0 0.0 
-7.9209558725320015 -7.206547297421622 -7.786175657932596 0.07283563452832065 0.8770712653821591 3.5796246761370814 0.0 0.0 0.0 0.0 0.0 
-1.8537926194206986 0.4167840552376589 -3.603641895205973 1.9484461223503535 -0.42141603091670654 3.522826692902116 0.0 0.0 0.0 0.0 0.0 
0.1383249927186857 0.7958621651366169 0.19804681695167003 -3.0363748338946923 -12.339149563483677 -15.357817372465227 0.0 0.0 0.0 0.0 0.0 
-4.752622858307308 -3.9679222260401597 1.4446009300784821 1.5164136461892594 -8.183367480518557 -15.915365012870181 0.0 0.0 0.0 0.0 0.0 
13.876677001366954 8.818876164925854 2.057180596163514 2.9053480681432555 -2.3764129991402143 -8.809536766683568 0.0 0.0 0.0 0.0 0.0 
13.529452161415081 10.454463928819674 0.6580067231056208 8.484656021331663 16.660093591226115 15.208740229574833 0.0 0.0 0.0 0.0 0.0 
-4.153943908130705 -5.690823623554138 -13.258500525595563 -3.490421786474969 6.477470820804667 9.466306412249658 0.0 0.0 0.0 0.0 0.0 
4.087326439936743 4.138860740770534 -1.1162102439387704 -6.009920377385718 -1.8211306373057738 6.342595942105116 0.0 0.0 0.0 0.0 0.0 
-7.973724702653626 -8.896350938974642 -9.157521337980498 -0.4430579880222748 -6.397210320744154 0.5985026313025342 0.0 0.0 0.0 0.0 0.0 
4.045052576542036 4.397802817307147 6.622768672592681 9.22977954882427 2.553695734966311 2.081025012375308 0.0 0.0 0.0 0.0 0.0 
-2.0340864908636433 -4.25770229871024 -0.882588216796384 -8.02593652398491 -9.885343706090023 -5.381534876229746 0.0 0.0 0.0 0.0 0.0 
-10.324846576278341 -11.87554856032017 -8.708819763643989 -8.967769776049945 -5.50532745575171 -6.074906241517936 0.0 0.0 0.0 0.0 0.0 
-0.6590048035355456 -0.25749932733498726 -1.5617675755219165 -1.8865308722877978 2.6408742214755248 0.17386597055333075 0.0 0.0 0.0 0.0 0.0 
