-500.4387459027763 -495.7358674099202 -508.07505537673103 -500.6740501287132 -476.62138828842933 -402.5057738829073 -182.02096654732003 -94.64753436278838 -71.06935114682715 -111.96847969257713 -158.46540584021398 
27.927476517074 33.94245690316742 42.71312420764001 37.42024384434157 57.04981815921691 83.16910333661477 78.52082228620475 64.04623562838574 31.508161605587496 8.747088491920469 44.56852482913415 
5.8477160965285435 10.146038539250577 10.504836356487601 15.661181749959354 13.701095576397119 -5.502762399823947 -20.42426599896517 -15.530728783966389 -18.711902778084895 -26.355916851562178 9.62229847861514 
14.767517879869217 18.469942248256395 17.635502385751714 8.977697694006366 4.27764424242719 -9.45158166966035 -28.39886782456958 -28.860181772909016 -33.15226152185784 -52.07639000555829 -54.857587231832824 
-6.082693324497764 -1.571533429532654 3.2222019962471213 4.277032607233677 6.556276651039687 7.528973696063423 -0.5323382900244245 1.3919196199057886 13.570180146577968 -2.9087065158544076 -28.318576821492396 
7.466968854330032 4.463878501363028 2.284253317632969 -1.7747149737304613 5.813769071539651 2.9815879499167117 3.99492482233372 2.7945001102083102 -2.307834281967595 -14.707383646608175 -4.454582657876983 
6.183730299926271 5.113856759549959 4.7182233396419315 -4.068010763627279 1.7805317327731336 -2.4131679555529644 -14.77798642871867 -17.299311972593163 -19.109098742132424 -26.012807029515567 -17.433978978029433 
7.638592118036173 8.340154057003925 4.398588699138487 2.5870560855497526 5.323522101445761 3.8746177912534754 1.1145428856185862 1.373355220863826 -1.7518152698187914 -0.28125584940237314 3.604960425751709 
6.661453970053895 5.058311466827595 0.41677283810516985 3.8359766453141444 9.122603360498761 -6.141191383554256 -11.446418167443518 -7.946044160158668 -4.219339302383887 4.971416631449556 7.632130241531541 
16.539121424116466 14.05092362914161 6.17543779795923 2.5067514199236056 -0.23473345922505762 -1.4564096525772254 -8.487910029464608 -4.53227912816034 3.278575956327617 10.590013726958734 4.640291853500724 
3.9506911737850965 1.961442108563563 4.445398189215998 5.706692220522343 -1.6304462292956652 -0.23139198496998703 -1.9363167592294928 -8.492565455100586 -15.43335687235355 -16.06950946451695 -2.675389049753255 
-11.360265510099952 -5.565726539706828 0.8954599719876852 4.705453033629995 -2.5791833215512563 2.4986008690562462 -1.9884389745654492 0.92525454037978 -1.8340053612404208 -10.568043083057258 -14.593283312079038 
-3.1862759910507146 0.5246747174394627 2.8696239922385054 7.760120428763186 2.1349101566571353 6.168075447954598 3.8020744630141934 3.9013449882585687 0.7805912231698954 -10.198964597325938 -15.88111675693386 
1.0491558093406073 -1.1962465100569357 -3.491890474273841 -6.266962347955467 -7.075787397681232 -0.4389035134070238 0.005932308465641523 -2.1507772314064924 3.1804359631917416 6.07182502533502 -4.437073139676304 
-0.4196096096899319 -1.9856041185691584 -3.541648322938067 -1.6508638707325451 1.3634496596948273 0.5004570949522538 2.20871715281739 2.2183071733613966 9.582715346091478 18.48880844539034 0.32798842774487347 
-0.8283676264070913 0.9611199640355277 3.1043248676289634 0.9788216845414557 3.0580045751741487 -3.9314921146378397 -6.169641801776079 -4.614825798262233 5.479369935169948 23.396189974191728 18.109932837605477 
-0.9652002303285336 -2.2613204921532484 -1.2484644781349181 3.4723230931875664 3.37682941606479 -1.719174149356053 -0.493988753108801 3.726822175310957 6.498828264738458 18.48666436973624 15.248786499021968 
2.2298767336320573 -2.0829930437264155 -5.0255133016784495 0.02163369717843633 -0.1714010136368086 9.339559813544346 3.155122171364446 -4.091564665532975 -11.933363642242181 -3.0467857568038474 11.20524215758454 
2.0725383889554805 -2.6665219774945736 -2.5885769250222364 -3.1995107542517722 -7.514971793492539 0.5209703104348159 -2.8921849032002327 -5.682796293875889 -9.405166222039576 -9.442627179998247 -9.521620450951053 
-0.24831936957958373 3.016126309841401 5.4695461755432255 6.968201088113913 0.5902262445609997 -0.16030447501371378 3.011612230885452 -0.9492749482079907 -2.3416299112675367 0.9665792460368652 9.532602823950157 
