-288.2130087575703 -280.90646755359757 -243.47658541867716 -151.22528098864117 -69.44030524476565 -38.266476151973066 -59.39937278569618 -69.27583581430665 -112.37589124178967 -255.00662164801395 0.0 
94.50093561142938 94.03420902993409 48.24473076118326 17.332803898465453 15.858326186198648 0.7318302649147005 -17.1242087700229 -10.893987345470961 3.545917118736046 63.749181204972075 0.0 
11.115605835370452 10.744341825310956 20.231293936124484 5.381070689865563 -21.487103416918877 -41.379861284797826 -51.92476275882832 -55.37239907517977 -45.85831791132052 -9.162943123805144 0.0 
8.455229813920226 3.9565493637906224 5.732813435780669 -6.8958282653686425 -23.78075534167623 -21.556290799938964 10.756704842597012 28.979128663824117 33.563055690848884 37.810630515219486 0.0 
9.912757422980626 -0.9667729459784177 -11.616493341077758 -9.352292632359458 12.87982900847694 20.154180094683063 15.21555099537833 -2.3969508839884797 -1.3148642351712578 -1.5262907445879208 0.0 
-4.830217939748864 1.8198069747571624 6.77635906529761 -0.7709274204925769 -6.27258583850278 -8.026697339446363 1.65615211320064 -4.3139382723448625 -6.13254645919166 1.1291549976307416 0.0 
11.434458108256608 27.693336998221174 31.70013170077074 13.250035887573997 -4.882383588604062 -12.53384004027227 -14.907673358718162 -20.449764998918127 -16.19143799296469 -7.318984801027881 0.0 
2.9150536871026183 19.457147589364183 27.2006927009368 14.267279160767572 -3.6698307594754374 -8.200098001206605 -1.788789354352947 15.55513324847637 18.40290132857976 23.52229620683307 0.0 
-3.51793113653701 3.262618940166908 6.89588645397143 12.424886645716583 23.849243729413153 18.821104410195563 -3.4152936532598304 -11.147835806987727 -10.022951991895232 -0.4123439916819941 0.0 
-2.9674661235458517 -9.539554315641238 -10.286818039027123 18.185064685256545 29.807076358014434 24.594900023661282 4.316495809923799 11.765107818942946 17.390054143910977 15.277563110728543 0.0 
-7.723891218818224 -18.410660716814775 -20.388372538156606 1.0152728590345792 28.011672213620216 42.27479123048643 38.29918781328537 32.13394676121577 33.294941072414346 19.499308254010863 0.0 
2.175726240348625 -2.3555624802171815 -4.682684558016497 -14.04466088358758 7.683221923047937 33.87470270018555 46.1891075379219 43.776928786943984 38.9078255891192 16.436158822621763 0.0 
0.20712627709401987 -0.3470128534423096 -5.505700877614406 -13.337332213502767 -15.789122614092408 -1.8122245273582556 28.506448697967148 26.547058483054077 11.850017482317146 0.4498217223693832 0.0 
9.097782225172542 11.203247705085282 16.76865092095692 8.190322480663081 -22.623583612366875 -26.713701829683025 -13.702795511711741 -20.14290961177471 -33.55445049531319 -29.133221500579474 0.0 
8.08321822105407 14.869847257237714 10.054124104481907 2.7886314480753365 -6.086978146224759 -21.978785410816876 -31.9278797079536 -27.89261605125214 -23.5669944341818 -5.396641590520524 0.0 
12.905210561298588 13.631744453969839 7.366474568339546 -3.456963824492049 14.608460841804323 5.066825176001368 -13.3004694541903 -13.612709928304223 -3.759345223388764 7.1108836867541845 0.0 
5.018517036103741 1.1180333137463803 -0.7047029528716839 -2.294642760185971 4.749497798612795 6.752615555034524 0.21385245680234516 -6.373915967767735 -3.9971617863955213 -5.9520347182342705 0.0 
0.6511127713888286 -9.190047064562247 -16.251095920734908 -6.2464010993946415 -12.012592484201724 -5.782571307220679 -0.5556452216448481 -1.4923617634948645 -9.521550758450942 -18.167787476636807 0.0 
0.8465051892442779 -3.355916931264324 -7.06137380273938 -2.8879508668730947 -5.572669227722407 -15.39696710299458 -23.36710378639287 -10.27738159151502 -6.349043596521845 9.283961680693858 0.0 
-0.1605337263989881 0.8350274230966663 7.708649301008709 13.139342338140693 23.019788679177214 10.448802223622003 -9.168589299541384 -1.3342383375812668 15.53772732277862 27.925184420548444 0.0 
