-450.32063575933046 -446.63500200261996 -432.5645809025426 -273.473095948579 -180.08970897575554 -168.90744093337028 -200.48592734755573 -226.39299094124948 -256.0814246077275 -320.77148761535375 -426.0071483028368 
62.443637930898916 62.544440593000125 56.30746930720915 27.338543018125534 29.686210773454953 19.897789622137104 -12.470276674607703 -16.45124127540681 -2.576976746461419 26.67014272322611 57.80760541057375 
0.3639700359826541 -1.8208917967959202 -1.0683362143133046 -24.686863871259774 -25.499585132951808 -30.019745086628415 -58.614985282717235 -66.56167303742768 -47.19073781408845 -37.26925166123277 -7.390574507482562 
14.297597955086053 12.239518755986474 8.891634495034378 4.35110661372936 -13.426114773516016 -30.12921616651658 -14.520842895582398 26.166757638896847 17.346420946223105 13.42614019858333 6.787642826432453 
-0.6329780383334718 1.6979494777556794 -1.028991978684541 -9.649284158563972 -9.817221018769565 -3.5217331134652436 -2.385553475117 -2.7228823588472815 -12.483926842012973 -21.419885868144277 -13.999422974587763 
-2.5834716548501593 -1.0366505593415851 4.480622172501335 7.34687028685768 4.389806431787229 3.051806357687015 1.781172679039947 9.67938007861271 4.595061032021529 2.918876184273363 8.85746508247841 
-0.3787549552305368 -1.6451201776018909 -0.5694549465568739 7.689080055350912 7.046893575606786 -5.75075741733333 -22.07346611137246 -26.137628942323865 -22.990588950836546 -17.059749668370593 -3.7255358486375787 
-0.5746540377540009 -3.339221282303061 -9.615004809702185 -13.04314426672676 -17.164853889485677 -14.386084576052315 -15.626296192277833 -23.527818107651207 -11.045911592158742 -5.5901833977436555 -4.676099404395661 
-0.6126843262536218 -2.2117199223380677 -0.21165435712499706 5.104580848498721 5.462101175352767 7.484569645213542 10.144299075930014 -6.806968913912641 -0.6238605292166307 -1.1245381365990674 4.104194103946524 
0.5814777845360957 -0.8890433910863607 -6.131768856913716 0.8925615629400706 8.350089486598572 16.46350759723448 21.103776558625235 -3.5124863942438243 -8.425133938054291 2.1136319330427433 -3.1463367814618857 
-1.5822977194421444 0.5023382803761209 1.4443917519986265 1.1767633434765088 2.7385653314668374 12.069943582499953 38.29313105293892 43.662194420503326 35.76668661669781 32.707764750328906 6.517027014617169 
6.731875291546361 1.584667349614186 1.0066488109550573 4.810903251411004 1.7606253045145461 6.349820017161155 26.297533670509523 48.12004867784567 36.89832759771063 22.200193754963145 0.12584638574259177 
3.8597792871100953 0.0884382034388278 -3.568336216132222 -3.2902727859231904 -8.431304421913417 -17.367111824186747 -24.617103369880986 -0.23660844312733595 11.232724099410554 11.224390446057885 -4.298476044268455 
4.438948139030226 1.7844134963895941 1.0630795354375389 3.6533153019844127 1.7643909313356798 -12.047565480122866 -30.243659066538015 -30.450612425826968 -21.329949255803655 -17.98970557587497 -6.063640881557861 
5.5978748301273065 3.245662072619046 0.005715862545336209 -2.702524995354631 -3.581215416468175 1.346356964994527 -14.9928556658386 -41.39589252028155 -43.93169234199216 -31.20291329474783 -8.471892642534563 
1.9471415774054475 5.547459398647721 7.643978398344345 12.717618236283561 12.996111708146403 19.450455930724956 17.43905501551088 7.8627977612362185 -1.5123130566550766 -2.2232935727805305 1.425763129284502 
10.243502013019166 9.808768526646656 7.199961133018559 -8.028866756529762 -6.227084093147928 -7.522595384776212 2.8474024003319185 12.554122433904238 13.908647753911316 3.5934623375791817 4.434534440924022 
-1.24473269998378 1.7107423791569658 2.002741454827811 9.366323153116435 12.242367180664846 -1.249509228463957 -22.680901635225602 -14.723566894033958 6.719040692919407 8.060248553034691 0.3853478629559246 
-4.322515780257948 -2.793780931815688 -5.059923048054541 -1.332993651314641 4.751649205058816 17.10932245635363 -4.733094535066783 -31.167515823491424 -25.5053299085776 -14.39840299800273 -1.7216929184784275 
0.1807587591287021 0.4364763506602678 0.092426459937478 16.298420422544712 17.124956036114618 25.575131373642726 37.73382561721376 12.842878938914758 -4.487030510121556 -7.284525394353565 -1.5789636131497846 
