-258.21189753676475 -153.73756507647653 -37.98685974505286 -28.857194920964627 -107.67106584868539 -150.9235558523695 -130.1826301455809 -89.95990188295143 -89.27819435350122 -180.3316304011234 -263.36398549409876 
31.89059098799989 -8.408797703892363 -20.16664708351732 -19.947106106933834 -9.988379771658199 23.170577794369585 17.531908740738288 35.65598585130023 51.18724740780654 50.49439635220243 32.390392605804806 
15.209257753716582 35.36895799134554 33.447337644161976 37.53060270673803 45.79309404163112 39.084189958491706 4.330057745792834 -1.4123179908325407 8.760389042755795 17.451810274554163 13.065574896250382 
11.379204157882763 -1.5062558407763207 -2.040133673133104 -5.324106272467554 -18.6165273475417 -19.908954660240234 4.346727910934179 3.3970211599428453 -0.48077110120759475 3.836403301052167 14.510137029595569 
13.723842375592378 16.888018013630862 16.33558988922358 12.72546188563362 6.401474461264264 10.628306051844138 9.85551440202747 0.9131948666844747 6.076995926861528 10.153892220348606 16.235312199282294 
11.34221161202418 2.7746254123053697 3.33324810820904 3.154579224772812 4.658169409758017 11.808415848673196 9.860398607045004 -3.0286325316657887 -5.055389291673704 -1.1309187802341225 7.121620117781426 
3.7769875448920978 4.331410284226127 4.373897658759436 5.198861811151831 6.772220587022732 6.718287093562686 4.958137294198065 -10.573591963736469 -12.650603735273931 -7.858294972419119 -0.7933139506773865 
13.604486118456316 7.33323691228611 7.4853105925913805 8.933089252103466 10.688495646714046 6.5245017072546565 -7.641287004919201 -9.265459879247482 0.3503322960925809 2.966910234572145 3.740176865556994 
8.961142818921708 1.6506046138483017 -1.365432148988445 -1.905364795763133 -2.5089545905487327 -0.642032123557542 5.486749390380574 2.960534907055631 0.20532556443874184 6.178965617226885 7.614366778104584 
6.706951539436806 9.070591955049952 3.579827456512518 1.5256021281781813 3.689825141835243 5.748653894185772 9.473807608593237 11.227958916102931 12.268225235511784 13.375645795604127 5.894422048508051 
2.650515562815399 7.818003975578686 1.39544677743167 -3.188761994199809 -3.3458991324447656 -2.119246507833819 -0.9941423498440773 7.485772372608693 13.928766324479149 10.38730558477501 10.30299517741029 
2.1155841441818466 5.397288180102289 2.5948210920824635 0.38934004724701354 3.5504250407944378 11.7256488290645 10.641257973549134 12.898675244862794 6.0021753579607395 4.355463473812361 12.252220219926501 
0.34130433296289353 4.942911579855435 2.270249709987215 3.3501594469555935 11.359481892812088 7.378430715764039 0.3756301404912785 0.43666499025313354 2.029447049454111 3.1850195242670805 6.95634967086022 
-0.5227707204168264 4.669919873938146 2.4380947645034112 1.6691982499761022 4.810797390255239 4.551669878794723 4.060300289225012 -3.3480620038677094 -3.798156397605175 0.25451408971363976 4.277415378971801 
1.688395924913944 -1.966878520038466 -2.807087292505453 -3.6683093728574043 -1.4885161403461349 4.570724498137587 4.344640493182927 -0.8494344328307214 -1.7914161026589752 2.453252511448094 1.376870806273445 
5.569992936975304 1.8375114795739622 -0.8575839336931259 -3.820828684652337 -9.361006228533387 -8.868648862216869 -5.190326567405447 -3.5285321409371435 2.025291269700523 4.985798657269177 3.652086481479807 
7.538753935980884 0.09424791950143785 2.5108194869221387 4.488742182081008 4.031828820298339 -5.546528213111227 -1.9700259277205547 -6.990080703774 -10.846865887559307 -6.688529320610009 5.683336651932237 
8.203113632481351 6.625561601351856 6.582928865524475 8.92224076129331 11.559936114590545 -4.4654006021953165 -3.8660629653412384 0.20166525808689023 -1.0252665119758269 2.806699175526674 3.6423276115323455 
0.9839908322247706 4.604030949491044 3.4345441579442326 4.715255093576564 12.864293475001631 -2.5992338917626534 -10.346433301541378 -2.9202216930728286 2.9821862225518436 7.259895492547402 -1.4390554702672302 
-1.5823442023429068 9.047729155835322 6.543658364682178 6.949674436110623 17.475835030214864 18.825923044283467 14.013104172301473 11.959571962522137 8.633067027084081 9.015325924606788 2.5268370674462584 
