-554.5134686460107 -552.9400809009197 -344.18397666328326 -179.4508444961012 -125.21164968265846 -156.59480299524907 -179.61668758320218 -186.5492956175085 -244.24933427284316 -361.4253529524208 -511.97500433446504 
20.899758357299127 21.62417327571235 2.505801861578963 6.426223630256086 2.846516321982953 1.4140845164950322 -31.22366985637735 -43.82995574372707 -42.95231070147122 -19.991615314368914 17.916204086758388 
-25.76415734250633 -25.41891962818977 1.2608777733919994 -3.5005961176925773 -5.651844086107976 -26.9428862883368 -80.25423544882378 -83.44611431924801 -71.1248450027026 -70.63851271719085 -38.15754144785539 
-23.607860413168908 -23.83524361432633 10.974056114094987 13.425126891438216 -6.3857794442688665 -33.848465752598976 -22.675126216249097 4.233783612414522 -1.2893445924843414 -6.134316132082013 -11.892694214176224 
-28.714555276695172 -29.794059781463478 -30.92858157925346 -35.28459826923907 -28.286987292662104 -19.273738331139462 -29.310970981648694 -36.512012786215344 -43.135209069597636 -47.76258081949897 -34.1929198281176 
-10.284097530341267 -13.008144696143736 22.409140636899785 24.192231843916158 15.513252854134556 5.275872145287607 -14.687562348010665 -10.37262946437626 -20.563993744706217 -21.29412725849531 -14.896537651891798 
-2.051811837510878 -3.759555092798152 -15.681570369260935 -13.447840781005219 -7.53309804121522 -9.218862504617675 -29.93711258910716 -34.66882010465163 -30.980213540290023 -28.784747221441325 -14.404641455850529 
-5.421464811761693 -3.614554670489495 22.431603989714297 25.18478547115374 17.993989848936664 1.0707683264062546 -30.416016904463294 -33.7257059740937 -27.859041936610232 -23.900374394893916 -1.8698415778855333 
4.631628582359809 -0.03639215787841585 -14.239067815064733 -9.704593596935826 16.0767569295661 38.95562395766966 38.693418532857535 15.317867923894806 8.237662574305284 8.566049266490129 2.2306695692586764 
10.179102441291901 6.331343909507314 7.650015867258892 7.410640517405298 13.214444341411133 35.689949262021514 47.68193545631124 29.69421702282947 20.834976878023134 20.487552330312475 4.3278214830829995 
1.042664957153787 -2.4816782236810293 -13.14876984130743 -17.96182386913781 -14.049607431561494 -0.28440372672052705 20.53618125508738 35.06775656554768 35.98376763619784 42.7928234548679 14.918463952320598 
-1.5019150518112558 -1.143429394712271 4.724510209325086 3.0159940188799093 -21.90191069921761 -36.83156091938002 5.95795221787716 29.3980303200948 34.30524850325835 29.12678972348745 14.167590762589308 
1.0698516778918177 3.6959425290630206 -7.690515260574799 -10.400605957357769 -12.052438754937915 -24.625445085115537 -31.412826850626814 -22.50576186275803 -9.540012156343689 0.5854878370912465 12.70812084147101 
3.697798818011153 4.643515383769527 0.8118474117997914 5.217697727025827 5.392392421376776 -3.11066027179747 -38.00988481174827 -52.55768017960955 -50.3024551189411 -35.17685082437182 -2.1720521037646465 
5.954837536818536 2.9245245988163306 -11.31326301156591 -11.405732771225837 -6.422080186682544 0.5301552561227851 -7.171595217743535 -18.10809649468404 -29.723880121303516 -23.34792097008109 -6.603315479470388 
-1.7605825758392233 -2.1147655088589215 -0.31004752383309864 -2.6761863896027336 -5.758183036473632 -1.8552134444611323 13.227649468939912 10.831723839933247 11.292987497256563 18.62312173759139 4.855557995604921 
-2.8244129821308173 -2.4992731787496574 -11.836866042752586 -14.473991453179039 -6.088322975869198 -13.316104216134839 -10.239017254759077 -6.457159394410144 4.383458762886004 7.228548485826291 8.16225848607609 
-1.2097347127994464 -2.566755241498771 8.470755660238318 3.0379337638267163 10.061935041068853 13.382787613716962 -12.176595518964579 -24.575669371038313 -20.394983989269523 -7.773994959978221 0.975838793583208 
-3.7362000409992824 -4.026464273632036 -14.220658508308098 -12.186948967596145 -8.430411676659132 9.810030837104625 11.725849878183924 -6.949348340057694 -18.65054586516868 -12.693574402699523 -5.875433265790596 
-5.094798106268957 -5.002526429043131 5.278830746298951 0.040495606170484255 -10.734342447986613 -4.206619703295964 14.681869668507897 24.076650918356314 21.148925472906562 16.39108751254578 -0.746031172426707 
