-515.3638175091537 -507.0203998777572 -498.1908772557322 -498.02549143257863 -447.5156179416394 -216.48868724033701 -113.25172155055547 -77.60875504112826 -68.10008060957908 -126.17099660228328 -237.57935178084568 
36.57244693215367 47.9044640351471 63.66054084178687 54.99883678232486 11.86616485879851 20.055697540336194 48.90499428412177 57.29726887443908 56.23368525568954 74.04041696292747 74.20525398818222 
-8.43776382476204 -6.459607444942081 3.660281612764077 1.6753946177344803 7.42392528617263 -8.840645603826092 -3.4160306493881647 -6.880393421207216 -41.59559883101585 -84.76863372538995 -82.7081130251743 
24.289085848074073 23.26100674754104 11.910120907998053 10.257545899111546 -6.36121553190648 -34.085099661438505 -60.27568795719303 -86.32200638800263 -75.75349821690887 -36.0534841640971 -5.571115518563857 
-16.56186065037714 -14.219950738762885 -21.87518269652394 -25.150384571009077 13.73470506743362 15.999724769515268 4.342597394970961 7.9846549698328335 15.273782868183911 18.25390568305537 20.9154840088613 
-17.22328504193151 -13.245459326461464 -23.74042885783758 -22.78607398448983 -26.047895571416696 -31.090450896151303 -31.485983887868585 -3.8215290743628794 9.025985292854875 -0.4160330588909673 -1.8366567039605455 
-21.822177658641543 -19.74219025131508 -24.321860621832233 -22.637146458800864 -10.113545968128683 -3.9619329091099242 -3.7531562090413866 -15.914327797067692 -30.296796746548473 -31.6476991666066 -33.02427927704453 
-3.7119061541804257 -4.2641583460753765 -3.835805492315078 -5.451561582334946 -8.212052470803174 7.402376249046493 9.941564842067066 6.858365442683976 -4.101638459959629 -17.02910837156361 -9.909256544890354 
-6.289169356701072 -12.390437378408922 -10.391815725600729 -4.0233673658569185 -3.8204658506506366 -9.63548411445371 -17.50337786630545 -22.40182559584475 -11.761133995313699 2.724917816873289 10.763723761930557 
8.900740718776644 -0.4901361697425949 -7.207286665348706 -13.642711464148396 -4.982545076440838 5.6302185606588235 6.836840915807613 6.653595997414225 -1.8235223563468896 -12.7391449222457 -25.026055652410484 
-6.939234703683571 -6.428757707213141 -9.85331654505152 -11.489263776987123 -11.07199965812524 -0.707157532759864 -8.674430524600236 -7.913603005039814 -16.38194826899459 -23.457569143428586 -31.099981538260344 
-2.7798667585665164 -5.380959957286028 -7.318601745707826 -5.790447676040433 -10.001299178059579 -14.656125958151538 -10.447474071853163 3.2120069346698648 16.934266628809382 17.458826669210353 12.41465150424748 
-13.195429618189081 -10.592356935627105 -9.02444500066174 -2.8863449910051613 1.9148862479114963 -0.4169410538741134 -12.96609212405496 -11.382866210023572 -2.7435463380938967 -3.822582303289613 -6.700846174111695 
-13.946878191145927 -7.1410891510146906 -6.0129184147448775 -9.075461335685151 -0.6833334491643124 -0.19428289810677493 -5.769937986062901 -14.464813072698568 -14.529303900134671 -15.1284838756727 -7.434751092134872 
3.249970373620707 9.646554981058154 8.042513978730327 -1.651715619023621 1.6189774094199023 -6.667734408897819 -13.189054162352024 -18.82466811442648 -14.33739378223735 -5.072507381135662 -7.720063408766975 
1.9060183842704221 0.7091696483231452 -0.5036923622634287 -3.184019555783007 -2.762181642550952 -1.8271366776475757 -6.453593094462665 -1.722452948549161 -8.874267722544895 -8.758296436501258 -13.931961846714245 
-8.608522104503512 -9.028170983467582 -10.265104301791865 -6.929361132235946 -2.155516496995044 5.3775249066634485 1.9358458068632376 -2.4957585155202864 -12.360764406289576 -7.21532058697796 -2.617616638138267 
-9.924773072295537 -5.433905743688169 -0.5081189123612662 -7.7297065670690355 -2.581210361568381 11.277722900681518 13.642680950444166 6.193570835038768 4.393839293539369 -0.6416520749039046 -7.000389709836485 
0.18519059225239048 0.7527424013126912 -0.02243560862735216 -1.394070275827016 3.533038657622988 9.432841714226381 24.58727970029785 21.802418681857702 7.668062416997959 -7.022019497903658 2.2352388069477236 
4.107880642994608 -3.2791760070988243 -4.577200507329944 -5.989608954259613 -5.396331750799737 6.826878046295435 22.537631530599207 29.973407336948455 23.42007116413134 4.285593281959811 -5.107285643395613 
