-234.94937086816608 -129.86005984624865 -77.412144055586 -81.22335011217667 -82.69937015677094 -106.00972122919842 -119.92877640084184 -189.93690994566688 -383.7603329124886 -449.51739899436404 -470.5458717283002 
41.62448252218769 41.06100332743402 53.76677894534182 57.63853352681957 18.133326794604443 16.91718424606266 7.253233604362992 15.780231359473255 78.6036992226221 97.62863246587138 78.72234877946401 
45.19914918792692 39.4941732784681 48.38136856815564 46.47361144248278 -19.03373585334912 -61.074635373684686 -42.225041992682094 -2.6434014983759484 49.311609999728404 64.66291488858178 60.798601636840935 
2.7136076626493137 3.841508608075576 7.867356532060121 -9.61528264117003 -15.270441614143117 -14.509138912879306 7.490222378898558 38.86107330669256 59.28340065729321 42.73335686835672 44.5564077416407 
22.90846275038049 22.401826256944123 20.690323159956854 26.300891794484297 30.471659066501708 11.202413149712562 26.658737878900755 41.50522487831782 29.0291358168245 32.05076973093787 38.93663498676961 
4.412615701921737 4.094340051401512 3.152057918720556 9.632679771061328 17.19218274838954 4.351172567919568 8.183017777758065 15.60325982429423 19.39753934176471 25.207958012372014 31.973349977491072 
3.913749934975237 4.572154534815576 5.100241557949857 2.242706869283204 -4.64207870324002 -10.62384963864018 -1.2635473928594205 0.09581251087256132 16.393595940074405 17.55474119770821 22.523910006328734 
7.644547579016958 2.1364861601300906 -1.0661158431371462 2.537516704068046 3.531412451544067 1.5160938262361143 4.590072369939358 7.6717613770110225 13.871048865683662 9.120211821198714 12.732602080783991 
6.893259853622715 -0.026695711099506192 0.29612617772484395 1.5123518663430087 6.3865271275512105 2.3651374838734585 6.179026458001844 15.412895365652012 12.12328486235019 9.50491620480223 15.27444096170775 
1.7500214367436184 3.128610931273978 2.308680312286518 11.464265967376946 19.11627587380039 15.603260681612314 18.995746556290683 18.887978589448345 -1.0063422222022003 7.365676676512729 11.37108948407177 
2.889181228789789 7.169058067119634 3.59795727655565 -2.7483283795575373 -0.8042203761175207 -0.871382214703469 -5.718669011247882 -8.434690417167872 -5.2399974512245056 -1.7472495492736657 0.8619475342084466 
0.4070506528621196 -2.9951941931361583 -3.3748580338498195 -2.191519020151948 -4.956414003888435 -6.436482931628385 4.183545139711093 9.823903844718307 4.566444467759631 -6.154998659052289 -3.660991034441068 
-9.345997655501153 -3.947187756208199 -1.8599552938524742 -7.2644056197514955 -13.397775711369192 -6.3783762385627005 2.3919858104949436 1.807912434438883 -2.1737586462655867 -7.970139546681399 -5.161200697018003 
-5.17136380264472 -5.700250628219856 0.3651781496266451 -0.7800834010603307 -7.758749165420568 -12.70900519989942 -14.13743580999446 -11.518550999782914 5.05634281474797 1.6850047525454117 5.067078768272592 
-2.861394726510907 -10.03144404356765 -3.764263919299715 3.4758489062589133 9.232668855059611 6.446421129711621 0.13862532654316548 6.6360307630650945 -0.708393684233275 4.740069680928184 5.21569803117839 
0.1786534267835349 -2.724382659247634 -0.13171769873474642 10.42969456192856 23.280691846420975 8.092552276607364 -12.671654710705933 -4.471532520900836 2.301320335046091 -0.8007218027916372 -4.017440004143506 
3.01406566730124 -3.083039093312699 -1.0989667347966339 12.11843772971929 22.150332063613597 15.264249921877692 -5.698857666536156 3.0722452037113523 6.471835018874765 3.9209139344297066 0.3886317297914478 
-1.1231082184651187 -3.722215767070434 -1.900438947332536 0.5906582954134222 18.895709153613755 18.587538788006032 -9.056056081392951 -12.39567192229506 -3.0229618021637865 1.352061525265652 0.07435883261181281 
2.2450115946860527 -4.573242851070417 -3.690760950587124 -7.873436311863662 8.783695328196794 32.74950810470274 9.491667440596885 -9.454114903542056 2.8584282540474923 2.7265321611349114 -0.05036682423038893 
7.187860863426867 3.4826518448920467 3.600382675490687 -1.995645098476271 -1.639402208128816 22.37838429608518 20.097981962334934 -0.8573235491034816 3.88609105661214 -2.909162230651002 -0.9827356346758023 
