-239.00338807687277 -234.6269775649017 -231.76434951152925 -233.70963396430156 -239.8098499216508 -257.95907526360804 -242.63489144263045 -20.11350837357565 107.5468289743274 145.99704420090552 139.98580826881562 
107.94591008642462 90.17767840829714 72.62584000605048 82.46440578447348 91.66092440777072 117.38783779806903 103.2938846911166 27.421272768084677 0.36836063179665457 -4.273962870805903 -8.474272006340998 
38.29018604083251 39.34933556272645 43.540585854514845 50.82145023794564 51.21724881302212 60.973910439807796 45.89429385000872 -4.757616756508538 -0.4299209834006089 2.4233747926666185 -6.1773302057629085 
-1.9119900261854257 7.0269973305578475 28.73411156231336 27.73104819266019 20.930685788712424 20.573539573776372 39.03927650753205 24.42989913067303 6.104588785858995 -0.43031760536151686 -3.9552115802463037 
12.72447698077286 12.087270155804424 25.907254318449585 25.615958062470085 13.664588845371563 4.45082963963726 10.246630004943748 12.408956300313951 4.459784879313147 2.726156124015297 9.93341748363965 
5.279900531831494 4.995286355981686 11.993436962875322 16.781374096591062 15.104055223461051 5.4494046876018025 3.516035918806053 5.4659829174033 0.46252948095780555 -1.9019749879930872 0.08847775234445482 
3.951755221739483 -0.9269652992755596 -4.18328570417326 -2.488687828546914 7.090361300695495 6.859454778756608 9.180587844411525 5.657861081576713 -9.138344594653748 -14.244341671790528 -5.902301601977648 
2.70356027924238 9.51812790211612 18.682486610820977 11.105213481955449 14.36161127581913 21.789862633594495 17.736514354581047 -4.159868424792293 1.082844756658046 0.948508099927797 -4.531249526058456 
0.8145743414906438 -0.4029751624535084 -0.5813429964786263 -5.733377806714805 -6.4379727799460325 3.027048351935379 8.760437764001118 -1.2821186233066013 -13.36440453453262 -14.595203581343453 -5.032569043446038 
-5.09706747627439 -2.189395443956366 0.06580534683944805 -4.565917420070037 -9.661772146343514 -8.0064306072758 -1.8785198587066243 5.739089413165707 10.057414950336295 7.520140086943113 7.410447823533774 
7.478765004615811 5.174402955767114 0.8236423301359891 4.65125944426922 1.686673356699838 -9.772554764923758 -13.468362944246152 -2.089498670619471 8.146695557684806 6.87221588966686 3.660205805770496 
-1.2859316822501552 4.887930335215276 12.79928794649059 14.108590139557512 4.661451375900551 -2.6086641347969723 12.761042858899689 11.887956975479723 10.3537613274225 3.454884200100188 -2.321801113830337 
2.156600391768707 -5.833724020352548 -8.159280322184689 -0.5322685060340601 2.3348582383161194 1.180744129995029 -1.9139239340095835 -3.530697112218433 2.0702624941180208 10.737310620824365 15.179019595243338 
-3.0132051126859087 -1.90886303899336 -0.6983548117875547 -2.829698940727179 -3.85609972987315 -7.5620110482072285 -7.097686160821921 6.123766164683127 -3.426042550438556 7.384541061608778 14.646820921032301 
4.809498132016877 5.257955544895276 0.4954876454254659 -5.595198780410826 -6.827440545559124 -6.735865439380152 4.6274092210365465 -1.7030738664336393 6.491944873452549 8.687185859469032 6.6433462716046 
-5.987874576382891 -9.22349424776295 -9.203329675530284 -11.738338645987685 -10.681008743567386 -6.89740026247744 -1.2813718550834536 1.6388956109919177 -1.6901312999873621 -3.9139445486044715 -2.3469001619665995 
1.8717345377365002 5.371107287166468 5.4711341990085 -2.5299654733569943 -8.867255317678904 -10.790452755940937 -15.992241034121788 5.879383448664509 8.38460133867501 7.072658417840447 4.943759999340669 
-8.260330861380476 -4.787009531626492 4.6494325543966 8.525558918171887 11.858844406793873 5.62228363616831 -1.8865916257729491 -4.26435962451199 -5.0110342249056865 -6.263774844495769 -10.096585887617994 
-8.937793028387693 -5.941819399050802 -3.7295883302335504 0.08328319349847124 7.254090713269745 8.161937991613096 1.591131781565676 4.0987841148812745 11.347021537537739 13.606839780106196 11.056937353171843 
-7.464082675039457 -5.952935004251252 -11.500265819855148 -10.787612545029052 -3.289106618821178 -1.3302176129748517 -5.383871921383678 3.3136102044092834 1.2383224299331272 -5.319853762402801 -7.851568447086482 
