-207.5560639005255 -153.07807113618392 -151.3002213421261 -146.20539236807136 -138.31599741506247 -184.76908351106414 -258.685044469416 -344.0790598112422 -483.2278351558243 -623.443658575274 -682.4622342658471 
-5.95758017176951 -6.95346980355305 6.543012989307584 11.191568738357372 -2.344329350413199 21.347851814456384 19.269923892290265 10.650029969173646 10.141342296650327 -7.032751235085684 -2.955677178727843 
27.639543977473366 26.94760378263725 24.71953826785171 -30.714653870687922 -95.16226238579395 -133.5937871954635 -148.43707169536333 -130.08633388591764 -110.78607356024551 -71.82394440691178 -24.400846879763513 
-13.56160047735533 -11.589622105258378 -27.851587167320506 -61.12598161669898 -72.16204352709242 -27.709086592579617 14.280825150052546 18.83917481351081 19.54879780575429 11.692522689232915 -2.2391980270857603 
-10.137248343930544 -9.827074036274233 -20.084544852045305 -28.092367744229698 -57.90424610379546 -72.91090935970726 -78.88064823848546 -65.52698237083544 -30.787584993178044 6.46762129462254 -1.194211012905148 
-9.000043465563799 -7.385084323723562 -8.78979594461024 2.4062544987946546 -24.8446786622262 -38.192758429067865 -32.57226123041077 -25.479714259912534 -16.497843778521993 -2.738044823053519 11.777190614355526 
11.551767147566082 14.58327684986844 21.188181222591204 20.806410667728663 0.4961706643309815 -9.084021113435883 -22.882375659436654 -25.309269357576916 -24.0037161987658 -9.830233733612392 -5.899543940630077 
-17.916067584992135 -15.528368976894084 -14.47314523563676 -20.962625847476247 -31.90069916393466 -41.37668365893484 -39.71391995868375 -29.441262729506022 -20.98690233838839 -4.468356338939371 -11.619010516107263 
20.772701640186074 16.695564659865436 4.261682121611317 -8.825084802184033 -14.88132243730361 0.46619067011497134 20.740347028652685 19.386347649071695 14.366031450904611 15.609620570639922 8.702048215445586 
10.875958402568521 8.309186094222307 -6.405451077776193 -27.079999313494575 -36.399473414646266 -38.917168513171575 -49.398399916319136 -44.39335962778188 -24.1285753338691 6.28788084766807 12.765415448908097 
2.572178102603351 7.165373770951394 5.442912661398431 11.278748889913654 0.5241770988429103 -5.86868707573497 4.573527321713211 13.93618393741154 17.295253830229132 -4.603510397922271 4.26471406432886 
-4.536249620820572 2.179393496995433 14.803773329247534 -0.31112077377483777 -18.464749117047617 -16.367029816373574 -22.518069738976223 -19.211582907696986 -8.992856020837728 -11.231381793667097 -8.088608162954197 
10.342248497407592 9.83433915585724 24.858590233687305 29.88292072482394 17.83509419562831 -0.5225057785264344 -2.062672682833663 -7.772198112201439 -18.232402833070317 -14.285088352621711 -13.764374562395805 
-3.8236745475760654 -6.0230117536664505 3.0356745058282293 24.575348096439544 15.272199287431649 -5.468314939283441 -14.4076952347108 -3.67656982745103 6.178334257314807 2.6884521407981445 -1.472078436239332 
-3.157088859245408 0.6873419236392874 -0.2744330622048503 18.22642825181382 25.328607146316536 15.778641066558738 6.448147217668177 10.228578241784518 7.096274170623129 14.96249550719841 10.847758242741588 
-12.258549497393581 -3.8190197332123117 -10.661800817712873 -3.111909548498877 15.445309861036698 12.506606117739597 -5.980560732212169 -3.412805447024135 2.4224866208291855 10.740504333112439 3.772567494221156 
-1.24206798508181 -3.118002045181734 -8.23193523456353 -11.455165140146928 13.602249778615946 23.01156930442901 18.78789551878866 12.455191680348868 -1.5322158099120369 -1.1565547964435383 -3.639726063879152 
-4.123405494261524 -6.745183638925823 -2.1584175849676575 -13.660447491900694 1.9339962128567523 6.875737010129374 1.2476204107621989 -7.91151301632422 -1.5133485989012416 -1.8665840420768738 2.391570133310287 
1.32710909212803 7.225412901215024 13.499670637546469 4.736252467098549 7.37291024697337 11.136002159956721 24.68291396464187 21.556801255196323 20.879295456060177 1.7086875221710347 2.4970992795070464 
0.5794181714224864 -1.8701302443011045 -5.619898880783241 3.524469325434015 7.797304175635196 13.68328128222514 14.456147595044051 11.129539003128556 9.273858346247792 -3.623932993147781 1.580698946129531 
