-485.738434887361 -485.9270764844733 -484.8073099530954 -469.44974495232174 -396.29969185449215 -185.73175989896933 -106.91519050012367 -116.51890543795857 -157.07197534529274 -192.95679410588335 -255.75117502804412 
74.01604908832988 76.93929247671203 88.34611912200839 98.7277528122706 50.545230858852086 26.851254862328524 33.02744767801669 36.18184274872891 -2.938481064869366 -20.887300350175117 14.533907068886466 
34.04621364086114 28.50046096154174 32.77225841744222 41.054812362106 38.4736348811323 -14.698597372823638 -18.64492299274252 -27.705648297287503 -61.31384209471682 -49.24765944771111 -8.544469545712868 
34.05046206329335 33.42384842791684 35.58932706951879 39.488645463402364 49.18590748168485 19.446541026351746 7.144123565889101 -14.367371127296934 -1.95052140126673 44.15639142501444 59.541644053112904 
23.821016400339296 21.383416639273285 26.54657296998984 30.96114222521166 9.3812920615371 -22.074149067836764 -18.00332371163063 -7.508360264093616 -3.8654369258489343 8.365777381796288 7.54873665265405 
24.368187942354474 25.948369572714263 31.10226240897068 30.703439257466318 39.58851632968161 18.09509947030119 13.561963582755274 12.654797933851183 5.172855773937663 25.673359150010338 15.904880037506658 
11.580147317398797 12.505196209967938 18.931280779373424 20.5396409720325 3.5713317657504433 2.1034969967393797 9.395246425234149 15.512561399286007 2.0937652053107105 -6.651606893119311 -3.977481779562016 
16.420874366139476 14.923681602581368 15.902901230724355 13.51782946482249 16.63373753314127 3.179866164720277 0.5858524015179918 -7.894474025117015 -14.198491323426705 -3.8811507383588713 16.554924979350467 
11.670830937829788 10.892977732430321 9.279919387506137 5.838924255875968 12.763394974441239 3.6863605710162686 8.790321825011583 12.231082670646533 8.78975704568078 -19.334894028503193 -11.13350301422378 
7.8704345402784295 5.522044614024317 8.227861130312268 9.285066270282966 9.70602932883858 4.528840596571447 7.869187872804234 14.795435605201565 18.81526229573239 -9.042900535519273 -13.637428056746282 
6.084774801654312 5.565026757218112 7.160615772826736 11.871958244137325 16.006020746754494 5.630706702129217 9.234589466326463 27.660282902982708 58.35179652100696 32.00219256477828 14.566649346235824 
11.808182375526451 11.218305923003413 11.086292880678243 8.080876270986217 1.2935159561576435 1.5017633819316987 -3.6213955752289317 1.7018939382616038 29.365356381191717 51.33250194606304 30.63714194829388 
11.865376183762432 8.947731008350924 8.20829529284624 7.623097248582506 5.863569847626502 10.819108678592066 5.966415742397738 -0.5246729355727123 6.576106068529773 36.011453382098864 38.5824534495724 
7.849356024876642 7.343395422381418 2.5601233763285247 -0.03096793824195336 0.21714027355260596 3.224393581808044 -0.17949874068380695 -13.78927291386837 -16.48335201213839 12.914489056032586 28.46400419266483 
1.2542082552597416 2.7358813003143685 2.0191497379084486 3.737664101968927 1.157178072536511 -3.476220088681239 -1.8064890616123548 -6.0753420665027384 -27.806826632821476 -34.29906695434187 -17.36804913087981 
1.6511628246996357 -0.5509448430041952 1.899499938260456 5.157485002945928 3.3185600819436742 -6.432820353884946 -8.834126263465347 -5.591984948826725 -3.97754673212667 -13.855318814137357 -21.000052447871862 
-1.7078626774927677 -2.1125369866023873 4.810836866117308 1.965822515161311 2.692562384427656 -0.11869415408484682 -1.32192826161 2.3800084586741024 7.164857437273714 -4.492310303047671 -19.971632262189033 
-2.649228996661137 -5.007486910013933 -0.278614548041079 1.8961157653369973 -5.8743935852150475 0.30562369318817684 -3.9871712756012325 -11.39299599408903 -1.2822866707628378 11.193681597578319 20.620192120110424 
-0.3209640037916308 0.03485944106758898 -0.2907876908008511 0.8166564053703198 0.9137775818582428 7.188614954550031 5.292573441542508 -3.7354580186589805 -13.679602330734141 -17.67147917378343 0.594323996492579 
7.0295695136468535 2.776446449279298 -1.8125781105655085 1.822052588738563 6.958539962222352 6.602029646503296 9.149778024199952 10.695404703809604 -14.387186201319157 -30.91486704744255 -26.857831405223596 
