-230.52200680226366 -270.7737403280277 -343.13558450413814 -269.37641135764386 -183.53535718981652 -145.55559718578215 -133.55433394775582 -145.69350392487706 -195.93094469616858 -237.45081517497223 0.0 
23.179143410408443 31.304698917738833 19.753203139778368 -3.4902503641754765 18.259547133618476 34.04441868076776 22.965369667303147 14.21608136724011 15.681646402535439 21.078644052549976 0.0 
-46.7084413876421 -48.59223515366237 -50.88773651752355 -14.792166603079956 -7.873509793224823 -46.22688965957497 -94.25300144032313 -95.64410273989658 -78.19751655635758 -62.643170820802155 0.0 
-33.92224740519866 -34.50175725486798 -20.285655574147935 4.373917887683302 -17.133870893446137 -42.56196813616417 -35.5725275139737 4.653340754205465 13.479547772944635 -10.206482461099876 0.0 
-1.7015140284782673 -10.392800325670947 -33.568932561754885 -1.9338871926417331 2.1353992372602946 10.403767369793126 -1.6462610615189615 -10.041373995833672 -28.344104655009367 -26.55078344179235 0.0 
-12.790754297455049 -17.659872770067274 -31.581186239638775 -26.761368388802083 -17.8946455109444 -26.13262089143609 -50.46148863781795 -44.89776914874713 -36.0728679123999 -27.17530073240637 0.0 
4.834799655828328 2.549229706447809 -3.000870416364566 -4.462645004799117 -2.2088913584925587 -2.1500252754860805 -14.794518788989915 -36.452271876460934 -28.467415589809526 -3.7501605207914874 0.0 
3.356812105743126 3.575724636830851 -2.36720335665684 6.2333767281416605 17.63959909004976 26.00772146422994 20.426589726565844 6.7130068205904845 9.101714727445458 12.312410320078715 0.0 
7.690571337835779 7.4709307476249895 -1.9940934242507478 1.0095871849476157 12.047170449438312 27.976751495443906 39.082654884865946 29.056478438557832 11.55219441128472 11.323770909782642 0.0 
-4.527686047980528 -4.099038482608571 -5.975985554128814 -1.9668478313085442 -3.539594550736607 0.22928711335671126 10.077665225194334 22.64185599300628 5.612348902640106 -0.26916209041955586 0.0 
-5.964477001589458 -3.0193798804975165 -4.838578969711898 -10.114238069230161 -16.66104369418086 -14.97644228944371 7.971277489228127 32.499660635613026 30.84248033188056 19.015209730963086 0.0 
11.919662254929062 10.630087650044489 -0.7466982580085146 -10.958641602305255 -21.316425909886746 -32.826765811140696 -24.646853475499544 -3.78097488372321 16.325870335459747 12.141290295697441 0.0 
4.328631173248818 3.262408382678272 -2.8280719265245398 -2.1970677232023696 -1.7649597222951325 -9.93589463851571 -25.55065275807989 -34.15562509816246 -22.141986181159986 -10.345229866281574 0.0 
4.5868629920118895 1.797887973582315 -2.726771952823547 6.3407488179295495 13.316846458948667 18.78506464594319 3.5272930736147883 -10.402895874796434 -17.345612041681512 -13.018103368786864 0.0 
12.48524408655694 6.780237043669979 -7.062441395626154 -11.629246410643958 -3.0753592425692977 1.9422425058090176 0.8749519377046464 -6.750156382215586 -18.488037523305792 -16.8455099565249 0.0 
6.01297546816365 3.0650464891245006 -2.3485305009132627 -5.66643728768909 -4.157931034758258 -12.036868190792184 -10.71700043514614 4.767295272165809 7.918386889184967 -3.89862894683147 0.0 
13.095549273659788 12.265036463763277 9.299521268003044 7.154729788670798 11.650030243180332 12.645770736536743 -4.200146970303498 -9.530002495306093 -10.652099314407394 -1.9130895127475034 0.0 
3.453851815054274 3.2311585826366445 0.8404727221939141 6.707263762201837 6.32564032480893 17.813701110432564 17.33767020322413 5.6599812916854155 -7.9239010613107475 0.18828944619234017 0.0 
4.49536685894507 3.5578037043460577 -4.156765640610211 -5.927417336281206 -9.85224107496406 -4.258698078004004 19.416050984651385 16.931290305601497 5.936100330041141 11.457451428989714 0.0 
3.2607200840759067 2.7566319855400714 -0.6501741124096612 -1.0233984032633994 -8.746502382069476 -19.90878739895438 -6.81145532650546 7.511922020711676 25.742762378719206 12.382463390649196 0.0 
