-162.6941616541117 -181.76168633915913 -252.78415900153485 -261.6054189622736 -264.0345637732983 -265.1756700110804 -266.3202756388902 -263.7019449793156 -243.67441840592136 -198.0427924336621 0.0 
-4.882443053023763 4.568331708470755 40.22585870329435 49.15024838189858 45.31496395940414 46.25877894486253 45.560769024660246 47.751549689693235 41.458367501784664 51.17240793186035 0.0 
-8.638326271392783 -5.848553904303241 -4.72562364211729 -9.53207507740418 -8.511799925209779 -5.323114335084956 -11.40074279526008 -9.17875645637418 1.6921168919537326 2.3244840043365578 0.0 
-11.411125735440002 -9.350022248761741 2.594202377895272 8.482650629378877 8.142304656741361 10.981710045906379 7.752528845768568 9.165523907224292 -5.42705059180539 -40.421669459491795 0.0 
15.524610472331897 17.545717679650338 19.405510959086648 18.07839708190695 16.575937068809388 18.283093396160666 18.1154287540207 20.47331861550481 23.65400760347682 6.865455670401415 0.0 
1.8330349176164638 4.554380627788026 7.957305514119558 6.513917872702458 4.534165149215362 5.786385588448302 9.845031132523953 12.792432200724026 1.3536065626963563 -12.200600026933632 0.0 
-2.9715190319552782 -1.4954640053607706 0.8317268135414502 -0.45793170118153215 -1.7272597247630488 -4.249055366835233 -3.8008752859339516 3.070513719581093 10.271101066599641 18.69713990678674 0.0 
5.583831094643195 3.269712986531192 -3.7938230817874903 -2.6742963414989527 0.8662831774686675 1.2327613217218678 2.593687437349114 6.246376873019642 0.03733179467532738 -2.9950988085948187 0.0 
-6.289919114404032 -5.010004702204823 -1.4088227237980009 -1.7260266085764933 -2.1751313611580425 -2.1698367066825104 1.4707396657729903 3.625573031168994 3.4932865995418205 -0.9187034630766402 0.0 
-10.776058230903207 -6.5457061929261355 0.5740290133817911 -0.33161927424136495 -2.7748390910512137 -3.354052397475347 -0.08399967037621625 -3.575381845171655 -8.654440947150992 -17.70127029274844 0.0 
-5.060625114267597 -2.3543245230264604 -2.3452348394849096 -4.630664620862161 -4.559630287539395 -0.8675762380167322 -0.8534848017120868 -3.083567638411548 -1.3732555057032974 -4.914965728972399 0.0 
7.3935416486987915 9.512324585196573 8.910190454056728 1.0279768463184142 0.6633413407560844 3.900644212959297 4.4410034303991335 2.79777552726516 4.231492103908689 8.955806090494065 0.0 
12.880377992769795 11.431068369693712 -0.602921511197845 -5.087149058618647 -1.0865410283543648 4.298442345697097 1.486803886838188 -3.7347545020690602 0.7329604287932854 12.912990345963212 0.0 
9.950494003535516 7.3565943300390195 -4.919041943547271 -8.702342403377296 -5.953784933054687 -1.9771870125698279 -2.886379559574721 -8.50195762230041 -6.044115310039677 4.122730637135033 0.0 
-0.9676418199338619 -0.6513785189576642 -4.624902761149443 -3.6788746114033843 0.08537696804276895 0.7852995681195346 -0.3810358079101255 -4.649384909270446 -2.118424410164129 1.492137017747202 0.0 
4.211488824435749 4.006022351694224 1.069566765926096 0.9815297758836472 2.204501820830795 -1.1084909762893314 0.40778544333836475 -1.2641979835936707 -3.829824764413399 -3.404340121646849 0.0 
-10.889159336235586 -9.709092039291225 -2.420107846769681 0.489589613525502 0.8173052874005804 -1.6589565275930305 -5.036634577303985 -1.4991445034776252 0.13354461695106148 1.8759270434604771 0.0 
-7.338214342441895 -6.527664950966236 -4.597371642815337 -2.691504399962152 -0.946638272673618 1.7266851536111294 -3.0340563325273426 -1.4252242282318976 -4.798127134039843 0.1587006178091876 0.0 
-3.204786376861003 -1.341832215683523 1.0495047175768422 -1.24183705392595 -0.32576698775118434 -0.9386405121652148 -2.128751218493089 0.4520694998989002 0.39202685754403016 -1.1936039741292015 0.0 
-6.034290843237992 -3.4619640078111003 7.6282805804505776 3.8328793296397525 -0.8598551589902599 -0.7303166127324687 2.195017779200512 4.752696401914637 -0.13705237196235542 -8.873862949098111 0.0 
