-505.2150032291462 -330.74679778411416 -265.007897081188 -272.59747760338047 -248.1378181068155 -235.51782145923883 -301.7637194828606 -433.32836742883825 -626.602838897324 -651.5963565493005 -646.3811323611912 
-5.578120674842242 -1.2624921531659323 1.5825178988786004 20.86403908413238 16.439006407011796 -20.013645749853815 -41.57998758945734 -6.121093127828962 31.443459871364272 18.93491665970228 14.757295616151218 
-8.164051056484631 -4.486346765993038 -4.766379770863944 -9.784954771358741 -31.7236130779631 -54.42070873704951 -65.18923712599668 -80.55075978292615 -9.593136705148954 1.5586187845259931 -0.23110239142419575 
-22.845173086078674 -17.756068909473345 -23.54463370657902 -60.653627447724645 -71.67170868860072 -31.70565757117667 1.6486573076933293 16.11351244118268 0.4680778748695813 1.0936314038627444 -3.767763710913132 
14.18788638411009 8.78962677179548 4.9829008269392006 -5.415678103731025 -13.924221591561992 -17.584022265690997 -14.780532730661928 -18.82779154919978 -16.976478521436228 -11.693736693522318 -4.403556478544473 
-8.783613318419363 -6.494675353219481 -7.777007674748959 -6.075819661401464 -4.972444755504595 -8.831345260860292 -14.189203804000337 -22.69701656501283 -17.477375168940902 -10.181268554083577 5.126252692310409 
10.382689972191681 6.868468097184387 6.490856168431598 15.79109704352852 -5.097635031914031 -4.496852924149258 -7.187601338003393 -5.163095344326134 -14.929042097504237 -10.397113914361796 -2.093038022070589 
-7.566810164507251 -10.118169813224716 -11.519024531436186 -17.886240227181027 -5.977648400522536 -2.7356301295232197 -6.295140312065385 -12.22486125824647 -2.225572969372816 -2.3611985392209354 1.1289034950068437 
1.6398730597329945 1.0006588386714683 2.1560837719625567 -11.158190752730821 -4.278657380375856 3.4827338131048293 3.479787550193447 0.7678048723206405 -10.261518621251774 -11.993865011414915 -9.291605912026938 
2.428575565173883 -1.9504120916168624 8.569172068019059 13.51057241584325 -15.52812630883896 -27.518660417053166 -29.379121643670338 -27.777637280636082 -16.196257283381467 -9.850003477444332 -1.109981893851432 
-1.9004854725033788 -5.629083180659453 -0.1831182359145643 11.313752735308835 15.382977481870938 13.71004537541723 14.946182641853277 9.681415550834252 4.41107869318097 6.6016255537447925 7.908514478132499 
3.8797194268782014 -0.09900651999363419 2.093379020062859 20.14894786876952 16.29759269766223 -0.19801266434271458 -3.375262146598553 -2.3355883712251297 -3.5150149989478177 -3.8163663007791193 0.7969545179404052 
1.480575785156654 0.35822056268487573 -5.143689096204726 -3.605627754772719 -0.8043132295794415 -0.1845611988025928 5.910241400476999 4.967330043634296 2.25967942637623 -3.823199342035988 1.284001777551575 
-5.846159318256415 -1.7892547388024278 -7.808817146146787 -12.802595881572277 -1.3955801609174412 -0.9002028072487935 4.487758320196592 9.35917865171007 2.8518005171496594 2.095228356584502 0.48116362854917455 
7.376662405926371 4.26097555353908 0.01826130034940654 -6.608229772259737 -5.699662658794201 -0.665056749302237 7.485666105165505 8.006226019548667 -2.0143816846494937 1.5479367563950581 -2.211888463765222 
-2.561833527861604 -4.732652057906629 -6.4280278721760755 -8.031549785737717 0.9921918400099906 -2.4356116318461227 -2.675992079695451 6.354585175186266 -1.8350241349321044 0.6009261430401946 -3.096822454038674 
-0.3228436208444088 1.0763924859323102 2.5040027543144605 1.6220565843802208 -3.6093731698898703 3.8476703649737205 7.350516423495179 11.247650187018246 -1.5223237503620626 -4.923981936987884 2.216923399692532 
-1.3429679534355234 -0.3666080949574996 5.226815470745019 4.382076263274556 5.132981550140563 10.905540159763909 7.173272149308744 2.937612649023921 2.255772443344282 4.577229580496638 5.4272875857919445 
-2.5691162852944873 -2.1027089654369377 7.110844476435043 5.360512522822617 8.083064098148046 11.654665836401131 11.330008716287155 0.5190562032368728 1.7538701724344012 2.4079777363463415 0.06905829588308532 
-2.5723529342520055 2.6094028156064946 11.444818913910801 8.60915705451559 -6.993302523875481 -4.348413735828462 -0.5511682527615159 -10.893348338415436 -7.7108990101369175 -7.091469958328196 -7.175755431888431 
