-562.4701588561915 -561.6764473193683 -451.100943184115 -370.3105356531162 -334.46078782516696 -284.2249420296155 -264.9392953746567 -266.4229209255923 -285.312330531144 -332.5319783980053 -362.98183832363964 
49.36078426393698 40.00031781372739 66.93775904995385 57.97956396639546 27.96624929497922 -8.38064467136714 -25.374507943957752 -32.0217634913576 7.635832781194713 109.6757909617219 128.98999440192028 
3.357997730255174 -3.7818241927690046 -73.55741238384473 -72.06855713475301 -60.528430689076686 -87.04879058033154 -93.80814027718075 -70.76144246502248 -52.38481270111977 -25.85305495268967 -11.274400483409114 
-5.884064770755118 -5.890435179140612 -83.95502532407644 -98.36243428693362 -64.91097324232487 -5.584957243785185 10.230141366973562 9.839207670529028 11.740194309023916 -8.684343103679783 -16.470577140169254 
-14.529469365988483 -14.195022321461579 -12.691773704666726 -1.9043650281114317 -3.0219675654890907 -21.312034001362992 -32.218574631745426 -35.2486863964798 -36.347387529082695 -34.38228928028731 -32.2054901198789 
-13.859142378532724 -17.172621924485917 -16.081627598716448 -29.014354609127942 -33.120930877527684 -35.968726689822 -27.171218440135693 -37.62098785048755 -43.98119351215546 -46.5388707790658 -40.52851132868007 
-10.13058684761857 -14.272804754774457 -2.392855579786945 -2.41904254424336 -13.1493113120051 -46.190747509409846 -54.59907706337393 -42.0694992930203 -39.985935667549434 -25.888293664482646 -19.808974095002547 
-11.347729063273666 -16.182747941989305 -3.0918053115022066 -8.079048574029962 -8.543535656241234 -2.499565764555726 8.335495775785919 19.21198452592946 17.87881066152154 0.7494979901217387 -5.8591951558406885 
-9.592991563373936 -15.870133584759078 14.789328036056725 20.003601559176424 16.07750719901693 19.116615579469563 -3.2684739378357133 -15.585307403815266 -26.545101208925303 -38.72469606911909 -28.291637805953783 
-18.10669322282151 -18.435228246246297 -15.446349389227827 -12.841959317062429 -2.0979295639971633 16.36059922995313 25.760257179684686 32.2450528250514 13.782611036567198 -32.731897603812136 -38.92039146754083 
-14.293739490164626 -11.990305554167605 -30.55734641363035 -34.14476957834161 -36.876282883497076 -18.395599643542596 -10.204475220852178 -6.863108391922561 -27.99300492494116 -35.28720572597794 -35.00292755331258 
-6.122981524827706 -3.925113557636317 -27.358601511249688 -32.70503644799997 -41.69709103662534 -57.85162193705423 -51.31410125213628 -49.7744554546071 -58.56314134583661 -40.08196251471249 -27.128700946155547 
1.05349827718668 -0.6541537938661465 -2.6282623061174832 -5.851319249498291 -8.092458320573964 -24.676817543432584 -29.35216684937193 -32.2390525152012 -24.85042117328353 -14.348266546447721 -16.584016073391112 
-3.847501793180289 -2.6203951949807105 -2.093252491113762 0.15687683714282397 5.2409515513092835 -3.124142068348915 -11.710651407184567 -11.409706297150578 1.269978521309304 -2.104590280353865 -3.283804100866245 
-3.2011739607845366 -0.5056350030610698 -7.314287811939586 -9.695968965463425 -2.3403740453632844 8.969741990917887 7.322972326360612 14.267401943859728 15.636062260916027 -0.2630058179631466 -1.6277733970497938 
5.5298879545006905 1.3796901443124794 8.688632971839992 2.107064068478691 -11.269011992751004 -7.4755381228984294 -11.123794074926394 -12.39578591860666 -15.650145542909245 -14.08935175723591 -1.9441128876454346 
0.4780776739746859 1.2866358813136585 23.43673964310662 26.979759051518002 25.390245634032375 11.059541157020025 5.098153402504488 0.8222866106636941 5.37973713776442 4.360229151226129 0.553594649488225 
7.153707574664061 2.247524903307634 4.2918327335908995 12.653507516217868 30.304102516140397 47.43040075675148 47.30738856006067 37.61850013126279 34.11773357147351 4.7972521162521575 -3.5102750146403228 
-1.3610532488341578 0.5688703521948295 -14.880565064316738 -25.16581004492459 -31.84045209314886 -2.4805852079657944 18.706524770426636 11.495693647350564 -1.5444401404212285 -9.550559384889493 -0.17990790298590942 
1.340328588977691 2.342759941131227 -8.505742143073814 -9.761944564800103 -30.620571082133154 -42.04061686760478 -25.797405803560594 -23.032655616224375 -24.89294587939559 -10.227227751362555 -5.604900340273979 
