-425.70599485306667 -406.7461262830652 -205.43562749599465 -41.69491592896528 12.996296813356656 1.3384989491123673 -40.263991760299405 -75.98262051176792 -131.91875978108058 -242.86705309082694 -341.62315243612716 
21.32704035804105 35.062012255093926 49.03022852292809 36.70121091042808 34.59984541402875 46.2624174327765 47.04823093732072 40.32635012457006 45.35797115829213 84.64378620486534 108.33820788700436 
6.109092275827825 15.270686960016134 12.002944223581313 -2.0240762799083623 -1.5316215589829394 1.5960882602421949 -18.361903081855594 -56.18138383125357 -51.333022798462316 -1.387704235291306 60.752891793436724 
14.546341825863871 17.126488256137314 -3.3133819252416528 -14.70059763079619 -14.947272555348935 -34.8570435831663 -52.32941949562586 -4.557512700169226 24.302017309725773 40.22749098562161 38.27228167253742 
7.584227691514559 6.334063936188331 21.810839793390954 15.636451875155503 16.583714940230482 8.391780507202688 -6.6670595539359425 0.35580928789161537 8.81683633686352 19.766821895277815 8.207318982231403 
2.622907675333445 3.190782483360456 -9.344854228466435 -13.109247198314396 -12.973785034575442 -12.193589778309214 -7.034438294945176 5.53999160367035 9.125405928501406 11.854720941538936 -1.315532755194085 
1.9606661852425247 1.255021943720911 10.027782616097 14.681536633092565 12.579904599816896 9.909588635036133 -1.922848058528262 -12.446575680298938 -23.625955211942227 -14.319005200831779 -6.242452160624433 
0.08697813139454022 -2.738816069166294 1.458403530130442 3.9104153654185954 3.007006464508962 0.4536537313613819 -9.294867442878441 -12.437296188488752 -10.955164773226116 -2.048836324142844 -6.564535920446529 
6.741071291138001 3.510678233972731 -0.11392313302474988 4.191956719742088 1.829282387522259 -10.312725933007709 -11.64304340832076 4.806203770227775 16.230332074450907 5.080106630474555 -6.370803170517572 
5.138299214311793 3.4136208988271943 -7.007399672214577 1.260394376599058 2.372710514320235 -7.045520251281516 -10.418321973221897 -12.423336644516105 -12.075651076395825 -14.328825629377882 -6.978738428981853 
1.420577271079977 1.9694180050990058 -6.287252223361776 -3.4556829719161892 0.09350781679963904 -4.707203440005079 -14.1404230920905 3.4542336052938385 10.072053916249473 8.170189968750678 -0.15346485124391368 
-1.4560931938857617 -1.3061244918443984 3.25651185875327 3.7315557695013357 4.9784619446658605 6.17267700667114 4.088451663606598 7.537424077912103 -1.2439230113773427 -6.9367429607696796 -0.7241944656266555 
3.4425571677125846 0.256253446445279 8.908773127861668 4.427014151960452 4.294537379391155 -2.4486496760466294 -7.128860577445696 -5.6018021497218715 1.0405954665053287 6.77821920953018 1.0545285644960656 
5.977388810003796 -1.1099062522267649 2.3291776021255495 2.6540113325438783 5.884574224492944 7.20209310605079 2.602950485883661 -8.396585925926768 -1.944595812408527 1.232703820250393 -6.259567683715223 
4.695826443651846 2.5892404042934727 0.1857396460436858 3.865325801813162 9.425123553379496 14.286299101242356 3.3075937482327564 -13.679495991368457 -8.46533267404659 -7.217937566225769 1.4330524789613976 
3.514371913446249 4.551686082994904 1.4750229418286052 1.1931638335431274 3.169452623059437 17.501233135896573 18.077680145418 -4.3578511508184405 -10.982432153159777 -6.9724932801365 -3.815717959085209 
-0.5715889663224438 2.2253046120016604 6.759652649955696 -0.5186939403940898 -5.848404897218203 3.6029708779319614 25.351777627839688 17.35387634290207 -2.2231084297740615 -6.1492759260442345 -3.963232064866925 
2.2705050473271986 2.925268331913645 10.528949039051916 8.868642975002953 1.07875476190721 5.864811682178134 25.178827833369738 20.615287468632893 -0.5218985594726753 -6.862646228126929 0.19846861255047055 
-8.749285817343814 -2.4603320655622314 4.053820739612995 -1.0854508178982674 -6.98421857512148 -4.442250657155995 6.793544093364659 24.812133677248966 22.21677131037098 10.691960900760199 -1.7185034364813638 
-3.5053769874320904 -8.25828694738273 2.265302095603289 1.8904964819206085 -1.3183334527925517 -3.349816528113527 7.230200377805402 22.432693576153316 26.237043275014493 13.476000042088678 -6.016323992407419 
