-492.29712568102144 -482.0948863072341 -454.5948232760243 -479.389078051716 -294.6995418693491 -162.33953624779292 -133.86461921829263 -179.54888390180372 -197.45730065671142 -233.04280078920465 -324.06576768076843 
57.42673996217626 55.78820150908213 42.081512192705134 25.411269906888535 -4.572700452700369 4.909472034402393 15.764444088689824 29.166230885379232 27.546340757358564 14.69455533096366 8.06920529405035 
-34.42717347742075 -29.165551464046885 -22.214590764903555 -11.004610488806115 -28.42505067641443 -32.803159710295255 -35.71173195312173 -59.086920096545924 -102.03163772319007 -99.93710518039614 -62.51079413833453 
-8.044816080761064 -10.811466297428286 -10.800275454760087 3.0410854196896526 3.461191841163936 2.570472287618924 -11.552257634542407 -42.39107849328175 -31.507429400221703 -12.530838933513628 -7.8381363412882035 
8.891670856309949 6.118708939962661 4.796263832323124 5.437963087959281 -3.6639107754680786 1.2461633751500434 1.9249726873709339 9.37636581661114 -5.441050290351656 -11.587501270942496 -14.305311474035875 
-1.7880825117742594 -0.4957803209429864 -5.622509185466548 -3.783204631426849 1.8909451168717788 3.8141865367643235 -2.3882351099130883 -12.084445278913645 -21.55711937140189 -19.72134936842614 -27.713724417848272 
-1.9904731149741843 -3.111919627250855 0.6872425962402929 3.170397340923952 9.056969006326522 12.677783050903406 8.999351770384123 -2.4733619411172647 -17.298864070437446 -21.052560587522706 -22.999464106499495 
-11.92415233024371 -7.795993271205209 -4.014679858365751 -5.704682230399224 -1.4193614695106447 -1.964264869867975 -8.626456223056886 -28.512137846275547 -27.211954133893542 -14.572346852972906 -8.260024104217614 
-11.490282691282413 -6.340824669921772 2.4007266584081925 3.405707610538209 -1.288868656488892 5.447479670407451 18.02602802415415 21.693764170009608 5.554916991764709 -5.5729382305710455 -8.398989588883879 
14.23385710892974 11.324998990240125 0.9269157461987334 -4.832303206298511 -9.410959158625857 -4.641728671663086 10.413087649274782 28.606304278303924 -2.830471827433999 -20.810021575706294 -4.7520825090630066 
-3.527801899312202 -3.2682213633747477 2.799112175619551 3.4480114916759588 1.7987645804653822 -2.84770050412178 3.6165721127897488 31.81392698849882 38.572079327356754 18.729268692596694 13.291542429272418 
3.347516324090042 3.2379918042865277 0.656155368856329 2.5005211145931137 5.327715476660318 -4.645755966454345 -14.776708157532124 -3.082758087362553 14.854711238827429 2.2800367483247967 -1.5687210647070378 
-4.899789937756169 -4.14460334574787 -2.700854200788303 -3.456140215551325 -4.048616979880694 -4.302840113572881 -11.197074889393539 -20.53598774995063 5.621341892615165 19.288044068609487 3.873633430534312 
0.755003745677091 2.242272710455029 5.139445958809336 3.0784004058166117 -3.979964378509088 -0.17525679685736273 1.2499515930062082 -10.761454006694906 -9.009828947694894 0.665233159504234 1.0741798697302178 
-8.43341536481226 -6.544203120986535 -10.125660805915864 -14.720988339602297 -11.986447479995448 -4.83093581889815 -2.3018755955301646 -8.276906357156207 -3.395837262031938 9.445828257474357 6.522242522159866 
6.38768513969503 8.200331642920732 9.206750605239487 6.366241962582192 2.366813701829681 4.979173623481863 4.088210376465062 6.467838739775114 2.2608153910612048 0.13099451428968156 0.2788583495080269 
-10.972956890910016 -9.006074798637872 -4.950512035944811 -3.6622303585658993 -2.2940920154047895 -1.4971006372302114 -1.1696304254854852 0.40683928937984215 -5.5847621382693475 -4.425169440705286 -12.888612808910668 
4.927938299805966 8.160532039455864 9.84525031815334 8.793434089689125 0.8515033035273321 2.927860016015308 9.88742093418482 5.5207536081164905 -2.6810627562915528 -9.298461051484615 -5.355356250790121 
-1.532134094662371 -3.8312864043034063 -1.2469067022027933 1.5255754638110117 -3.9570562021099636 -3.669621616470307 6.336183515717812 4.450439888543299 -9.305065584039973 -11.525036687039833 -6.990231027232025 
-2.690134210955498 -0.5264774782899828 -2.863148879907581 -4.937478869821449 7.6881732329012715 0.4369001066572532 -3.6309325069015457 -0.5244170577864368 3.0993744068599858 -9.814617413191081 -5.394510891088914 
