-360.95466863062353 -347.8473281329587 -322.08946777982686 -324.5405456613431 -355.65318928721825 -227.3739805039055 -75.01963368970787 -19.288339486467503 -2.470094342118808 -10.037802965649455 -51.44348436089481 
69.89192961682093 84.27184862530288 84.8939551267344 74.38700560178941 81.74938594934883 2.6037590405799946 44.254174733094125 64.52622359644658 53.59360931761374 43.89740435945564 53.37783878412821 
8.692843869195201 -0.48433785320542366 -15.389070309684904 -15.293389310897336 -7.289448380648459 -7.9222828412211035 11.51613939058004 17.7484964952076 -15.27955995161214 -42.454154175280465 -38.508850002043005 
-39.870843015028996 -34.08631184677756 -14.460303591908808 -9.229324548557228 -18.447726467445243 7.813745141121429 -16.853969966844986 -49.67298500189787 -56.55116618842855 -30.603511200688168 1.0111830843597247 
-16.884940213196 -8.609756476873356 12.018916841539678 20.855124114097805 0.9198402086247179 -15.004108092204536 -27.09952117248693 -18.07177080832382 -1.0409664473864404 1.4407240081531785 -3.4038249174074084 
-12.258364394075404 -16.30035125852701 -25.19245606269036 -22.60695438642218 -17.74653751897349 -11.342938772281101 -24.995775156607007 -19.742326663959723 -5.341245056113278 8.77697174813283 4.544369858763502 
-12.475435321308534 -15.251880285644724 -21.78012846093695 -21.455669396356413 -13.898389844182816 -11.812915965420183 -5.607704275066439 -0.8223360201116705 -17.467687481702207 -25.64103894427607 -29.51774002082798 
11.030311894629442 9.798092468807898 13.157589437734357 10.364176455017313 5.831091348424364 -0.8592832287439799 -0.5185097570976676 -5.055686351302569 -6.474597782026006 -8.242280579914864 -12.191472767605209 
23.126339196113918 14.869411329569768 5.007165521200131 -1.9684573467034943 0.31689437380537744 -1.918222596568368 -13.10116046755026 -24.76549674976462 -18.6322832295878 -8.485871551469598 -5.741459687216558 
14.062151846713185 15.190900123335329 15.466032346796823 8.504093074950003 0.8128881382360602 7.051330272487788 -6.060101915566401 -1.3416661704933956 -0.047294018472586075 -1.3111499408832383 -6.872842480905068 
-12.099611997591696 -15.497584957085364 -20.185195780020855 -8.644270289773182 -4.5390170106198084 -0.7802141584555353 -7.908466877267256 -7.811672142704498 -10.06814699311596 -1.5451206321066293 -0.4129543508854016 
-8.510685848458474 -16.297171123147038 -19.70563207138749 -16.78580796807286 -16.58539618504205 -12.257179513525253 -8.110035369275298 0.8906922818816668 -3.6780817921286726 -10.629919857781154 -13.506264855417548 
-1.8071827156030793 -6.456569517016788 -16.594478784358635 -15.041778535662473 -11.633772284867966 -8.797207757656667 5.475249163660681 -2.1429941358653117 -0.14569245815687729 1.9164312297505814 -8.665288937863032 
-5.9298882908262005 4.337771539258295 13.116981233360605 13.0975240572864 1.3034292241264678 -13.055760024225798 2.9035121794808156 1.3777396981016952 -1.190958646598059 -7.208774990532094 -12.080201286092901 
-0.4460021726805024 0.8737413406805026 -0.17866541410743084 0.6016195595344878 0.19964739848406432 7.6956981756755685 6.103278445305623 1.4022707600412787 -0.9701957318503747 1.1865256561709154 -5.2562526695564 
4.608285276688561 2.0789125893242035 4.834357518124513 6.408717480893493 8.302224362901582 10.162093146011365 -6.589621972371203 -3.8499902899986327 -5.6986862215552465 -5.0393211492948105 -3.0990998237978555 
13.827458394146456 13.372101930004405 8.64658639145749 13.496170002811834 21.91765304380354 10.56718662141266 -10.927538498445006 -9.466612439807516 -15.559955332011604 -16.95649441158215 -18.99959610285883 
13.788761933844931 8.723016876585664 -0.21278964100222042 5.3438773932082615 18.605492475586022 2.590703028919389 -1.9692435908276158 -2.2803288276654703 -3.9871077792878964 -7.617742658561676 -4.838945614425114 
-1.8636113966451946 -8.857877465582536 -10.292793068494332 -6.663760739042067 -1.1408126413230861 2.808127400785054 15.60864518478255 10.94628062222585 9.94063295416349 1.0248735170945906 1.0274922833057134 
-7.714988841486674 -9.778079652976617 -5.086052465474028 -6.92179721201634 -8.600286186429063 -2.6062046775147607 27.736116691213876 29.334384126547047 30.77895275129636 20.591641066587655 16.572616164868506 
