-670.9738640523719 -703.5736100412078 -799.1453301869672 -570.4951659116492 -353.30883352525245 -267.6945052201138 -242.0476214879716 -192.5730061543473 -211.42791027710834 -317.81597818706126 -531.1763190010543 
154.04786738648892 129.19867052040672 22.87600493934771 -28.465841696028413 -1.391993502544829 27.5354866516328 37.47070071574154 20.261763166741787 3.194936451893684 -13.905697411333309 11.577970261085621 
37.43317413063313 34.98734709278588 12.902047123380662 25.444092824416416 10.299472494346146 -1.4839583226864643 -20.41028790139386 -63.28753019885053 -82.18117380437643 -74.43202967169658 -52.26796456155466 
-36.46088841113648 -30.593122373937675 -2.640597195562588 -19.688725435019336 -2.8105090157024315 -35.562841821464914 -77.09595532441502 -63.423788888794626 -39.46872124496758 -22.531050066513536 11.365196315216632 
-48.983314682299294 -45.79814637984528 -5.328303081970343 -14.32637548086663 -6.6070232996311145 -18.905727727514424 -25.70598588810324 -36.31107507784471 -37.74543474360736 -28.362713066848812 -20.736716063980005 
-24.52777825808362 -25.339564570072145 -13.51072710391002 11.899917324171863 8.22757692563406 0.27486825682980426 3.930191943628625 1.7120857538433025 2.89874945537769 -0.5588697258739823 -1.7958558792067776 
-5.148273514375353 -7.456448109283615 -10.7425770510961 2.1973081650813966 2.5658578436195674 8.69898332114185 3.6814974385594583 -15.884988384541195 -33.98897643630848 -43.042657299923775 -41.27561183409742 
-5.22077888015332 -5.863313435144797 -17.200955070783905 12.991547420932786 8.577055499602393 3.920449583038545 -15.237794027373777 -27.484992576831004 -25.589463586443586 -21.993227709112922 -7.603005506647525 
-13.257985752398952 -11.192345509232716 -13.166651664886839 -13.383425819050899 -2.6243506758963555 -5.8256204323564145 -8.249075131543604 8.317591015201835 13.079528546856032 11.180888519835086 8.940721366743954 
-16.000174806842068 -14.175034183006794 -15.04640856075712 4.516706835806783 3.3885565991461846 -4.057105687021543 -13.770106256849266 -21.808993528612362 -21.132679670692667 -26.973469767299925 -32.58063758592492 
-6.5111851031873975 -7.248356193056143 -6.391140838662785 -23.11091747097788 -11.571444586928859 -1.657441187805878 -1.6694382407280248 -16.622690074109926 -20.91189019513523 -19.080546713638384 -10.672313045927268 
2.066680975993645 0.6848781858736245 -6.901978136753131 5.068687995970202 7.762054336949416 20.43513313610108 18.423377436901045 7.915246687190662 -7.860432542234037 -11.500942018507471 -19.811645917612168 
-2.4137188059492254 -1.4438681405403395 3.125881703396715 -6.801562995309606 -0.7214530540059628 11.694317088598954 17.30416331215477 10.108298259130917 -7.241704057841452 -12.275382717695313 -1.1905230482990494 
-7.152073797906844 -5.784730823521192 3.8382429512336977 -0.19952138182167434 -4.90332482550636 -5.2610446191325515 17.104770054716496 16.40370165435672 -1.8394592251946535 -10.05962910799362 -5.055678430747884 
-5.87530811033216 -5.711779339259739 11.534194934683418 1.72552991359772 -0.7295379680804026 -13.784673726567984 -0.3859503526794773 9.168932482636727 6.155396745535569 -11.205869117548893 -11.689181098157121 
-4.973712781867668 -5.2335131451588675 6.830608845146971 -3.6525766091431384 -5.730025302528594 -14.047093269026549 -9.84605856495196 8.381216232301576 7.2828731841665455 -9.068385199362975 -8.836137242964767 
-5.203598188193334 -5.235200149181482 9.479565345297786 1.8983243933947738 3.268648365020521 0.001147842840353408 -5.551384429228662 17.085702957460093 30.803383156734526 14.156424440734268 -0.600714482233339 
-4.030199243691383 -3.681090075700455 5.430470861786921 -5.1913031819909214 -6.090192588000477 -1.2294373014328124 -0.9690704881585053 4.594754782149324 6.093862101722711 0.8911503057600547 -5.612520322355592 
-3.534409156736264 -1.1302247931840643 7.110853695362565 -6.246960372964138 -1.8343863617497669 -2.3910605542251697 -9.045971044896042 -2.3766148684189305 16.927617096034062 29.887310748614446 11.306080276574225 
-1.7990428095038244 -2.905496118015044 3.2100356058274744 -6.879375399271016 -11.417044804445496 -13.404416551857055 -8.314125735905083 3.1545745110705505 9.954910325172452 23.12322286316537 10.367247704865127 
