-340.31550395859546 -349.3972253740661 -369.48341624437853 -357.4641094741324 -285.1058235879195 -110.77434316620263 -39.810052596306406 -2.1809895551160032 24.935623835559145 20.330630817194084 -56.320148876336354 
13.157129212320164 20.424708066811746 31.020509573015566 28.0453141914982 15.47349682415668 24.79843566203841 33.01358559886876 12.823038044301576 -4.272076303863306 -15.189008474131981 -19.452811085521553 
-77.6287944029647 -71.06717323769678 -72.55201135566668 -63.314202927029456 -33.75161948884663 -13.80239754975346 -18.231505301171886 -49.91444929672272 -73.94692303713379 -66.61013909553284 -64.81696904819282 
-27.266459690134962 -20.831088048819396 -16.326926233060867 -18.81134361567844 -11.94980102398912 -54.52454097822231 -57.5065975004881 -15.707386607038242 26.75191225208433 42.899888981727706 46.055941318221805 
-29.37417082720731 -27.604801320379025 -23.991672077918974 -21.79383252188727 -24.52607427073144 -9.187203055223115 1.7445853721520526 -29.393249663056796 -46.75389696721801 -40.68881403732123 -38.04688068958206 
-3.584104081806921 -7.383282508515737 -9.948967699466754 -1.2993050212380948 9.52361245476449 -14.621810206222694 -22.40686650712021 -25.760301898603476 -22.757367978183453 -21.256141578054198 -10.128443194569876 
-6.247648400569565 -2.3634959481125324 6.348201792388837 2.5965215811116362 -1.7759512394009214 15.428714570785734 15.740994628049005 30.881388451800817 30.244807406474308 19.380502624398893 19.59122158738147 
24.274448145784778 19.832439191802084 16.9479331416611 19.777633058948027 24.64024959498206 33.32579687898312 26.95841921458026 19.45003881190118 25.968365471662572 18.960999256615107 14.24597953552874 
16.384077687935747 12.636845702176352 4.805689539693604 -1.1412811843075321 -5.189402424329726 1.0888771449656525 -8.178403851167333 2.6910753960336686 14.027122158949133 4.34230550174496 -12.923024530132732 
1.7843294667533753 2.0380633843740523 1.629897954050675 -0.43236057748746937 -13.475717231216278 -21.794183576017623 -19.80260555936153 -22.950294838340895 -9.159042143495597 -4.93425312278089 -18.00050425290756 
-5.135106199547728 -3.2661217948476153 0.4044679578235101 0.8670516466945002 -11.220089906292273 -18.170007023843 -17.993082495271757 -11.644138114620173 -7.054713398682063 5.047466590173189 9.39313849606027 
-0.2709639605480494 -0.9671999384588966 -3.1888795524130877 -4.865204942978397 -8.681621729222575 2.4418225244321468 7.031474312554953 -2.6113987098518967 -17.50781627328011 -18.356961505559493 -10.942910209207902 
5.090906232050386 7.1380978396288635 3.7211996817966906 4.521035632289948 6.065714661235287 18.06507664735506 18.465551270697155 1.132285932398974 -5.114303789025655 -3.089557989944679 13.870776797843373 
-7.645277124701905 -4.925380025729266 -5.085676993789973 -1.3256749644804828 2.9273848834344127 0.09931465926604083 -2.569931051946787 13.481238870483491 15.704216676354081 4.581811518399677 2.0071870317087486 
-13.127835246213557 -11.272837664630991 -8.73224377965759 -0.0948083901136819 1.3682931186034994 -10.032004805342257 -11.338770459115395 -15.318900917669481 -17.003492186292902 -16.34594688535844 -13.48334497351652 
6.2648250420492175 2.035868260528284 -2.415411131629474 6.470897233210357 10.617933785225178 3.507921444327752 -3.239377850860985 -8.716868764546712 2.915432224293415 12.184569143050744 6.585864431336858 
-6.433735445989361 -9.651336243990265 -8.583991008095417 -7.1050286325917265 -12.238966575007325 -17.26804536945047 -18.60227607362743 -6.03531047435378 0.7433559730356373 7.671230387171886 6.16527254619341 
-8.739808115807154 -9.228846031020959 -7.651319782831515 -4.783118320808205 -4.94806719833058 -2.1698590562071534 0.03329365888451111 3.072935418759121 -1.3178145380929156 -0.8290223280493687 -2.425064847167661 
8.884348336019833 7.4953203158799155 11.417607783750611 7.960576664345793 8.516543907495878 17.72667055233487 20.64373840944984 12.788519615442947 4.34764489500577 0.6412789464746464 -0.9092006925335006 
7.04729259661525 5.210326850034851 7.801817803754332 11.219408993333836 11.623231016611728 9.966901746049885 9.832505449679946 1.2851704977363068 -9.458613348587097 -7.231557684907006 0.7277641276938089 
