-645.0193450684361 -635.0306348278202 -235.82812560368293 -74.56367813298972 -45.18691137931309 -18.76002857436487 15.838553453565902 -25.48214547132328 -147.35891127530257 -333.8861835652718 -463.42687214569077 
0.0 -5.363570261578937 -13.31852554599341 11.921577928339227 21.672252655522357 20.517479468391855 13.85521620647794 2.0343501041891088 0.788730160479056 35.89172029169417 61.51644172860573 
0.0 2.747161699587833 11.669470572000062 8.602699982842552 9.291838756695512 -23.92703135806494 -65.47590445651596 -77.0739817818725 -44.440584062046725 -16.482900425839343 -4.5948183726494225 
0.0 -0.06086204030336233 10.684939393261356 -24.34293388540159 -56.04973037515068 -74.51527145368982 -42.60452179269403 -12.742308738678894 23.60498210829485 29.7556993279401 9.309282042561428 
0.0 -3.4588403586683247 4.174948015165159 -16.20651899172745 -21.24017276148276 -19.710052629443027 -19.87149929793795 -8.013049237173679 -4.047158325293568 -3.6924512762189776 -7.2988732305951265 
0.0 2.943978157938006 4.780255216894446 -3.728401719039547 -9.14385975748506 -21.648742532423363 -25.745170273961236 -15.787855315053353 -19.795751015795073 -19.195761564878147 -7.545886017078126 
0.0 -3.7427211869958557 -8.407304066296842 2.097758670271579 4.6705706552545685 -21.86635464979222 -36.51252569328174 -27.734991687873823 -24.561201187419208 -12.555313523646989 -9.6511602220544 
0.0 3.2535116712966206 2.4796327620141194 2.9351212576100223 -0.07813242057528069 -9.55154694361185 -16.035558683156893 -12.99318845408509 -4.794639808945481 3.154786996188575 3.091902467654003 
0.0 -3.21949963164629 -9.70064657377166 -17.826152114223245 -21.8784762354276 -20.571380533205065 -12.615762083256763 -2.083457945094471 -2.0000889159211184 -4.625323750576104 -0.1996405717762949 
0.0 2.5809501244977513 1.385046885827311 -9.22553592339225 -13.871506671248332 -21.537394838276946 -29.13558811148674 -28.39766786889485 -23.958148608497694 -15.115959859450431 -6.795696451282977 
0.0 -0.5927798918872983 -8.974879332091094 -0.7155630894791791 -4.612797667176807 -16.6323418019768 -10.74368609125834 3.391070777119829 8.14539624728411 5.680097927957928 0.932770175430589 
0.0 0.34539540771091587 -3.9735258042209827 13.649391739687553 13.233267094231014 -1.7039984810481592 -9.994522588829703 -9.968907110663688 -8.838862521270404 -13.175529888014529 3.5190086267738616 
0.0 -1.6272551707963592 -7.709280239423661 13.303877539652355 20.603592207500686 3.9215686423682063 -12.973386718971003 -14.118937969137658 -11.544456786070148 -11.152131227573964 -0.16032103284499 
0.0 -1.5091730396804568 6.288131595105416 14.443105152677436 26.975923075851913 28.60065447466205 10.262684073502237 -6.543430268019427 -9.500832836202946 -4.715678181390781 3.693802736943902 
0.0 0.7454964102620512 -2.164776711006525 -4.9389552171454785 10.494384926677021 20.053588932937153 0.22726581566331472 -17.2574695125437 -17.650871200057818 -17.77962157063741 -0.1883510922109778 
0.0 0.09906972264596278 5.526725085701013 -7.511945913902183 -2.4833851439453696 15.193257150899045 9.755039086369688 -4.752702394514705 -1.5887094499113361 9.229641570288319 6.901513312279995 
0.0 0.16208946927144097 -3.287390111112531 -10.925932859837332 -17.365630439438917 -2.158244476924708 -1.9298035910041915 -11.838099627048958 -10.19884131386659 -3.2801968049217507 2.5271389030597033 
0.0 -0.3342295057085597 -1.450875428298955 -4.348856776527092 -12.663835817900662 -7.045479372668046 0.46846538665709575 -2.9155834119537447 -6.248283881866259 1.8338622738739776 1.6881645690155795 
0.0 2.993360358203157 7.726413618531583 7.1916783043890655 4.549575723694627 8.653572509820567 18.118561539267493 16.958833248461556 1.0165191815198855 3.414898546460649 0.1876997905785729 
0.0 0.12011586505860347 3.739015791232881 -5.280329794357073 -2.8784578658800104 6.241528185156418 10.590021931070014 14.174542994947435 0.35805238559792274 10.35982143501413 1.5108341144515685 
