-358.61303037332624 -360.76403361776664 -316.8131993825402 -244.19284069438135 -208.60663973738087 -183.5437909698294 -204.4883395658601 -274.4405066791861 -379.3476417469572 -447.8808045221436 -451.1892349104751 
-41.427979791532465 -43.16137545826563 -1.151471693070955 54.6653202448597 89.10045561108355 110.3807338694669 112.23001434498586 95.67455368507282 84.59974876627632 51.53113126925812 52.94301260605532 
60.22135227044568 51.96807919230595 13.757534640368906 -38.23051481021867 -80.33861533390848 -109.52229497791555 -125.52957374783108 -108.67137316798909 -54.55072866614249 -31.629352488068868 -30.802985779073794 
-41.795790056291985 -43.284760939469976 -87.44284415458536 -108.43963484887281 -98.34843488783119 -78.91772881632767 -47.27799473403094 -19.871637039488817 -9.387656616827547 -0.7168665493975985 1.159662036656213 
15.479881638090973 8.391823191222938 -19.08158568892262 -15.421358715785374 -5.7518376237185045 -7.49958987331912 -10.211676052650466 -9.052671661770296 -24.825036949180877 -24.229610123347722 -20.78096276189317 
-12.156950342112768 -18.09833330413622 -13.29808411076348 -22.074428512508668 -25.687364296669976 -19.577151002355833 -19.769632567462054 -29.06791079465055 -28.984772276683454 -26.254764418529938 -25.016476246141863 
-17.702684884896364 -20.53218468155122 -16.968521839487522 -25.940810722928354 -18.28838730179301 -34.98176170251128 -44.59798987577083 -46.99668583138482 -32.014558949194495 -26.744113297409662 -23.395552539091064 
-4.326787088106497 -7.921582021410846 -16.541492771158914 -21.71621536116868 -29.385466287669125 -32.28578143899081 -31.887296672153205 -24.433906140362517 -16.27411245666037 -11.087355914790624 -6.633304942470293 
-13.353420261000826 -17.07460027308051 -34.90550093864164 -41.03321618597346 -38.73662636914878 -26.319296915968426 -17.72897354428212 -10.536337637686497 -22.06899278685043 -13.273665283169855 -14.668213835386492 
-2.748441986086796 -6.470787471265572 -23.328443084589747 -24.33493388459483 -20.43877855245271 -22.842095419549636 -27.017590968779597 -16.23473287219536 -15.64171980393903 -11.226225960211497 -14.355730552745001 
5.493627302915979 1.0768871453398723 0.5790060323583159 1.7635201424914588 -6.994331947811743 -9.409275233411464 -6.256857892457532 -13.201365519657802 -13.218562548278808 -8.650713490953018 -10.218973873499326 
-13.067288839109375 -15.66255640075258 -15.457159941738807 -14.02028580328711 -8.86452056491115 -14.775058647563473 -25.621818118050903 -32.897317281598866 -24.7924502724059 -12.79515218024924 -8.684073079604026 
-2.0913117594041903 -2.460800189465966 -4.63469954206723 -6.19907714689944 -20.619679370883418 -22.593823549613713 -10.734506656267747 -11.777508605517887 -18.061659113086524 -10.918144030822752 -10.347520518048567 
-14.858181376118875 -16.157516135519636 -17.43094135509778 -15.721237485974783 -15.245952828789342 -20.051199111784996 -14.53578758112341 -1.2283284621743213 -2.99502244420247 -6.005270562440364 -8.826232125825198 
6.446912216258642 3.4550274506838865 6.690570862046119 3.8995484293677256 -8.18652570077182 -31.854504534231292 -35.51134303005961 -25.24945224075557 -11.605610463160291 -4.291274648938478 -8.447988239833238 
9.835018592934947 8.302528722317138 18.752638253220667 23.79861177031367 22.658715137503847 7.971039785394732 -6.593658365517189 -8.794341757969931 -0.2430611214266453 9.071391939828526 13.128888980512768 
17.49820309625062 15.928329031835375 28.51468118148533 40.74240153605991 43.95257019999179 45.212965486539616 32.64874538136789 14.676748153889687 10.824983068025615 10.27977212918505 9.311833589213574 
15.16412246860001 17.89975968360985 24.245303653831748 26.548442201114753 34.54141739756785 41.84501953787152 30.795262816216983 10.865615312735532 13.878320527716406 17.773905355128726 14.84985490006192 
-17.693194903901134 -4.198216638645846 5.540391006224494 -0.757930586869636 5.31327030302971 14.357852068482273 22.933901936206595 19.296634860324314 16.110713051519642 7.887846406918392 9.356344085032593 
-10.333613538073628 -7.641722263139155 -7.520944885364396 -15.761030346412497 -17.530903153681713 -6.96143893866329 4.566124941311029 14.10915070653569 11.491020585545375 -6.226349784393278 -4.860431582640718 
