-257.182941318371 -266.1685733178542 -292.23248734854786 -280.7300468218029 -213.29124842779768 -156.9569907827957 -117.92435998932879 0.0 0.0 0.0 0.0 
25.92279019741636 27.25155148846693 35.31671077835723 31.23912657465361 -9.756332397287242 -12.475034514292236 25.058828001715387 0.0 0.0 0.0 0.0 
-9.778616595654213 -8.511854308260391 -9.18071140141599 4.384683774960987 32.07320147754126 24.759363217076093 -3.1146534881932615 0.0 0.0 0.0 0.0 
11.787959781230038 8.858197742940076 5.771757096902167 2.3549574997259377 -0.6108247017261698 -6.074269942221162 -31.513717594945447 0.0 0.0 0.0 0.0 
2.6187540339810322 4.401253399474701 9.845816763615073 10.943132570695386 4.449848916666689 2.997961437370158 0.29888604782463707 0.0 0.0 0.0 0.0 
0.40735059238350446 1.1132952721622345 4.688501217222297 -1.3446554087162372 -10.73884535777616 -12.885400494230048 -9.880791749568102 0.0 0.0 0.0 0.0 
1.8788494314311213 -5.5706476000986775 -6.675313423399865 -4.94454508669571 -2.3460466712654835 -1.9354078085174888 -11.083277502882424 0.0 0.0 0.0 0.0 
10.151596107934708 11.481015294470449 7.026729337823778 3.880838382711205 2.9504804492845276 3.1085718353006877 -2.8305253364822516 0.0 0.0 0.0 0.0 
5.127892385592004 9.279911352918212 10.783938990930825 5.005398908336536 5.21592252988413 10.52583506113847 19.490770580263177 0.0 0.0 0.0 0.0 
10.090823043703956 7.677306257773875 6.61573940383555 7.325301842427882 6.6611787383867185 11.337747860384368 29.827414605420028 0.0 0.0 0.0 0.0 
1.2030348323638806 0.664150776257349 -0.08407792865004327 -8.08677559003512 -12.96761173387181 -7.985835940389736 2.0748149709029953 0.0 0.0 0.0 0.0 
-5.293285014719022 -7.718196012325023 -2.8924574464227213 5.500239594010455 7.419705398624444 2.531499374667966 -2.7817757551797873 0.0 0.0 0.0 0.0 
-0.7708182605954533 -1.0278938122865036 -1.5385769573686106 -2.6528115579399456 -4.64186206858648 -8.996065959404984 -11.212212965624332 0.0 0.0 0.0 0.0 
-1.7572175117620552 -2.721432253963763 -5.917136188393507 -1.7942229894499275 3.3213119999329845 4.6898933024470795 5.92687323608421 0.0 0.0 0.0 0.0 
1.7259382616346761 0.8580330158922119 -3.753122999173435 -9.907083344749394 -7.373619295724216 -8.197241363950052 -6.696295375661572 0.0 0.0 0.0 0.0 
-6.508593753986996 -1.9587217442479194 -0.7217699601563949 -2.243439765096355 5.0540232387762085 7.845598152905102 7.744302484363498 0.0 0.0 0.0 0.0 
-8.557004585423952 -4.395905529228063 2.499161316250846 0.44134630474408576 -1.482251125674603 -7.739076383747699 -12.634770693334678 0.0 0.0 0.0 0.0 
-0.6633210382764145 -2.2716922646220237 -4.339885291429715 -4.742809565745423 0.6120273193084773 3.895289353348383 3.6359621415843053 0.0 0.0 0.0 0.0 
-11.0879953952247 -6.220678811287994 -2.8085720119440825 -1.0473992713303695 -0.8603628593469841 2.439533208903687 4.787795366015643 0.0 0.0 0.0 0.0 
-6.885215952016358 -2.345413616553421 -1.3410380504666226 -8.621313909745947 -4.927415658074661 1.5561291101564598 8.139041264149492 0.0 0.0 0.0 0.0 
