-449.5371465785816 -460.3464178738216 -489.91300370472004 -415.2195502095337 -217.30331179922968 -141.25804503514436 -145.52140279354518 -184.20787231001884 -228.31419473060345 -309.06708611607223 -390.28064153634466 
26.577612570823796 20.53414546991386 2.2724027565678284 1.5817824736654031 -1.0544239581347175 13.889190996775781 43.69655778557695 64.09018324965842 53.678950473038185 15.01851554349842 -5.477246484803911 
-2.7101730224531515 -16.39015847128252 -40.40734527565296 -4.034982658645365 0.664495545745076 -1.9303203662381063 -4.330537636190771 -22.05935719500504 -62.35580631528718 -66.02975408962001 -56.80353535374898 
-4.392313334369726 -3.7389549039556367 -14.068497207076305 -7.6573766502956655 1.0682966342963602 -11.803193429238428 -44.71723766915063 -74.07761828097662 -36.37311814782475 5.134630219519286 6.055611973935423 
16.156380954634493 11.474541254440593 -5.758264159286288 17.511167611527924 19.62403023940916 3.220595867028569 -18.64527930158274 -26.750769227387668 -9.517278181047784 -0.8318179501523212 -7.874599771390523 
-4.316869290715199 -7.4333030191947165 -15.558783607456697 -16.13951423910221 -18.447313218518023 -24.96472590023363 -32.70443472820777 -32.392374563613544 -21.786191550835657 -21.144656172809505 -22.159671516835353 
8.960533236572063 0.09533132442459458 -15.547262265110184 5.633049228219624 -0.012835384365833868 -0.4447812230954532 -5.628143600596011 -10.148174491946527 -9.672644965425505 -18.436425824727298 -19.57198863158056 
-3.326168404525843 -4.855841262957707 -16.14558790218531 -11.595374769474489 -6.458270987682864 0.9572540465658907 -7.937339916052157 -27.06129360631203 -18.04293910851755 -1.5462372301572982 -0.6651832054550407 
12.480104963587914 3.470117241836994 -11.202735683093252 4.473261454632958 3.3875493944226296 11.926229159015332 11.151580430434457 -1.0185009857128422 1.797953023999542 2.220688131582698 -8.345776836828042 
3.7165394581988185 4.647508921669732 -1.4920250846174667 2.8812538238322167 5.140603798318782 4.2884517930707196 9.248855296303883 3.902738863264481 -6.469238594123043 -13.041572079503524 -15.79754847185032 
5.275236360148174 5.891056074938847 -5.46130470723588 4.318503701809347 7.671793791735724 -0.77073998299241 3.69836429290131 6.594942447967464 23.720234887284107 22.76960109115688 13.744757632399555 
-4.137500009859007 -4.5196236140582196 -8.11267425709 -0.12030343712510139 -3.2985494677488374 -11.654093536778614 -9.383341514802723 0.10143362204528839 2.8248089144628885 -15.552338805202364 -17.072864370523796 
1.171282658246359 1.2062747777143412 0.600982580931029 -4.0586814836188765 -4.067618899179308 -3.6994148075136524 -8.973843913111306 -16.645967607939554 -7.975991678998793 -4.599948519823488 -6.018789143850911 
-1.7903994065393016 -1.756133689159293 -1.859875542844967 -0.8194372433122559 -4.643699632778977 0.7180139368026517 -5.252323094955579 -3.5376670799880867 0.49814159028805877 -2.271094917686272 0.7132065072913516 
11.97306324591522 8.808651893863928 3.3361154990164614 1.2172526193034376 -5.243543849824976 5.766981776882213 3.386812538477767 2.8330418773867607 -3.415311033038888 5.817296267927564 5.324634596603771 
3.7531440933216365 4.297155477508802 4.598464041180801 -3.6612876831897516 -1.7500995283934624 9.62759966972443 14.57349931276896 4.172078925902188 -4.994164831628991 -0.9008298406266165 5.193893180562512 
3.346297932279758 5.571745567186499 4.263029981585518 6.216700764193697 4.652214715675477 11.150788603200064 18.310424118277687 11.781978279283141 -0.331951613204846 3.131410037739893 5.418542301964589 
-4.4889399783692525 -0.12901043934075074 7.338197191811057 2.147404104501798 -1.9520089130333158 -1.1278776776982178 10.172502315081427 13.527776230297086 1.2067185971035288 3.9935967281845186 6.14269504806188 
1.5765212461145044 3.477228112556509 5.756671851249867 7.599140360437814 2.3208423711067594 -2.655719761037935 5.836583291102089 11.737768504454978 11.377194275584728 12.78716260200219 6.020307248505883 
0.8962106409795232 0.2944195176990708 2.151533292234865 -7.483051941323182 -3.4438196884158856 -9.102684514477417 -2.6573844803378774 -3.0443362947715986 -4.800161071973299 -6.878821110698169 1.6558998634391404 
