-283.35752860692037 -302.356376696628 -346.2082843241727 -285.0425494748195 -178.45675429199568 -112.71473464811803 -87.61888401671054 -72.07962452824196 -86.41933297985778 -145.82084451602398 -244.03006524108537 
121.82634013339269 117.90794553957844 97.83675888820822 92.4846575989159 30.5194331676674 20.24953388941742 49.65163703675576 76.45212624122678 91.33144002734781 85.31257971208476 51.34803190654857 
-22.37538487539554 -11.5554503328597 -2.4399193453491077 -3.621116333447885 32.644698281628585 25.707172830563472 22.140655131960173 -12.15810071094651 -72.72515235276279 -85.56953159981529 -50.73707187441026 
23.435453714547712 26.17242728730738 26.10680097024492 -0.7340338845018877 -14.792030724426379 -32.64086176879981 -72.57839003624645 -87.69975714360069 -49.64347294287926 -10.81712032197758 18.64778781923288 
-19.725938595162248 -10.647359193117584 1.090454854927127 -5.975870471961785 -2.5874076215459754 -12.855998931369916 -31.67945312599001 -44.889804039225616 -34.926365903546326 -23.32145478631724 -16.15185270029384 
-35.574241030057216 -25.313206942195272 -14.197291002097938 -46.72974367658764 -37.974089337019734 -21.90419880994358 -11.490637863098105 -16.681499683406777 -22.18781230919791 -14.674986776828286 -22.901853763203384 
-6.1993298972609 -8.13909068721302 -19.430182030556878 -34.44648790076259 -37.432116990817505 -19.247322193293417 -8.47637760574675 10.207656002422533 13.657486430752613 4.6117454287824895 -9.07000656773933 
-12.567646125280408 -15.23237098627851 -18.88304677335871 -7.199912933550715 -0.9586398241858543 6.818862971943152 7.659664086235628 -14.357872700836232 -41.46336782390317 -48.170463021802746 -24.722360506960783 
-21.636835790482998 -18.008772500690817 -12.252966210104768 -5.1483367126829105 -6.748797007418407 -1.4305213379760005 -11.254117660793739 -34.352462909553665 -8.246487470237362 17.43220619050308 13.306043874474051 
-4.001714549803768 -9.06691941456379 -20.702756703081278 -6.578818516701219 -6.59367456732798 -7.646210800115526 -11.799848854265882 5.241288119103006 -6.9744642409763795 -26.29748053558841 -38.67283846055345 
-12.749001419135686 -13.021674440815467 -15.099997216234037 -16.38962712067002 -11.196667189406352 -7.494716972889023 -11.25387114350066 -17.52692032429065 -25.852046852276107 -17.35096100713725 -10.093966327121493 
-18.432897250143675 -14.673978891245842 -6.131335907292783 -5.178490911202082 3.5358531345729283 7.95452674004633 6.698686652807121 -3.8850064663649584 6.85491137179997 4.730153960160215 11.41530947236401 
6.74019483964036 0.8638120338082674 -6.144098284691873 -0.21539677319758999 3.25965248046002 6.607975441025403 8.593041089552008 6.810091049923951 -1.8475748668846201 -2.4563459756701893 0.6914900515254496 
0.21788577467028258 -0.9058683079933293 -2.240066889999672 1.940881580590331 4.444249066547734 4.189024541132094 -0.1362970579086238 0.2171708455511201 -1.0022055470892415 -6.992392712445269 -5.407302210153432 
-4.444353532533205 -4.247517045529637 -0.04218247795743868 6.581575973270773 2.2267572841378165 -0.11616593298364564 -2.895015571725696 -4.052222074752606 -1.9592108905956038 8.76583855885515 -1.3196698690803488 
0.943382807268988 -1.326063865688366 -0.9416824283322239 -10.104794285513428 -0.7439394999801867 0.8420992944820564 -6.6799751197822115 -14.350887609283738 -13.483423102461003 -8.987688053630645 -3.4450410790147235 
-4.224361435385631 -2.085948582698319 1.697181788885365 1.2283958630590643 3.0398844611088514 0.3351677642744133 -9.356887336311239 -11.3078931579266 -2.42591743458911 -0.10151340320544522 8.8959083985632 
-5.88026034073313 -9.322617169946108 -6.849054454625155 -1.897187197382613 -0.03982711391925528 -4.763435229733043 -4.7968174618165484 0.7288355494559312 -4.4487606075980555 -7.13805274764208 -5.218422150529076 
-13.140712291897316 -12.682430417230108 -9.14814592614943 4.142533798299387 1.5172502909496903 -6.967565836367401 -12.950631721631694 -21.79652203959204 -10.813214643651147 -1.3869129596678893 0.0326918198235272 
0.429513766527881 0.0010318254117696046 2.3875910511410354 -5.393701408312417 -3.3381736155903736 -1.2120522679239087 -0.8776906618685648 -5.35186742359835 -6.31667590468895 0.5017959727252916 3.776805951163 
