-335.83782475185353 -325.17465180122446 -277.73134303029144 -229.73665832343593 -244.06356523576062 -330.986339966794 -468.2142070847893 -497.64927419333185 -512.0278809850142 -523.7319862473746 -530.7084024411547 
82.35285421198282 73.08080060701033 57.52237143280615 54.98508092263611 60.12812918865472 71.83434215193373 60.2999459784292 49.45891094427753 46.640572461792566 48.47619577209575 49.14354673407502 
-118.99582906814291 -95.95764644017143 -101.07466553117382 -113.96412180844838 -97.74599105357979 -65.1516658510179 -7.01269284704083 2.674885678881674 5.84050159899305 11.661111720552917 16.44907539551618 
-59.84313347695805 -43.62573651242485 -14.97804583025183 -5.973696066979624 -6.103227826921287 -18.339700445579076 -20.88807565215063 -13.018059556933014 -9.910529927061305 -8.485746956820593 -4.129426017205946 
-22.009885304750767 -21.47202534543812 -43.842360845011655 -65.18445730910784 -67.56670222983198 -50.350083730375204 -30.928985288800682 -23.543615913996348 -20.48293234591432 -18.955124383403945 -15.100758731910432 
-37.3513952447787 -31.009703980195887 -18.880144183093236 -20.18803063583343 -28.637044553210245 -46.39316619585536 -42.23601716441038 -33.45080454696737 -24.179533619082846 -20.702682321643927 -20.59587216497912 
-46.80127051331921 -53.462653671487786 -55.86866495021198 -58.68346256099754 -57.22255651209572 -50.89351316665481 -38.1600256538638 -25.008085820891196 -17.96600007835652 -22.76050265930529 -25.76452051879388 
-14.135243921407156 -16.45924740179775 -19.25678611248936 -10.166421352778682 -5.19744096358768 -3.385712077257326 -19.324678553633962 -18.26152698836151 -20.771971711070556 -22.95379136914998 -21.642862664336523 
19.982712834196683 17.85321605379421 16.3241329558734 2.548043124244721 -10.916462491778837 -13.86867379929481 -13.93079095592369 -17.650968270711104 -21.8301456112238 -20.89647620829907 -16.27549695182759 
18.762065656128044 27.22830099795717 16.925924233859305 -8.76342953617984 -20.409298514156617 -12.130280776994933 0.3213034224236113 -9.335039122756616 -7.871535997325596 -6.125801318223312 2.661709508256529 
-13.904216867924195 -5.9543027710672 16.571900785576805 15.110606502531105 11.191621374110104 10.586147291500854 4.8391806899755885 -5.236096426485442 -4.57829822141594 -5.366351705085879 -5.405917606529542 
-39.458241312512726 -38.235882437593716 -25.052827919614717 -21.451804854671177 -14.193392213969798 -2.7153642298988943 -2.6111900534900516 -6.33234992041011 -6.290567376474415 -5.690488381196443 -6.024348405645708 
-28.567726687573565 -34.33409340586374 -34.084322213665686 -18.241182600527132 -4.8600908204777475 1.9060939663079566 -2.389768557697805 -7.431070905383066 -8.225824824232397 -5.623341759541791 -5.028128871802947 
-15.539812828454522 -18.45396253132755 -18.686602673437122 -16.566712279117965 -12.809096879760336 -13.76291507209324 -12.32346693498637 -7.564463520888472 -7.689222045820955 -10.054020892763592 -8.204060843736672 
6.412730489133505 13.472963294444533 3.0563962567542484 2.9295075365796857 6.507812850645159 3.821766495998049 -1.8394637204684343 3.936386417698675 3.807706285393369 -0.31231859720697974 -0.07575609033495417 
-3.064299320004365 -5.636506242896641 -5.812977747348127 -6.954980814684825 -8.489125433210408 -10.77912159664923 -0.83470968233355 5.068159797258176 3.188589233672992 2.3819179430593245 5.526693043369486 
-5.061981724826227 -9.344089997193993 -8.973027157862278 -13.895026223854046 -13.1985859268341 -8.512329984015427 -1.9782048520672677 3.3079522293258523 3.5032225585274763 1.2341208707773714 -0.8538531095728932 
10.826651212944348 11.737967515291235 9.8978847304481 2.1541128368903655 -0.4440573595496886 3.25365303410411 -0.2808420203893397 1.226387047115933 2.9736815409960107 7.336566551148067 2.9913097963673216 
26.075709215653028 33.83667159999666 23.55226362866405 3.322210317307843 -6.472454812515588 -2.1532398140115925 2.5495126684875333 -1.586350880733307 0.7755526275359522 6.49564284367693 4.262555029862558 
12.251077896253024 13.575422154621322 21.78300304755136 20.640557933307857 8.540902126479045 7.240972826901725 8.547098212295396 0.6911607307202579 3.689819509802037 5.966661743156326 6.240921702164908 
