-421.58302593656475 -258.72826034876033 -108.64890250028448 -49.79617530682414 -71.51209053107752 -87.63804084067894 -127.73064976293662 -233.47097322127996 -382.5958399314301 -414.9839684927121 -415.89749405969894 
25.100858770842706 35.11966204187567 46.18392463474689 44.918738932033705 32.08583094771146 6.102512243502193 8.089608555142773 -1.0523636979009245 20.41175117452033 36.65321196664111 40.28752088512 
-9.715971324992294 12.629576016019735 19.023402277108623 19.094793642064534 20.627718510807405 -29.516083534645126 -74.74644432676331 -78.01031931300037 -35.00820459004517 -20.5256356011325 -14.6938408642325 
2.4226607690220945 -17.207784934161836 -4.312654487927723 -15.014173092430347 -40.50616465901231 -45.85715287122913 -10.914599413523959 17.733602817593894 15.522927032152559 1.5071166086716588 6.608664091043456 
-10.004882255038094 8.746323532630786 13.13349527503183 13.421169087303104 9.780573447189253 -11.113871561706684 -19.09388485356679 -14.587979759093908 -12.798744650468956 -10.277988935439062 -6.544675716824189 
-15.756400022286117 -13.055631191869947 -12.276316515178696 -9.962079117119796 -11.757605404598728 -14.761484164037476 -2.8430592411928473 0.4282528813665156 -6.175080730000921 -7.361438517774179 -8.697139390784661 
-3.018992328057813 7.767341995156095 0.9327166775849562 6.377543561398046 17.752673693112698 16.921461670381014 8.785991788160128 -4.462254008280997 -12.107389575588291 -5.8054740485980325 -5.163111588374948 
3.288600257080241 1.0946805351713063 -6.163183758908361 -5.726849364057026 1.9860342639079382 -7.154493538238832 -15.169690106076871 -17.47970611947952 -3.3561682747395505 -2.3032213871384535 -1.2019387148003484 
3.3626926899060874 5.749037136717802 -0.3213756797710237 -0.8675049227109602 1.7050165429793456 14.99490280671612 24.813326420723012 22.721594894562585 13.26644674671288 6.763270801821875 12.760701930545533 
-1.6216814910972106 -13.069119728664525 -15.85691278283394 -12.912910797168122 -8.457975795192445 -9.214352078515471 -14.807144303018418 -21.428383458067017 -6.321057710686977 6.17634665972756 8.972895803660059 
1.0124589877632417 0.2713920424080205 -3.785552359578406 -9.431148881977915 -17.409372569282887 -27.10834643039213 -17.23027437191449 -2.2585465699951355 5.486239604168955 1.5809239115016664 1.0515884758564416 
-1.7214083820806474 5.659780845694332 -2.063610743529524 -7.7893714431274255 -10.374827348765047 -2.605589274447805 -3.101652162041052 -2.7481091118595504 -5.124074249464707 -5.725502337025636 -2.431834592035112 
-1.0354297472473761 0.05562083888732938 3.5988469859043164 1.5507585173566407 -1.9754170884622049 -1.8289919328809436 -5.8954481342406115 -4.582677872469384 -7.274580338583717 -0.506890539689174 4.57665498328765 
-11.123079326579854 0.25102677333569157 -1.788790352576598 5.160216680532904 13.276183466766208 4.5847499553576565 -5.370572487276845 -7.803471758407756 -3.000880011269993 -3.490971283806066 -2.512527531329047 
-18.681692762141243 -3.8773427567482868 -3.7274411558177576 3.8115641994444003 11.365140957932335 9.806528758175464 -2.2753875616158172 -13.707320951031768 -15.021981295220293 -12.065412291853622 -9.637796946570555 
-8.671177393302813 -0.9142442893258724 -0.6381404490071372 1.7879949132968473 5.766046400718281 6.984891982172213 -4.755278833386486 -21.76044207730516 -8.184001505228023 -6.995280899750005 -6.0873895145627674 
1.0637621251730192 -1.261143216762133 1.155309460474445 0.21896757120388965 -1.8692054345252354 7.700272071315148 8.943470331288978 -3.177167601370617 -0.21110079338482057 -9.671887059795877 -11.053823358000171 
8.08802055747622 6.193192131725361 6.800957934845517 -0.3773993400200648 -5.731158882472911 2.190998736277979 9.868658309334638 -1.6589388798200106 -2.0243087441711674 -5.924983988095909 -7.0672647342623565 
1.6000228854138734 0.2318359621736461 -1.4162334221278592 -1.1627403685151796 -2.234806377071272 2.818552288071289 17.44722417160144 17.915334855781115 -1.3002426401252576 -4.135283272704538 -2.4800808722703223 
-3.847756482858038 -0.9962184410513054 -1.6252825825761603 -2.8757448210499366 -3.536996732641966 0.6780297192801414 12.943666806572907 20.31645850595134 -7.652550746104995 -2.4826488101136954 -0.6865121104339895 
