-467.78512255070757 -466.88356198503345 -333.41578876458595 -209.075150522046 -174.1133554041951 -151.70472412984554 -107.93114118155454 -111.65743722480731 -199.35168508018248 -365.86861782821666 -560.603492961308 
-17.840802694817185 -5.6726089341642645 -12.91244821817746 1.3230294680463732 -5.98190452386722 -20.978387580382183 -11.919879166212768 -30.596289130296505 -44.49782636841669 -29.068416434421543 15.599831475056265 
-36.15640078995128 -26.519303015725782 5.095971902185189 -7.8957631552110135 -20.778120252217605 -57.64100377622255 -59.338576068472726 -29.25327250962419 -8.32163430511255 -20.41656530937803 -9.936028661989981 
3.6661683370471345 -4.045958208811501 8.845487107394794 -23.819251261196282 -50.23414866806705 -38.55960708986332 6.513039132268013 18.911389836360783 27.1932307799306 6.986916187009442 -22.459126012757 
-3.327818744772292 -6.577872738616385 -18.245600931117316 -22.859738893804348 -7.331722624606968 -3.503841226537056 -3.01167215122635 -11.909472985901864 -30.963010484854443 -53.97378100355243 -39.80345441111429 
-18.971422552898392 -6.925510710144371 5.301565864510229 2.877786270695446 -2.9871032927247096 -14.847719023307953 7.364371989851907 1.2557456215390914 -22.09434453095536 -39.88171148572765 -27.079675022576172 
-49.87262503972459 -35.95461952439051 -2.0714874047780674 1.047947595337178 -5.719793640200933 0.45364069433015486 -1.722982599889601 -0.5625925520957972 -7.018391851594884 -8.742928169158343 -25.907057425146615 
-27.16321244078164 -12.668940257890064 4.891133942577273 -4.781939128549475 -5.535529013143387 -16.368060423646398 -23.764826300368576 -8.236283595418511 -0.4203104434243091 -3.4059285066577405 -12.152944409985363 
-1.9760631859109985 3.3399282098818963 0.4095411449362986 15.901948814911442 21.775985963738 -8.905708520012777 -29.089574644853805 -23.582233940568976 -31.06854872896013 -52.93188109805842 -27.768697909689863 
-4.642956911108053 -8.002603423481753 -5.200110580198345 11.075199039747854 14.201624225845697 16.362289321524802 0.2000861367495287 -1.832201133496781 4.581875883578427 9.51190481403951 -2.8678050731092455 
-29.303687297397524 -18.200143021313004 3.280362223325194 8.608408388060967 15.031502749925165 28.576479526504233 19.908937124108924 4.637564915163019 3.8054775199652733 21.44586086124092 7.503249373772446 
-2.6585990391990024 2.6939547396280625 -2.3771837256458523 -19.88237090087874 -15.047303847605189 14.072865785161685 20.769954425798872 7.816403390497565 7.912049331806868 25.304841010431527 10.804867754112978 
13.31829307829587 17.890488761540297 11.738464764729205 3.5803666370364216 -5.934346829360328 1.2564752623949642 17.9266556786894 21.90522416322427 26.374050301066994 38.802118741001195 14.688003892986288 
-0.7902269472395687 -1.6877238637972862 0.9264152200333595 5.079690163761761 0.15921220998866725 -11.688804246380096 1.6034538387142336 7.274051486313433 13.924281159232324 21.001760305258603 2.130976950973361 
5.438577409411337 0.6251571953913676 -3.1180698680555157 8.888916548241468 16.853146785834664 5.500297355693041 -6.954403077968879 -1.7528791888805368 6.469911498169444 16.46481513338985 7.010247346148483 
17.86337729694796 13.327717187378237 1.6121446217612747 -3.268311813659878 3.298404043404194 -3.3896431754285237 -22.064533206887134 -26.248337831996256 -30.216366415064172 -24.403590069689095 -2.3991065168759866 
23.50881882463466 18.786544189108888 2.691273223980109 0.2712104198547636 -5.878049630422105 0.8403184110006416 -15.108272822813005 -13.914394783468616 -18.730615154550456 -8.241643375281598 8.418607720677509 
-8.213548961046524 0.843746720900006 9.552041968377074 12.962518142093714 4.467533617058509 -5.255250752336394 -3.7426784114565157 2.230163990539926 -6.900659976610472 0.3475996518976928 7.768330851676213 
4.802152050929603 3.346105577596257 -1.29481132982187 5.354230819102373 15.238025632870876 2.248043783094752 -2.0960155664975346 1.7397765899998283 -1.8779634857953833 3.289029344796879 4.806082299179207 
21.21537373028511 11.890541496957514 0.2036518557683049 -3.508696672853301 0.2788827051820386 1.6304597580759443 1.8450000917697291 -3.265460343156281 -1.9724156927942547 -5.443744354695359 14.78862394802806 
