-675.2266411444442 -673.3175459481048 -651.8288017289512 -638.888091608698 -654.9927931623774 -255.79876704754435 -121.43533289640806 -109.6340165048124 -174.16222310476886 -253.05363251730995 0.0 
34.00930303829223 35.2666585701851 25.272512393613624 18.05775848749319 19.12984727773025 20.39211421465434 19.679592293482877 17.36566610539671 15.14685170508331 23.74585403609098 0.0 
-27.82422966500821 -27.790421798635194 -21.103173887125656 -16.585002279717322 -17.92543495339107 -15.732359088073466 -27.611314617355546 -40.93061885916637 -63.90360766622783 -71.2531663131681 0.0 
-23.64181045621602 -23.241750869958437 -29.64286980789396 -33.11631390326944 -30.444583574261195 -99.6261518327282 -113.7035589454451 -121.65779250787114 -110.68202500496423 -74.50542454794964 0.0 
-27.10419300232296 -29.936632316394842 -30.664556228139904 -29.394095053260642 -26.480642500007896 3.0726864020100315 -13.331195070350276 -29.667557802487124 -52.38756349645852 -55.60963867912116 0.0 
-17.1519415519929 -20.457131427428628 -22.424039225729324 -28.131463663218614 -27.563052920888122 -7.0691506674244895 -9.423600836427067 -15.639801534364247 -20.635958616476437 -26.147386132682648 0.0 
-7.037926255295511 -4.9956357163324565 -4.350688357175742 -3.374162185745757 -0.7075887805607519 -17.037335279358896 -15.260794298587754 -20.18451337867173 -22.048072311038833 -10.47163657411414 0.0 
-1.9815051903630196 -0.44169303037469815 -4.21825448310734 -8.576607131605874 -8.186205471238596 -13.811252841751168 -10.136438059802131 -7.590007430524558 -14.180515031028278 -20.26308954278913 0.0 
1.9546817433530104 -0.7563694766826282 -6.1596754951849135 -2.7355065381031998 3.223374578093307 -29.800343380218486 -28.400596615678808 -25.752700590945324 -24.25438010446595 -25.491471815926467 0.0 
5.892869104198084 3.6126223218008695 4.211371317067465 5.144592914715085 7.364949622315477 -5.5446816129439345 -4.5448291194037935 -4.2989298204029485 -5.889279457200178 -7.302386241981917 0.0 
2.9109998314843764 1.6545707128193703 2.1984828088998007 0.6966102743927152 1.0502348557649626 -22.59787222422443 -9.988371409190716 0.8557223672355487 8.389512815196689 2.458974252423083 0.0 
1.7817984216969764 2.793380982369529 5.6525377574115465 4.822051789012402 4.9988769068774515 -25.005573587681578 -10.770260211374264 -0.8163139554607312 14.83235558576996 21.30106901513897 0.0 
3.631412626112704 5.913760678668822 4.3785317306059905 5.32338709066273 3.8819096831758064 1.0946611716958996 -0.4669057927996797 2.5004977269132964 7.85175737786175 7.963692725382148 0.0 
0.785233863311388 1.356185972628701 3.4967291427774274 5.3843787280930275 2.236439971170636 -6.547391063208509 -19.20693372938247 -17.2760318630695 -4.101871115373625 1.2689757384965408 0.0 
6.152541703251609 5.452967519662849 2.9962388790422505 3.17896027752048 2.588349405268128 30.79202345804375 14.924714584653872 3.6686204968923892 0.5392098830719582 -0.17590944638103334 0.0 
7.901574495754815 5.316298347882513 7.702562834833959 9.788071655512738 7.835063248827744 39.90941937007074 38.17152605429136 29.26606688650678 20.449613321960385 15.329518488118524 0.0 
5.36019848239752 3.9125384865630792 0.9269743260793859 1.7349298505607287 6.945544847356688 6.722316718892462 14.19305343643178 8.9363306790197 0.9200269401483959 -1.3392415810063447 0.0 
-0.743406059097153 0.4404054999288318 1.623042199173426 3.0248587193141643 0.23581969300214323 -16.837661899062816 -1.3928838423346492 5.151347620711715 0.09130039316768657 -5.840742352937738 0.0 
-9.912900051469471 -5.414799925323343 3.28158786202635 2.607402076677108 -2.4305002135170426 -20.1517236149572 -10.675386526086537 -0.2384215139564485 2.2392118195514756 -0.6344133890769463 0.0 
-9.689144695552045 -4.714898156789776 -0.6897175651634805 -3.5876073837406763 -2.9573708144452446 6.274723266817768 2.4967249655841286 7.525644828038559 6.050033330953485 -6.198114098022856 0.0 
