-664.7986095130819 -421.2079529040504 -124.86079476732716 -34.60307868946701 -59.295006843796216 -144.20942150783137 -226.35935327420634 -400.65690204917274 -644.8479027044624 -661.4583434128283 -660.1991107865912 
1.3909269354418439 10.52837200343443 23.29875292715579 53.455808038699715 69.28844267213657 67.48184589874545 91.86297480236695 123.18141121295245 22.114943813085784 5.585219041959982 6.953317478757796 
0.885645814514386 -21.688581429895834 -15.073624978347716 -28.956564770668663 -35.28975453179738 -32.45030385245629 -42.173231048480744 -46.47152272396241 6.830371217026137 3.6900933896191175 4.05200055953497 
0.24287648497965225 4.555348620026636 1.5010871758730229 -35.310894814424046 -64.35229614226397 -70.77826915222545 -33.52719609047549 -10.607090844357637 -2.1532868300151033 1.276622128003344 0.546682631769777 
-0.314082645038414 1.789337569756423 -7.733559122420384 -22.980176899351356 -23.049112819531295 -20.59334482027683 -28.047151932502413 -15.599882929501696 -0.7965733905024621 -0.9370395429949883 -2.4234451878725958 
-0.5954776712077448 11.966077561973798 12.89736915853612 15.865464586589999 12.663502252428955 12.84296939900874 17.710315410632326 -0.3526601248507324 2.403230474221098 -2.47496737867987 -4.221681836293256 
-0.5120323662144562 5.889910126776941 -1.2034307949667113 1.025912256117553 -3.763172818017117 -11.71568497556659 -6.433289492513752 -1.39634922367348 -1.1697180029510186 -3.210637971998481 -4.707667891505235 
-0.10492221548269429 -16.288729136377963 -10.777337656630344 -11.279921515016266 -11.248524372966461 -6.357831662378473 -16.834624758027168 -34.36623831001371 -9.615297166447682 -3.264250100802407 -3.9899480419068687 
0.47146648309484085 -14.361580928674897 -10.066137902058053 -13.152137380849371 -15.202483856854201 -16.736936131648783 -17.640648006577997 -18.022515327977395 -13.99473681015343 -2.8236260169524323 -2.323047405696694 
1.0068830572948495 -0.6563061787204306 -2.8079214596883073 -2.203682496047121 -1.8542293811256747 -8.90064347390062 -14.019386290149153 -12.843033344467651 -9.651967646456036 -2.043960873406676 -0.20556219956237334 
1.3111198496423992 -8.944565340611401 -11.889403279890072 -8.3009321373893 -5.891413437190639 -0.11337120345902901 7.34182678249427 -2.8118322822489277 -1.2260843408305035 -1.075133955082573 1.6133936879596287 
1.2807104067809858 -10.719616582815885 -0.8236508751323698 0.14247318890338564 -1.0086460022284636 -10.089225755854274 -8.771548401118846 -0.9062846173018814 3.209143448401649 -0.1329219318398236 2.4378923567604063 
0.9327394208173048 7.0136211496741065 4.662455891343147 -0.2782840512537492 1.4777136603697063 -7.352731753801216 -24.932794278505234 -25.443130127120593 0.9711308810706152 0.5097425223989679 2.056026137198957 
0.39470791356488844 23.898878310602218 10.75531503669071 5.427645537734691 1.2950758744143773 -8.088781654291964 -16.597645290345415 -17.96381760719388 -3.144637736056093 0.6510000407526306 0.8874492755688053 
-0.14435558995337688 -2.4046886980608537 7.8632253867771285 21.377202057960773 25.888405393780168 14.350941313840991 -4.291841982079397 -7.540607673440732 -3.0663092955241367 0.3174435376593371 -0.32331056964702193 
-0.5025727748770938 -13.667910822125691 -5.615413747296762 13.172387610395536 20.425141866866895 23.12639061563931 20.630131841967525 12.799715284950228 1.3211499646199034 -0.19506214241593914 -0.9964709140761993 
-0.5683816624744527 -8.002387564839614 6.130609141044921 17.957133254945106 28.374268704176515 32.65783660576706 20.231979321093505 23.56420131520172 4.2384282545423035 -0.4675966824025667 -0.9711963405558016 
-0.33601196547502443 -2.9703167669914374 -0.3228548180625114 -10.348639234758066 -7.654597339254357 9.363088788285836 27.708193636818713 24.895672488130018 1.463340886431676 -0.21368908352565957 -0.39763630303475217 
0.09789959859769827 2.4064957895807524 7.102598198376283 -8.300261543498287 -15.438619563248821 -11.657874513251315 -3.0652016577045664 -3.237034246689812 -3.9737468768054116 0.5313472532698381 0.48938981799917175 
0.573237169008888 -3.4759756018683596 -2.179235552955058 -10.091202966996956 -12.247546566924449 -10.638089243821687 3.1202766795306416 -4.197391866910143 -5.471133879983311 1.4250018288860353 1.4384283321058953 
