-356.90553156378877 -353.59755739133186 -357.93940292015316 -353.27586205127886 -256.02023149233156 -193.26731010223511 -194.43557694073033 -236.96793980219232 -321.13837903337804 -351.76113840129705 0.0 
82.22681922849046 85.86038182425773 79.74912396998587 77.96556311775328 53.756647857996256 30.042425545937142 26.625006543990438 46.28469603345503 84.14964232193392 89.12287062913988 0.0 
41.777585661118295 39.7623844891305 34.17640220241307 32.59963353969087 -9.395389192632713 -18.184965791150844 -4.495781990388723 10.685995023027896 25.446660401319633 40.11897102454942 0.0 
33.4716034288135 32.38744122294692 31.819942116037993 28.84074017000799 37.49184426243562 14.813193856792074 0.187382625258936 -3.1347955456835845 16.590414029043906 39.24170646384047 0.0 
15.5718659207429 17.750010041697756 18.501441123411766 19.075677721783936 25.07223018956259 30.248485514377535 42.65728131673539 49.17562165211591 31.6759832511219 21.31283832762435 0.0 
16.49717538236059 14.859447969439575 11.816438571808385 12.73762041411241 9.670035196729367 12.942928341327878 24.00245671770697 29.15043291460264 24.015321051460923 17.16547937369634 0.0 
20.935540149934123 16.508088190187017 11.250749714129626 14.659046663778662 5.608822206576411 11.300146054334014 8.877105377235694 5.1368036653861235 10.963755059692303 12.236001308154066 0.0 
2.2026772706811037 0.8224904763563842 2.704519639903508 6.04267697864203 2.5689822531462623 -9.254705734691086 -13.331211779455293 -8.988281364425319 -4.3594867710794105 -1.6664995990615112 0.0 
4.697953898048242 5.044834584225171 7.990072124066991 7.861706287570465 13.021707112184902 13.440028520622356 12.586757295264015 4.973025170855193 -1.5508279018684694 7.317335933104589 0.0 
12.780268095165198 10.215700174934739 12.998432071998842 10.953974756066778 11.934634390652896 5.888342032707318 -2.576493858608218 -9.6364122665907 0.6467522063803304 7.8421334720132 0.0 
-2.685610067072103 -2.0347626627795963 -0.5863134079177297 3.8188347441793935 -1.842324296464202 8.342132330961585 13.720220388929448 8.853387085681536 2.9864617203709782 0.8282385726156799 0.0 
-4.163498457896412 2.5235248205324416 4.949153909297446 6.996086411384533 11.221938060043133 13.576745173218825 20.9139713977971 21.499578440527664 16.269626903247378 6.546275374050161 0.0 
-4.074274089843395 -0.739811224534547 -0.9649266096841447 1.6552973111964577 -2.422964485612586 -5.709262198233731 2.1331371935703847 11.234496540284482 13.528880036692952 0.29830400859128503 0.0 
-2.462765871863672 -0.5375012338533287 -0.25665864150361345 -1.4625436148836601 1.2410707173801172 -10.162128880765263 -11.438175088911262 -11.287371135464115 -12.241490711391494 -7.507704244940188 0.0 
-8.732418670476957 -2.0103079872601333 -2.16144054461183 -0.09956863507228952 -0.06707054114135547 -4.440463809583261 -13.27417817685444 -14.389262355685162 -9.968964496826432 -3.452428865135091 0.0 
-6.126409147918958 -0.35219336290499076 2.2033867689396747 4.785329366270409 -1.5865880607095129 -2.7910974770622223 -3.798451201280198 -3.7991933005439527 3.9662182314776464 1.4121593509533972 0.0 
-6.932851996336344 -5.163218555104951 -1.8923889871186597 -2.495451508295744 -7.714585549551237 0.8964661108203101 10.531210441137887 9.423419332383707 3.29560808069847 -9.765276216960693 0.0 
0.004609247768011748 -0.1128815218953429 0.4216582681715915 -5.583534392861157 -4.528386344171828 -8.129813899024974 -10.221427641066423 -10.44786121282688 -9.441273335399657 -0.7499052175255976 0.0 
-5.902900402264518 -0.9474109292440779 -0.22355927689984567 -3.975039203175651 -7.6693905348383105 -12.06794250124867 -15.296182988659629 -18.727045814257217 -16.480164086804074 -2.072945131125622 0.0 
-6.338842465788437 -6.5074873659068455 -6.980796403341989 -7.34800671045777 4.685865399861807 3.003786777878763 -1.983335743955902 -9.50668830418666 -13.48862181871706 -5.772229962491025 0.0 
