-739.4085174161409 -336.1480426123108 -185.23540460967644 -125.24950770145942 -128.53863584527238 -177.79835254487787 -283.56088484277916 -528.6040148318965 -735.2002095334998 -743.7936654053134 -744.2120717251648 
2.77317343023325 -26.438732140184165 -20.13299697574258 -33.60842616777157 -60.075082440544264 -54.61099762409161 -11.184098971066161 68.33395752492868 9.968925146180428 5.98084395739936 5.324684653929344 
-6.2548702115273365 -25.938911078953424 -30.376557687841398 -51.79050840877096 -103.50612088066535 -118.4307893330874 -98.84875240385838 -95.97841814529379 -8.267554266011114 -3.522248589230294 -4.125333345117014 
-5.471501727400203 9.444627697179962 -20.371393041710988 -59.7614165632951 -102.59993065510382 -96.737785071438 -53.09186095845499 -24.9122252798722 -9.668953710633136 -5.77680678313245 -5.974515109208385 
-7.267488209894758 -35.23422730045047 -26.893413876464447 -5.216051327067488 -19.20725598507362 -28.05157199671146 -29.64122046724497 -39.148388178154136 -10.821018318602489 -6.633759642702286 -4.8125180913781165 
1.5148530770471857 1.6700350602082081 -5.951807422289022 -10.709826613508259 -22.281129495012046 -22.059364292312942 -10.470262790968292 -10.23875323284069 -7.5886469961199134 -4.322153770811638 -2.003139691339126 
3.933480265830588 -20.99111279723465 -16.457396827322633 -21.273194293126252 -29.925328602685333 -45.15241497455453 -29.2987483235024 -4.210729121126397 5.544826615452825 2.5347249952762496 2.0361462994634354 
2.170780297937914 4.274175778695193 9.491338441914607 8.335410132913367 3.022735840409246 -25.660700501423833 -26.32773075950894 -31.437983539927455 9.032973033274924 4.729714677212819 2.743702829500007 
-1.7123722081746535 -18.72156542996259 2.4927745189959474 9.708636333300998 3.3795376866610085 -27.36537793380958 -27.111857913630217 -13.122163210119622 0.7069320634750144 0.8337221035559977 -0.5855963508949189 
-1.1499453615548956 -2.050302722964931 6.883459303330525 30.62329851995224 45.758040481746235 15.978874265824523 -16.702920435882348 -17.84871292279964 0.17603015873226574 0.04735251972029764 0.004573654662111737 
4.219428279248593 -21.364904247231188 -32.010472020696625 -17.73256801692931 19.54748499885208 24.660229010761874 4.2005879398914345 -15.673696417857148 1.5711837718745065 0.7590278096518815 2.391560825776539 
-1.1566256547970628 -1.1249369184219251 -21.40210141118552 -27.268397762484376 15.886466107014483 40.40670014338125 35.48294018145744 12.904671595661238 -5.235731887408541 -1.7441916198487473 0.05149339157382943 
-3.782977249421415 -15.264549948577287 -20.19318537197043 -42.809249286851674 -20.892526624878087 12.293614988304714 30.08691341564404 19.651754039840256 -2.3306232817123407 -0.3953488111299791 -1.2848459206065481 
3.871201115143312 -14.191113288948229 1.5756963690098336 0.1519326179386662 -11.881863885952917 -3.4768715972598567 15.848714958926275 19.74620828949066 6.765164756127119 3.0105307783760233 0.8584174568592986 
-0.3828064758432892 -11.669801563659476 -1.5657908201173485 15.03630647800151 8.07343096252114 -1.3576683712450408 -0.5538467846594959 19.776028871302483 2.0975774254501323 0.886578406818407 0.9267406648616693 
-0.3944761564866466 -14.716502608544065 -14.281985353841122 -12.441530579184048 -11.690516786431157 -19.404079863310223 -22.732069902187206 -8.4837211569804 -4.312634499122266 -1.3812044329272353 0.042304138131491364 
2.6778148131442956 4.326945945712711 8.63246296256943 -0.4403408878046774 -3.1238437722588275 -6.283442320028906 -10.56632252095751 -13.145920255839208 -1.1370947654323205 -1.182226642173407 -0.3126254847037643 
-4.110546273708987 1.1063300737160298 4.217847042795938 4.2420581885472615 -3.0348144008871207 0.4951397134832669 9.358031980553376 7.232513782607118 0.7289790335781534 -2.231198372660277 -2.4253311261860153 
-3.2185175565924924 1.6859308646812725 -4.1758257662839915 5.413325688965787 2.5041147569971898 3.714267596602407 -4.055317675579205 1.8007349014584517 -0.9347955691124847 -1.9440091553482715 -3.4442402561503074 
0.8875952344702123 -13.438141194440355 -24.77911040270625 -17.47937282085185 -9.696370101392489 7.297276438338088 -1.8477623492963617 -3.283972433789045 1.3420480462160405 1.4313661527916857 -0.5980990389171978 
