-258.97100467763005 -70.45162200467449 7.058426177697954 26.652100592159055 -14.700648639274236 -143.9088286717483 -334.38411639638423 -400.29444679607235 -444.09489291434454 -455.1676187144233 -448.0402629014517 
28.379542696481526 30.529845875466336 22.78012305385718 23.76059525290347 26.523899499477054 63.59480535150118 96.89880679264701 59.39439743393375 67.74099806224777 86.58518863484606 99.17795487901095 
2.1010884409245225 0.41108546579875027 -1.3532903153675893 -11.354757203580718 -21.18511490406714 -11.915481090520055 4.823892652056844 20.503181513803952 0.97264669323931 -3.252502144649746 9.483751882931742 
9.629021735675208 -8.91709332127266 -44.92334307544755 -89.88343196939837 -93.94196185039678 -52.29307342679488 -10.341480618717329 7.722242860975388 7.8448117024467 8.551786705306256 11.031369942311027 
2.768963402930014 1.518166988753176 -7.237580648624899 -43.77008436078505 -70.52409519611001 -68.78734930847261 -33.99495039491683 -17.637417965703825 -12.596359438346656 -6.47469690563074 -4.70500908687594 
-14.057723123617876 -9.117496821579394 5.7783324039442086 14.182420541918631 11.126910156539967 22.513921158898608 11.4552559046194 3.6841410353340382 -3.055533556331904 -13.376110857087971 -12.56837466561025 
8.290135863604386 1.6565384145058433 -5.34938431127106 -25.60955358671541 -37.85996913194925 -14.92013216866172 -13.179668708644883 -19.55743799707971 -11.005498975099833 -12.681441999789708 -16.447371088528797 
-10.438882018690734 -10.235883543816458 -12.85515443380984 -22.439509417025185 -32.204532566563465 -30.790984743106677 -17.127237899663044 8.776674985728958 5.366871062609019 -17.600890448459445 -21.27237469336943 
-0.9535177393139054 -14.516481248617454 -31.08086402513425 -39.525005973319864 -40.65123682990942 -30.05334642795456 -25.70670045761424 -12.877836052010533 -6.3181758327312885 -16.781889387106972 -12.713856021673761 
-3.203071481630557 15.086402764737688 17.879960218254933 7.850487276375773 -4.790542379298534 -11.523858595938876 -11.772699395689989 -25.528345088433547 -23.993525877204796 -16.064680441192728 -11.732306787257414 
-3.971167069269655 10.754870901688932 21.25667907139012 10.371929375571199 -6.808785319349821 -15.097425162663008 -10.07552593477024 -11.915532376524979 -12.623528046308248 -11.504988529269417 -17.316320807021803 
20.586664132529982 28.438352686741098 34.32458717675961 15.90025959351139 -2.4932156409967776 -9.02100079138131 -5.954667296075225 -6.345176935829564 -1.7622325432599943 -6.681307258716066 -15.272018475666219 
-0.4160984460197884 -2.0945389601351088 7.518448018523712 13.453029448305097 0.461054518384047 -30.74681142624609 -23.261320299968016 -10.217158219183029 -12.137947076461401 -12.721781504730771 -10.264353421143984 
3.3820189159650313 -16.042964044802858 -14.3332512718671 13.320370795964132 15.706623892026784 -8.235730697068348 -19.381243848202658 -14.9268339457981 -17.126765781716323 -6.998097673127704 -1.1656783168798324 
-1.585557445651041 -8.494892016481598 -18.09854036552178 -3.2728464652441995 4.144957230662745 -9.264577025429396 -17.017477284226395 -22.07406369017484 -14.824226981274641 -5.966084415151781 -5.0329393570088365 
5.129513974181157 -5.998025632457766 -12.523249211454605 3.3541901262925635 16.618659588062833 20.027053591980966 -4.113332627840189 -1.2906713016111022 3.9907032431157226 -1.3816384819863436 0.15453857243515823 
7.615485083491784 5.271686063719873 -3.4120729657923943 -5.607652736587063 4.184778683474704 11.62085118228466 0.3661829871379124 4.189217346349274 7.762400776473412 12.021507898402245 12.222347050549596 
13.199897001224112 -10.668272032510476 -5.825537660814942 3.535495175285262 16.440243913951527 28.695091232077182 20.1824591655113 5.361594570843623 7.9434740460518185 10.257718533879519 6.412915016215193 
5.277561478826392 -6.49226832612929 -11.272228106568512 -9.570529456574185 2.578513925489877 15.119939003350707 16.4401500879162 3.3889495569934964 6.824179974200318 11.332000598917316 14.795688058074045 
3.7209371095291104 12.516760272330568 11.515495646588096 -1.4461999802495644 -1.4389565503741644 -1.8418405493763106 8.021246654318261 6.329693974063671 12.663689817065059 11.801027066102364 8.563487113998878 
