-596.8033058856265 -582.0203753983377 -581.55489468862 -512.3254875182427 -248.88535294804416 -162.31313565493548 -134.217743483114 -169.3820761001448 -258.8106496218683 -362.4691933258827 -488.84222370745334 
45.56702878027072 45.45434106508206 49.049881363856684 25.1767707653903 24.59227295030641 22.406534516555897 8.176302693221643 -10.997024986613278 31.319261621687648 55.02358630738914 25.825694313919264 
2.1519155731569617 -2.7433943978611603 -7.110649792332479 -1.230897065686611 2.4396924918334095 -5.259934549811508 -32.69415016902974 -64.95590951493003 -61.06736007040158 -34.30263220052053 3.4157278012968346 
-2.7089553435888365 -10.710995386164626 -16.85179646240303 6.115544198194758 11.838166553656903 -14.476614251462783 -55.74228783507271 -75.5093301910587 -52.80101778996495 -17.31081349182167 6.160192293762426 
-10.238808082095474 -8.783707890011936 -10.460802528092717 -7.298562297776085 -19.232145221652424 -14.62530264065748 -14.435901353779812 -28.773851891691514 -37.94474925256249 -49.38971761463681 -29.961963979308766 
-11.200250454116706 -4.603107385121585 -1.0081078416977114 2.2682213014319244 -10.466118723737821 -11.988631394844223 -2.287534808245978 -6.473556464813555 11.512239418348003 12.06872937626342 -2.785650639040413 
-15.899251155837556 -8.925319175234737 -3.083617401521237 8.283114322175978 12.311479358611038 10.023676275234806 -13.35844114546196 -37.560286191502996 -36.68461866193907 -24.383274176293483 -26.99882170132208 
-5.749320329803057 -1.8613973809138256 -3.4899914298784287 -4.078176023369732 -1.34020821931678 8.66301737874948 7.387014238065939 -5.324919175854216 -18.40246154156133 -5.492469877308584 8.867963665404961 
-1.8366316561277762 -11.413826624007418 -17.319260904790458 -1.3331425673619701 10.887748760300898 27.893195252250777 33.378202486025806 19.965731292848503 -2.4752468529084837 -3.3418865744918613 -5.104391898151152 
-3.756541927097217 -9.64331569966492 -12.161959054038132 -5.4003949217879335 -4.748109636951152 -6.545930304274414 25.090284286519257 40.994305387751695 20.15096474243819 10.074147824414316 13.330088066824953 
-10.94284925644799 -5.095033222158972 -4.171390200289681 0.7278759956047345 -0.4072769868389188 -22.51357232639856 -11.013643881705184 19.88008864874019 39.17110844824039 27.376261212591107 16.816384380191984 
-8.44844076531442 -1.259542877190586 -0.7433840497016195 2.269427998179542 3.33651119141994 -7.198140789813954 -31.230122568161978 -25.587250137231763 -5.247086528750644 1.4295462509640726 -1.1436454772094835 
-6.481544390522789 -8.185911471411988 -8.949857767530336 -0.8883944958047041 3.140741643452547 7.727283223177988 -14.933115463725303 -27.684093987798924 -15.775721610444343 4.926770538876163 2.861800239401815 
-2.2230572808764624 -11.359479567141115 -13.938756547976968 11.570527319727756 12.095024951683081 15.823450292733487 10.230186692348369 -13.925288544646136 -24.93570092969735 -16.74672863533508 -19.0150057725768 
-0.06642820774614555 -4.563087375971302 -7.127159397004888 5.1860884383735595 3.179423286408601 1.205916910154968 6.99203031816127 1.5227211709734687 -6.635300278025423 0.0634262814090244 8.40158045336024 
0.14227618270137343 -4.1022475500761635 -4.937793264719211 -8.717221376312715 -12.466339118524626 -8.358201686951311 -9.470830264593715 -6.958227478211457 -9.913604244676913 -17.028054091376294 -14.615997684574005 
-6.207219143784318 -1.0468013247849801 2.1640369742142136 -8.77452734571916 -17.854545382384373 -4.857793514906497 6.3568708189667875 5.960156725515992 -1.5046621533353521 5.622048977618684 -3.3404883821350992 
1.1236130592007125 1.7209170392745665 2.4275140762609784 18.10950476272963 17.14632613905418 0.4554032847757321 -4.454031981489026 -1.5807608715128303 0.8639334823703269 -5.612573938614451 -6.816645771935383 
1.3617492661139712 0.9103571274299944 3.0917286289495056 -9.108160084739769 -5.722163670759631 -12.822452395281768 -5.1440913743564405 -4.086047825777415 6.682265803634679 5.383362047969224 7.904410107166393 
-9.506660204592954 -6.733599242101392 -2.5840079517279744 1.1458980098010483 1.591889368891894 -3.3002694259339327 -3.947996389232599 -9.695458474416789 0.8870840058892049 -0.8507154499602692 5.12136771858653 
