-119.05267297209835 -116.86766693439675 -133.0387629704139 -150.18794606835496 -38.23002480061646 33.05614462341568 35.821664096174615 -21.874872618592928 -135.93671625076487 0.0 0.0 
60.772129823485 49.29707655650883 47.59572224299912 60.86315212946447 25.25265752677771 27.61009196457142 40.836597133089626 61.477865813485266 79.59385458779668 0.0 0.0 
27.23430112694126 25.364894195155077 22.978984846045243 22.772621645583406 2.421433959680327 -13.579033782917897 -15.858648854646326 -13.286270229399975 -1.2094002369389476 0.0 0.0 
33.69124721145073 32.52176001953404 24.06803193377771 17.565459826501325 23.54167119217378 -10.97684852325464 -37.67533683144882 -33.5087387640798 -8.499727845879338 0.0 0.0 
21.72364454635685 13.799303356084913 4.3390709004332795 3.412992785102413 -6.349901334390674 -14.724472964952653 -11.655689161152488 -4.210266113120195 -2.9403745350695676 0.0 0.0 
31.211899987737162 28.642012736909322 21.380602716961185 22.983570531311848 18.575138204409228 7.9365259188121176 4.76390325422077 13.92375927079038 15.93291500971005 0.0 0.0 
6.051270916527696 9.324273465965051 10.74885857195165 17.224389073332105 9.235502929416644 -3.2423691306373468 -12.876259566626233 -16.487456181852746 1.865067932303126 0.0 0.0 
9.18534943979757 12.215231048283796 15.305962917533705 19.03892835121517 12.208367907153164 3.395643092766374 -5.994096919564777 -13.937698462905601 -8.867964764780858 0.0 0.0 
6.4493902077805245 13.633264341678668 19.230562147569586 15.200993849145023 13.542056564952102 14.669159519983193 5.576992082867793 -2.298237851914595 -4.895806243847449 0.0 0.0 
4.888740630056953 11.43673529188101 15.980291450760529 8.380414894291896 3.9851054798873466 25.113775554100837 34.8754827626085 29.151934325405346 11.065631286525544 0.0 0.0 
-2.6918659847064665 0.8815416326248349 5.47929248894911 4.413408933751887 11.163265975964524 23.7066566164645 42.732189243294926 49.401870523138 21.297687136384916 0.0 0.0 
-5.963695947679589 -6.563878691349041 -3.714929198862796 -0.9720523439447641 -0.27523636408538765 -6.319872551791452 11.570435963143552 30.0497632434773 21.282176443759404 0.0 0.0 
-8.121877652620832 -8.888340260323654 -2.0697401477933646 1.9895956618840738 4.4683551350386015 -21.4778401722114 -24.745770594110276 -3.1400891723143767 17.764014574941584 0.0 0.0 
-15.78467917682778 -6.746795800834316 1.8102123037391726 0.8063288766169072 -2.607510534311124 -14.698811062788444 -25.257706217400337 -19.546305615865798 4.907513310145594 0.0 0.0 
-11.383095679956893 -0.9575370257352912 3.896913019839607 1.5977956862539147 3.6416672914677806 6.845266026752762 2.4954898456653707 -2.0613788781240663 2.5496452159962146 0.0 0.0 
-6.368968611356006 -5.338334266955098 -2.378963583186548 -2.641922927121297 -6.172625581621411 -2.9764599355430734 -2.771771637258924 -5.005287581187465 -6.131817131847745 0.0 0.0 
-2.789086464439163 -0.8352881545573303 -0.34914924632211986 -1.7176551941576774 -3.509786026036426 -6.492713621674177 -11.602754371166117 -10.395837115643667 -11.78598694532772 0.0 0.0 
-10.597227957516441 -13.73509248455304 -15.352215292722597 -7.225103195634241 -5.5284205834505356 -7.311839536930051 -18.19193497410109 -21.16130836563502 -14.287253489283195 0.0 0.0 
-13.786046589597198 -12.99731804350808 -11.242998618365377 -11.710565873621272 -6.8767483444395054 4.207293301742107 -1.57757048094253 -14.367707180305342 -27.11483612093729 0.0 0.0 
-5.525914284000638 -5.033668967401769 -4.114463140975246 -8.338764551587973 -2.5732766439609662 1.5808028505951404 -1.1854690976915423 -2.614570941454875 -20.794611153440947 0.0 0.0 
