-461.1060625209444 -407.17485419326056 -402.8981684331831 -394.06358454964044 -290.5614000041521 -238.04808226814478 -259.00893370697884 -292.026978379885 -337.76614528400347 -408.7544702140657 -521.4237658554223 
24.09912941021468 13.610787703844238 29.906105276846056 69.93819366697691 55.51604492592804 31.086448047229418 -6.3993536925209655 -5.133796450059256 22.583923558765534 17.926980350911087 32.34741241640086 
-118.78755164626479 -132.2246298364365 -129.02260101430642 -68.55067324751074 -26.89995152584427 -30.97669833430777 -54.712320699880394 -95.76623458220493 -122.38434279873917 -91.83049627962113 -45.230500786544354 
-8.882935793560396 -14.990303602543776 -19.91205847046593 0.8529453100688736 -32.19959546146946 -61.99267372726454 -68.00771770808791 -47.03050107875325 -23.13057573531659 -17.936594089822613 -20.323463841100114 
-41.84248998783087 -45.898629559660755 -42.33628982625855 -10.575947955669278 -18.502378532370642 -22.183814531978275 -31.67464991633097 -48.25835505955365 -61.837397418025674 -48.89063025827568 -38.58824749568737 
-14.320299713515466 -20.38600253275446 -25.592535245004456 -5.8199179595435755 8.044663191813154 19.48539511628602 5.370902791007216 -17.620188615749875 -16.28102938029481 -13.478433654024645 -3.8439034789584925 
-4.882495989182742 -10.485681689049478 -16.18104776998983 -3.9689042521531137 -1.7290722845372088 -10.454100892768711 -28.623139886711563 -31.445400533286254 -32.834106484205556 -30.84228374746222 -24.975994922847445 
6.274447907728405 7.213092097740404 1.584358970967891 7.799140537732294 -3.0282599473464584 -4.097128415378473 -14.28888999978115 -25.978501012534384 -17.698849145767447 -0.019578194264329968 -1.0852572425357612 
-11.676212620250956 -6.787593257691084 -10.702102306747442 1.3755117103721999 23.796419957629105 22.094872540139956 10.610826788915865 1.0991241506580798 1.8262278196833264 -12.816566578609223 -24.420721620685786 
-3.905239155640894 -1.0982306298513052 -1.9295653245999813 2.7705343612999656 29.761911464940795 48.26908150195507 47.05740522970634 37.34234103371065 29.82384204262253 15.786623082863024 9.847407236913803 
10.978316906175575 10.229022754043108 3.9494841884732366 5.006841172982355 0.5994215375369317 11.833471050208948 24.359214310696544 25.34424690830651 17.46166185075322 3.9524998887187603 6.785007864106717 
-6.655037291484071 -6.266872382483915 -8.035791228418779 -2.086369118141989 -10.66189704716702 -13.561859435818402 -12.8898869175178 -5.689147638432303 -12.345709604184046 -10.939384594602842 -11.616345637060421 
0.6443080798693626 0.22317288726186002 -1.3314159626571613 -5.174148902165358 -17.310846096672925 -33.56467469332818 -40.230323676054354 -27.380730571026916 -25.03976932600402 -11.12716408393564 -0.4297709021523033 
-4.279353893579856 -2.799750962752917 1.38948863886254 2.897259955195919 2.9903228504283086 -9.426091667814006 -18.453072198706902 -24.204135849222432 -22.370766038459223 -16.448373351294787 -19.34116112643479 
2.8144237076916676 3.1221956077111352 4.774009175889415 3.440628603265227 10.084282990110138 25.141376683754075 32.02723663209588 24.407008008194587 15.686536140197232 9.984246730742887 10.846642186122839 
0.4057844543968575 2.7273699032107137 3.3975848552643186 -5.180811315441179 -4.812913426497263 -8.598211064591474 -2.6947712083368693 -1.0238746326017658 2.532829445884838 11.142056119770736 10.177123597868595 
1.1047552554017175 -0.1540378138120798 2.218032210533266 -0.41440729589044684 -1.1693194834725873 -6.591347700725844 -4.973734296031186 0.06966107638837032 -2.600182919102199 -4.358151705386753 -3.5609503395986097 
10.342440206662278 9.314719229028432 11.584937947916048 7.685021823399744 4.880285560390709 6.049495106182485 8.010562997284248 6.310891628298233 17.19751424452508 22.553068152013388 19.219845875311698 
5.580308838110087 6.241806864726317 6.969358858580293 0.8163750190528001 19.286147287535982 37.47129812317554 40.842872357785296 33.149799862284574 21.791206321675425 9.266574121766926 10.442061042689629 
4.66299451864476 6.887983338554098 6.234450299929579 4.976464075075616 -3.9494238434416515 3.1997568810238772 17.176914423681435 27.006357565819556 27.508257563321656 18.495939819675442 16.15955361518792 
