-724.9463838179909 -723.7375662180698 -732.1616836528422 -734.8567982624045 -597.1100444501079 -295.8137113228582 -168.94176025723115 -137.32281185937399 -177.49280301138108 -297.97637922916005 -530.0006008996278 
38.79662564374429 41.90785723160184 31.45087643512513 27.51961384677695 -22.218245983770444 15.942232509724175 54.46662624349143 77.23459650050438 94.07469504435427 120.11444640828091 111.12205568773294 
14.67681113278789 18.127451251810804 11.832445712068171 9.560479836635775 22.29072895836726 6.703149131387331 -16.292897720733283 -31.44776045673976 -46.650416302878654 -73.36903845226557 -65.68272813711434 
-4.963500578584927 -5.22417216336447 -5.904047546974062 -3.8666351922201336 -20.118617818387186 -54.07699885317372 -77.0830685747142 -80.64766784585967 -73.22257734129536 -51.25686868676682 -28.02523715460222 
-15.74933442248512 -20.3031120951428 -16.942166868938756 -11.574806415242563 -20.05629851801021 -33.67857105746656 -40.65551240832281 -46.1836195919751 -56.76995334587265 -68.03632477294283 -62.74840882591208 
-17.67017002809967 -24.328943364383363 -21.249953910626203 -16.33716323708545 -26.796456964636143 -17.327352299730038 -16.464237937471555 -8.393453302513024 0.4334913636577479 -3.794019589800161 -23.576233871195413 
-12.283257629038411 -17.88381647561718 -17.967219573322495 -16.592308968137715 18.51234989764265 22.10560927463072 19.83665893514484 15.290894920717697 13.224957192353752 23.15336550980365 23.486654662062282 
-6.73056603588824 -7.701405098444997 -9.143197690179264 -11.269834644865908 15.767137253062032 7.607205755751217 -5.412236047294041 -8.5403074334162 -9.446947138530222 -26.001792227757754 -33.095584471658356 
-5.807046513602178 -1.7346086338688718 -0.9258361974460825 -3.5086865430735914 1.246737536738958 -22.17784651368206 -32.06490767936009 -32.63339934849392 -22.228302150980856 -16.76206470150566 -23.01011255221546 
-6.250510357289613 -0.2527356862024043 3.52109401610174 2.052071177423391 6.351354829542107 2.6177833119081066 6.934282233294172 7.989570095155791 2.9228266342830898 -2.463351984950075 4.420323585261809 
-3.7010186469136874 1.3959339964391497 5.950769916660812 4.15688138481231 -7.763008136023322 3.2625633593753123 -0.8251871218930598 0.04928478735725235 -1.7573289822933997 -10.96851666867602 -11.877108676610387 
1.3942315295318828 4.282887757951279 7.118650007406806 5.376457195100257 2.3319494160051715 14.968419768315222 3.987507746639411 -0.6331716203341673 2.299499155808986 3.1741219146145463 -1.7697927545867547 
6.231226654536428 6.483666048768921 5.667021582712506 5.790976878109208 2.955971842451611 3.7695815468489844 3.638071932246471 7.627220045549356 7.0674697182838635 -1.6823858905845592 3.905695019290111 
9.686623958374753 7.468502449199518 2.2428885697501135 2.616001627698248 7.582682815536833 -8.474655687778217 -9.070156550606846 -5.3838391085558674 1.1091801482804617 3.0304256782120254 -6.602006953180567 
10.810491976976284 6.695009366882392 -0.971261263194879 -2.245114451579233 1.658133946547662 -0.5952074626936972 -2.555616641599742 -9.100409835966822 -14.102951382450584 -10.784047040145293 -0.3200162722595684 
6.998528128795108 2.5870308564109585 -3.1237832369578102 -3.8554063521009856 -7.319784171419169 -9.310267308999158 -15.539589950858591 -13.216792593195839 -11.738007329566946 -7.454038948398738 -3.756137255934224 
-1.1037764011177211 -3.5469882139389206 -3.605305013944151 -1.8602818843481819 8.853502938918824 16.05273007649648 5.39792424459404 -3.87126735456628 -10.773454256894722 -11.923599225495968 -9.86287649853462 
-7.807683729959908 -7.066117665621979 -1.5731659401169167 1.2071220493546277 1.4263404369767136 9.914955474993734 7.779901648674823 8.151825292785695 11.905209917130618 15.021289989155669 2.2587237877677735 
-9.413294601670831 -5.621715153151246 1.4793678604552722 3.77598825474808 3.225119304751747 11.692704976629926 2.978038791466987 -10.271289099421956 -14.100989781761655 -2.8557073156444512 -1.6335455588269596 
-7.088391326024508 -1.4170354236764977 2.9941287723137546 4.716184893161018 9.003321525489834 18.81194578410041 21.119175491225 15.17584388258738 2.0010331288175784 -1.160828022660621 -6.3060193800789595 
