-637.9825278022154 -293.8684821907526 -98.02993126281308 -51.212059474194454 -70.94885170776179 -105.72773946835122 -224.13021285838065 -433.48981198974263 -593.4546183050261 -636.9026497951095 -637.9825278022154 
0.0 23.591138170574535 22.189361840722107 42.23854211861437 69.26767452809213 76.85529940927384 88.3699134114103 85.11005150708039 14.814870511433387 1.3843647868764173 0.0 
0.0 -6.898215055376717 -6.366952940947573 -12.181555727700204 -29.821090315130633 -40.129908920327935 -36.72935648766227 -51.973037549036675 -21.993349552484986 0.9967768414807288 0.0 
0.0 7.967004497234527 5.4588897437013255 -20.3840824933137 -74.24468469296536 -85.66190515203304 -70.38507150001391 -21.38080542990677 -6.83137734274821 0.4700351841083439 0.0 
0.0 -1.4231138681907785 -4.195614454532674 -17.26978578385894 -28.02559388481215 -39.23548677853586 -44.46801170435393 -31.60171461585251 -10.552781513888245 -0.06797079698988077 0.0 
0.0 26.560796261428273 19.079049127313173 11.459569603113131 4.158828177196538 2.0136997169221216 -4.981348047084282 -17.715217211751465 0.06938923569048572 -0.5145250489323653 0.0 
0.0 30.864654082591088 26.768631100192287 23.814375856826153 12.061892492885999 4.278776851177925 9.351779135128346 18.17114220412564 14.649910333754388 -0.8221539498343171 0.0 
0.0 7.772693240637267 6.924266409755765 1.603388437745504 -3.3531317273303545 -5.587858758379298 -12.123869484791406 -25.781001924515838 -11.264994443049243 -0.9987101736066077 0.0 
0.0 -7.756661217618117 -5.2736484153673215 -9.884677197838283 -18.881225539330327 -24.394335642205697 -26.29172667129838 -38.56140331180663 -17.122596313160162 -1.080764087156241 0.0 
0.0 -7.000952166569982 -4.1323948625680735 -5.432478136316337 -7.291699787475019 -11.84845346381838 -17.874623076040976 -8.603701274801914 4.550525682659801 -1.0973093241047 0.0 
0.0 0.45990096900495836 -2.2301659513785883 -1.7188773493200034 -5.700091191306752 -7.80261869023243 -7.434564819327178 -6.827493951474118 -0.20400073151823228 -1.0451385238628943 0.0 
0.0 -6.876768535942514 -3.194645226050672 5.8948682306035645 2.8920401317407665 -4.401879727842687 -2.771100489005242 -14.94157081499737 -11.17945622172935 -0.890050412509416 0.0 
0.0 -0.40773335858960824 2.7573677954345803 11.748963901544778 13.919822453728635 8.53036787673423 3.798678491951361 0.7190090083008752 -6.038860531701672 -0.5932529645819551 0.0 
0.0 -2.594783348139905 0.5885637052465859 9.240252415910819 14.9922695457402 9.735578367481521 3.4843322068998415 4.439528330664599 -2.517711507842727 -0.14788956471264883 0.0 
0.0 11.522341461215987 8.232557585893957 7.549752115981645 14.372094667231272 4.283814548844555 -11.153037541537044 3.4132499672048784 4.511146797065757 0.3957071964488027 0.0 
0.0 0.4517314986945709 -1.4293304761584762 -5.1986708555508345 12.723203426716307 22.639290537851856 14.579051478778991 19.65331250690174 15.436036493922623 0.9321889987761445 0.0 
0.0 -9.34665103090331 -9.077641844434732 -12.800038804730189 -2.757278284291232 9.25373705839644 6.733616152584961 1.2068592907630689 5.2578928856864895 1.3328315265379547 0.0 
0.0 -13.718260850544972 -12.690034266488325 -11.394542282013425 -6.806310629768113 5.722229334457447 8.739237829904567 -2.0508989236046693 -8.025854547869972 1.4930934837819456 0.0 
0.0 9.788689331961894 6.470816189250634 7.728931280690205 7.711596893653353 12.170097912148627 11.097709224939454 3.9668851962112797 1.0311765559156167 1.3737099538703252 0.0 
0.0 -10.9572043311489 -10.578801449489855 -9.258319062853616 3.4220517428481023 19.998590877548487 25.53301125916215 18.377894093253513 10.62865760501402 1.0155445019071776 0.0 
