-560.2164726720038 -561.2080577892382 -558.7901845072308 -436.19154807529117 -246.24147207823407 -163.2179245779443 -173.6481197054606 -268.93002234058525 -407.7040045959932 -546.4470149863611 -571.9782459086977 
111.0658779008092 112.39020294759803 114.62955592192412 58.45445800564379 109.90540111261154 133.72153952735744 151.57903339442436 173.08897703096414 179.81704551589513 119.5964431823678 112.89553455218301 
50.52782406828521 56.690172110433004 56.24586030756556 41.20584673293061 8.764442536949844 9.017590262287785 7.255536236623227 -7.957163310487028 -5.274218720465602 47.20584991544405 57.67294043766984 
31.804248843055987 30.47456880435617 25.579627274098122 5.442888226156877 -70.18959235344987 -75.80643482208045 -62.665770997284255 -35.92935859822427 -8.418106594940518 24.743878797651817 35.98899112860646 
15.342751222250646 10.536345726823498 8.659312362002447 16.714409306541423 -19.50342939861166 -25.33959680707337 -33.007169163503086 -41.60474489873614 -12.715594744156112 11.539078725596607 12.75044469480169 
15.82434561573532 15.698843279092902 17.837268124460813 22.2729756803544 14.530561111769607 18.806909078038935 24.44723320988152 22.17463369329647 4.6161861498167776 18.836280262416317 6.149840273805177 
1.0273373150879443 6.950068087570594 15.357449956370894 2.4262984864683315 -3.9940736849606626 -14.710103641914777 -17.056415887890296 -3.7513891729881026 33.1383139018326 22.009343381279862 4.210422150174946 
4.912635079477361 7.52798941191725 14.410510018144713 20.892921654805015 25.137787500637593 25.583467936085803 20.39708041709565 6.165028605220439 10.07587094907256 10.984126433818336 10.562200207270777 
8.80948233333657 5.0624230009010285 7.296586423897825 -4.82533742744994 -16.602721818269494 -14.550038058825336 -12.751426221510254 -8.94008912774023 -8.62099544394553 -0.5502776374900625 9.991619836569754 
15.541199061122324 9.960946640948851 9.287076683643956 15.477500204336458 9.04341290079084 1.9148771320491185 -5.978616996895566 -15.70703187903965 -0.9800628041647195 1.9881645905873215 10.693319239366712 
15.64210711875122 10.86326388367537 5.56760908098382 5.897326476265425 -1.4081095057162685 -0.997566560550284 0.5102331925151773 4.849421429255344 -2.7070485299864337 10.080685005604746 10.336694704425355 
11.984827627351086 9.541674130723377 5.9176924496834715 10.45374608834694 15.372460834947386 3.5977082157005085 -4.098230233539968 -6.692706063435931 5.1439593132739185 14.03743339501128 11.465446758704323 
10.138192127665496 8.789729170661763 8.561513013077036 8.794403506902377 27.313264713546957 19.757049983166965 11.453596345155663 14.58457907270046 14.83643321125616 6.858685642676226 5.310493283159412 
2.9593509216274176 6.815076312167136 10.198562060494993 14.061160713902623 36.01912191968793 24.00514668247402 4.501281333057715 -5.1107813638274635 13.228076723853686 4.72726114558082 3.9969535858189937 
-3.7515867149434596 -2.4672615682967316 -0.6211835566719152 -3.033458032622319 15.568079704007372 16.931792336269215 5.992143492989483 -7.448405283682426 -7.420898175559465 -6.189321571653024 -2.143715125719641 
5.364456638725588 1.4242538878217168 -2.1011675933116285 8.845331707071484 8.519639375032167 13.30230419669033 4.529077218010462 -3.668990879830055 -1.4479743929432665 5.072245739887514 9.969737562062807 
2.091857504915084 -1.7638206083858066 -1.5111392454832273 -2.756626485329565 3.7851795194809243 18.749979340832752 14.615002837163948 -2.4232370307070576 -1.5732618948917265 7.707822935071652 6.235525209598929 
3.207843721676227 0.6890296154894314 2.115598081410496 0.7777333339099618 0.35634117946654575 17.28429322903854 22.597404068266755 13.39043091186991 0.12589176150613945 8.598699783941752 5.913507159577574 
4.436749111289245 2.6797509587349007 -2.6863081941558344 -8.744246907845714 -1.6487286402552528 5.5984383969482 8.156520995078193 -0.23578086576362922 -3.1414806532412327 -0.38729078500905045 0.9999690901231777 
-5.734354103373296 -0.5797423368135626 -1.6302174959616305 3.1504265099894253 -2.787322078487514 7.976114670537507 15.768355701893746 16.780109538969295 0.9379564526567183 -0.5190449444581234 -1.2343780931504182 
