-464.26854801203154 -270.0021210050576 -185.8314059032538 -193.298429985297 -272.35527790093994 -413.43903716042007 -519.908170170897 -554.5357036646766 -548.204343878148 -546.6214410168632 -557.8728454804667 
-40.00798875979309 5.397985142754866 9.046835951958517 20.449528657107535 62.16851864169806 62.255963690585816 -1.4889638921882526 -6.118613520509442 -1.7409697664603976 -9.251974556908536 -22.042768156511443 
-0.363999213038604 3.8359037026946607 -14.477862320589434 -28.82129035321234 -46.33127774318399 -40.387208211928005 -49.85044231706445 -43.21692677506134 -31.951897210759498 -32.975918861006136 -41.68138158280172 
-35.384513448540275 -60.24074605389504 -56.483294460643734 -44.325573882079624 -36.518099798488606 -37.342722003149454 -29.708605624221672 -30.046185196149764 -28.31013557061371 -26.932926219440276 -14.573556043088427 
-23.279061126140597 -48.1475774127851 -57.56917750878196 -66.6869621234959 -71.45045584821816 -52.4091302761456 -19.323976594092805 -13.266830200727123 -10.136066230356224 -6.61858403777279 5.208765687256913 
10.086228633229084 -13.427270703424579 -13.833359622485059 -20.011644220185918 -39.91386191177515 -37.510458215214314 -14.694911745744225 -3.7237814047952966 -3.535292515895323 4.013092486784956 9.414073172219993 
9.749317696285974 -5.625378549211175 -6.090260094371342 -4.795103784236205 1.8439571951592013 -6.107026949532436 -18.176413554026233 -10.224183135456013 -3.608571564067118 -2.9913741678248327 -5.380238385601144 
3.1348275503424805 1.7368269926233562 -3.924769390134422 -7.53939669230736 -7.014061422003751 1.0867387720678146 -5.607557351961882 5.566931265404865 15.124318755273539 10.585500444475144 7.262354595358158 
-5.689483972393805 -13.097050221633687 -11.329729571296589 -10.374368435891519 -17.004855931110313 -18.681781788340615 -3.1724267874264536 11.35037474930833 14.595235908321088 9.031225327948807 8.935662604993237 
-13.863376540572432 -13.759196379389474 -12.365737676832229 -5.578392774921623 -1.7446372269635002 -6.514125603840876 -4.997359137591298 -7.580071936777266 -12.307358822193528 -11.946834529929454 -7.7658000771605815 
-8.539420806127664 1.7701648045837093 0.6727950365776623 -4.831240962175968 -14.600847900189988 -11.022043653191496 -5.146809993835135 -16.049346284631078 -22.782860656014662 -19.65880046063608 -14.565147957268966 
1.0705617072906204 -0.6095098570017814 -1.6868615529199784 1.1057813163402268 13.27632712440015 14.384280776716777 9.074621698390626 6.532148629310321 5.251682058152925 8.788255251654581 7.103311997396171 
16.772301675781673 10.824210242124135 4.94466549027318 2.9860330290207107 6.484163842521334 15.678312737461548 -2.76605343101246 -10.378891921893524 3.763313472692139 7.931864293456563 4.417844416493427 
4.391926710988441 7.766919208705035 12.584361019497468 15.724141240728265 18.28130930717687 17.801528983893522 2.9974484131326653 3.4903021943267496 9.756044699915464 11.850578058925322 6.277436051472101 
-3.4993390400934152 26.340938630857952 32.32853494572453 28.398914350396044 17.73258362878181 11.076254030115358 9.495972650609476 7.308021663020444 1.1784112326711507 1.615844801877494 3.125826924871708 
-13.964156910028855 7.687971897098651 17.0380336921387 24.19272111195373 15.35239562934564 -2.241902126256096 -1.3493535164260952 3.31228465044847 2.7410201833251326 1.8228934232079201 2.309907976076724 
-7.679586406849378 -4.784847843861884 0.2628941375927232 3.8199308306900717 2.852013220867355 -3.682570060507845 -7.714530244555091 -5.9671689008057935 3.9582256633046877 0.8420069467056432 -0.5055667141462896 
-11.664029342463568 -12.794139710930077 -7.00527669067483 3.216196971229102 4.6285015249571035 -0.38545423180601646 -3.1177209621724664 -3.9061089153528314 -2.990597242497108 -2.513098276105252 -8.326575138324282 
9.450825375702856 -8.407107029647296 -17.468644096674808 -21.256888220463207 -16.055081511379882 1.7592455358489445 -1.5533157544909806 5.453596235861424 8.946101126138762 9.073770565081706 -0.736043910438298 
9.267720167180297 1.3243753628517907 1.0767398141538957 0.1922499407107945 -1.2592766226526568 -5.4875210838390585 -6.963022420948519 2.078226676543969 1.9564221473187016 0.8636039081684017 0.48805179942190013 
