-717.5394013722728 -395.19598696305053 -231.3688416546238 -187.42448432553084 -205.95412606211207 -303.77751756291667 -473.3117550634192 -589.907612698114 -616.4071595283318 -659.5145567457866 -696.3492427305061 
-3.9813558905229027 -11.321697033890022 22.90492512729957 26.051891099902225 47.44443756524089 92.08672113756782 98.20935336917907 40.082527977039945 19.842152525864627 23.945347618663455 33.44347236516706 
9.433384279849445 11.488834923364797 0.3906564638400399 -8.485327723227805 -19.03922780085169 -40.76109679318732 -19.38464915914267 -3.8976837362035774 -11.315689999542247 -10.526311690627747 -6.025522733411934 
-10.344329058011672 -13.814230354009368 -51.7841931748593 -56.61863712495824 -50.72045132151189 -34.263302745401745 -38.107528800032256 -28.3212883109108 -30.150443023384682 -30.321741436562878 -22.140223549560424 
-21.941668732984553 -11.168391349889049 -30.311668541622925 -36.26397238344973 -54.79718605227672 -67.76354816823911 -42.25635606786381 -31.706146685569653 -29.740165110140197 -29.018034504009563 -35.03747137098188 
-4.973886723828174 13.220774840540965 -2.8080974210638194 -5.864130919320508 -6.196343093684359 -11.876320614827984 -18.756287691029655 -17.53829958319537 -7.946264532611388 -8.127278625125452 -14.919730180112762 
-17.358373321792946 9.009034672160922 -4.796646016829126 -9.414681302127722 -4.849378703127162 1.6482220578905413 -9.666437680470903 -22.784170890674318 -21.28749140170156 -15.030622556751013 -6.204030014308352 
5.013094815493173 3.6491953546733047 5.888217358519586 1.597184396114201 -10.611399962806416 -21.566437730099754 -3.9526373235676777 3.746945914258582 7.973878390340134 8.554677004913012 2.3978092887501576 
-11.088701460172917 -3.146601907450389 -11.181328320858558 -16.925240136490714 -15.677631528662156 -11.54958015819258 -27.47997754206924 -16.382700074666992 -19.943419037739297 -19.443055349446503 -3.4564056849595506 
11.32422316976962 -2.747828992081742 -15.08277479085545 -19.822426961092702 -26.63339974136384 -29.27775689655342 -6.656590422000994 4.482352383884473 5.483379269167854 6.231203013726491 8.434878779857957 
-5.475689549297682 -0.5971131049190238 4.461916044615213 8.971222125903562 7.081403460482949 0.038006757448400263 -8.971270414666112 -16.304754726470208 -12.039330770898975 -9.860601866243808 -0.1659921596295064 
12.690378867156227 5.128256248222501 -0.6621814200138499 -5.1074718488100785 -1.7420914542377222 8.805411005288237 16.338850216106714 2.4273302274088153 -1.9768399019623033 -4.8794587033153665 -2.2104834595057086 
-3.7345344919885277 -5.276439722314901 2.3637003976334277 2.6208510733219526 2.835663799305067 3.990099148905597 9.110056956379356 9.70522965423115 0.08209048959494887 -2.0059290490284942 -2.7188824236634623 
-3.6280898074984034 2.170713171731321 -9.676385602937959 -10.443396687159893 -0.5609113156897712 7.258696968916921 4.701512412967565 -7.001666026033058 -16.365042972156637 -14.057359224529566 -6.782256438256406 
9.907511722443616 5.337529232058908 3.6575015485882156 8.106761153528725 20.514355381317923 24.152925860856385 19.04584903631926 12.178938620196716 9.933792509548162 4.459848886416092 1.2352726954490114 
0.9375470233380201 2.1612953333526312 7.767493385769593 13.433209102230915 20.97343361370327 14.061045312241134 -11.249117422033974 0.934921289954219 2.7363993929959323 1.9318688982342525 -0.3165003709628193 
5.717293864951307 3.5594567541806184 14.323436446819152 15.015014401831827 17.571732952123057 14.247450138122383 6.925914461248383 5.890219929379424 12.307339049026966 15.736455234975372 3.317137719997333 
-3.409257625571667 -8.150726874714515 13.323693516352627 24.355169589014448 21.38612835657439 9.02401755219044 5.2622920553370935 7.672999433561961 5.037093236278686 -4.818694614869393 -0.875368231979458 
4.873922007872544 7.126628267442375 19.254162184307738 27.0893695819419 15.89629867637084 6.427415089536369 10.804385521118443 11.888429880108735 12.549739053476632 7.72167153967419 6.74214064837196 
-8.22450258567802 4.217591714126954 15.542885740916542 21.397558753157895 11.391788931273464 2.746917851320633 7.078939699565403 -3.6101415268533152 -0.18781518655697582 4.88783724437867 9.943218380670702 
