-660.8185081677653 -684.2100379269467 -706.1007792482201 -711.1642722250914 -551.7711674236755 -350.4780493098647 -258.5700705385254 -208.23251714988083 -210.01900458898936 -297.4160886610416 -454.04434870238487 
34.471543075117275 21.157997274229526 10.213954150610892 3.7772065837226725 12.785451052559992 20.607695844302775 -9.74699355571087 -21.2368173887932 0.03288379659169835 30.925480926074407 77.57006184319374 
7.552689400942844 6.5835385767402474 7.3876454973304195 2.8211071304201036 -90.51353308889847 -94.49040239689637 -102.25306536749356 -133.95375021743294 -142.14000680301558 -152.54794422616288 -122.66491128507235 
16.41504414940692 9.058564449466136 3.53184685582891 1.4076910733816803 -39.43024976097565 -81.60111392449659 -104.05060428437187 -121.0071883009531 -101.11298654221567 -71.33840524179939 -48.08439687236921 
-4.888095570512574 -4.902170554936344 -0.7514598406416815 -0.22570776202734227 -2.1906962364318088 -20.429300438676496 -18.449928293318496 -31.398506810410517 -44.82547967765294 -46.63707604773006 -34.34710352394535 
-6.694691258183093 -8.136769136392797 -4.9619897004618405 -1.8064217876951876 15.347535378813781 -2.206368092020793 5.178408050224551 14.81894833730866 19.35617670711941 6.130483152769868 -24.50256323039258 
-13.945020320788 -14.691307011264989 -8.375895028239364 -3.0731947296359463 17.821575748253963 1.7269224111909494 -23.19507352880195 -40.22030055465162 -40.04164065620499 -18.699282346490442 -0.7869994685757125 
-39.74152862873717 -31.050538801731825 -10.17912162949552 -3.820548050294604 -4.566459026886841 22.847835994540404 16.735226025287886 -13.846721462554935 -51.615039980541724 -78.91317348815485 -63.64056786418388 
-13.897915545268358 -15.235590960249665 -10.030956747621806 -3.9330426300522294 2.8348685184107225 33.591469511807844 41.30609120302921 29.05929416331906 3.6351231032027296 -11.651621583127943 -14.066597580742432 
2.300911152573563 -2.841906270916361 -8.259413454135593 -3.403571235431536 -7.5561681585728415 12.382916852905144 35.415716635275025 49.80853281831816 30.243724142202353 -6.186157227999102 -7.2057451600720865 
-15.27677975362803 -12.4972315970693 -5.416945259853102 -2.3327071754816813 -2.2801502435093886 -22.347858473600358 -20.492056959938665 23.616374695254393 35.53613577917242 26.641289956131693 0.25234702502907747 
-3.924147103750456 -5.181441841232678 -1.8928645569028875 -0.9095205705697439 2.670033491048799 -14.871710275131207 -32.98715467955054 -13.622952661100946 15.844085825574876 29.600589615091536 33.83423800204689 
1.9068234847790815 1.6594181903360494 1.8946472389457825 0.6224610606848828 6.147175510217512 12.129754054633615 3.1062431444316463 -17.517603443523846 -1.9167586170917648 20.43412756184371 27.88182049536549 
1.455010319552997 5.0254725721522835 5.2144309059943925 2.007914078929426 -13.913879710721726 -1.9106818611401741 12.197758224686218 -13.741731021840668 -31.176989404302297 -22.4498872116736 0.6012144569312416 
15.548053068237271 16.06009566036414 7.300347340944249 3.023369469612572 -4.744528249130246 -7.420251924293418 5.78571069323663 10.473001082873363 0.5234147407858727 -10.992148251267615 -5.379753441828258 
5.658108517938304 7.610873433839612 7.894544938685274 3.5142129580257606 -5.6833809877563155 -8.828903991063058 -27.402626179622644 -17.302978504794996 -18.141389820281546 -13.879216313276256 -21.199140991301856 
-0.10038090686882795 1.517391445149823 7.2713096442916845 3.418752406847239 1.8921708510795368 15.732044885952824 21.836295769436624 20.776648630524825 10.772902414238384 3.941847981738639 2.0464479229037216 
13.309086984689838 13.506661472068199 5.748422548547178 2.7755202929837317 4.798853380086553 -4.993192227112927 5.110442944619976 9.64498668089638 13.703102277714292 14.90947042361503 20.62223417570136 
8.983175441207699 9.966838227431044 3.4670597104058687 1.7130531324821074 0.4663598155219346 -12.07049618187311 -2.7499648229160636 6.693620854631445 16.43512810779314 0.1725269345555731 0.24440187506225658 
3.26478654946955 0.8214446445779138 0.7144924179366088 0.4245163557177978 -4.012525978806539 -24.627545332276547 -32.709544095854135 -31.1167889687186 -22.67416147999026 -9.960924731233058 -13.588764348640346 
