-433.01661590848386 -420.70001150909775 -480.15237183765413 -421.68894642634325 -202.20035035532064 -114.77044786922784 -96.93827628697203 -160.81257014916568 -317.40099488151844 -491.64091812023753 -584.2213637904407 
-65.29196627408109 -65.42343715177228 -33.90018085452971 -11.719035655450082 -0.5202000803602631 -12.254316912058828 -15.338829307477253 -9.618987792836656 40.5876446092735 39.537790350365505 41.73516650028107 
-38.98147452490417 -41.00343533441227 -29.33315061811794 -18.940409969599784 -42.91314442937026 -69.33574616393255 -102.72173799727908 -123.84126279265553 -122.96402849265746 -73.93100126930571 -20.21844661356821 
-1.3143854649029425 -4.8293695787683095 -5.9398468615167 14.962235568950922 -16.83084284994135 -46.94277832010886 -76.12024687888226 -78.7950404648073 -37.33865193810533 11.872077979720043 0.3258161314508454 
37.01571236857367 32.98381672285696 26.387961081461533 -8.614600528926303 -13.12600437459297 5.271318800274448 1.7734621913178699 -12.958775917238771 -35.254284837253124 -11.674129957123014 -4.784378970547488 
0.7510103121679718 -1.7367074083614265 -0.49149622517311675 19.952999323869715 12.777078952620409 2.630964903691451 -17.12768033018042 -24.935722083334284 -8.476757003337212 -6.29371159276028 2.635685207685482 
-29.03032404236199 -27.916040954376143 -17.355617248790807 0.9955428787714631 8.807664559078969 2.2329263836924467 -21.307098931314208 -47.88807516749756 -28.045269350542895 -6.9489409207606005 1.9332761777075724 
-21.18137055342072 -17.98389239552848 -8.29460890463043 -15.317797556027035 8.227474085342484 10.680175382249585 -3.0910559378792595 -33.594606449158306 -53.13356702732369 -43.87525846499543 -21.11041350658076 
12.467441195890764 13.328227134219972 13.048797468767523 12.60957321369272 26.3252702207786 33.786213483313354 23.44607126827352 -4.976833501687265 -29.889138407295057 -38.437428495502616 -26.996760502929362 
-7.6023511227505045 -6.663946274756233 -8.740593788728152 -2.618001253036384 -7.187119897018368 20.912547115830876 49.85602859730786 48.33647910773548 15.229255911571002 -2.210752304890616 -12.760243585586178 
-8.635690157636933 -10.240828445877764 -14.339771800288762 14.2531456495743 -21.131795701805135 -26.896021228027784 4.225262822220332 30.39122192361094 33.374863186362596 5.178229591916415 -12.615208838359164 
-5.140155448422512 -7.366027829803166 -10.75134306650633 -4.229873023388724 -16.265988577836413 -39.52916574489182 -28.017744775158963 -4.215096121968845 22.29521446684383 18.741879628665366 0.9389351717153445 
4.1181604094924 1.5765300265297562 -0.38576138336251853 -2.358407821227494 0.7103151901744508 -11.565749838787857 -22.10893502016888 -13.11920684579616 17.384890255187347 14.940231448588456 -1.2865847994670672 
-11.003218267908256 -12.748515505680238 -11.454380289750521 -5.400270683014265 10.1110302860309 21.43704804339393 0.6324273971185604 -19.359037258610332 -22.67549363175457 -1.3958421385439106 -0.9521956335763251 
5.147134820785483 2.8213875706843106 2.585086812788146 -9.722607689927656 -11.92341283204182 -9.46261028167268 -2.1649790811645993 -4.156873403531708 -10.064891243407978 -9.790603529909223 -10.742405323018108 
-1.3184612736555292 -3.6779879321245823 -2.9029854297217517 -14.425155435232746 0.6428589051297298 -15.658572396907337 -21.111093955311752 -18.773168845282306 -10.236050041873707 -12.139302503956024 -13.80975543436594 
-6.401057624862095 -9.97482467477236 -9.020183933575764 -10.750546537607569 -4.266270480243548 11.124227328589463 1.1853835781097048 0.8086921617908966 -3.757997060518827 -5.076470322358773 2.88741348989408 
-1.4483533995874291 -5.214527538636765 -6.90367050850573 8.628007374246554 -6.8066006949766455 3.0531656595894248 -1.5349028146492474 1.6140126337057148 -11.269282249026496 -6.970903771771567 -4.677947998821693 
-0.7085905875130778 -5.041908657917563 -7.789789633890446 -7.910181371878325 -21.107918677417977 -16.635610332193963 -15.538104425756021 -4.903244961724332 -5.220193074518331 -2.8696527277809554 -1.0013399314100229 
1.1677572326201433 -1.4773226808639603 -1.3733861424498754 -4.115975127104931 6.048353865989565 -0.11775836708359305 -0.4040704351292954 -3.6266028663990983 16.39056890077027 3.42548319786972 7.94449025512704 
