-421.9991749241536 -420.1441984786285 -422.51747137803767 -416.88849983666336 -414.67728665274853 -290.4317712385237 -80.64160791949821 8.148036093872832 -2.6761424370231714 -113.6494343107765 -316.22288714505834 
28.71368835210336 28.21718366375061 24.13888817214643 29.46973718414467 31.390152432968996 1.9442335458629154 35.47963431032291 60.758368540725954 82.69717840544476 109.33411666116676 92.519780390297 
-1.8857393309653632 -8.607324457223397 -13.87393608645061 -9.361791088976332 -10.351328465732529 -5.766187008375764 -43.76727071678829 -63.107067496117565 -74.8982407274317 -69.8957141154915 -10.455761982521093 
11.293808500054006 3.5993024295709404 -1.5494162605791169 3.898349324283764 3.7945726872645036 0.7446242839616066 -43.06601033888269 -54.79321465590284 -50.0744840683486 -28.795737110553276 -7.055224716687901 
-12.155082135040768 -15.569040544682082 -16.300400423936317 -14.17702511361421 -17.300471765703485 -0.5643973226656877 -19.575931094643973 -39.12205172098173 -48.693899055199864 -44.70951006509216 -36.41453242060098 
1.671814117593963 0.6278520187659626 2.36991558573307 1.5193163769455422 -2.83200545093938 4.36748339886385 2.4795904674399694 -10.708646705390741 -22.784269859655748 -26.996471101770872 -20.847620676897414 
-8.173679725048892 -11.287514957220527 -7.38751246714198 -6.057364037265085 -12.860859672833971 0.8959034927833934 6.730998971505954 2.0735655569691813 3.0676500825563755 9.155780192299495 -7.585899835200335 
-5.358629791091206 -3.8540892673738725 -3.8484477863059787 -3.6772480239056424 -7.310806400497032 -12.43962341052546 -19.582557019216495 -39.11213409792194 -54.45049479010035 -52.3661104841225 -19.20099606747113 
-12.947345705974726 -10.05026593740767 -8.473393967245368 -7.841268068743588 -6.372250816310988 3.4601375412615774 -8.01173852966614 -15.58901089957365 -19.26387080319555 -18.97214875346987 -28.274948188770736 
-2.781191105696077 -2.472317302386573 -4.934281315146498 -7.890250657397748 -3.4696367604468508 12.036349765788106 11.0552638785373 -20.235877842193112 -34.20541784899959 -27.738727310429905 -20.197841786770176 
-7.762805777752522 -8.921630409166125 -8.30509803556177 -6.4309680095324895 -4.581498567296492 8.213635778345182 36.40360024052996 13.055736780176442 -9.172688102031437 -18.028931602242242 -20.88844679473108 
-4.0345536202167045 -3.498542002087405 -6.479094304673888 -8.649909683758201 -11.383505567840094 -20.54631959782703 11.758570619768976 16.40215914646945 0.740756008432716 -20.97820714697464 -15.01302467270336 
-0.19790375566766527 1.0859902892048563 3.2068128839769052 -2.066876761538078 -4.207466883649467 0.38800283353458953 6.362864374760613 15.418726970154195 5.570911574284654 -3.495314627571731 -4.339885380647667 
7.767119442672562 5.878412439798418 3.8744232016600337 -1.1271190783552187 -3.8230783294107935 -12.381132226457275 -19.81346471519162 -0.1910124131182829 -3.6935756850640744 -11.984863285844327 -9.661058348795045 
-4.8678399924471645 -5.051769604140544 -6.596295204778843 -9.508388562017323 -9.015082195777355 4.77096058484742 -10.181317285464326 11.9991554456898 17.144394045278123 15.517397307797427 2.0596497044922946 
0.13241180467144043 -4.500956612045938 -9.050363575473556 -7.233745401331545 -8.683987226200596 -0.6689634558966309 -17.44443734324316 -13.873745819279314 -9.464177691792864 -3.458522444355528 5.000496937320696 
3.9618600086016125 -1.5120987086209532 -5.634361024882945 -1.5878955535101136 -4.34294129104504 -8.499831067851574 1.4676470577758198 11.463830127463636 13.53148154476428 8.96555144270728 7.029489658269144 
-2.565381566283456 -5.200573080302975 -7.734577387671712 -3.4571992309074715 -5.178904861749492 -10.627177277554676 -8.49388644498419 -0.5819467323729501 3.9065070139226528 9.566017512098181 6.0562685396818745 
1.5820870444661734 2.39204799390153 -3.668175030829643 -3.1529778126559487 -1.080087604538946 4.952591879567011 -9.557869334544364 -4.9054285246614935 4.462112177759867 8.167276598087794 -1.9925407642293775 
-2.586569588179273 -1.7217615739022816 -7.810133833654138 -10.316502333685882 -4.616417601805851 -7.943795487696759 -4.212109823835958 -4.0237830053867105 -2.1683571087032356 -1.0326485017272677 -9.161355271687235 
