-386.8666775567842 -347.26947859388065 -347.96340125503303 -222.5351807510321 -133.67860347632123 -92.17954426207841 -102.36174348081256 -177.89543391063586 -291.7989421026566 -385.33134085833905 -410.5843415643947 
74.71084725431628 95.68897797652924 86.75708012387284 52.05170460749865 37.827035343963686 22.233522682923677 20.107981600196524 33.73973819122838 56.665764050483375 58.017221617546056 50.39493777478519 
-25.43081104513933 -27.65003107152978 -22.528312002049894 -43.09302371546634 -38.56971001687925 -56.00875522018062 -68.83609972626115 -65.16132590438939 -49.972978670620215 -28.030892089064654 -23.678785502300542 
10.961692880563735 10.149164895243505 21.728748557785185 32.52143627863592 0.7364259601989349 -33.842461604963944 -53.60246372222076 -49.31816700156715 -20.572257078954546 -12.135081641897465 -4.41833684900329 
-3.2562272592073382 -2.218726014745835 -11.634345000742638 -27.33645593215624 -17.9071931965562 -9.439912643956706 -9.300959980109008 2.271823557418976 -21.150758313880008 -23.566295520480693 -17.982331038508157 
-14.550119509009363 -6.300114944177498 -1.3647270430803013 14.086653446083854 -4.752484602194117 -12.9583122891201 -22.176045404029384 -22.074147971165964 -37.20146302389488 -32.36475140611159 -25.144567245205767 
-18.545455881410675 -13.657958351997156 -10.888339600919315 -6.371525400946424 5.136459269452166 1.5571128744345817 -11.95611407013843 -17.536335278373283 -37.16585532648217 -32.78991361824312 -26.225396727674237 
4.079951296559589 4.007093301537623 -7.379485537373075 -5.278772258054051 -5.961552601318095 -11.909263268857433 -25.92305804498902 -18.693327974225486 -6.63259900976091 -17.739412563454835 -13.184809770360182 
6.181068249856775 2.0004492673142895 5.081880520991752 4.985488374508822 22.3296736554475 22.735531170159064 1.5652692663885721 -18.229948033180413 -6.363820397355269 -7.749149871499535 -0.25712614567245606 
2.162083050996762 0.8882615867339243 -1.752080313229233 -4.067872553252774 -0.058667971022522636 13.670165293822318 3.6094846058842274 -11.197733915340214 -10.690880996993341 -0.9760422041541001 6.438619763848425 
1.4050656361062486 1.2371475162258347 -3.7357869600688414 -1.5934672978745388 10.77373099086925 28.721503350115853 27.192889885220985 4.940432520711887 -12.570150653726065 -9.406917254072926 -2.8339149424031773 
-5.724424713144235 -5.572353583262079 -5.247562044287992 2.89145862214483 -12.217788692486426 -11.66730318041833 1.7440222170838502 4.2411162041019095 -9.735672296597965 -9.415570799947279 -11.205897178342566 
3.871612516116872 -0.10585883046125338 -0.743940832958169 -0.6473164301735863 -8.074583032631935 -15.385102777489326 -0.3374834552095487 18.134361414045287 18.93821829242956 3.5806537864761174 -6.9560435291856 
-10.046283208350141 -3.022687455274296 -2.646568009635774 -5.0119375336092595 -7.433496157020402 -20.37686450241008 -15.145762390448438 3.5239440737550236 11.619808969386158 -3.367501283848005 -10.484469656184292 
-4.278576700981293 -3.8724787033022716 -8.098125048822782 -13.147830028107784 -0.6563070925180366 -9.631389314792902 -18.72898631667295 -11.039603690221265 7.516559048920231 -6.193616603579793 -11.42983645377415 
-0.831203459119572 -2.576666225053123 -1.1415643034538465 6.165623429527086 2.7458090116252545 2.5904926794337815 -6.051726639046663 -14.74394569382251 -7.706241317262268 -4.615119962052033 -11.203276848779083 
0.7085465296709963 1.5664121806513174 1.9188940524301537 6.458025695592975 5.48675548962165 3.080653228583296 -3.8092981490260867 -15.544147113866291 -16.280058506662698 -1.9710655605615708 -7.944079802313487 
12.281724486891944 8.810907148586612 3.279794429666815 3.868486496147794 10.629853373796367 13.020270417047122 14.493743550225014 5.656175380107074 0.608695112687026 3.6311815942456143 0.22494753790400351 
6.042440126238361 2.539821122355196 -0.05270215891347241 -6.772569653175625 4.053202198956479 7.524973348928141 7.0198080040076505 4.946265040613646 14.206069912226774 2.8680454503834723 4.9803645433074 
6.244222060348003 6.743282005409679 0.9853896825001172 5.963135152189045 6.24532925121458 7.636020164776451 2.550326823322182 -0.5560773606035008 4.955414114940125 0.7353396021367233 3.6901877413580766 
