-594.1512403888222 -438.4189811920976 -247.85369472399267 -213.73833706309216 -246.66488293365018 -287.0945979514836 -341.3293838145334 -412.76011830684246 -462.56125663414997 -527.4932852434896 -565.2635346155308 
35.33397941412491 69.3490922287939 67.96410534771196 75.08657180711552 121.59678433860347 176.29914397500818 166.08746447769556 132.96592895270817 96.78276752905273 52.34346871157919 35.30415788527057 
15.860823336756045 -36.738916350135256 -38.34920228212796 -38.875560035257735 -53.84459461427885 -74.32399831774606 -51.24429341355136 -22.823739693957634 1.3242704558830778 12.570425848486654 16.537930333809257 
16.397491042782452 13.04815905150296 7.867877632206065 -9.87671099143644 -46.05871640011719 -50.495911243361235 -51.85806667617703 -53.829759428198955 -44.662710755591654 -17.605534999167006 9.095402251247487 
-7.984354674134557 -1.7232615527616595 -6.493146920655249 -11.79246444196993 -24.136013861944555 -21.20249209026716 -26.007365199567403 -38.57009114648872 -47.876555278572575 -29.487304801988962 -8.362916134345989 
6.331740788750567 -10.973778304175283 -12.43901642468448 -15.559250633566027 -25.995470802344627 -38.147866294865096 -32.41776353483813 -20.73082391500116 -20.43037071206549 -20.117759202953295 -11.550683270587182 
-2.0822419018791614 -6.561617073263044 -8.716788772875336 -8.00137536532078 -5.726578252967964 -7.038740890927492 -4.266478235611421 -5.783686892605839 -8.747334461943353 -13.202274072645444 -16.87219236809372 
-4.581065217840309 0.8357257209486719 1.1810923206066777 -1.9759975027455476 -13.236074419653594 -4.905654782545111 2.853154641920856 -0.5316486549932802 -0.0676724254185565 5.490000236447691 -2.239387931867836 
1.033807488411639 -2.7711953125280835 5.598418044884663 10.26880035489742 -7.748238063935398 -25.193104559556996 -18.995589063008474 -7.634054325363634 -10.40921732053863 -9.157894060948802 -8.513973869428717 
-10.462107959828565 6.249408730968793 14.404851029453926 22.358459678886774 12.727680670642087 0.9209654818153188 -8.093262282245687 -7.969794354824449 0.8863046590277915 4.425403584780286 -11.57364993012661 
-14.20463291374812 6.562680166583411 11.0924530873996 20.47809990021328 33.550164573936485 21.29103646694144 10.439382075232661 6.483436537669466 10.562148301682756 10.432622562707959 3.482529110658761 
-4.031384075665285 -14.8652584036859 -14.968170661562535 -9.19327935259934 20.012977932535783 12.63645137854862 3.73956090338823 9.325592066400429 6.005913234031944 -3.481929838191293 -0.13648842932728122 
-4.097457768496904 -6.614326491223483 -11.644489442352164 -19.812963418552364 -4.262211181311941 0.36923366800319424 -3.5475189469523865 -1.2467750728903142 -1.5878338006305446 -9.519101410203797 -0.8183253180477755 
3.8463024977299383 0.7979740436632887 -10.850775263435729 -17.607236464116255 -12.825846455256158 1.635004808856877 1.1370426772226179 -6.601126007884394 -10.998114599910306 -13.972072517117534 0.44993720971762524 
-0.27339461284107264 6.613322896239506 6.840453548524108 3.7978332380125375 -3.9480866664533605 -7.063654101519471 -3.0669880773953992 -7.310793865912155 -12.904884095454978 -10.267272024776329 4.761715903517716 
-2.9344056426300096 -4.561689430326362 -9.18381669846975 -7.221266345109408 -2.77087657572302 4.335335513352327 3.544864828208791 3.6451996824316653 -0.2795695847351948 -7.026960633054327 -7.835420617525082 
4.938488334092067 18.521953453710168 19.22078864264391 11.690682575565177 4.09827597967414 4.3791898319030125 8.545514191836624 5.005881599977226 3.4842935651075693 -1.9611038982700633 -10.22735519358892 
3.6730062858401133 9.614069667709792 8.359520997698107 4.917158238713284 -9.109430177488427 -0.5135644232095696 7.15547225405615 -1.5062747685555853 -4.9524858377599665 -1.327712197510172 -4.195559294767577 
-5.636157249490622 11.110940090545348 17.627879518535103 16.48283859902406 -0.07763358956293143 -6.4988815739876165 -1.1223255666479757 8.100820961189015 4.111661066924008 -1.6218344876511162 -5.747706209055484 
3.2715024974996076 15.74439063945768 13.534884199571517 17.871649340553127 16.31053833466251 11.694813601207201 7.132257289179192 8.094691186984129 5.234409248652808 7.6405945421509625 2.9270702507966666 
