-490.74167197324937 -493.66588174646813 -505.4670616884522 -506.2727708175471 -326.42412956902496 -182.7786085526939 -128.35610837901126 -123.7785387262288 -154.31900282730814 -241.52170247506047 -370.74890691401947 
58.35393291239002 63.698929990352596 67.02472851448884 70.29260964840836 41.46091665659414 11.650160915445863 -32.79393135825297 -71.24351782315922 -67.61906818280903 -19.605826944509438 41.05908571495173 
6.387529234739657 13.917785496636256 25.30556989167816 22.80784575144298 9.410408235801063 2.7356362691739684 -2.4699738164074767 -30.60485762109554 -46.462751538412 -54.171953573179266 -35.8211474170341 
1.6881863577126293 2.998990468056019 6.092206331885778 7.651747430789545 -2.9714578802429474 -6.2004087657192795 -23.47934762933064 -47.54355191643985 -39.87480117847652 5.772127186099285 39.74541785018961 
0.6194282048323387 -1.435555215271631 -5.884532161395013 -9.62892060011824 17.548759608303666 8.981287576602693 1.5365112349444496 -14.316829593927586 -29.501672300485023 -31.594533286585374 -15.115839847175216 
-1.57270588044858 0.6288091029484546 -4.878880197346032 -7.892037067436121 -5.006754523470499 8.500274718779274 23.184300891005638 30.677503236535983 32.78560611366207 25.079573579893612 -0.2601976023435543 
-10.635180448691624 -10.35746983533782 -8.02156661106837 -11.172435232073806 2.828535384752989 4.330644110324069 1.5099674693555234 -3.8605735347998382 -0.9402513572219369 8.769514279164257 20.580700155668627 
-10.399841433783923 -6.867021404113309 -1.1916279905610978 -8.217295581041142 6.585529264452419 8.121942459289055 3.353996406436491 -3.5562893981666557 -9.448894975757774 -24.74427414234321 -21.878992763950876 
-3.4940472076976965 -6.328708168929665 -1.2654362684890996 1.2006700094863614 -12.325709301157389 -15.667926699417723 -16.033748106767575 -15.27400993348575 -8.856565493734415 -4.422503188214466 -13.575608899087136 
-1.4379684784679614 0.11460193858657597 -0.6750047547624782 -4.236639127289055 -0.8527044678507436 4.413151912383042 3.2274256232202987 -2.8623103399223906 -8.104827904413163 -17.302373777116784 0.09861506528110686 
-4.661713644021342 -4.292677999950291 -6.056964917219176 -6.995636332957241 0.4583535428834993 -2.4636744229654646 -1.9037905617144042 1.3152441863542472 5.159627049701209 -2.3153696724050947 -7.657798736705885 
-6.042881631125398 -3.2371580518101695 -5.519784281291865 -8.05890452431587 5.860636751215987 0.5473784908996481 -7.903213688205554 -8.290143825821279 -4.212975146566104 -2.1594573709890086 -1.452349258402955 
-4.201552815312798 -1.2152883865462538 -2.7773618707152656 -6.446136758300693 -0.6232333142979742 -7.593714787227728 -13.63779019120389 -9.155624631555211 -8.423843088951694 -12.66725178901981 -15.742736811967466 
-6.2748547673056905 -6.194132145529197 -2.160817555472959 -3.168350440716009 -9.26063496077148 -17.078332566493458 -22.41463052586724 -17.272469258796114 -13.723622924308277 -6.651445688777736 -13.157919754813335 
-5.515891893679159 -5.246647216715976 -3.705179162931598 -5.718911437598677 -3.269030964321826 1.1627637245551625 4.95518573081867 2.892716274590647 -5.764068430296848 -2.0253206154234347 8.860266213630556 
-1.9205791549938636 -1.0650456305983254 -1.7192081699805954 -1.2046720560409674 1.0963452843064916 1.61046654221306 6.315551396807784 9.355073996151958 -2.2170928423727863 -2.3693289675599334 -0.5270837903116792 
-3.1805625190995905 1.3524486322786036 1.4771381226080482 -0.5931088500154769 -14.692818393143106 -4.500859823437935 11.792074471234795 15.72027854202783 -5.111236996982653 -21.468065739170257 -7.956095602304572 
-11.274866607516424 -5.373652094428252 -3.4375353054390887 -4.062618547138628 6.778462770270224 2.403046712489169 9.513646842802329 26.29794084879292 19.49638645837462 -4.847775662479283 -5.46084472941384 
-5.453111846045536 -1.9836481712265885 -3.1386776183121414 -6.297430181968235 3.3481718577118 -3.7735579941467576 -16.380013357609112 -3.1344676760905172 2.322703497601787 -12.587996829458174 -10.394677876868943 
-5.276904488755651 -2.909419297260495 -5.834384953759518 -6.539770708766879 9.533741773935638 3.135635385428568 -8.475976905697017 -2.518685728377864 15.993107561868028 13.07445645060547 -0.5866623993129108 
