-627.6705700132751 -628.0222147098153 -674.068475299128 -695.2033640164301 -687.8620083452231 -544.7991857572324 -276.6464507273013 -168.52647969217438 -142.9594440872978 -185.75597491923438 -313.28884337188964 
96.03073666602924 89.42555880873718 78.23791658249537 70.95732844953956 67.07117453806993 16.1303471718919 19.545437642080415 37.78134193902081 49.704934454407436 49.379339380115056 95.02985995340532 
17.670897025239917 11.169394086775727 3.186892004804628 8.061613108880739 1.4428637331424494 1.55446597702494 -3.9207430404533357 -1.9142939780840373 -7.349920503691803 -32.7433307623497 -47.00135992010759 
0.018425459901391716 -4.685996302695623 -6.114181149393725 1.264606205182378 8.034294710342756 -2.3573234525267748 -12.912459295440868 -48.02394525038386 -80.26906871171943 -89.27684108376926 -50.38760258413078 
-7.1818866207235015 -7.733264122793273 -11.457188452757556 -10.182736474975908 -11.749460018742578 4.164603919042911 0.9343554205367931 -16.10084700380975 -39.139136716648935 -68.71818779562963 -56.48379545880213 
-27.963606763904625 -29.363224576828394 -23.423908533553323 -19.47169718041077 -24.246686289139976 -2.120157715737501 -0.26057881201639965 3.4258423896036847 3.2180440989534675 -10.973222291038912 -18.44021709622952 
-12.778367702259702 -13.439239818428138 -11.041510682597252 -6.423956698637623 -1.9113008355668795 2.038092870016585 11.341115880293202 6.10105783682353 -9.923697844304414 -19.56504336952838 13.160292631720825 
-11.07432027957037 -11.16820261798606 -7.890042672568892 -5.141089775205112 -9.330138471425197 -12.210866102241296 -14.94850472170841 -13.031764415250837 -13.969756146830285 -28.057609664921962 -31.26406005163984 
-8.113645701722913 -5.7039818755647325 -7.133233702280604 -10.763983549054222 -22.68590508578603 5.562541464125825 3.877871621214851 -12.415858948229626 -22.795989617369603 -29.840611263432237 -8.853938092213955 
-4.859484630385877 -7.583499048948159 -8.520214430372182 -6.805849165125765 -8.42783734898386 -0.8076146993055209 -1.0550992404730444 -3.1308917952443114 -5.682135479357962 -14.665783685475645 -10.935315112654107 
1.76506350944532 -2.996254560165922 -8.653037377800251 -6.816489603530309 -6.479836762796199 -3.3556796897886585 2.9473714160178357 0.45007254024774146 -1.0069869762245653 -12.088119662899505 -4.941022689053846 
-8.555234797778201 -11.440605135783674 -11.971428602259603 -9.911430432437434 -11.849483401885163 -10.399096036440902 -5.028394488824041 -4.784217467697444 -5.336801584660327 -13.669942509644372 -11.409151659830439 
2.859829356010683 2.8327019837032084 -0.09249011262040141 -3.6289777820715807 -2.3180604586180533 11.699626325497235 0.6446172810536274 -3.74451670568393 -5.673661839279246 -18.407589438775318 -11.18151461585638 
7.501201917596642 7.070475001775687 7.669261205195783 5.505935081994643 1.9805846657411985 3.726615899363529 -4.292935939334274 -12.706806331013425 -10.608995544346753 -19.347454214703454 -11.180932260895261 
7.8793716986356355 4.394182720000824 3.9245960838282428 4.838998563196347 0.79397717962789 6.9777786120233625 6.919563127244598 0.013785190695382088 -4.784440998120596 -17.338862009269064 -19.290627448297315 
-3.4887047394881066 -3.34953390326066 -2.408908972730759 0.048232451785173935 2.4864519248414654 -3.72458639150718 -4.695507963916409 -2.9145124662598176 -2.3218171245037573 -9.481433818489396 -9.238097540478876 
-3.8149996959853807 -3.0897339410821134 0.6085516996511058 1.2393409890917435 -0.6932592260385168 10.92316933292054 7.005439443500942 10.851331655661864 -1.8394925099575352 -15.610045191146508 -16.650703216579473 
-0.6743339891013 -3.5558293126275182 -0.6152619047031329 3.1171942658768668 -5.104477069154787 -2.778523551004279 7.628487123142718 26.998032730573943 17.851427020987188 7.231289697227487 6.726012037766053 
1.4194751483646781 -1.5706462539452923 -2.808530497400254 0.0085081758523992 -1.0589070334155635 0.3926614783839524 13.086970341272067 26.565853717547597 18.38360883407897 -1.6023681288897929 -14.852518934345163 
-0.6201521485830596 -3.8903364746271287 -6.5190285202323075 -2.752698472773127 1.8996350976220715 -4.119222529893557 1.023993181503098 18.15464956255188 31.812202746061267 19.987314302026466 -6.931253503436699 
