-617.5386792860662 -429.46695799526486 -272.5915409872131 -224.04143526443076 -237.46465175986293 -300.64424388004545 -420.54585107626167 -538.2402536413729 -564.4885771457201 -565.2609345713938 -569.7427705831218 
41.803098086476496 -44.71847470877343 11.341535704153026 58.9738644260802 107.04255214351619 116.8533420325985 110.18939718206771 80.82951477761085 56.47740807553099 55.07274471140406 55.012530389915156 
6.847593944224231 4.9207377833715995 1.2681536681846943 -14.179279511370074 -50.20505077897771 -52.81404629003432 -20.24079347147353 30.652153742478447 18.453376656234 15.896206738867818 21.084287457967548 
4.399965291084786 -1.0294964949809673 -31.53505848958458 -47.61080180192299 -33.08583008498482 -19.066723804256405 -10.44575629198366 11.500804674715013 12.556556938047134 10.935764919583594 15.577076333237194 
-9.52109978907858 11.039578822412414 -8.252289305796118 -22.768396910781988 -22.065519147971067 -3.664365734210195 1.3950912257513715 -5.750365091757805 0.31311074062153377 -0.7992521627167577 -4.0674503492728835 
-6.756086640542977 12.686864001738137 17.620596375775186 29.187115660684462 19.423555430481287 3.512237693581135 8.516370686447683 3.1636422017150396 5.944150863526474 3.7765523536471592 -8.268537244936233 
-12.236528310434622 -32.39863961254556 -32.12757140103332 -21.133327425848904 -9.073971960368628 -2.506359729740102 -14.11103276544764 -16.314250303608638 -13.241612921362982 -18.196700340689347 -22.832491679386486 
-6.901403370661086 -4.4730487913426735 -22.386886094094535 -37.459316660403445 -54.88783920007006 -59.993466117602566 -43.75395118213044 -20.38513283875156 -13.804589018000616 -16.011673904561146 -18.534511153128015 
-0.5926615118282179 -11.016301957682584 -24.267206283780336 -21.78427347774832 -10.00501890476471 -3.2880525017164373 -11.1218254472359 -10.453583277395435 -3.86172924392673 -4.975341413842189 -13.463069358930008 
11.92302384432147 20.122843018431332 2.071603206344531 3.574157422203248 -2.403065321623017 -2.3086409892755806 1.6569041654454302 -8.254239630885971 -6.396417610519778 -7.955944802841021 -9.806149689934134 
8.677684356004214 -5.149487302725822 -15.754883436409301 -13.19739524281539 -16.391709926678214 -16.96008005160338 -11.073571931654001 -3.7909059674271006 -4.112010488599539 0.14625350410194463 0.641317651718966 
1.5867066807881183 0.6673894341041042 1.1479247522939369 -8.180026111561899 -16.100134099338376 -18.027073951482635 -12.307116676071452 -11.035771086896034 -12.443671938767597 -6.921040936978585 -5.936781355216311 
4.218559984517723 12.648235779491205 24.38723957040393 1.8938283683844221 -19.211201714550345 -26.3297386988787 -17.462831058659326 -8.900484502277834 1.8988175968260914 4.936555826387993 3.661153996165937 
0.278166638689084 -5.15210024359088 32.872536725406334 43.685564361029535 38.81663382700755 13.006301985292705 -5.37784583630717 -3.4136128519060174 5.023157722167276 4.936164684800874 1.6661669717824608 
0.7674857138289745 7.768397711853726 31.75357277079963 49.32676179573352 46.46079205184749 31.511238977965252 11.923534806363062 2.1708815471081815 1.901721448051987 5.8907270351560825 2.0314223981487545 
7.129262614513662 0.5489188939143348 -3.8932803619020224 9.497898510498288 26.761486725741563 34.22498235914345 24.162054733605288 9.75284613995628 4.830687305739415 5.501066997277233 8.755722982413426 
5.203967411275787 11.80363529132801 -8.929512293331765 5.346520406348022 36.7761171964837 50.45297516805668 29.74469438519926 8.632852889582542 4.01488420044539 1.9431325392261518 1.8090930751445922 
0.46182225312077985 -1.8766835667287953 -22.68575237396911 -32.634593692879704 -13.191830365033464 8.90753772535249 18.821729974670813 11.033986429316661 7.820528490288015 11.3145892613747 7.343348256252433 
2.014737741266066 1.3511321274464865 1.6511884286290779 -13.159373658850544 -17.144791585544358 -15.003740126261423 -5.147245547096303 3.1365719306214257 3.661762847122996 6.630254902471422 0.3658506894321041 
0.16295724667557066 -7.5990958139916 1.6387972969548301 6.29454841909256 6.5134004141814295 4.012502178768781 7.601858653633132 9.19763980216733 6.41736527861076 8.94421413490239 7.144347898775688 
