-598.0818146673396 -524.5380718857755 -313.72572958173714 -218.86195752364694 -216.3772561900822 -285.0654225315206 -388.8213986245596 -491.133156327144 -555.5117421638963 -568.5349017379418 -573.3524192766627 
28.48212285523801 -7.10390880378637 4.530086190146907 48.85611035403703 91.84221498705142 127.61402907227215 129.37805269171284 98.0250197311189 54.81156775546685 43.261206906649576 44.68403264548287 
-6.427380558267246 8.617057340990062 -5.660074288130289 -18.487474106358157 -37.993246729608586 -48.23299414452326 -21.92574176678953 9.872195363523439 7.187727347528099 5.784267477902665 8.395840494064043 
-2.6617267264527986 -4.686396869580037 -23.85841060074152 -40.58048568964692 -38.427055822734474 -27.633721073539245 -15.82206720522983 -7.199411359138239 1.3276889311392142 3.722188279275877 0.6575692621345228 
-12.532106380630317 1.4039368081595265 -8.808801941219869 -22.43400906898497 -30.665315542620952 -29.196043460928514 -18.76362486173258 -16.237025492845437 -1.422741014432461 0.016546012027725432 -7.641889328229341 
-14.54149059241403 1.2658100815573055 12.707266384532979 21.802258725997135 16.67622275433586 3.722605906966284 -2.3806692801042435 6.899233939486363 7.2104610366807895 4.923669976580088 -0.7451494033369294 
-22.33182424530636 -23.934142326873264 -22.03265043730154 -14.520442564921243 -6.8005820853460595 1.3855822201604158 -5.238274142957272 -10.790731664229677 -12.966220892026842 -8.001822370984605 -9.493368725536282 
-13.631693056165007 -11.530055088725724 -15.367209389327794 -24.499596781638942 -36.35073299962766 -41.69198845968347 -39.9252328003807 -22.877124567936768 -11.884240948968385 -10.79986413570316 -11.007216712335984 
-14.284759612603022 -23.499416920602734 -32.36614459410385 -29.034628883686903 -23.25089718898873 -22.143914147451063 -22.67896839365585 -19.37272162862861 -5.965105875539097 -3.345963001371958 -9.529752661399172 
-0.4314217063077556 17.58930253726345 2.4003956796642267 -1.6747737748570417 1.9564075047025682 10.511487536579695 9.084771028469612 0.03921099214355306 -1.4899677192231253 -1.1541822340740469 -13.81060717530493 
3.85298603467676 -12.900993169487327 -6.513752788873663 -12.564345788773046 -23.755216729826166 -29.40534831215447 -16.99451428188489 -2.948567281660827 -4.214532682948163 -1.6943068981265088 -9.417483357539744 
3.329216521795105 4.111872425552408 15.259014736673826 14.658122483204213 9.062160751526426 -4.660010422302539 -17.539365739350263 -10.639820197014902 -6.872749983688415 -4.3017060451822875 -4.428909804910805 
5.319409082344974 0.774831608603561 23.089077579799657 23.610397134456253 15.561141206760478 0.7411758994247755 -6.924343749976241 -7.053650221931378 0.5370198659024062 4.369325265036922 -1.5820210916226571 
6.24802795953211 9.612864121520467 28.682218159476747 42.16499226253569 42.16373651673437 26.42891662801601 -0.7692774341611954 -1.2003788080780837 0.07398378536179812 2.6199547134613717 8.554727461214277 
1.772820318617668 1.7920496169313835 -2.0070716022499004 20.11339996547597 41.91872122803973 48.90375924379795 28.892247165634373 8.121956979155843 3.42765043972872 6.63819647281939 12.666380459764639 
9.458014810923697 2.0116803965219994 -9.123683983005229 -3.0191535033182024 22.941395354113325 49.69650186134022 50.459318122019624 26.856341884968252 13.90495498435735 3.088196039377104 5.708612190170212 
4.293445569613805 9.131763950047446 -2.283140245479561 -14.9381630182551 -9.772786798042006 12.794153026390745 27.096645037169747 20.51521782856598 8.513568084071762 1.4226219535262135 6.81844442708252 
-0.7097110550971495 -2.9079911853695837 -15.920307359095982 -24.933910117822045 -22.446774488409957 -10.636660676772221 5.249500435603773 12.962025728208609 9.880653149859459 5.628071072529269 -0.603106434547135 
-5.20751198331196 3.1523799873743914 -0.8647785166446272 3.8838312931019603 3.254021871279677 -3.0113087650410777 -4.816437398876396 5.451729248325007 7.77424187142235 8.552123833432058 1.053711799498995 
-1.4108308497854591 -10.215950364615153 -19.508102780198946 -12.739407380649437 -8.497438902721559 -2.815210994825441 -6.592795113765662 8.226192089578971 3.084786120399476 4.502625533116858 3.1199724766627916 
