-542.2300305380977 -546.1038111468175 -431.58982470591565 -265.5901120409731 -228.7376591023285 -266.0289779845927 -362.23237750924216 -493.8385355941949 -524.9121286312776 -521.6936026498228 -532.2721988565263 
25.06582891754704 28.00435177421211 42.578152480149704 64.3519345484593 58.409126923214856 47.769051120552845 91.95217646631764 88.93738559079995 57.57025217379318 60.21999965254439 64.528789338117 
-27.433247699649144 -40.00531188225993 12.0266577232405 32.60176425782943 29.406508953018125 18.87694534576871 7.014694823502591 2.7684847889814708 1.382939304399931 12.410295094663496 19.201945303721814 
23.627286058552983 7.1898376700654225 2.2774060163688814 -54.93104154000556 -70.76068892274253 -51.29226766593395 -4.380446868864766 44.399996429388025 47.900967614534366 39.77713320488404 41.99467498095416 
-14.549824103389508 -15.43211404309281 -16.499465260205916 -22.547165164805598 -11.664317194348232 -5.423172121189749 3.8815496484726326 16.66561665633127 12.35707043019969 -2.1461082425067177 -0.09470632376051485 
-15.283708928380108 -15.475669826273139 6.41666381415099 10.9235520701552 11.681677627191537 10.036654917030855 2.674408103496439 -11.148505601910383 -9.187462964958048 -12.443413390424467 -6.499562160525386 
3.1208114009966232 2.926007380525908 0.1451429878301631 -1.8651029830417247 -14.096626355271018 -20.31063925586838 -10.293901423404893 -0.5698181383536445 -3.2678461961949035 -3.41909110754622 -1.9229104294756043 
-4.061360609676493 -7.539550073465223 -0.9774033105543432 -5.450525162518822 -0.7637677801021112 -1.0137238309534533 -7.820770955484901 -4.989577487122332 -7.3223758943472035 -9.10953300059592 -12.941604512021105 
-10.244422375093702 -11.06741247322724 -13.720301820048787 -23.704309103269292 -23.28198175780326 -14.36139614855669 -3.2708330798007808 -11.687187084936946 -6.118857476829314 -2.1537119002034313 0.9009489567946186 
9.750458601937027 -1.2152512614909612 -14.40205153604781 -2.44350461916762 -3.0104854550692397 -5.329127515461739 -4.372024368455838 -9.101717885805694 -4.821428021475737 -2.975813312435047 0.8044857877263099 
1.9404457209250632 -2.045269936098585 -2.9672355612199537 -7.592468241037352 -6.118363151708431 -5.758445941830099 -15.753949537120413 -13.38395623987467 -6.264151627227077 -6.329808928321089 -9.450701821269883 
-10.85555164797207 -3.6124192254025744 -9.246113336174187 -8.166971005518795 -8.457643887374186 -7.1219787770986365 -13.364804490406428 -13.194333195131861 -12.02858135605283 -8.9361803983793 -3.2644286727584073 
3.0461504151613426 3.3768992967998237 -7.03970882392946 -12.119865029915955 -14.016605556953765 -20.4070259399659 -27.996963872344697 -11.929124446602483 -9.599877224185136 -11.904343526765215 -13.980560214496798 
-2.1801533596602924 0.08358011978600621 -1.619717666740625 -4.814736010986295 -2.850906603434581 -9.665365615748813 -12.893666239563647 -11.811893755900558 -5.286985092135087 -7.240653117567801 -8.337915173863998 
-6.133659909590407 -1.8171301386784806 8.620977212012306 10.078815059970797 10.111396899006435 3.405444643208131 -6.438189570399253 -1.5432424355568688 2.188410164221372 1.2251719286018483 -5.910530874236103 
-0.05748701578580262 0.3259694368673709 14.897787470677361 29.08834051522893 29.731282060401412 36.901904351173314 36.601855135204985 -3.674746040679133 -9.243839353598258 -6.196217103512231 1.7846755034213144 
8.257240453738918 2.1050363330319826 4.81366065966086 21.170580183136334 28.566105044871993 37.362717666764084 24.01594055645321 4.320215387853035 -8.152531761829959 -8.610083352719567 0.22942547554991477 
-1.6192362576491788 -3.8931462700591597 -7.020404902525399 4.206468323472567 17.847654316202288 27.35410907371391 22.003639008938503 4.161164813901228 -6.934367239180854 -11.192896221621528 -4.922506568949075 
0.7715004166244565 2.126753889834417 1.4759605145577797 -10.799279211782407 -18.61019588603797 -19.33388883757371 -14.48598378924852 0.5354433082023786 -9.027676182427935 -7.301620182264039 -0.8160119235219427 
1.6468095402049157 2.9881705514980714 -10.537371070258885 -17.201768214373004 -19.34994880415735 -18.227130058658517 -12.09804365542205 -4.344403508739811 -3.5067857870813235 1.7268956948023182 1.28531190515221 
