-667.9128826585534 -610.4196114549746 -243.11774680115207 -89.73047732453034 -32.51833083267377 -28.616850705770116 -86.0859205679908 -189.19216582140905 -323.39048183624317 -457.81012750001554 -592.2520636132449 
0.0 49.2987202549658 54.510873304085294 0.185294376619264 -23.75908088132961 -13.869944577996705 6.385625238791112 21.284702770298292 47.87322502639571 79.68731683010603 74.09193771196917 
0.0 -11.702226120161411 -69.43026636157015 -75.35421779545962 -87.55817334896254 -92.50754260897233 -94.38894535214958 -96.68348621453478 -82.2295856249525 -51.75682681725429 17.243488848592442 
0.0 -43.372583695418946 -30.727287878201775 -19.203266280137463 -0.9116968116040567 3.7003288446640754 6.9670466598350345 14.682691046168985 24.862111226995424 15.909245494444942 -16.404147440176338 
0.0 -32.6521130930035 -31.64558263415313 -15.810788557598265 -16.772261278060157 -24.22933171044419 -29.028091881622775 -21.25701602869893 -26.03206736376906 -37.76422853085613 -29.831649986951376 
0.0 -9.260186595344422 6.150810274273808 -1.2965498725469256 -11.046973412584272 -12.697436976731218 -9.927944796044363 -10.590707814852795 -13.235035433128505 -26.90729577946122 -28.448912400663737 
0.0 1.5135898202795202 -19.62368976250329 -24.87403774328422 -23.83113663232194 -21.084230284338002 -20.671204686690086 -17.233490698120804 -15.680253579946399 -11.653533836161529 -16.33916575913033 
0.0 -1.4111080766865418 -10.19019036203035 1.2162021150108513 8.064079000155816 9.5815942888368 5.509298322851129 -5.192306805687138 -8.433953818964305 -15.491459526267658 -6.5228718467668365 
0.0 -7.382869016285341 5.384290066395056 7.650106055924548 11.387553170482827 12.552852605317769 12.954888255796705 14.18058282359624 11.589079783862331 8.68678438093384 -5.381525973670803 
0.0 -6.531824275783833 -13.620291271649865 -13.752188999036324 -12.72964780180347 -9.318507889886538 -7.396571652086712 -11.128623494445225 -11.288786820600269 -5.0850282009915215 -8.084426654732832 
0.0 3.5928814709553847 13.238570626102995 8.283367758541916 13.785972026369208 18.89191113235742 14.561845285646806 9.8646960208434 2.705108960100551 -8.409615618455057 -5.704937690645774 
0.0 13.588355130506724 -8.139892871631634 -11.259541932424472 -7.921433231136633 -2.864697803640002 -0.6441463784648984 -0.4822339756043368 -2.682642907444089 -4.0959471449231195 -1.3361827693413022 
0.0 10.700247172017505 4.9647990460067195 -1.082481858285483 -4.623860182511076 -2.160940787666277 4.597073530467789 7.243778745102073 6.3608758982649185 0.3434930672217249 -0.16825778911925665 
0.0 -3.3747789817354095 -8.329624700518576 -7.160076602369056 -11.898259061852663 -13.886025874454443 -10.369787092687211 -4.7498101775195325 -0.8529042396321738 0.9713806045845726 0.9656060950939682 
0.0 -12.599473196852468 -8.572121819739968 -5.446770191264438 -10.52958650338206 -14.261794395620072 -15.15486293697844 -10.031004842075436 -4.59115882082461 -0.7197759446765395 -3.188364575697276 
0.0 -7.483011130895004 5.027640016491123 7.537758755027906 2.3443608486905845 -5.010842521723907 -7.29579052368881 -3.4659443943726274 -3.0124792198715213 -3.7898100116582167 -10.411478395982977 
0.0 5.115602990552283 12.966636755032088 16.348740415794985 14.604751188560805 1.270625087237176 -8.294034045163944 -3.9671496960643964 -0.4225670888525748 -9.883456254153552 -9.55282467428206 
0.0 13.22327377896694 17.60365707468422 21.9815821396703 27.597976367645074 11.904508069255133 -14.83338847594791 -20.272916510098135 -11.374828318576336 -5.377278697587533 -8.194453694859774 
0.0 10.35838077573517 18.703652505759734 18.099004019723395 32.544266589351565 31.752356449473165 8.00121832388481 -11.261777865617919 -5.952181460814464 -7.978659008174425 -10.398765033089642 
0.0 -0.831191188580441 -3.59722244978689 -8.012568281271633 4.957131509231541 21.539785568497706 14.289537570404963 -12.485655078184376 -13.349615235910548 -3.013463105134798 -7.782228970567507 
