-463.1959769802694 -278.6658246095289 -123.9234580610925 -88.19471836561648 -104.7498289175391 -155.44522937543925 -319.1848352839399 -490.09669403095825 -519.5210368479362 -498.434473088481 -499.3263332906914 
9.781679324115409 102.5413280908152 77.94122514575596 55.58495198183002 51.55945981595399 77.43120444564761 128.4052076554574 65.78001894187543 43.549709937012935 61.351595660895335 67.8415845577984 
12.943790467556315 -24.200238067974166 -59.03828105843294 -68.89050609124615 -59.53750224993831 -40.990966391596274 -10.700325222164395 10.427040900045338 15.247283122452863 6.445838877967205 4.4073846238699295 
0.10475726316105816 -50.3819623981466 -36.83707717023272 -20.49157288543175 -17.097485529954263 -38.52057013981735 -43.78360231714569 -18.351985472083044 2.5550590626049825 -7.907860603559268 -18.426004993462666 
-22.25507061303788 -23.570897586878452 -5.566755589574435 -1.033637108955352 -6.165453993330937 -16.228674009967538 -22.277276524533633 -10.384239453846664 3.188580087142676 -0.7724336265642274 -7.758224873650235 
-2.797886539139803 4.454728175492466 12.687495484055724 12.517283953208207 5.2854415441099825 2.687857739660133 -19.434636368869356 -4.149652147841532 7.840339730147982 18.41016880240923 16.613419245933855 
-12.58094909371404 -11.45912561594286 -5.6550935388863195 2.616510537947511 -0.6429936433433867 -13.319416769415925 -5.536600466965075 -6.410501147244986 -0.013032732438469925 15.588820449472104 22.14475925806576 
-4.988615658924042 -15.007433594863807 -22.61393756736978 -24.355076270633816 -23.60568076730096 -25.363889522135942 -17.120742639436624 -9.646890570253932 -8.696921309020547 4.749692690727833 1.5459889545158239 
-3.8941911360188026 -14.674167215301448 -7.086189255639459 2.284446333223676 10.601700371018534 4.707553188167694 -10.1664978510688 3.389899133773117 -0.7591019228113082 -0.06234871259159683 -6.272312025203549 
-7.7553604478281954 -11.173716163792609 -7.792829490719271 -7.532479306836622 -12.334410227820747 -14.384869652911185 -7.0851973678348825 -7.309001971702587 -4.348644383941235 -14.340646600315697 -18.867758473897364 
-7.8690298573960415 -5.183767305360931 2.460193812013089 0.42954492913993225 -6.085462778759767 -4.607731007565928 -10.197297999815714 -10.642993483735108 -3.8475008261488033 -12.162931860702436 -15.668219632113862 
-2.031246429940764 -12.629885719422695 -10.122799850227274 -3.8892256037593516 -9.199658074377805 -11.086268427606509 -16.863951439134865 -11.114985418768821 -11.041121083345612 -9.066792294578256 -2.630286177891768 
-3.93613359163513 -4.670552086648044 -4.095441697396869 -2.4528895310658205 -1.9626815882718838 -0.707755825401027 2.0575316662170344 -3.582201049764872 -3.49395033853696 9.177491802736427 8.24160937165707 
1.5387907819058617 -4.473517739245059 -5.1475426446306765 -5.705814827045684 -4.970987540044229 3.435131056542067 10.234794082522367 0.4784219014008473 -7.450382545819609 -0.2384761543379366 1.419672484052787 
-10.663007435211668 -17.478590300235858 -15.483228452858697 -9.641048638004424 -5.9204276906391655 -5.932817064048933 -2.1793922571935513 8.572014938892895 -1.5811756472731315 -4.461527988205473 -5.974805485140392 
2.150303683596944 -13.39436386641524 -10.290557141718306 -10.6197393146528 -6.960494638931179 -2.6475083972359554 3.241459719786628 -2.118943118091112 -8.795758779182975 -15.554210529537778 -15.483036943333003 
-7.9873351981497125 -6.83014101167002 -3.1887103135001276 -1.9542726590323216 -0.9402457734153796 -5.381554700440297 -7.702417028390477 -10.392109272912123 -9.06320480802274 -14.59851861375542 -15.47458298923242 
3.487349427366101 26.388967540099195 27.7889874495362 24.384245278064533 19.362401595806865 16.175182543247878 6.858326847000652 -3.3622104532255497 -3.0926907695101695 -4.56139442216564 -8.06475608249744 
2.3523019225762085 32.04945208341878 25.297080112956777 23.358671650054013 18.214036402445377 11.565674720869808 0.6408450279065723 -0.5094080769231876 0.6451438254340737 0.8147189819466276 0.4669507418892258 
3.8346556383134267 25.15271284149651 28.96183538992645 30.19033096814507 29.516902707745672 25.09777592102835 28.047666422163953 5.364486432914646 -3.7667809298188377 -2.8008512869955315 9.973589451565154 
