-477.8989633882164 -346.4725796724681 -183.81210246355772 -100.58547057512902 -73.56376044380534 -95.12471338747089 -209.4371253917227 -358.4991953762712 -479.3924344499422 -519.9383676566915 -517.902929339049 
42.4680931074848 175.35773821395696 147.126862718979 85.09399546744305 64.97073842304304 94.58873537691852 120.31773539716443 126.4844488023507 95.60487465364453 54.55907647365022 56.99432034577927 
0.7276702849891857 -2.451178419171386 -60.81936204467475 -71.65048728823561 -74.00464190361338 -70.1891371779683 -41.8673821666429 -10.399502071044612 7.2164216389966445 -16.618957634374986 -9.81805574278837 
11.701306605061681 -33.67408709860711 -37.66494165297283 -35.07910687905317 -24.4841445805235 -19.55920159842784 -17.338302924178482 -4.731851624454677 8.740281905987988 -10.355180863990268 -11.439235253650935 
-49.94445832237285 -56.40905628050885 -31.56600471495421 -28.99908958166874 -22.421297829371497 -33.921582406132956 -26.56953630724081 -5.911252167508683 -9.148270456666028 -18.82407167034657 -23.107600318060175 
-9.578547872197344 -2.526123462168118 1.5262398756445559 10.953115627792645 25.42711469730348 26.565410714236286 8.1624350062223 -10.620478899547734 -8.999879362541103 -9.244957720465127 -12.265329068212807 
-9.927804311205506 -15.669825711530917 -14.015334716371537 -24.168871630175914 -40.253904565563815 -50.71502885250124 -40.793289613193295 -38.01224016793142 -24.61293871396691 -23.084974809182405 -22.74084472287943 
-23.539208679221176 -15.39429498509308 -40.4623802773973 -37.85603963497925 -31.038645500076555 -24.595525516196872 -26.129008314040988 -19.667754564396517 -12.344266793541411 -15.471384667419251 -14.489780919813139 
-15.978083479270929 -0.3911939278691638 17.058141548764198 12.91169981157686 17.07936275902022 10.440108904969264 5.81870089681234 3.859892636692418 0.5127513365918037 -3.674345370701917 -7.061084267914717 
-6.494957183272754 -16.569603650707776 -33.60854610931658 -27.676282235065457 -12.720702425314986 -6.180159531011697 -8.89283553146953 -7.238021309994618 -7.045177535233906 -1.5421054846794573 2.3019678837960527 
-12.821968058690915 -15.709518519476372 0.4833438640780739 -1.4129832308986798 -4.697132600440854 -6.119695422659827 5.823898779949262 2.9696193612495803 -5.516123667157119 -1.392396485640346 1.3986130446020086 
1.4227643650317012 6.2656989315365195 5.8651567584822 -1.3085817895060563 -9.726599280659457 -13.134594968790056 -29.695461457553897 -23.61843391953515 -7.281131016410248 -5.3751520535687956 -3.697152042251708 
-0.28742078983797725 10.101216286580692 -4.880726368073892 -10.479276991085547 -12.302133508323465 -7.5305922649122685 -1.0465169130679068 0.22556186309480822 0.6202877237168946 -7.43660294797745 -18.810201337104747 
4.419752564754097 0.7353412029056411 4.087364050570947 -5.086003355177773 -9.507734835451673 -5.817694531398145 1.1986947118200855 6.230714959254177 -5.652119417976877 -7.420011238475735 -10.816109733849935 
13.398886026042462 -1.6777679360106013 -11.717173838154203 -14.084461524161473 -16.65376575512105 -19.920078887375112 -15.545593501920937 -19.797700995394226 -17.548521260830878 -8.051649068648173 -4.029525541198487 
-14.201495783266934 -5.712399560741323 -13.10935868622129 -5.2477393542555335 0.42135439173828354 -10.596807882178183 -16.768883797307847 -9.965931401576896 -11.392506975011559 -8.944094913831526 -12.999179392771083 
5.584619976165623 6.743089055461704 12.652798882132242 28.882625944243564 33.03547415228619 13.798105200479014 -2.5624770973107944 -7.80713161516729 -10.408704761951608 -4.597201665530774 0.9188063953672009 
11.678247180357932 6.598637514563892 18.26299655599707 35.386410105210395 38.513416985318884 18.95607973993056 -4.9698964795053655 -9.391328781635139 -9.374690404977242 -2.978448615415778 -5.100041000507364 
15.143625861137803 23.39463053590252 33.77909490544886 35.910195374406726 41.8276516542749 35.34068799673621 9.285001516177397 0.3282781092808978 -2.0602104454910366 3.465388325238044 3.9825878735832485 
2.567426336952984 19.396450222164212 11.507238845647631 8.694566859216204 13.769239672547936 26.965414740923762 24.496147894449507 -2.5237274627297097 0.8750052698453429 7.091096312459774 4.720110038673699 
