-550.9952230741281 -292.77830982252436 -163.89180068666502 -89.53916694656219 -65.67635783660035 -93.52985447913072 -167.25132802782474 -258.28168647080946 -345.5011388226155 -392.190001312008 -406.68963441067683 
49.80666211637872 129.66110884444782 111.12578395127814 65.81240632415341 39.44442431677173 44.02732301618215 70.94485484759336 87.24230293009497 57.425748565178615 41.371384362070366 36.9656150846434 
-38.08040063115544 -86.52456098970885 -92.53414006995737 -112.25050824270784 -121.45046051635813 -107.68097787631098 -83.64152026404784 -68.94850012325196 -52.44924946837928 -38.11259071897972 -45.718613834824524 
-25.2455245655575 -78.4619716981583 -68.81534543360263 -32.28716982141472 -20.66733600349914 -20.507832212767767 -30.688596970810323 -36.3950917828172 -23.478669251351473 -19.111561641079827 -25.76218774212594 
-3.9830812238709443 5.16876170072347 -1.6593540905221498 -3.5460923419833827 -5.339868301494855 -15.708021741784396 -13.973196889110223 -9.833310878422429 -25.00763321753201 -29.16686551559036 -27.670254310172638 
7.187220040742387 42.60321671087273 33.488546128358415 27.15734633173063 25.460737180513156 23.670274845988857 23.30446105910233 0.3276643059861415 -7.179025817909489 -10.060098983535656 -14.7729564071842 
-10.306215121235084 -62.842699987537415 -65.18552354993457 -56.73049618018274 -50.54120600896221 -44.438744666482044 -43.98693504904118 -37.09937881689581 -25.910941674731625 -16.29598110860151 -6.2107189405359025 
-19.2356676756081 7.078571010911784 6.181101658362664 -16.08975257770701 -20.279023927595176 -13.926016406320842 -15.271949221507272 -27.32447039814378 -15.269953384208424 -6.096727481853849 -13.389190369864082 
5.319365004851758 -17.809820780143973 -16.124087630642755 5.437114867867086 15.193285482589134 16.126924930843167 2.3304417851622388 -5.381979779925102 -2.963711935691014 6.599164501480607 -1.4546713935995574 
10.360429166539774 18.447496522807285 13.480443193122115 6.043803390853786 2.6353594664217326 3.1267517942749437 0.5438519704465351 -5.855515468525875 -8.94028314786124 1.5637422365039952 -1.5503697696578147 
-6.80168833827205 -5.07418079215851 -1.7851270533494632 -2.9817568519031967 -3.7028371994936453 0.06010554985617256 6.55859933571996 1.5837011066346078 -3.5552772585946455 -9.378401415267664 -5.362808086189515 
-13.825996409194724 -21.615037712885382 -20.581846300453222 -13.039210571949127 -8.48261065117131 -2.0269733660118874 -3.0932520218479125 -2.192108134775754 -10.275661827729426 1.0573693987647677 -0.2745662064181147 
-5.693727840740644 17.222794039855934 18.382989433006347 16.969038367436887 11.380612741241443 9.10388201105861 7.91515390692947 2.7461302784773327 0.3258504620092427 7.068230711540329 2.738805176185934 
7.1705994161110524 -13.866921911281013 -12.209830240287943 -9.242963724937894 -2.3760560938141646 3.8197738743628933 5.116694623179239 1.8599371707408654 12.54028868070544 7.896058439994703 3.071756473371368 
13.189484907804445 14.08023852823629 6.1919709768316675 -0.8307192569078412 -6.2921027665312455 -7.682263362309997 -5.758466544337052 -3.072893758511653 8.68271613278983 18.13264207827806 15.282274780297321 
4.252257323023671 11.730670677555691 -0.5277730978758729 -6.547009723894021 2.395695128185729 8.329111233446564 0.0063289242918495026 -10.687066626394497 -6.684401227537178 0.5236608060451683 1.1330990538688812 
-1.9269954486855096 9.453783463252929 3.517427094675757 -8.356831268285347 -14.662391941040658 -10.149308645740529 -5.67319201024913 -1.571649240330896 -7.392170332703003 -3.330159257381224 -1.0303985814018257 
2.291098237150748 11.40498762395238 11.876526484406172 8.373187748473253 -0.9735364471384921 -2.7053533151118265 -6.116353161648042 -0.8977023453097923 3.2537161976438664 0.30729800942710817 -2.3056787513592476 
8.63088531318369 10.806817541263705 18.429472572249672 18.685092035539856 6.681577503080426 -0.5115697948242692 1.3694966331809102 -3.309548486620585 -8.298434805722584 -12.817081578005617 -12.405638460455183 
5.768260678113773 20.522018669585204 26.051860804702528 33.31911500338774 33.5257907407663 17.9751730659218 3.028481769646075 0.33080375076851953 -6.074692682813025 -5.769329813036589 -5.062445800113565 
