-626.6581139129241 -606.4701147257339 -360.95095983573276 -153.4310819972079 -88.37197059837 -98.12633789696284 -76.22204432348381 -78.94352490185452 -165.34597813839346 -350.4198953881818 -524.9294000542365 
11.227419607418463 38.564361363250676 119.80331191053723 64.56797337317002 38.74082941689631 21.673334096117806 28.338137589617126 49.62371560213323 87.46982729835185 138.99479227055707 109.5363929024786 
8.463405702173242 27.022777175155984 -10.02780742465344 -35.58490875210784 -43.43319356025303 -41.01973703647146 -49.62848196204014 -52.60176322691619 -36.2248953082255 9.156239427191956 41.94448957302631 
1.3513665782512434 11.6068958021765 -66.19219401622122 -62.298941407081514 -49.68751509709635 -28.499670170239845 -19.17090939730769 -28.338108103854687 -32.17748490306043 -58.03002083040439 -6.873873939670659 
-3.0493611355959795 -3.6160428448667234 -77.07451934483777 -31.588044991553435 -8.889319044573108 6.157920176648717 0.3343524191214526 -7.753398202400097 -10.257207437001338 -4.157142470945639 -31.648688490141225 
-8.599383299456278 -15.378532746938994 1.2010563617347203 -8.115683113344947 -3.3111981268734514 3.598434475558318 -10.922745976137463 -16.968838929614677 -15.912051252300982 -26.838834584583328 -28.226175743934352 
-9.89028515949288 -22.103233993085066 -14.85725963235631 -17.335254093682323 -17.27476667193498 -17.49754443634687 -28.00659611397372 -34.97881692614625 -35.91195778835082 -34.94877296795043 -28.672833908986142 
-10.719333380058785 -23.914427186441486 -15.42918567541248 -12.659324197985288 -7.74916171520991 -4.61244332900321 2.607305679334716 -1.5964525827133627 -5.98605257515607 -7.5872250915917805 -17.606356808335008 
-8.149524126325534 -21.998535230539026 0.2972827884119784 12.924815379316119 17.796776884669953 19.629375888034154 31.484250399972332 29.646457471904114 27.869358262167793 9.459116597332216 -16.875658569548 
-5.269602893463225 -17.824835650130986 -8.825725678404169 -4.757715336986473 -2.9526407348335004 -11.725456108175944 -10.842013681137876 -3.4728777376480506 2.639413377143847 8.959599210755027 -6.873120832125455 
-1.2925475790771306 -12.65249822904438 -0.5118542849764798 7.340024417878428 7.3251612633448495 2.9246443535989792 3.703038090103825 9.68803688014487 7.744437415896708 -4.409299795208386 -0.5462730587314195 
2.27067683762132 -7.423953314914523 -18.664448424882075 -23.813138686871383 -25.507888247778403 -25.754636278726764 -20.769513118720255 -15.984245446783408 -16.41708763064895 -21.35179771282305 -15.55713424986335 
4.541246466199106 -2.850495640849898 -8.912833656957964 -13.471831794413646 -19.232716452213957 -26.94673085191804 -26.40277058449811 -15.96909576005208 -7.003075493658807 -7.442707354931384 -7.270894348937481 
6.189587675381832 0.5607826615436757 13.13840462769653 10.06928731431895 3.9287840993172694 -0.9268948501575593 -17.15278717166467 -18.566254215043795 -14.576991929014888 -6.513920036187932 -1.5529406562899533 
5.232890227756561 2.6157181045965934 20.853812858991937 22.63457495850769 19.54886690861716 16.926690511098673 -4.319288397315882 -11.25277661099345 -14.77556737740916 -14.316029412038882 3.3236167828495056 
4.732429267522853 3.5388245220915113 32.084399921104065 27.883967850310995 28.797219968080483 29.926895260932206 22.40695925870329 13.326026837059082 3.3092800480829654 2.1320240442899454 2.341696990775662 
1.8211426485585502 3.883147497623516 7.669098408546426 16.862278048553655 19.219894628588392 26.862733396830166 38.05194841477076 24.271468694694896 7.071057127468448 -2.957533089532405 4.10300966587988 
1.216384076642484 4.207354495365388 -1.5606434331444836 5.399496047940307 10.611593620119546 14.754718816327692 34.60887977535046 35.78363377100514 23.45441573693264 12.958053838919655 14.73062547778234 
-1.271813547250158 4.709668259963353 -9.441888555812485 -15.26034390618949 -16.351631537218847 -15.274800468112023 9.781876335136204 30.238556306040195 36.970228438246195 35.063957166882446 9.35213927678934 
-0.4980294061839905 5.09804593631396 -5.779363145273669 -19.556214762121083 -20.982967695072993 -23.55106661413991 -19.06173278890624 4.169546000887409 23.73769821345489 28.62677201292712 20.771696098591008 
