-592.2972186553885 -582.1958511314449 -586.1809609519303 -594.7100939808236 -309.6222129254098 -127.11140441383787 -18.144460737649005 7.879781485911523 13.96233225937357 -1.1641885936760346 -79.70959460081542 
46.022861956968455 44.714187201596616 37.53579227159362 39.51046228819167 166.28087002062261 118.46191781352582 80.97133267396646 49.79616114501335 43.6757343250533 48.056956239872406 61.21213504445141 
6.002198240997574 -0.9435232684647152 -6.065577140201318 -6.810388469350958 -98.81921835686192 -94.45914851594823 -89.49597456018844 -91.58972162725547 -87.52856803644451 -60.88100587220561 -34.090013416981364 
-14.274620888393416 -16.848814128472675 -11.135166063187537 -15.400968565319467 -58.54323396590169 -55.67891828471649 -47.77967431226586 -38.18336385455966 -35.615193110188386 -36.818490778298056 -35.056450541239926 
-23.354348883294435 -20.716061701173643 -11.5570593008281 -4.574581227580603 23.335138408526063 8.546974549062806 2.150324109829672 -4.27108096445312 -14.020215779449824 -4.322657551185559 0.46250393421522906 
-19.47884875356577 -20.490149598284926 -19.83490698560638 -3.6804627840724664 -21.840739983121566 -21.23299809836803 -10.94907069859238 2.4312794289313984 -2.2508145120157312 -15.166733845498285 -23.343182992354222 
-7.201116891365988 -11.23749746469003 -12.945941058689172 -7.962731189732046 -22.850766983426 -11.850789865487357 -18.01244793350638 -29.466398807541598 -47.142264862810904 -52.91635211506046 -42.71032056430306 
7.8319441017811595 9.502060692198759 6.6895528317606665 -8.081294961648071 8.472735766745727 3.863769748080767 -11.023175032608375 -13.387616771915125 -14.734450649075352 -12.451211882473668 -10.95445916848405 
3.9234962480972593 4.928492865650411 3.9228622223488157 -8.503881804203822 -50.97745597262082 -51.46227013080873 -19.637328409846514 -2.730892671771646 -2.6565720185021497 -3.7794763387629913 -1.3719714255023188 
-8.539183056612062 -9.575254608027022 -9.31451887421349 -7.66545774564099 -12.504506129012027 7.425988039184606 9.837134030397705 4.380204628052939 -5.862127979103121 -11.331304503540814 -16.858416891388654 
-5.711133167262902 -3.903510717542646 -3.435554467884995 -4.012510498913149 7.0891937992908804 -16.30979312098077 -21.149222492639993 -12.09608278255643 -8.208550706997352 -10.123681985078965 -6.672230121029566 
-7.705375321281804 -7.682757765570891 -4.707378247080235 -4.589113232126516 -5.861897551448641 9.251400608184923 11.554724740017011 5.34793296261801 2.9602230436445107 9.130324111067505 12.455146509337066 
-6.361760186679339 -9.775759357675604 -4.641343153215751 -4.340898166558693 -14.85294629572755 -6.639136620530392 -8.260351638624314 -10.709594903576395 -8.09974726994098 -14.138734938521472 -15.877128963846005 
3.816135773330963 6.55893289778736 4.407104128060176 -0.7519903706661213 4.396879257488253 0.3560357385119721 2.8838713131831297 1.9003919013244857 1.9491219765158163 6.219208657323836 6.54402267991163 
5.501374055832261 5.79037159526271 -3.7400354376584364 -2.478884885083497 0.776381558004915 3.7971443501095594 -1.6685297993798858 -4.1371745840218175 0.6065386264073149 -3.996449862997782 -8.480477734497534 
2.9684971520151757 3.3559845310464893 -2.5266852893316147 -4.3129252205141775 -13.775473467689714 -11.325457719350325 -20.548515207565963 -28.573314163325588 -28.27166255706657 -19.308682696500114 -7.338585289621971 
-1.9518527305463254 -4.23518619245875 -3.031202860981307 2.403448569193924 -5.459441832599713 -12.268322549003607 -13.135755734075222 -11.90171336449145 -3.7747766387307173 2.7204338832313413 3.475903476553567 
-0.3508352063765147 2.9415920537542544 6.647314093321086 10.373876079822267 10.661616171520631 9.165831995199587 2.8302454763001546 2.6440204791013513 -4.3711833943148415 -8.706698003635443 -7.27055720829488 
0.070084334640801 4.221109826888254 7.306680930748332 8.304063093951857 -9.529773474123688 -11.071935161101745 -1.160549462573926 12.26333441728335 9.958921519176545 1.8633979306749855 4.379903512736542 
-4.693363980390194 -6.8146810654613805 -1.2789044071424276 1.8596952306483105 5.4086552174157205 -0.18620327395817404 0.7224764361185387 15.68530543033138 14.442570008227694 -3.0387831464814754 -6.922348610259499 
