-376.4010584818917 -374.4447303423025 -383.24053411794876 -380.50656665275534 -181.6198305363486 -5.3548757915111835 24.88745625671105 -32.09296375574819 -123.67502448714716 -191.49188981500268 -257.48340701172367 
34.06658297187771 23.144675247965516 27.52215621180689 58.058632615153186 66.25305711407151 23.147360675471035 -1.946524133424905 -25.598368191888 -30.690787427248654 -17.563144519925288 48.750796372991346 
-6.366509298069609 0.5501229085813069 -1.0113845446939773 -4.918845965114214 -60.18716928985488 -85.68402539531297 -90.50197272420263 -85.83314261076134 -83.34156832892867 -77.17334915225598 -60.53881473629459 
-5.183480875551503 -8.312176237537965 -8.493766430426769 1.966134464161207 -41.31552526720314 -19.91168680932237 -7.7624971954884 2.6761323085037247 8.10339333671559 -7.936907265780786 -35.54064685609024 
-22.44644003138303 -20.441478633377073 -23.951100379499877 -28.836701578986634 -20.364056026569127 -4.772558937147023 3.4812313530928884 7.903015201663193 3.6453652280698203 1.798892226530557 -8.210252008123714 
-34.04911854633042 -31.527510077295453 -32.91636547421902 -37.52855737325275 8.789925692091405 -0.30520758573249535 -6.442659834451768 -15.74787845806391 -17.36705603857252 1.227678635344511 5.124041949015193 
-22.113623564979 -24.178047425631938 -32.218266092882935 -27.486964831557827 -40.494813810862745 -50.00443316420382 -48.34812140466902 -41.2227156639054 -43.99233502853823 -49.1909260049268 -49.486169107365605 
-7.506056735565848 -8.244875231441295 -10.37340353765904 -11.483411337809518 -29.631381160203677 -24.190346857044233 -17.259716986008065 -7.599272387819678 -2.462291765656434 2.451866680224316 -3.1606247462011985 
-18.23791022630956 -18.09462758223046 -15.200593658041416 -9.44011508994721 -12.40629569711959 -6.403003137181224 2.0743265146573115 8.453971384786014 5.7826100173579995 -2.299874053120014 -5.420023691111197 
1.8492444791790452 5.489829566312592 1.9842806552738872 -0.863798585860338 -6.514502813443405 -15.805852245596766 -14.501206909955586 -13.288810676336938 -17.257385759450255 -25.37571974238099 -22.71501233472479 
-14.131104899947276 -15.718735447274428 -11.828126263914367 2.9916847956029002 20.98539830361912 4.810521885923709 -2.799606681496967 -7.627448202857774 2.3705129094658175 21.80824845723641 33.10792838785237 
7.6825689694632615 10.409687678519656 7.759644712059976 5.763046834260555 -9.027689655098335 -0.0716890091384183 5.848695217869868 10.58106409881492 11.071951884993968 17.140786127572504 17.043232717253392 
4.439430506218586 4.68461339502832 7.597698865489436 11.776978414948612 -8.586028130913302 -10.140050881857226 -13.295705556314513 -18.378887487704418 -17.30615224101217 -6.249003424718948 -3.726724405176303 
11.127663287126175 14.707901040714173 13.730422543734829 8.546300977323524 12.837610933900311 4.610377270634617 1.6529717453199977 -5.844087692936382 -9.167465984720295 -6.783721363014825 -7.6898604763792155 
7.970629334789708 9.062776570419672 11.182447773793763 11.182607981777634 1.4894271525268246 6.543971976835134 11.78799034480947 10.828653054703693 6.565734656815049 2.450465967257883 -1.9825588158354108 
5.640408575846438 3.8078090330525245 5.098177446623014 6.802998961430273 15.436274060586726 17.073570528955095 22.843082027735086 25.197388999033087 13.87521667080468 15.20507141886528 12.119218599274935 
-0.1546208228246826 3.2350428182049753 1.8361024119355633 -6.468122418600991 1.8240942698519038 3.694857228538675 13.15052507245867 30.419933660086283 19.70845511710168 6.790060625365619 0.09287373406431332 
12.30448484560959 7.164111841137251 -2.647248611587395 -8.750692151607684 -8.368983491560918 -7.469416935354521 -5.149233961819558 9.263465511709448 8.396399113279724 -1.3264201448163044 1.2282888654950255 
7.156340483553978 3.777990654459656 -0.7893227710983649 -3.433064755243556 -1.7783725747143067 3.5438479135562866 7.279403742428522 14.5974337083716 17.3166555070488 5.830324835109952 2.8399127344938293 
-10.847141241747062 -8.901650087555591 -2.9927482002206727 -8.627332859759921 -11.322170399623817 -12.16942859213259 -11.79456893129463 -7.010704597715698 -0.8517362725133725 -8.433310368077583 -9.875451994609566 
