-338.58467915207217 -294.29126836868005 -277.892642224448 -302.70496804253776 -181.2979693982998 -14.02296256051121 12.685466045358758 -71.80337631461674 -215.1309765541311 -286.57137201963116 -299.2831581639134 
52.765442629237796 38.51997354528919 25.921480664547175 28.427180841071383 68.12617187824814 36.35022826511703 10.098401536339294 -24.087566074038783 -24.271936471144564 30.757810467683644 75.01738180427502 
4.323672976778965 21.167674268824648 19.547902288979405 7.583154774565134 -55.10947230177102 -75.37494485032975 -82.0796119175106 -85.44772592418745 -82.48663857599144 -84.65705881842842 -52.51300476851085 
0.3797853516775247 -5.149270787893421 -0.34921393701737313 8.554478237752217 -34.8521392270994 -25.305690120841554 -14.158467857011166 1.9451795699243686 12.810726883313645 -10.05869943949585 -18.432172022465668 
-22.90974664228756 1.985932006259797 9.572579198702643 -9.290192645933608 -11.026387686097681 7.1025047900685045 10.737003172812845 13.575320394060554 8.432305996414026 -15.949398327237422 -25.756816157380058 
-36.007390826912726 -18.98900960536715 -8.743849423996364 -28.286303517696837 -2.573004755030304 -6.444671777447253 -8.172241810918266 -13.427819198292763 -14.942980342575442 -17.07603055437661 -13.018758206784023 
-29.446544356873545 -22.032857589447843 -16.345716700136087 -25.64505645096476 -22.2365452862987 -31.237040135350274 -36.54288348001678 -45.870189175358036 -54.016275742657996 -36.76442135929996 -2.5192076030143005 
-18.397134345501208 -7.6060696163304895 -3.5786978625617576 -11.201077697745347 -27.282215291539973 -15.058961132655567 -9.099892382996297 -7.482934617427659 0.9370078579642824 2.688095189496888 -17.613551914997473 
-3.7688722321534223 -11.917323292054526 -14.795835883916954 -10.60591840184069 -6.257135931633906 -7.113404266940671 -6.7916142389719045 -5.215330468732885 -4.430860327528895 -13.712787872159169 -25.963468738643762 
-6.072446611340974 11.745228797352397 16.8048470435251 9.88470219305627 -11.221752964162246 -30.183793493674933 -33.212272163017666 -27.660507613931873 -18.767942709440682 -32.95106443111788 -19.772435061361517 
-3.6481945608895545 -17.767877321645827 -14.623802100048557 0.3517529006995608 -1.2353533823440814 1.5524733519672396 3.0838635551198954 8.439620973679062 14.728918167895415 6.16151066098939 -4.4242665431163575 
-1.0578586891785486 4.646599911059013 4.915237864779736 6.315414106087083 -0.20931877413142513 5.260892122822792 9.937560026085713 12.195459884938106 9.242159113814203 4.378398481500072 -4.286364533275471 
6.739857380945772 -0.7516952875760524 -2.912629962729876 0.5924211679500285 9.286547802103621 10.12672758099723 10.681116369217165 2.833961730132186 -9.002295359075372 5.5301070769527225 4.5619339078489585 
7.721671444655586 8.202736168537688 8.674302942325964 9.596346507600272 18.28351802145145 19.24161941206595 17.958143940074486 7.079476963031043 -3.2340367831965526 0.3876677789523268 0.7926252281173156 
14.136208992723166 3.345119526463682 -1.5482826393858304 3.9163062016503036 15.89125651463755 19.798238218668672 20.204438610507253 18.3231029714633 8.144560905116311 2.8217814817628537 4.829907587967181 
5.039226928187757 12.562023618653427 9.398111425903497 3.3731718143537064 6.295493387421061 5.077942246103627 5.208312905040608 11.560222890644203 6.548851013288413 26.09914129890354 23.55771687152071 
-6.257720298942439 -1.0623180784078576 -1.0639553430226742 -0.18348359248086954 -4.349601828252643 -5.665885580372269 -0.9733079317810414 14.126960054659381 13.939099728605584 -2.6046139056445554 7.442383970003296 
3.2599197248277747 -3.5501084054412892 -7.400898805124642 -6.979829455153099 -8.712264580698166 -3.7193322734834995 -4.674178879406384 -0.6980234008646323 -3.179661457336297 -3.342351983522601 -3.0763570410211463 
9.471734176653968 3.782172678364855 -3.9641263752378686 -3.067328556322434 9.603008445063363 14.896523563848296 16.501932414488465 17.94391160997983 16.834555699742968 15.569331639585705 5.092602548481093 
-3.0712672745111793 -3.262284744055438 -1.0783225273757862 0.7999601495093511 -2.2115455009951974 -7.5287509548917475 -9.16546305270385 -11.091733138251014 -5.879169187521356 4.999868308803258 13.079846393656135 
