-606.4684983733342 -468.45453481606097 -362.90584461731765 -177.90413496115866 -44.69700080392687 -0.35802756229482247 -15.99078211831742 -104.7788366670656 -319.7117484108181 -544.4549770789208 -605.0498063976303 
16.668489865325046 -11.176450212740018 52.64174141371439 72.80298005906837 35.019480752292196 11.452833130575177 3.67566493156827 18.60017744926325 68.64584362428258 36.479793681787626 22.38758678098961 
-4.313874727916587 14.155771531033366 10.822143849841638 -58.795381242000815 -84.6828754773272 -75.96177939800333 -57.50252329727532 -37.28480063006414 -41.07155847023219 -43.778572905879344 -19.4895440023437 
-5.570010299846954 13.508249702173039 -32.491273931504104 -65.58610147042849 -47.75254837465759 -41.44513078368489 -45.747945154933966 -59.47048603712001 -63.624716945485 -13.156099209487792 -9.021973115375312 
-3.0551872963168902 -6.957686693272327 -45.204134077495056 -3.442437817360975 12.529570195056063 14.994040944201389 14.464261862698647 1.8029260512519067 -7.903142833788127 4.077573079707429 -4.14409305165816 
7.709607346062327 29.192761943979452 13.86688889572424 -12.902212318108834 -15.592004411095939 -16.842227057251094 -14.832913503213938 -13.554480079326467 -26.264201802712456 -12.893543368118946 -11.025206195189657 
-9.631136656228106 -25.195045645277503 -28.140094017602735 -17.07444806659771 -26.966658148652684 -35.02518435022999 -32.64491519836143 -23.68615500332824 -36.8759372016187 -31.596377508304933 -9.916179080498129 
2.5020196212118013 14.98872258575065 10.796277154190296 -16.390006824971348 -16.91746879439944 -14.451477033139776 -12.228297918430435 -10.143799720874895 -5.919776383963698 -14.815413345019671 -3.323939393760761 
-8.135484714433957 -12.144097768476314 -21.516404631338922 -10.167519465788555 11.455595172191106 13.902764722811861 7.396595579469903 4.504749810455877 -6.308500250587439 -7.27552949359456 1.582883169009631 
-13.253144899773016 -1.7563879831700606 -13.35651243984123 0.2694800179735585 -3.105487878973936 -4.859542605913881 -3.6027539520407217 3.966320719036655 5.480453275714766 3.1294999987499272 -10.020362206767345 
4.298845079230171 7.761014571335015 -3.89274349010737 -18.148047849692027 -9.296205318173547 2.5915799745025403 10.306637743969269 15.74306537500199 22.799637019536075 -1.54409151943372 -5.860251934463253 
4.249033979371353 14.868932412402637 12.029136129421126 7.169775657306461 -5.3352125388670135 -11.003930190355508 -9.117300569389382 -10.550213281922401 -5.77495628861051 8.812581625179192 12.910667955534953 
-9.30594870907825 -12.536285213734743 -7.615663613452287 -15.483220911393008 -11.920529117029709 -5.781602687469158 3.7926359962701177 8.418691087440097 -6.480454365180737 1.1133927509283137 1.047866863677334 
-20.286383853803038 -10.995715456737564 -3.4531730182578944 -4.71541926467996 -17.158826344909794 -23.8544413271016 -16.78932182674123 -9.673862074280226 -7.367141461200068 -2.00131729005795 -12.267000953623775 
-10.382993753588124 -4.364553334288033 1.8511920193301912 -1.8653705074076696 -15.18090931381726 -17.514755398488532 -11.26373805002249 -6.9434668762430665 -1.141037211253348 7.973794610968088 0.5948934319631247 
-0.1643030430367798 12.019415850340643 23.24674534331174 15.315088746165662 11.222015875484024 3.8766782088232166 3.9416684840906386 4.8316419539289015 2.7713700315398913 -7.5041791905733 4.245509330435088 
-0.19349770595680238 -2.375679919100884 7.996253516021213 19.02762040447938 25.356146044622292 12.035076399181518 -0.29580187396661894 -4.770430027160616 -6.094801332131025 -6.931674557567774 0.957547919563807 
-2.8513705567859216 -4.09340228222313 6.287001570269243 9.437547133637839 14.659769277528525 7.8573225520068695 -3.9866046703247697 -6.541895615043984 -3.277332684083766 -5.7463569086596795 0.5727114973875218 
-0.7473497041310455 -2.946805639853159 5.146998265051452 9.432227161030568 18.14269029481477 13.798524742963284 -5.252363067770066 -15.700041253386742 -11.03587724725704 -9.886336830760964 1.1354959992134226 
1.2603513421769934 -0.12487132221557462 6.434850450996179 11.001606851948571 11.86782092125328 13.32655965793992 -0.19460783622963138 -9.494486551066544 -10.165320388994672 0.9195544612445142 7.864500392912214 
