-577.0683295376216 -581.4174428710701 -597.7884612839322 -602.9566558736798 -520.9490497408169 -271.2915772819551 -133.3177288890241 -72.06692503298956 -55.41299399472841 -100.05696702738038 -251.63834387707385 
58.73392345117031 53.99470451197257 40.53324935074447 43.21626188962077 113.15052094629507 126.68298367453716 71.19571572152319 16.794631648036322 -5.213864684638546 7.89247884285991 61.36502866869044 
-40.52276062069272 -41.968306852548416 -43.88021126916506 -28.491910019942466 -30.60290486808413 -67.83261729052438 -87.16346779417596 -82.8578985041037 -69.56768972087558 -49.850262388718264 -5.37940351640625 
-49.982428405259164 -44.596723687088314 -43.44082770874675 -35.12360745051413 -66.40348967474405 -91.7558002995552 -68.17033829777529 -50.328693802458886 -51.489775633323454 -59.08028219076478 -72.15746161961678 
-19.36637869197903 -18.110365299177076 -7.223527463188804 -9.60643046776422 -29.88209381144768 4.081976536702809 27.2485341652407 32.698143895254276 21.270490802094915 12.629458726465998 -6.333849305866565 
-17.736846105499872 -18.870903093427845 4.122612019002374 -0.6749950194852958 -14.507567031270561 -10.530598429315155 -23.324247229289824 -23.780722589760142 -28.435920033641203 -24.709267295118437 -16.03786594578319 
-16.85989666876791 -13.78880224044012 -1.4326763315109754 -8.90109055132076 -14.302278855444072 -39.39881792875862 -36.30386558943967 -31.6014522679342 -34.10384832415663 -30.646349560995603 -38.36958195825257 
-5.433153604948711 -2.2617158798045676 -10.036115394301218 -18.949789858894736 -14.006731586839186 4.489506380566342 5.662033760663577 -0.6480519491992943 -10.498149077805735 -16.079565791510444 -16.45487269351335 
6.34788131263803 -1.020906121288323 -13.544144561243904 -14.01104369599938 -8.34447251374555 -8.451840407981699 -1.6629966657236475 10.972782087516263 9.791446100150019 2.2233958423887294 -0.34522724957736683 
8.049857779271147 3.8731343775824194 -0.08045674330719338 2.60890717695733 -6.786815245701767 -8.091533560337695 -6.007373210659308 -12.751382368434697 -9.004622059465031 -4.0338449022067975 -3.63330974456329 
10.706064644573836 15.731558132650845 20.721760647855945 20.44179671774858 1.7309768734671536 -6.459817694210951 -4.902155064145238 0.5196732855840223 5.291315740412345 12.910599807729078 15.43630663810578 
7.357157743056732 13.029217361430625 19.745240091524625 19.7687735128413 2.694357680353714 2.113657619684006 0.38741456052528245 -3.457533031556033 -9.44012723080798 -11.190535200978992 -15.046174156863575 
-1.1921546279177395 -2.624525991272076 -4.613206766721649 -1.6448837098386146 -6.710954831473813 -1.4042882304267132 5.322350326770346 8.548001721174963 8.128152241442155 6.197821034161867 -10.274706458980237 
-8.980390049859759 -11.025873106338636 -18.186157731400066 -17.479946542648186 -17.373563895327834 -15.510482781757744 -17.047016772131045 -13.834827540669021 -11.898580523127979 -11.491693762237393 -17.308476302321598 
-1.2046763093070239 -2.1041657195204495 -4.162810493287594 -9.160727867926472 -4.031242406062031 -0.22473990720995385 -4.423780305825793 -8.134167215457346 -8.939092745915676 -5.584341591551944 -0.058676384672335824 
6.123274822879963 7.163198145560733 10.921191937681144 1.4357180801838212 10.0127117285333 -2.800105857697562 8.097010985807788 9.490518314242038 5.6783416512056135 7.040935668053347 7.831812998853392 
-0.40911165349022294 -0.8249824166530865 2.0635085033318714 -4.075087955172493 9.546811462896017 16.349774325848912 9.728336420028775 5.133609832400712 2.967307191615585 4.155644700595319 10.155463397536606 
-6.581697464168908 -8.683294703738095 -9.001458019750277 -10.269732992388152 -4.834163337147951 -4.16704809293106 -8.541091295824407 -13.631224502339373 -6.500881937513812 0.9528765837303934 10.137687841436561 
4.3398833995645925 2.4172593941063893 0.33621893965794225 1.5769650513286644 -0.4334505278229436 -12.615775757621655 -11.880024786599993 -17.028811843313783 -9.582668197543727 -4.129435746011749 0.9834420045526464 
6.342228721589573 7.943910936630769 6.140110298398458 7.6196253940523055 2.111159843880421 1.8180639850704834 -1.9557224148505121 -9.592387015457584 -9.645595876856351 -3.394582575686669 -2.635002259455453 
