-634.8533473346919 -594.4884573527595 -313.00523090609084 -152.36258461077588 -97.87958909632351 -115.33585947784456 -198.7823886384897 -341.9602939056793 -561.7656540179581 -639.2457556764577 -640.7306313631211 
-6.413619188480361 -13.873194988865269 57.900495467586566 39.90195597916115 27.62641106755444 32.12792182520254 43.95636374000704 69.72020298194667 63.227285040039334 1.8508847347773987 0.0 
6.988508108429729 30.870682736336164 -58.85243135457934 -60.40369116556726 -73.15455131098547 -83.59919231340093 -72.61701870566148 -46.178621951254 -6.897756129985841 1.1796146360951152 0.0 
-5.576249685660107 -21.089063076178828 -30.845897471909467 -28.899168712646073 -29.752682501989767 -34.78081901755383 -34.985780913393256 -41.87986598699838 -21.013965310696186 0.28391181888896455 0.0 
4.263274981459199 22.674785007203866 5.69464840993003 12.768310021842513 18.967808373343868 14.162848119641758 5.3216648837097456 -1.549221810278973 -15.079756296847503 -0.5909321278667794 0.0 
-3.2262008773848554 -6.086576907646949 -0.6733157520868159 -4.7516147774341695 -7.210012956133243 -10.39860736378984 -10.388111096994868 -17.23920060059168 -22.45859595715955 -1.2352895939304256 0.0 
1.4296982974762376 0.7244748664523579 -16.406066013562324 -21.268810590059367 -28.422071025243117 -40.78422702201831 -48.81683072635084 -44.24110348244854 -31.252493920186552 -1.5317242946753271 0.0 
-0.5662341221114924 3.436767686805747 -7.451301220758209 -4.131118591425523 -5.0383968734855245 -4.115371036045945 -7.989972604448511 -24.56812158605859 -33.008682146509166 -1.468791946604212 0.0 
-1.4544489647713523 -5.317403486690278 -7.782763703014102 -13.190433430238654 -16.255789794957334 -15.303498119042915 -16.301058881356262 -17.02567846358396 -16.11227771441382 -1.1197281626321627 0.0 
1.1579196861504628 8.050470578616068 13.983013667196042 11.346886298277099 7.130766893135791 12.756539452845697 23.594660102037544 25.345166327271116 8.770541294740227 -0.60645446388412 0.0 
-3.261030748262542 -8.083031625775027 -11.58966561293095 -11.067902997935558 -9.738487941946147 -9.123422774368741 -6.8115977046234075 -0.2936177565451762 5.775095892345517 -0.06596376584469488 0.0 
2.4666516466219175 10.735343032626087 -7.666173402639508 -5.798353235321603 -6.803127141522737 -10.115315018593979 -6.681246066857801 -12.513905538082481 -11.51966844921084 0.37614911641761445 0.0 
-2.992223840429375 -1.7983970867782793 -0.7770140496085036 -0.12310159912163732 -2.11594553254739 -11.016494893109936 -12.412279072044615 -5.841673796982409 -8.013529981442552 0.6288684658558112 0.0 
3.1408724531538628 6.806459275249949 20.261047579102232 27.128757324788012 21.328815579438142 4.089551830148526 -10.274378245574196 -9.915255602779942 2.6323361607662785 0.6573215995596909 0.0 
-1.9767154471082062 -1.9573366891768964 29.503365284549766 33.56461636903451 36.141917743919024 28.715682027853983 11.177454708220807 4.299444000614933 8.338853406657499 0.49533107538891485 0.0 
2.352406589501051 2.0852261457537886 19.509160533485105 33.418828497177515 47.84811516437024 53.65543120786083 41.352366926841725 38.72834001949066 18.80886259841269 0.23661278128874608 0.0 
-1.2672542860988427 -1.0455773072353884 -0.9383201132557042 -5.373553512346854 4.20723037235835 19.610861164564167 27.58059251853047 29.599063655538835 19.887053129441952 -0.0005578962150691175 0.0 
1.2127696608244327 0.181317777959063 -21.55577526172751 -21.629670866025627 -13.944971523080993 3.8059436377226663 17.66606562879619 12.124052422869433 6.55449031142041 -0.12383595292964462 0.0 
-0.463239824644867 -5.151700491754041 -6.290411406767433 -10.26878312557464 -25.61683792919355 -24.592024380733122 -5.211590204251647 3.0596109699279372 -0.23350614380508752 -0.10734524005968687 0.0 
0.8549831647417022 -1.9679101823817204 8.597382360326861 5.833017122741213 0.011608582767022035 -8.184734127688447 -10.060919603052193 -1.0487901309107828 -2.394006569348007 0.0015509249006001868 0.0 
