-363.5880494856973 -174.22441638238493 -107.07732140549922 -146.5168883333208 -278.6884763351604 -459.71302804587486 -681.8726725668465 -717.9845852682814 -719.6260428483085 -721.5911020744177 -723.4045978334468 
17.861740279577674 7.265778388324804 14.078651413794574 16.98694583890714 11.50469579315881 23.626568048529265 45.343292927682114 17.19937858546437 15.129433875737618 15.832693761599977 10.266312980628271 
-39.56437587075934 -43.66758976633844 -44.73683242277434 -47.37601082253532 -50.263731196584956 -27.56439471814904 17.28052226817156 3.8544728372870933 3.331954318033457 3.404183750474778 -1.264721262472781 
-55.773807309985145 -39.66528643544562 -41.00617733153492 -34.596646865400814 -7.109846296744255 3.373794313107169 -3.1429941732433972 2.8141142714598586 2.6474829173711556 -2.1411971320040117 -1.125075716683706 
-13.294510153592714 12.15434123146008 7.177185139472227 -4.2629142762083365 -11.649862142617273 -2.5326364607708842 -11.121776806069413 -2.723311966281929 -3.2348905794594485 -5.855359406013232 -4.801965890395241 
5.385552236225678 0.5530697554200147 -3.9636428739172533 -5.174027891791889 -6.2094933408160005 -28.421430508537178 -22.398476093976562 -7.115733917468163 -5.919142134398623 -4.768690744418109 -3.6493769275964087 
-32.47029650763992 -45.199936739763956 -56.63657430554231 -64.12057060784437 -57.83917905374821 -33.369522620192214 -19.263568107504767 -5.432057755380816 -3.1881628740695374 -2.2631350871881257 0.7621556837740471 
-17.13309010218963 -6.756900436152928 -3.633096087998255 -1.3622079292203917 -4.50624965478204 -17.179349145514774 -17.32070161969302 -3.385010362271405 -3.8033979577087345 -2.3117718099247746 -1.6832257542443192 
0.7421520903102914 9.560084907086964 7.333885207330179 -3.511944893797866 -25.079936217600675 -17.561708723572437 -6.699193006338451 0.7645113527508165 -1.2792961478319094 -0.6578513113391561 -4.222200114210488 
-8.559790662996331 -2.9216397201964246 7.425265914868248 15.408760595045798 22.09079543184562 3.899702724266204 -2.370216922450771 2.5011717017242114 2.6816901112387135 1.009548669170633 -2.0572351115702636 
4.0711119180896 4.676634712516521 8.41111936760185 3.761771675178779 -2.9584659423772823 -0.41748244037777726 6.490472705502306 0.7691959634754387 2.528728924332736 0.8526605496675772 0.9090570101276936 
-17.68516473682286 -21.19769411383861 -14.453678266900853 -6.6966445859540755 7.286166132593285 7.714170245939256 3.795111864544757 4.9458225358533685 4.738550789225946 2.4308013471185888 0.9604345669637779 
-3.2348600753488252 -5.588411588645343 -0.29297878641916064 5.3612064329907865 9.717072206763108 10.831587204831255 9.357240089146623 7.575738965825314 3.5968352224143176 2.4679211592037555 2.4046987389209944 
3.4634723285214317 1.2895566883721798 -2.6734225066595374 -2.5856508675037153 1.1869032328756646 -4.473540781535588 3.8972778768621597 3.9233813226636762 1.9650400254355227 1.703263397983075 5.332067680234255 
7.897508694637923 -1.4239177566626837 -6.537187131563667 -4.569532137632648 6.336977914507596 5.913682508565242 -0.3880100087225763 2.2090243954686666 4.063881604339824 3.176099508586968 1.778409718502457 
25.577569266882165 33.04577546516723 20.598331767179054 6.6577636113016485 -6.982684563454727 -5.983364019515205 2.2516326325487417 3.0981378332706555 2.2761312708802155 0.7457265584511321 -2.1090841242119325 
32.20862936447138 23.52521661038956 14.231703304349729 8.110135497616096 3.7637997485957317 3.9850123477682833 2.999083901820681 3.2200613171477226 -0.8021319022079574 -2.9400418919946842 -0.2970419635113096 
-0.07961266237077436 5.992479859307344 10.635967078829625 10.15237182692601 -0.684272069897941 0.4328022895758613 -1.5774030823223297 2.439421334878297 -0.12257291876089055 -2.2509914630841426 -0.061761137735546145 
-11.785502466325827 -13.223107160490578 -7.128970828654891 -5.642842231058591 -5.489349775189955 -4.127134962199508 -1.8465355368541503 2.0566545795131765 0.6902298492487867 0.5975727189707241 -1.1263575372371581 
-8.943377816962972 -17.2783053359554 -9.8214483668383 -2.919762902213514 2.180503237780062 0.17227950500724276 1.5658564024428134 3.683914301941344 5.164954170530372 3.980700829863574 0.1380092453733986 
