-319.32591532832805 -160.00298866852293 -88.55516020002791 -95.1281755567187 -85.39761219886036 -73.54545417525931 -133.02432836375348 -263.41770531829053 -408.5587351187473 -458.8834213022681 -465.4913132611713 
77.14772378861818 28.114103923933925 -10.720364781887845 -35.03453677857422 -21.66738546673877 -4.5304850339670955 27.612417501355125 57.168475227568415 48.62570411995005 23.179942345144752 24.985651860596995 
-45.8111268932943 -64.92880195946896 -70.1683618919611 -75.54382363805274 -104.45296286201932 -89.80105242084977 -68.06040735845866 -43.35182522128942 -13.722857018400507 -13.229567238648066 -15.214427999978888 
-53.408803198843486 -48.19234247174671 -35.28046873500571 -3.557778903848984 1.7590547716828393 -24.549080981786943 -35.19064052153239 -24.798770287247972 -17.220679271730045 -3.088867908147284 -7.695498119288056 
-28.67903718771209 -22.057550527406516 -19.799751656266253 -26.76147483257673 -41.548885382119785 -34.01822988376776 -17.153636977812525 -0.4945798224444596 -11.696184232095899 -11.247336049059639 -17.93106699929119 
-13.717752841497262 -2.3104070613348067 16.56335712446954 31.58982088582115 36.973879334113775 29.533516774088326 13.389476066024926 -1.072411209315811 -1.0130679209888318 -6.999031778087313 -14.375324629431805 
-7.599239215557159 -18.853639176125462 -27.781610180676658 -40.73029069438569 -51.81149206678508 -45.91436491607391 -34.995797559220506 -23.66894972341013 -11.608159867948306 -1.511763271718579 -1.685786531944899 
-17.807093342201508 -18.79703156028785 -6.715038669863531 0.7809373876036734 5.250015091803545 2.767653236472586 5.039727064233335 -0.6416650538065771 -8.728252792533914 2.556669310260612 5.641365061110806 
-4.044395832062885 -2.9755420442090967 -8.884590344475386 -11.291556431287837 -7.452202886513345 -7.704330393869588 -13.188942600658933 -12.348201070622881 -12.19015366956883 -4.79297678836868 -2.4904593473808303 
-25.860898456554906 -16.142244344527803 -5.039076838294699 -0.11794497603239501 -0.08112011011267639 -6.61763818977414 -6.428401701575727 -11.462033724054528 -9.933642609375198 1.5612804822737547 3.401424709717329 
1.733763642130143 -3.390482613291754 -5.198431829838865 -2.7916288569968906 -0.9845196269722357 -2.3139743741210697 -0.7442931368290673 -1.6329131922703284 -4.237854367610929 -4.188227612872329 -4.610014843207262 
-8.389878437892703 -9.429262590282676 -6.61176582878539 -6.744525805397309 -21.26895720666327 -19.21214592571048 -16.298271571626984 -12.031791126860881 -10.054650058851601 -6.7624213692064865 -8.139301361684801 
-16.149882874102857 -16.476606381756774 -16.46730094585232 -17.51593903038624 -30.444491104035986 -27.358514503151213 -18.66131223220686 -10.188926668300162 -8.975923302825219 0.42350881523094913 0.5545053519429104 
-12.018585013585596 -7.779623064181575 -8.393687650421322 -9.399966929760883 -18.38283789738963 2.818290613081806 16.30805289265794 19.502037385806943 7.0914596481085965 -2.0215414375738994 1.742946050820589 
-8.822083060426895 -15.234658709735024 -13.069557271935352 -9.664331366497066 -2.750708901000129 13.166106382600544 17.68130086368606 20.92083620679719 14.979701688387234 -3.0751702784111403 -1.6170284306801948 
-0.737752459423141 -0.7999838468188754 -4.449926113886563 -5.200369056233489 18.636553551353785 45.09737777806002 49.94799997094306 31.73870123462872 10.797637110630578 -5.115454616318621 -2.009042334199761 
8.3975290692571 4.1064122013953686 6.871614924418584 8.225666173171067 29.634446377148173 25.401248622908128 4.4216826630364405 -17.215702314131967 0.686727309464303 -1.6988418971434518 2.1190362600880266 
13.646882406004025 16.086638887971418 14.322913642485402 15.774077456475732 32.24911878797932 23.460272590083918 4.9730531483044125 -9.200072432015787 -7.910243674521039 -1.2236095079750955 -0.9231284238183561 
17.211014643914545 28.07427037291501 33.614696050074656 37.43952197170742 26.607859152005442 -0.48985875918072724 -15.163080840470819 -5.854732139233224 -0.3105032153468325 0.28818817463819835 4.305579023124489 
14.910687820968391 20.59996460211598 25.320606188040983 27.013593963895808 6.6835285712105765 -1.6600446299144667 -0.8684596118003693 8.214685034159169 4.124757700017741 4.797323668721369 5.479606962804509 
