-415.80368594383987 -263.4092498308324 -135.66256749998274 -73.7352311116799 -53.498089916109826 -97.91921214066049 -207.85020394358477 -322.5869575440244 -384.1231768176558 -386.8825352272702 -384.3312369445733 
-23.965168391155174 94.00128744799139 96.75146878355577 73.0827996370895 85.66293924914174 99.09387266015372 86.3664536184991 27.6657621471648 -25.580593841522056 -29.63989047197667 -25.970944875869 
4.296669513484064 -19.803737771893964 -62.02311388108981 -60.140033706971394 -32.74956065771342 -13.673707469782583 -3.680578536514813 14.979008654378875 -7.5334694832402604 -7.751351232567425 -0.5259118306359511 
12.41756581710284 -52.830035897165786 -54.43783570096444 -45.46056688882458 -40.96230354799691 -47.874754328153315 -35.719734450421186 -0.03140189412359928 11.616994853467876 13.686644188103397 22.317187185463624 
-14.437344184939715 -36.0790918089472 -15.060920250308836 -27.636466971275095 -46.40766291842053 -52.690154129143096 -42.407229535790655 -28.577941095212914 -4.319268514988126 -9.109672241869644 -3.3645053210404097 
-4.937080011230342 -6.436287980397132 -0.5155851991186543 10.584249987657959 8.172201360930558 10.62598429838162 -0.22945430815798218 -15.93568843183445 -3.441042500483893 -6.863467081822062 -2.666660898174483 
-10.89953461410299 -15.235531761764468 -35.51115249835426 -48.54160709221098 -63.08994155659944 -49.665460705173885 -11.343559093585931 -9.832609346873143 -8.532298187738828 -7.286274720136289 -7.088592322461655 
-5.066811668757568 -6.004161638998747 -6.102967399119345 -1.3280883897112503 3.5515288574098385 4.415768225972042 3.0652749169421067 7.666765256257528 -3.0242559496211587 -4.306992068392345 2.2899135588874886 
-6.100073261967227 3.6606073263401373 22.63914636025663 26.43533665600219 14.377714975333745 5.541168129018666 5.51835313575802 4.142086939857167 -0.4412766329043283 -8.769682899008224 -7.808882768687006 
-13.45942208287454 2.241317329092568 -1.2124621722760796 -5.439569609638847 -6.981729553605627 -1.255086833313761 -8.200421260286438 -19.18987924437746 -11.907949114998797 -12.902647849338647 -8.552601145797516 
-0.6074854636766598 -0.01280791814826382 -4.177954072242125 -1.0579443363402738 -1.3337764738096507 -0.11879400066729962 -11.848732578193918 -11.249420576578103 -0.7841124077919112 0.524276013823032 -0.6026494709330947 
3.462627932838689 -7.7057456289092965 -9.078903763960902 -15.305718849256568 -22.275724987718434 -28.407479825368874 -20.585768491203176 -5.688465475065861 0.3022966166962444 0.9781839395137661 5.475623811914367 
-10.235930712929829 -17.75412416391568 -24.653350339313725 -21.97225104637087 -20.175026595654398 -20.79677841339784 -18.610531179729506 -4.828186422009949 -8.961571739375586 -9.881543754505477 -7.1335907524819975 
-7.736755251396485 -3.742557254647819 7.5217484943410176 11.81908935606924 11.649414308584536 9.075028631112547 9.826970632482556 10.22317128380589 -6.830472873469481 -8.359428456306429 -6.995714661226476 
-7.78168674217617 -1.113178830658015 -11.409724171403607 -17.759866825606114 -5.89280231888141 13.97101577868162 29.16906246946487 16.071109581609747 -7.6080577975144745 -5.789079479753359 -7.474436016065047 
-5.1366535230115735 -0.49007996437260665 -2.517790488182695 2.957792411639968 11.394974397170806 15.721878841811376 30.441733351482185 23.751676092564082 -2.4722074294942145 -4.513246572640666 -1.6450806395628175 
-15.449242324259007 -8.789107629026649 -6.649078829967133 -3.6507015521364217 15.635246235593847 20.806183547372576 20.484205902201467 -0.9407249914096761 -13.107077769732843 -13.324858260197269 -14.092785060699521 
-5.685204327964212 -2.0527951912184266 -19.713109489981413 -16.64563058003207 10.719089973960951 22.886078469497697 15.167564144000842 -7.464050015528563 -6.526764613930723 -4.986944787604582 -6.607210547948311 
6.605259459796646 9.645983725254293 9.260906844763642 2.4219687214260546 8.033445719451993 4.8986290209993495 -4.219347120619636 2.5394082826080053 8.170999853481737 6.353811857881077 5.85886403427202 
6.681966356542013 23.674084818849707 21.3051671895425 19.14325476572523 14.74210611595613 5.832523360326219 -7.707020361420179 -4.866981426482607 5.660226442876592 4.413328329081999 -0.9564436937336904 
