-444.2428020756127 -432.6719665878806 -430.04325279231887 -432.76035659671834 -439.10218253356817 -378.88538607190156 -207.82105315848494 -82.30670590020408 -60.55237748055874 -123.81999373819738 -254.24107804175395 
-23.035872345727405 -22.719060268520728 -21.452529036488013 -21.743650760009118 -21.75870297420107 41.75729213182036 99.65663640675567 57.50777986868896 42.692460011150125 56.54506032666956 90.35469840459028 
-2.18515800421989 6.749105374078789 4.057305284912182 -4.716630535668446 -3.6662839086391745 5.539793514738357 -35.33295358912348 -47.57165759750441 -49.32655810462498 -36.01507916622627 -2.1535334387296623 
0.8241639416529635 6.269268680918488 10.92490954780888 6.795288575293497 5.312304718744128 -27.208105425903373 -51.841514426304535 -33.766666004147865 -32.57895175137747 -35.43071912924714 -42.018916517935416 
-8.591197661981298 -13.941700463581157 -13.912216415334125 -11.267221651842922 -9.680868174961299 -44.207875528729105 -16.77617979844175 -17.294993455183047 -25.57242042494071 -36.81275866892914 -38.516911211136986 
-9.572371511356412 -0.5761092908870247 0.5466567221383685 -3.7234259595452173 -3.9077196304410147 -19.371346814534817 5.345215139655803 14.966825501519516 13.063181181963685 6.405437653446923 -11.640761463388927 
-11.46690082935847 -7.326522646665541 -5.86778439968071 -9.666081890311828 -8.221695731302718 -1.0799721735390155 -20.189177116276994 -30.723860980706455 -39.507841844566414 -43.35959232230224 -22.5771682149585 
-11.505723451674985 -1.9875716286929506 -0.27040419782281355 -2.0812125915235518 -3.2322580492514357 12.463035129527206 0.14803202298479384 9.150623181047264 17.252687997865117 26.40004099326601 10.13133864050166 
-12.1984922667178 -3.544365961638645 -0.44230906276824145 -0.22668033491208217 -0.6157865819569606 9.284724990793869 12.4170000868023 3.328332323032226 -3.4960139896899944 -6.614312153675396 -0.03000561692783995 
0.5136351463042504 4.372920413057805 -2.8621754133520003 -9.050631513561896 -7.688296834858675 -0.11814423217731596 6.980248091317202 5.828954869163255 4.723905068243116 4.305323245856153 5.757741765489839 
-0.3043532266250799 2.9750265630979085 1.7494941455465431 1.704943216678131 -3.710231292325372 -13.04515996172283 -9.16140544819396 -3.113806372142215 -4.338095346202611 -5.8671523989868515 -14.259602337971918 
-1.7971608272872548 1.0672396144948306 -2.5325593948456833 -4.9801005035024355 -2.5212283444573376 -14.581463574484541 -19.756683207790616 -17.520076608598 -15.077576241200873 -16.49158720180648 -10.410141252990563 
-10.296595595484902 -5.232601906230461 -3.7280250825886245 -10.633130232783401 -8.551747534470932 -18.426053340646124 -14.124338307548488 -12.74991043091594 -6.927143898173622 -3.309736974364398 0.38341871268869643 
0.3399003767659304 0.09937636249700466 -2.2935682886138093 -3.863580166123594 -7.52311181457976 -8.224630877815624 -2.5748001459064214 1.0487969852019006 5.674372752765192 4.519007202588833 1.7256623701425524 
-5.94447353339973 3.040293694359218 -0.6184689074345543 -6.459464128589457 -6.985159117374916 -2.167567245455454 -3.8844663592961286 -12.888844521180701 -14.364420118994772 -9.51444397175833 3.280904421594057 
-9.351370886656591 -7.078951998269384 -7.136073320224139 -4.788643763956365 -4.743448108190777 4.719609917326905 2.875251150490087 -0.7705138351119464 -10.848184624112127 -10.157846451709801 -9.544268135280966 
-15.4749630388832 -17.100871927684377 -15.638507144641622 -15.58880965401932 -13.707067344856588 4.175372244563091 9.348172750780144 -2.2386295799023377 -20.159381042612626 -21.557121299121647 -8.891358407307123 
-4.356801459305101 -1.3547334099379142 -0.7713649647444394 -2.661335418959278 -6.648512973189018 14.689124068864515 22.71180049960929 17.237535276483957 -3.4267762111645017 -18.69601289245052 -8.468042935283213 
9.675283173776391 5.6894509642910585 4.590434020008223 3.3187092511438223 5.342336739129296 31.06925647726901 41.201586368059196 46.45853484535914 38.20737416859609 15.55277398052083 2.39564333308424 
5.643467680201372 4.997535446226233 7.63691943457434 6.94081947246098 4.887479925588601 12.953818511677678 17.236958804937636 26.686095428730354 36.07999393723816 22.545924914387527 13.248547256236444 
