-406.26191382065974 -380.4529187114235 -415.3077478469458 -483.614061540722 -497.11064033309435 -306.73794511456646 -131.08603144720183 -80.56115344492618 -90.38219726902466 -133.09622682227206 -229.12433541897744 
-26.943905664730778 -36.79071381944429 -16.88212068446671 27.19896293164677 22.724321513478287 65.73938394386215 24.876538899838913 10.350570411288192 15.160569652104485 35.13395419879657 42.44970883367618 
-13.771926866630846 -19.644701603001693 -10.497215509287045 5.508503138364777 2.413585135008645 -1.4863126587789304 -8.272051153000959 -19.2716074512918 -20.477480879596236 4.978836032975834 32.05164596613212 
3.947690139090058 3.5613587717317063 10.009016224978495 4.06977254957167 4.884391299746644 -23.455359461825328 -25.492298895264433 -17.603511773599887 -9.220965535250983 -19.29826165908558 -30.68076989125796 
-24.836564000796237 -24.82523299323271 -18.639794039735087 -8.125030879208651 -14.876564706486846 -27.190231780821264 -33.26607202966895 -39.22001038552465 -47.73020447957452 -41.87455291825171 -22.351436672926155 
-2.25393149531395 -1.5248048708905215 -5.122175893629429 -18.622977374044254 -14.504267856889937 7.6492775674685305 19.38381080517651 25.349478169030988 24.589344182428654 14.523865980624652 -13.948241604924846 
-3.1577619947778164 -0.3351470454426888 -6.198807473985909 -15.142468047753557 -13.555286334708313 -21.40789172453826 -34.293062810777286 -35.69438318234013 -35.09185275431773 -34.99193841276868 -33.08231090214247 
-16.904871474791435 -15.328083379663159 -18.336983519160594 -8.547820447093692 -10.016170203221948 -30.30454705073147 -14.974146932038003 -9.807479323219933 -10.424840491056123 -10.576754756336278 1.9449236810419568 
4.873673938221707 9.566827598376175 9.319530999073134 -2.644800008986766 -4.299843430061973 -8.9699333469882 -4.059626597812793 2.1104381182125245 12.296899474663729 8.317936192251514 -14.0461995801343 
-1.6436658101741553 -0.7852447470978795 1.4106208410193188 -0.7469413204240964 1.1425380218936008 -10.429194943946841 -14.122060787427149 -16.95976830612316 -19.330877458219465 -15.867024364665598 -5.790566117773172 
-17.04687635509354 -17.169753872249693 -12.581296966592415 -1.0614544166835411 -0.9762268255856669 -4.778211566688405 -1.7196908977033192 -0.3353578143325662 8.30662265851786 11.552477271710966 6.628642313985053 
-9.293537250283096 -6.347190219879208 -0.9127093680794818 -6.092697854492992 -4.166222108076269 4.328046838813149 -0.5287761055947404 -7.638173749190626 -19.429300308740494 -19.896091455578546 -13.519361545454895 
5.379616589927268 8.716337930092498 5.877871550454419 -5.588615358086659 -5.148332167339598 -5.729892646566886 0.11189731605338649 2.053889301102031 15.469383980469823 19.291712775512224 13.59113406593339 
-11.511658477254233 -7.725227876879272 -7.137735065415924 -0.2135375734542002 -1.320579462760985 6.906675540441945 10.509190410176958 4.582255852694949 0.241264113482708 2.2545042429202278 -3.890798209195112 
3.0554242177113444 7.316920636729922 8.109768498081692 -2.015282471611773 -3.1216880227258565 -6.646736666188488 -13.063904983221967 -15.577336470607747 -10.903866310430292 -8.847763014201796 -5.441096582063562 
-5.953082000107351 -6.29371045744829 -8.078215464339944 -0.10699821130722842 3.383843543971227 7.972530427746855 8.144019546857857 -4.921098586561171 -22.530336380463755 -22.112596521352394 -19.15252832051558 
-6.874439529492957 -4.995476173483079 -7.725795993764258 -5.253834828254158 -4.205284857066021 14.636656608736292 10.665838277948202 -2.4617247640379443 -18.548593735937647 -17.01239649260094 -7.9398528147988126 
-0.1607821327051886 -0.83342783661267 -2.4557342041719137 -4.344100121395973 -1.721931009130628 43.144471869008086 41.61001761465724 31.477049175215562 5.7050059429578415 -5.969935024869693 -4.065197498048209 
-16.899807934265407 -20.763450894050543 -17.79399885677404 -5.109410633551865 -2.088489453234777 22.518438584040943 33.49019596970152 38.39484668155501 26.910442166440717 7.741557338461282 -1.6697860912180271 
-2.6121571190191575 -7.014091590576164 -7.780205922114342 -2.961870458398063 -0.7262927261452131 5.572241742420872 16.530891732316277 32.928616901485455 40.536898347641944 23.836972951773824 7.653609585797 
