-550.5758607837178 -542.1474856906863 -534.6962031115298 -374.66826227539934 -211.88633651430695 -106.56734586485659 -87.85989266931769 -142.33468208798632 -255.62004617768616 -391.0854429441886 -468.3925024348756 
61.08726228317466 67.37879207914501 66.1912861969493 159.94169196618597 160.1234063986406 100.4135264717537 86.89495764715417 105.10856834812016 136.23964610838914 140.5732541251868 129.51803091328702 
8.648845400319416 8.234239119658703 10.579353633764873 -73.7746791053416 -124.11979785029189 -122.79624463916608 -117.56506307873909 -105.15044215250899 -85.06725539206224 -39.606659445854476 0.9194283166611059 
-5.361005901181995 -4.267179163833857 -6.341524508042044 -62.06656866483419 -45.92356290863551 -41.84864690715779 -25.338642736190188 -8.9049859210895 -1.257592285452973 -19.7252995301162 -16.71031236441547 
-19.650764176851467 -17.31624472578538 -19.464750973930023 -4.946535716101568 -21.600489930209548 -10.900377511294758 1.6544098464377472 -6.40359652797038 -17.983882529601814 1.4071093606712044 2.4586404227950256 
-12.48824411405079 -14.254195893575428 -11.175873187388984 -11.452960516592606 0.8393374510860732 17.819520260833166 26.91750575923845 29.846076806622303 32.01791147267417 3.11964007988368 -15.249516093306738 
8.293321762077982 4.86002219448165 -8.830246377092102 -14.415243246170867 -20.85579675567827 -29.25964858826675 -28.30881253890342 -29.61096329419496 -30.692133371571586 -32.23009765275499 -31.362583003069375 
-1.9273770972422333 -2.227827177096642 -4.81382032863761 -16.547397501386243 -14.384383296080054 -16.499188716452636 -17.33268338810778 -18.70259464084333 -19.988498467786425 -24.043675743748626 -18.93264948437622 
-12.449376682776172 -10.961617699254393 -10.4502547686212 -25.543535774177684 -26.980470291504968 -8.769195603745363 1.9553627374736546 8.31883001990952 7.060008636058036 0.7438164948979542 -1.8308570840041947 
-9.800832243772668 -9.362122383618988 -12.781024518198004 -2.559344006081125 10.26756660129818 12.792795327702391 7.945567730433607 0.11967571957679934 -16.718874708339154 -9.218571118523291 -5.700424564545536 
-12.632670829558784 -13.421421011336632 -6.658462504134219 10.74267754903661 -12.922333907172305 -30.570490047086484 -30.834125644881677 -17.31816453700265 -11.175650468768223 -14.564459628987219 -18.192685216382188 
-4.951125420737325 -7.0841444247742285 -4.1228975782682555 -3.224738840062968 -2.861786790565893 2.869963040135959 -9.935416369047088 -12.692978960328169 -27.18159909723957 -23.932251445602923 -9.404749385229447 
2.8199783346309744 -0.25736752404885155 -1.9262717661675461 4.128898458844854 10.611181551316765 2.8102070642472783 -13.163479592806505 -16.847887525906046 -4.646783066408791 -2.151473629024908 9.249129626044251 
-1.523932021554885 -3.067458648200912 1.3073235480621133 7.1532210445424065 0.1916458123617872 22.657172067314825 21.6893536957313 5.504916854811858 1.1158219357301729 5.693208048700776 9.193794844270137 
1.1666352715817971 2.079662003745255 -1.1257465273884892 -7.41383745184688 17.402657969198962 19.38492348457858 19.27111824517184 -0.5528125222994908 -2.1007026692161417 -3.5672216525167677 2.9014904555547822 
1.2456119887838912 3.219321820899749 4.640674674991249 6.023608186392604 4.137352247937068 14.676092837966001 30.315569144883348 28.978352586124178 22.399983841620426 25.075950679448916 9.626470745310318 
-4.284177585645869 -0.8158656656333909 -0.9683854415901204 9.93988534429667 13.365664591774738 19.683302867213282 35.363209029588376 45.22832960476971 40.03784313129081 34.76924576697891 15.933722557943172 
-1.5862791836283219 2.8234307496899484 -5.354602461716716 -4.519496865025996 -3.7652743935220716 -6.87336886366219 -6.496584594695701 10.394145374794789 26.439757644163013 15.162670418978895 9.900819904833334 
-0.4792051174634395 0.17535403173439512 2.456484685734609 1.4215444830472017 -10.748669435756732 -16.659523278891317 -21.828801200928424 -20.456785812469406 -8.091360921600694 -3.0603781580757303 0.22510825078266472 
2.407770363395986 -0.5556282369434024 -7.37416826886619 -3.5006772233742516 5.469108963624585 6.484733339478178 -7.2397127023700865 -21.279808557585852 -20.606882287301893 -12.825353658575587 -2.7603196618003247 
