-618.4895572597823 -424.4065335899966 -265.95078566320916 -174.18563333630752 -108.12817057222567 -108.0076640095033 -204.45679030986358 -383.7565230649622 -489.1677718626955 -577.3571469473462 -616.9404626444716 
-31.52393707133106 86.38559611766402 60.229573496029516 2.1282233163219595 -8.315904791150444 8.824218775353831 32.561900112755566 76.64092233512557 74.30866055829699 56.52132328655445 54.77715243223134 
23.559412540871445 -19.49181724716467 -43.55000468098194 -72.2405433587607 -80.72662724950894 -70.65853681576701 -49.960353398056924 -0.3823400031558502 11.471047602787932 -15.658952463035332 -36.73786168838217 
-22.450122547805492 -85.15470055820596 -69.04530548463654 -36.68570374846445 -27.557454078166348 -28.189391411289467 -24.35224115003535 -30.02555119685688 -28.92959556015898 -8.709131491327764 -3.990152565382334 
-7.035076531944859 -51.02504222212475 -35.40799755849188 -9.711476202791768 -6.803471824794254 -15.692703726061849 -20.16658234697494 -34.54807697794469 -51.04061111331178 -45.02253010590877 3.6659248028653657 
15.726650168683147 0.6839739073224571 -5.15009289704476 -13.044681915074552 -21.012966451173753 -29.806928571051024 -30.169641384813673 -28.79226758718838 -20.69011598609132 -14.263348887373304 -6.166793028393247 
6.348536796586315 -28.908009456664985 -35.27747525031995 -37.63205695443961 -37.48313084120403 -38.059945431532235 -39.180788056659026 -49.8097450471768 -32.163846630839394 -13.806151976471286 3.3766012338667437 
8.290423133662832 -25.06767288385226 -20.20972254971391 -10.019856931911946 -3.4250771031507914 -4.012947193874265 -6.438586892958658 -3.122523025080277 -1.4059703172232836 14.623366679834511 16.16017299773706 
-0.6589408704335323 -12.856861308868396 1.426356382446756 10.52215571437177 14.030661327819535 12.068193793123482 5.931688798036417 -1.7282539819012794 -7.21779052223315 -7.078880993728587 -4.712415270248958 
-7.452454331770318 -13.722315325838805 -21.056140642639807 -24.472123146941016 -22.235027389303582 -20.788640838274304 -19.972340027149983 -13.854414998733198 -3.9743390398651393 -2.5872780756323044 2.438837726865077 
1.3915192997995671 -4.962039327110509 -0.41030096217935397 4.628737667707639 4.821849473514796 0.2412620312329503 -3.1570687728349984 -8.146737494878169 -21.904043559637216 -19.866516991916033 -9.642751576676055 
-2.446994654935784 -10.078878212193931 -8.392036468176624 -8.36810059638633 -6.531821176175896 -6.8229044254469535 -6.16988433330499 -1.740274397458896 0.3453620099115118 0.6102900332156674 -7.36000681950078 
-9.157932582539503 -1.5460321910127868 -5.8952879738626525 -10.48718709042599 -15.829843823129387 -16.73262406556756 -10.49561149367695 -11.888552070965915 -14.449446175909973 -2.868168203282614 -2.057097941137477 
0.7252246908477571 -2.4943693614595346 1.0583636840718915 -3.1642603874747603 -8.106350209056927 -6.975133150705879 -5.197806344733021 0.08098967791160039 -1.4812056621493577 0.49276560388668034 10.241662085342764 
2.9603356036463646 -8.111852081905049 -12.158053888382806 -13.750273757918253 -22.999463628107264 -19.58565544082439 -12.605256780351688 -12.884260562541876 -4.9567655438112395 3.207844770545037 -1.41268482938412 
-13.553660824752278 16.312208574316642 17.39856423709945 22.231642670025145 9.682876645120324 3.279876359598074 1.4438095527849912 -3.736263658852496 -6.4407307082978615 -5.6471078813539854 2.85328362035932 
3.1976123256923605 22.736470113512397 22.6191491330081 29.5806120015068 10.997799007827822 -4.845125943473467 -5.151916589654315 2.3778739427751594 3.1460193571744393 6.3064865532548495 -5.530092606409528 
-3.2646845797234487 17.4097619882873 35.36804173885445 50.69423894599815 40.33794561830311 13.220985436925202 -7.84333906820238 2.5605925202310473 -0.23921818516815324 1.3271227554684981 -5.129576579443402 
2.01029145679587 4.919976138418564 12.55775667571681 20.209225652856198 34.26939895712066 24.085435240500416 7.543343352663385 10.636608969288218 3.3298750380609774 3.4561518337876036 6.395495294653072 
2.296137113821706 4.516817007336959 -4.921231476424021 -10.034117959692402 15.989521140538386 19.77136893454348 8.640428443936027 -8.556713670101818 -2.792962917068553 3.2498292197524536 6.850441001499104 
