-702.6351418790036 -702.9402935379226 -607.4307978545672 -265.8774238057836 -110.67875293363957 -83.48756845424951 -126.64431786261117 -191.87300719896248 -330.29456537409135 -516.8882251852921 -652.3186239699126 
6.424039430868328 5.603739746573197 92.23507816183351 88.02699751871195 31.696831893347067 2.306298676113301 -1.9271359063753581 45.31118545751031 104.8465048006214 76.35928723416193 33.05808414800772 
1.5979229511363329 0.8226241589188704 1.0054488109080737 -23.360380395366512 -50.03552203636436 -57.78886107219337 -50.42066479892635 -41.64465741506532 -34.641696529254176 -0.596067619858168 -0.10757901162794122 
-2.171633845952008 -1.4472598408044428 -35.77039645620733 -65.56242955045741 -41.970544971200056 -32.53806640364914 -31.060719503651555 -32.8020746743822 -25.709976015914464 -18.891914017869823 -14.044929426640465 
-3.326789284294426 -1.4213160133376554 -16.086700169790454 -0.7825596247299464 -5.364330483625193 -6.65965945990993 -14.9936343627198 -34.51247877047865 -46.51517054786162 -46.041597077847754 -20.339733754858607 
-2.8047346891455884 -1.774289615577426 -1.9028399823355566 -13.742354198733615 -5.5589916908629995 -1.0151426673936594 -2.5475010049641336 -6.950384006722739 -18.661919524803604 -17.954514555176825 -1.8091033303410124 
-1.9198906272111254 -2.4180502468482508 -15.268733411715228 -16.33217309776441 -23.825862602399667 -24.790095988475684 -31.94523375582535 -38.463644329272 -31.941300816638417 -28.738212123041208 -10.534966214565681 
-1.2453769571145865 -1.912205741212028 -27.245735637450576 -31.972406955271047 -26.841744095705767 -18.152076166429527 -16.099501069173048 -14.223923607459756 -9.894295203625491 -15.13172395815479 -14.55301985109212 
-0.9856704178602861 -1.2259256595664012 -19.947213670884366 3.514490315914416 9.538254960845261 15.654005027011916 10.187109866581668 -5.806800327499662 -17.452416423896764 -13.866176943732393 -11.495686270083425 
-1.1003801733779608 -1.8335280384168586 -6.656707410299008 -26.34117919491358 -20.325894958140758 -14.908386721682291 -12.984978698183438 -16.87904707111845 -23.66140538491949 -19.589075636790866 -4.197053444546244 
-1.2627992826011067 -2.4539846618442427 -2.312491624876688 3.299353446165089 -1.5183178745514203 -7.303653324528431 -7.825726456280471 2.4473886114923533 13.560401112859125 8.996132678526884 2.845672640654225 
-1.4958303438368032 -1.6319675948475378 -5.764027501324966 1.5875956945152736 -1.358107051999382 -4.429338662869847 -4.654491016543885 -2.854820461429852 -8.762125574532496 0.381524348389531 -3.031383215731469 
-2.2635950578478523 -1.0524215508350123 -7.76062530497967 -0.12345290086489402 6.658142190017221 -1.7944860875730182 -8.871473777621441 -6.872177669791894 -5.682155195972067 -6.3893318366890615 -5.57288175214366 
-3.1094389685413897 -2.2088057805906134 -3.2817490104315628 15.362197044670863 15.294220703404347 7.679043457291629 -0.8748492407825306 -4.616502008752928 -9.93085952137201 -8.51709013599329 -6.243218935671332 
-2.1797866890093722 -2.4003820733641508 3.733397789766399 -2.4035011850644383 -8.909707339549417 -16.544736198551846 -17.3477534636383 -10.274224444020076 -11.817003903475225 -11.371288257226311 -11.244599615769927 
1.477897227593517 1.3028736232910225 6.518745731660025 7.454188820015718 2.1816781772069826 -2.476302370890983 -1.2121906243264533 -6.312213836778183 -10.32340265589271 -10.28272241498361 -7.819313492502822 
5.780957678973747 6.273728763966908 4.206017425549247 -6.857348251118104 -11.302970143268446 -11.79386332086047 -6.534121245202646 -3.908614399926319 1.1847077154576704 -6.801662606680471 7.505309369583743 
7.376196967865888 7.403969354410395 -0.08392827548955885 -3.7847098126736456 -0.38015274441020164 3.1287580757578937 4.206962848674433 0.8130916394340607 -1.4332988925225647 4.381175674198764 15.66104819750796 
5.347807495409338 4.3925698030292395 -4.464067114926399 1.4240671152861062 10.413095868433809 16.016604179802865 17.2029123674329 16.77260649841139 11.23292705012921 10.491587105088946 18.0081397070738 
1.8378333481890052 1.2290935192602208 -5.515809799041822 16.710836926161726 26.490787788524802 33.9120399062154 38.04901403353866 30.47077316027815 18.400516711708153 3.6179941055955007 11.865693166340241 
