-598.8892591929948 -580.8916990055073 -269.54670738886136 -112.68797657676718 -66.64043231098334 -75.45618531577765 -124.1740349705225 -243.0800163410971 -432.8982130274429 -567.713908909825 -623.3520446104669 
-38.27497474383179 -24.662611580481666 80.10267767186 53.5383944308709 37.88118921758837 40.870140811846085 58.42889310980085 93.86341736365159 98.52477936041285 36.30753083268327 27.425761269994055 
21.99232784208826 6.9703490703454065 22.537723111465198 -21.334917882639026 -50.10181358050339 -59.00457680862631 -52.607813725692125 -36.12924746022487 -12.123976298403004 -9.9875671636034 2.012166994628239 
-33.17443620958406 -57.137168694106705 -93.79273143003479 -68.65279977606968 -53.07208777350382 -40.86097929713628 -42.15791976032355 -44.70742109323618 -26.938854408072064 -12.808502277898619 -15.473868114163418 
22.57115200238669 13.974472495296748 -14.979816616626938 -5.32494066718602 -3.1378044564858056 -8.89815756767456 -17.897241530129293 -31.380765194476275 -39.8718950893589 -31.562405388030836 -19.20665527659626 
1.998049899026634 14.418333721392113 -7.6470732658153455 -8.527722991453096 -3.6451110540970864 -6.373262790346094 -11.021390479109542 -15.82831963084045 -17.381078254064704 -9.299619737643022 -6.725977518983457 
-16.673138267250348 1.180872129280949 -7.407270745448926 -5.872304991593959 -6.8624911928422065 -22.243314078005763 -36.90400048432446 -33.867864875193774 -19.810027866051882 -13.88444396923919 -5.282511406198291 
-1.251719406093215 3.628524932751731 -8.750543111177361 -10.360217117263488 -11.144300880603868 -17.137799156928633 -20.8198087577146 -14.471557881670808 -16.679870721564637 -7.186007054423111 -4.714880871583732 
-0.8445762390585818 -8.410542168751125 7.439090517753764 18.85445987172792 22.903397084747027 16.757654795035624 4.124736554893233 -10.815638556005014 -14.156829264646003 -7.682130472867263 -4.606030040425237 
5.985096375367014 -3.4457541975622603 -32.88141858326722 -30.01445950183034 -27.92719349032224 -19.630231594485757 -12.491044766633497 -17.050969801640417 -14.05152544800788 -9.823623189566213 -6.24823956513299 
-5.352459529024214 -6.828552038958875 4.226265548501828 -5.359896267464664 -8.257686131342668 -4.42645163822735 3.342285770500081 9.50814817056176 6.061812196478113 6.4684579162397435 -0.8487507421436005 
-9.37406153614993 -5.18106245375702 -6.419469222423391 -4.313681152983708 -7.071780037067206 -7.237219810764777 -6.76389186616063 -11.637434632419286 -7.629602362213507 2.3982922414774595 -1.9378305738582693 
7.316001738684219 11.402605411934468 10.492321937495651 13.850805238998468 12.04601606989361 8.33647155039604 2.4276299051223376 2.206209553487408 -0.5442000620256293 5.105656829588284 -1.149776236322591 
-0.7082430862718951 -0.959317312478832 5.4984617970387255 4.823321316715188 4.95464173901743 9.863283858493473 1.7671609204127487 -6.2620927395017425 -6.505381460702713 -0.9879483388914954 -1.1765354437950382 
-3.731676758680508 -6.699674906361572 -10.381830226624537 -14.647090010387766 -15.840874698526221 -7.440888057436952 -5.1927628355758575 -3.723809938348809 -5.146715248949966 -5.824428705150822 -5.275563304877968 
2.2068648355010385 -1.5589491360586751 -7.005155890908859 -4.975529566546557 -3.9192162730257993 1.688966700957165 1.8952982267285234 -1.499043696004331 -6.495963598119523 -3.683707927437197 -1.2627453903460348 
3.676917480656726 2.3068854719197724 -13.336444774273561 -8.73615120562476 -6.383219997273542 -6.211306558288284 -5.272967651370994 -4.545641741752555 -2.013790708494496 2.913169638495779 5.614360857044871 
11.994655442412723 12.930001862160818 13.803104164173664 12.268006721848886 9.241103214790217 7.108344585193265 8.00823761710685 6.106829827372055 6.790016475375403 14.4174921466753 16.244779226119054 
-2.1597320651847585 -0.5550976348558444 8.2047100430233 9.062579867369392 5.9988471631140605 -2.6738331073850317 -4.149387468462689 0.07545350985652377 3.229652930264235 12.65978252512086 17.305886764501953 
5.526702456188465 6.142146527549851 27.42834546259803 23.52466392423102 22.81078194569938 16.392771113629017 12.539622720500756 12.520579431805258 2.9798556111226224 2.2266445984754357 5.2262356569317445 
