-733.319086189184 -719.8797596497789 -431.8399181970211 -232.11933494710198 -179.46700522369574 -204.2819726897388 -263.40086233240135 -367.2847396305339 -517.3706888943282 -679.97152757263 -741.8245947832502 
-1.5480645369104011 16.806926050349336 106.00579404152292 34.616844652560914 -0.41955603540458597 -7.620591922125439 41.39682260306941 78.93368407768122 99.42705811230832 60.55297899750438 47.21082253066395 
6.555596777133536 23.371024360336612 -26.908402107482388 -40.252896535342 -43.10792434466192 -50.45710759138519 -50.769442574985256 -21.103624470357733 10.489522245067214 16.57830174631408 4.365992256914248 
-8.93765939713887 -16.12779963555395 -58.91606783796397 -47.57912858344826 -43.473576945777346 -44.28360422303898 -49.037743831814524 -62.880474934765836 -71.29646446638253 -18.739377476222096 -7.784302011771063 
-2.787649473573404 -8.25202571342483 -28.754841731775343 -20.083513158999196 -13.583001296006547 -8.301441454367637 -13.644482922488987 -2.559579478754748 3.114244522752561 -21.561759751533362 -20.954400845933748 
-10.126055677311896 -27.333745770388422 -12.927840834752416 -12.746412761058625 -2.968813118192217 7.629005118776331 12.300303108325497 -3.0972897402983106 -23.5744427851458 -33.81021223912447 -15.64535939432119 
-5.741794394401646 -19.878207700343808 -25.749278386746248 -30.62111470680369 -39.166096358892524 -46.20414722353926 -55.6465450036238 -44.07125291790835 -35.7680722755218 -17.431578353338267 -6.132240918166945 
4.387081944807487 -1.78973607366229 -22.723104089285258 -25.911367731892742 -11.446065416292207 4.690306366573376 19.923174351643667 11.351204741912664 -6.177236033620414 -8.560099394587272 -3.9958664316900085 
3.231445651267289 -2.8689115900610784 -4.746125221363307 7.855679991327869 4.753181763136121 -2.537031053770051 -18.056808195745056 -16.879340427349497 -6.6081502475060185 -7.6256859760322975 -6.1571563355288035 
9.364912420420815 6.574331174897097 -14.985160791086262 -27.007846466885987 -24.392938366801573 -18.521180871436954 -9.61406629960516 -10.277864456142595 -17.616820457376974 -10.20763087280028 -2.2733187413604985 
-0.29022655057030833 0.5692759683499768 -2.0450109004374313 1.5449189306728273 3.596730398480294 6.532015439870182 10.591898325422912 15.405266441626445 10.144832775660717 4.120270012591113 -2.8378800218810882 
0.7860534692917267 5.795312209210124 10.766626594839366 8.586883714929526 5.892076371012616 0.9469454158877814 -0.9745684415834885 -1.8233069955424415 -8.73246671424338 -7.519799057023963 -7.838562804028005 
1.4442111412244456 4.185186982269851 12.593737795026284 0.0139401263531993 -3.772199296437277 -4.555631355936077 2.3420903294578252 7.969389796625572 20.960680727898175 10.207014270841196 -4.841245094931029 
-10.268834601531868 -8.441246637050744 5.063641198885178 5.526429495435009 2.462878116541292 -2.2228043950446983 -1.6189051698714558 -5.272738371174552 -25.22926487194842 -14.276894527244064 0.783654349358482 
4.257827844365812 9.786931858142381 13.82106933857047 4.776818413787433 -4.23552361567628 -11.153923632065581 -7.553559519381066 -4.840705771060821 -3.238905458908624 -5.44777605411241 2.9488299192125735 
-7.398265582024538 0.4145888908529016 6.089884798151662 -0.8848927921361265 -6.555801267423858 -12.761685247993832 -7.309756284975099 -4.919215948323274 -3.47333485374021 -5.173142846005192 7.441845817876878 
0.8323680549223612 8.3973406622424 12.733504993721887 12.721092856574444 6.263828996000817 -7.492854556230453 -7.473283748486622 -1.253420122899111 -8.46347519309931 2.5066066776581373 10.828073875334017 
6.317266017736747 5.664480232111524 13.863932398072361 16.071041139542327 14.103978528142076 -4.290558363762165 -13.032955380612755 -14.587902197278265 -1.2811190777339765 -3.9334469114263366 2.935374635967903 
10.549162952005235 9.263144689762882 4.268080555913457 15.066506817161619 23.09888987861012 15.142598498652958 -0.1716181710442537 -8.920359391139309 -11.538289016827898 -10.388219405623902 -4.49213345281632 
4.6307310646491295 0.07427359238410747 14.618864247763188 20.465025674449553 29.261934442220866 39.56415703551905 22.8020515744575 3.1929153089111306 7.309545141551921 11.541337919917403 5.4381510148389385 
