-763.3949718892704 -752.3881341556572 -750.6215439788035 -714.7630904445774 -634.3037685156322 -610.0631838884108 -439.42845053275545 -259.4531618846239 -209.18740723250053 -206.22418616505246 -228.05681910794593 
30.65178406506664 34.3357738999946 21.793009462923564 -24.98978632346388 -53.60200049373387 -18.598745652692426 140.1369094203239 65.51538335560265 11.703077483228805 13.627368379829017 74.55726543835155 
-7.575439696136611 -7.296431208132929 1.8326943806358416 26.174493106970388 41.51296371795728 53.630160350853046 -51.922146696777915 -73.96123241528265 -68.19389322921808 -63.47755479821571 -52.25535901504822 
-11.300526216366123 -10.165215155105997 -5.827416591357724 -21.93301770467577 -46.335823519454905 -59.021247815930565 -77.6671553153862 -58.3670381624724 -49.785876764900934 -49.546712951904354 -34.49726737351389 
-17.17477949417001 -15.656267029190541 -10.790168726151553 -4.407432293827727 -1.0468737748631693 -19.982569581960423 -21.92090663857628 -5.481846344613836 -1.0935168880390693 -6.933900883602628 -9.984575241298495 
-17.891794940291003 -16.123909379411163 -7.346993847021801 2.4652457753678245 19.522353314240917 4.895116115451362 -28.495674606782075 -30.85149948496495 -12.11958458496568 -2.2282315885177195 11.033502746683984 
-5.018136634164074 -8.15199559257684 -4.145848780500429 -15.649010840299708 -19.351368032297437 -29.720151909331697 -19.257645659279056 -18.687710035742306 -26.947595311971327 -34.8298473518457 -46.49596986213611 
6.962426696604332 4.076609508548596 3.5315087563270127 17.832909870035085 22.24989614448547 17.315994138260336 -12.338936712961338 -21.232497089019294 -3.0624103094559008 13.633952347720813 24.3967905163389 
9.04312698718007 12.17307968006066 4.8054457664685355 -13.6328494158965 -14.526570709996172 -16.707390908786827 -15.876875081139069 5.3366027789831065 1.5372830092772185 -7.951410666698966 -17.921268926560785 
4.488443086541002 9.538942336213022 11.018641954189727 17.205262348357046 7.799366747163846 1.9193914646508858 10.99264264089587 1.2655370537037907 3.5151297924709684 5.504392914817105 8.915069963483681 
-2.380221320030481 -0.9145001191298694 -0.6632067023491995 -0.6186903381119584 3.488564904012187 -3.0416181369819846 -12.38598703615505 -8.04075216016538 -4.590393667967032 -1.2393128413496806 1.8878552703982105 
-8.292293269399657 -5.111249458883593 0.6812045851094497 1.0223404534235645 8.7453823834247 0.34632833012795605 4.508974329754357 1.91932392568918 -4.235008728964399 -9.169302580146441 -10.72151616394741 
-3.3408951527046824 -0.8258392152983638 -1.6357233891421443 7.087875728723988 10.19056768967176 4.362596847757862 14.102233624392667 9.319624558940875 5.586824996034518 6.765786274166138 12.761799141654823 
6.922958368339347 4.47679545094221 -4.585713979229643 -4.407808973214111 -4.796188857601469 -1.575536795031209 -9.037775691059712 -0.28056952887774433 -2.7600963915727226 -0.3893971919089194 4.610766399630688 
7.367335360620892 4.013667302427879 -2.7334832995589764 0.6417125980015425 0.6122399974046027 13.727906126907222 7.006320489941884 -3.4836601514166756 -10.37947585089432 -7.537794433808235 6.304657310301037 
1.4123723363170273 0.49237074521073887 -2.8992146664646037 -10.902237890570571 -13.592291975559796 3.7350011403925314 -7.8264704948079125 -7.764255389662847 -10.300033770796206 -6.339201525306222 2.4443092604649883 
-2.4822713688919307 1.6458421432897692 1.0722836698399565 -2.5079239492944025 -4.618465761264657 8.236896285703331 -1.4735193458251639 -7.969790005684489 -10.893175751723174 -16.46199002378353 -12.084039182963172 
-2.370322660037854 3.6647221921794584 5.4799385258669915 -0.9205399889193524 -4.0597476350716795 1.963763454269478 10.840698718002557 14.644299182868888 11.508560548305445 -2.8022970273847925 -12.275990173895687 
-0.8969363484996532 -0.20870740419340328 5.486445344053613 1.7221715746999995 -0.7314844970905306 2.915952819822076 17.302984182803 22.51594778123178 29.65203744594392 19.244482124342895 -3.2616902693914294 
-4.4405803373828086 -4.676985071607048 -2.8042314423867785 -0.6535068576897707 3.6213683864991166 1.8842386878868354 14.811042370374526 24.459834395370997 29.205083344763576 31.70215028959399 5.4886999221388635 
