-507.18835116890165 -488.74054266958325 -239.55672175399437 -121.01748048433983 -53.568819040986654 -43.08874864406687 -104.69275084098163 -205.84335700226524 -245.12795615346795 -306.24424807819173 -388.99532133894104 
56.50328301823917 49.980121998976784 43.89277887843211 47.12457372677458 82.32036566229155 106.09815025455224 110.15095894145236 147.61567338106346 164.1815086101831 168.81804397733924 139.56585662654763 
7.985215758596535 -8.71726673164333 -49.295866303934375 -39.09819845632409 -48.62180550049176 -74.71874995398048 -87.25844997625185 -78.69860682390564 -54.16344754738826 -19.28505339949173 -5.795977036543328 
6.887596453049698 17.565743112475857 27.38867506590065 21.05869894003387 1.7713544575076288 -10.2647906766169 -14.63350703953329 -17.12792431425163 -4.8054405795785495 -9.52005456298819 -3.4942344263290273 
-27.924087972284816 -20.82953158866225 0.478047921417744 1.8818788036612377 -5.32738984975267 -11.461558965600997 -12.124334908648992 -12.524124989911066 -17.161647168132433 -21.841720449699885 -32.23778640546577 
-18.482780386870772 -17.69521081157029 7.281133900362162 4.75334888641323 2.323955639954769 -0.20966972715216103 -2.5466113236894734 -7.693358770092578 -8.794132231817413 -12.619552078524997 -28.316603847190073 
-24.400246718853246 -14.84981607504292 -1.5823383086799279 -3.111456324563248 -19.104981534739473 -28.767621232074696 -28.51891098275468 -25.525657191185832 -17.12260395165414 -16.70303237310192 -28.359390352988814 
-19.45999333951687 -14.329608126175799 6.218714469413531 4.718857419364808 -19.827027419819387 -36.57956290859728 -39.37706566524223 -33.50987312191233 -28.813300334974635 -19.2044944186186 -13.14829051475433 
-1.6888986275693358 -9.313046159126465 -10.392740316982165 -7.123219613110937 -8.84108585240297 3.357316335720427 10.638730065312442 9.94963247594519 11.25957849464391 0.5231149054215518 -14.690980770748016 
0.5512005689191768 -2.5493522719058337 6.92847733881167 4.574027891217849 3.478783006509043 -7.976805771043739 -14.939266193423396 -5.897893353651666 1.1152593232147094 3.666013240888125 -9.856306045527026 
-12.737857543718803 -8.180896982682727 -7.291425696564068 -4.02965271030597 -2.1972224521831833 -4.499555344929931 -1.5416087646409569 0.13685343226581595 -3.99650332244871 -3.5250944217489453 3.2271931342439024 
-10.670385128390556 -12.864859296243392 -6.0023534956504765 -11.314235252970697 -15.13657098141358 -13.508431726940877 -12.198128243368476 -7.36055897066472 -5.904873263973315 -6.172870068470058 -8.783403760206035 
-7.893252639346768 -7.027985951314992 -4.315702373063254 -3.015585915073953 -0.4811755589105038 -0.791467693951357 -2.9571822590305445 -9.708255605712255 -10.926447209326543 -5.633436828473889 -11.246525579351438 
-8.719178159020283 -6.428991859180055 -6.860199119964662 -2.5741052851546806 0.467128123471796 2.5408596704916935 2.6692671662669416 2.2772972986575755 -4.671538569114016 -9.32458019952491 -4.3397689025821355 
3.0566494849038186 -4.464275348383687 -2.5289440476520153 -2.3614289313707024 -4.789740714336949 -4.8725667646164155 -6.195912817621504 -3.5867783955051182 -2.6627806940736822 -4.932818794683053 -5.7042417068586815 
-0.8896493251725348 -2.039010176061928 -9.033322427020838 -4.446542088281565 -2.1213938000189607 -2.413015419748697 -2.7375716025888326 -3.9635696506657876 -8.069243617281547 -8.733384526605402 -14.692856979956286 
5.8846685881252805 3.128303364096868 -4.922249987491241 -3.34429473663681 0.2828678515723132 -3.8251368343414467 -11.6103882480733 -10.510571611894756 -7.681396320334425 -7.101999528255189 -7.9407493955622375 
5.0719438245344755 10.151125052426137 8.34340333651829 5.568183371697568 8.496969639146915 5.062005732655568 4.1465236424002505 -0.05434459597693951 -0.5318611320509216 8.228006125600475 12.75098169688189 
3.391356770153475 8.214438364522234 6.752158371049751 5.254012617187552 18.555453302967997 20.94172062998623 12.286362097008848 9.052124907211118 17.80730890942691 18.461155443943937 16.02584823369982 
1.772197172235514 1.5294992111903032 -4.370615321909945 -1.8359697292548773 17.849724306664285 26.603653629460933 27.722889250107066 27.450432322559188 29.21408904038445 28.90516233231554 25.32979868424551 
