-599.9155952039114 -288.4570918468009 -135.59607281738081 -42.025571875614524 -22.689848705514084 -64.29095566253743 -126.30889690686134 -245.31672692799276 -432.49157026877043 -583.4757413526538 -636.652780959497 
-31.431294766310433 22.469514716990318 55.46743450573159 63.79125681887048 44.35504892129322 40.48321471549981 73.58196034497261 104.62112143188556 133.32940505221976 78.34630626009006 25.43515488884771 
-17.05245826007226 -27.51083534273504 -42.1455142872 -52.82922384175404 -55.02315931193699 -46.219737988666495 -27.66761775085232 -14.11337609441132 7.82490032892639 26.15552356265176 14.322947960982312 
24.288963201465393 39.06169599929192 19.016925227368347 -12.102136386186457 -25.659221747704716 -27.564580393683638 -51.22768496560075 -60.08258281664676 -50.92397648595545 -16.392455513615673 1.4259751862843304 
-12.004015454139655 -6.3923160792022955 -11.950166649985405 -12.336354579541101 -10.182736445404377 -11.996890526121584 -29.360410538394753 -42.8156313386175 -43.51864794647319 -32.81499395170378 -8.381131093182134 
5.743694823794019 18.132662172398597 14.8135498624543 3.2077018519602785 -4.085163762387766 -3.589198785016997 -10.793087644288669 -4.254260238674234 -1.2574686345032475 -28.403353113219893 -12.780696688637082 
-7.182437929469627 -20.25978391636584 -20.62509289431523 -34.25962029669195 -40.317390053693615 -34.88981709781289 -33.96679329792033 -32.373948217620864 -26.08084543177918 -14.001976923450993 -12.536606222724494 
5.138927790048466 8.207631221937564 1.3619119582042267 -1.0266949195173787 2.1773164273231744 3.5187532313117256 2.570917913663383 9.06646258004844 10.028104734164549 -7.363220873300197 -10.095589901572744 
-3.6487138610008145 4.759281054072005 4.131163783574325 0.1300691929962975 -3.055203266220593 -3.2125108548704966 -13.633033972881263 -27.747024253570668 -38.312200742881274 -14.159649394180231 -7.654087904386969 
7.883871363900732 0.073511570112885 -2.7667931531444667 -13.547198468494777 -17.107759364208903 -17.815827807233333 -15.41202152775281 -12.317760265958993 -13.022919415735522 -17.623159888513186 -6.126318057641828 
9.445466061602712 -3.445198624230681 -3.3252908481419396 -0.14189885532218188 2.078221283261216 -0.37389165265335395 -3.5659953105777924 -1.3783801161896545 0.9129612396367672 -14.105835095416092 -5.377814684379631 
4.004996454247117 2.2882288433620817 3.742477315282689 -14.813018953618982 -19.545782497283977 -24.07572914206229 -21.28150209587017 -14.817694555300879 -11.793374284051321 -4.078477642242047 -4.99342952293002 
-7.097023867736438 -11.819245524859392 -1.0741965386714396 10.338022364022105 9.96365192915463 3.2038758826270364 15.466767966148971 17.653687138552208 19.323849281272857 7.977968583872883 -4.676099978077223 
0.6525199830988189 5.946696598485714 14.436509388998637 14.685764262988837 10.41796235412611 6.241035311459432 30.282131104269915 48.59434959541712 50.47965550679271 19.440444040612142 -4.086406883427879 
3.0694622811948893 0.4689759375127065 6.595366506880355 15.934162568594164 12.441899153350757 8.163476545804441 24.442483308712845 31.533499936132642 27.983480739176983 15.545736233585266 -2.665502320487706 
-8.534390990312192 7.509034912764664 1.1356913792844792 13.522580762003285 22.21940592089581 25.925488908336558 24.426610276584952 19.44325824856905 4.744482419979338 4.456090074156402 0.03917388997947008 
3.8477635716757046 4.8595990118118335 -7.6716418054372 -0.21635250897403585 11.71027134217564 28.495479843709795 22.538874385894303 7.855826354296214 -4.211424931112105 0.9910685145919111 3.7226531672457854 
0.21272606327660915 -3.2077203741179092 -9.083493361870802 -3.346556285541018 10.10736717507822 25.42165684492926 8.637943457630996 -2.3921634472598288 -2.400679728857302 2.0452208253209716 7.085033374861072 
5.708380200803669 1.4790940156310468 3.499955943557792 3.5488699966451644 8.161480316650774 9.334397850560027 -1.7339714818332383 1.9394291778458728 0.9744807039176742 -1.3973083582045158 8.501691755161326 
4.7407103314472945 2.570744772198759 1.8967742138469703 -2.982588862173258 -2.6530938936508117 -8.10347173690625 -17.741281225129036 -15.361596488815787 -18.60118158860851 -7.302348433364969 7.21734459175947 
