-305.60083149540634 -113.82626229624253 -22.94924024259435 -29.26903704692987 -92.81888659947866 -175.76678191794264 -320.2013995288146 -430.8267857944149 -460.3625843497421 -459.21706349815804 -470.10596751859913 
37.91741744230857 49.74211634563044 41.02031731643352 33.78233074739676 60.89810013655564 98.275151612684 123.05603477329042 67.43134528813671 55.94094837900683 62.00158095238719 66.11109870269058 
-69.66092581861608 -68.33909060937691 -67.73004750798513 -63.128231072685765 -52.09977185675882 -33.27992305057668 -11.163835204680375 -6.844368422553889 -11.852703255605025 -15.779372497456428 -7.770144616977005 
7.992025547004445 -33.92318329781365 -44.673161057343194 -41.551207139298405 -45.21347227478918 -54.896278695030745 -21.800793362789726 10.80273010797076 26.813406578650905 22.381167873105554 24.11219035494762 
9.836366118457443 16.42909193790394 30.06486964756899 31.049937885421606 18.49140703237672 19.17217148623743 -7.853160882729318 -10.917395611107954 -10.463256667755584 -9.420631518972751 -10.115306598505791 
4.322832802194748 3.9311975832891584 2.8439950405027457 0.9845062783093834 -3.866108457956167 -6.120954745618138 -9.985451656734394 -1.372897828370803 -15.346063474792478 -13.281099414029228 -4.382901036855497 
-12.765791613061385 -29.337296917674898 -45.65856127040168 -50.898729332855495 -52.743989068643074 -52.92452528721639 -30.589435804875027 -17.88053924068612 -27.652641701726303 -21.34517880181177 -10.247064272351484 
10.374426163015558 -7.267436639705185 2.3047477443524 4.610993493634167 0.7156183095730368 1.5804892035615934 -13.949073270455816 -15.803512580031395 -13.168573732980438 -15.389539304493695 -11.393454086063947 
-22.550926142328393 -7.329404196371122 3.5573672563816885 9.62339751548745 10.644085457503067 8.110660827711893 -2.499185485033852 -18.92575384280591 -4.335662147737808 -9.03319372027023 -16.409345357450576 
-3.091673290877315 -13.675863054792922 -27.946672978503134 -31.739088742091155 -32.171340311038186 -25.210539000021612 -16.78085046093792 -17.25349805288678 -14.250567018716808 -5.55473141000982 -4.195066146766396 
-9.803170509119218 2.753741180017189 4.6512706811315 4.8525847683369925 1.104694215358269 -5.910799153466438 -18.96213694082935 -12.504853249725567 -12.208426525256666 -12.568426465870598 -5.738589503411685 
12.33161725084221 -10.663116208115667 -9.239673536619012 -6.083381306800696 -4.390086950491685 -13.886722223693887 -12.384746138249062 -2.9141097751079283 1.856195277733356 -8.697155386253486 -8.185010188326844 
-1.4138427482641174 1.4448497907334223 -1.9845446185597846 -5.90081817336114 -7.12392763938974 7.005960154356924 4.054957705607389 -10.791592934497157 -0.4637761791141022 -7.508703017631031 -12.074645130547914 
-0.3958844553852061 -11.521711952021057 -12.669357229224392 -8.62668575382346 -3.201698020579784 -3.270228139538748 -6.26087789511762 -8.715357722762356 2.700266231836207 -2.4458686131885976 -6.469937597925046 
0.24561346892032665 -5.95759687965422 -9.010082404261759 -8.64624717371245 -11.732350848825451 -13.97214720508202 -5.305562215648491 -0.3338074230450472 2.0009233376625453 5.29257225848846 9.271380651313043 
0.9342122031631355 2.7231530568662583 5.993436178807492 5.102961136284554 5.844847386015173 4.390177552487314 -1.1424522288029695 1.9598693928189999 2.4025382345270536 4.089446661554275 6.3606523734043225 
-11.985672851397664 -2.147896209713174 -7.770484417147383 -10.76640925413069 -8.150368163350073 -9.40661319837448 -6.80306290456646 -3.632806891532771 -2.0170463646345222 -3.2605650139398774 -3.8142109970963993 
3.0688492997890835 13.020347689252201 6.462370265803546 -1.918003045742763 1.058420906573464 3.9654916405020773 2.050323672452387 5.212940420094863 1.5809155659597738 -2.32495639885295 -0.6994852815628196 
-2.1345736093192587 10.321272725001819 15.761897780674042 8.958325266634038 1.9733055579107288 -2.1127247506780407 -1.492906448326397 1.6049089954226088 3.6252551592544076 0.6370694103826602 6.789761063549346 
6.323737665580694 12.991709561534687 17.712107790219335 14.41397858241904 2.0717049695559426 0.7096016411991222 4.105488993257342 4.535839614636733 7.723743256094734 8.872403067402391 7.563453194449825 
