-624.5291930425532 -624.621634473052 -591.626032456033 -338.5738681421579 -179.7485392278493 -76.458930182708 -45.76179807711066 -97.29003488485826 -229.65889830908034 0.0 0.0 
25.172588133238452 23.415790123069222 16.041979553012766 6.912057300637542 -21.854851915758054 -25.210350849071098 -24.52477221086739 -31.760103077564743 -43.80493070695828 0.0 0.0 
1.5274482158554892 7.545111300224148 -19.42661415313865 -43.42180921973828 -44.10245435304523 -33.1333013855547 -28.244779294885078 -34.32136519968911 -36.83560157623192 0.0 0.0 
7.22805102635159 7.4097957235173215 27.792763700448692 31.693046911239037 -2.9511029048389936 -2.3298161534155697 -2.3446003394553703 -8.278263870888344 -14.325830730710113 0.0 0.0 
-3.6363575138848088 -4.755998376197752 -5.576295920478891 0.19394030280545194 6.532274569339575 11.472001030866473 9.838395400865025 12.066546522407789 10.211718273702022 0.0 0.0 
-5.774456507477936 -2.832142644910536 -5.19334333584321 -5.265070530330297 -13.967842949139932 -14.729301079426543 -17.009107400556175 -24.25225252087587 -23.264400359094363 0.0 0.0 
5.306791075559738 0.4660361895144212 16.331807856072146 18.627015933101134 4.675800058981121 -1.564816443510308 -6.791484757262236 -12.105349891007489 -4.421315969174116 0.0 0.0 
3.2761930816709683 6.095194197821453 -2.3328962908026507 -4.131159512090572 27.299162952959417 35.11111527244944 29.59801287356933 20.74305796810214 3.1805410520020896 0.0 0.0 
0.13529775404248595 2.1923758286453765 -3.4767545975220537 -1.7152966519626989 -4.241757919921678 -7.217229782301349 -4.4760619473678345 -0.20478434063994444 8.045982559894277 0.0 0.0 
5.877554315164601 4.4514914639511 3.653472531505639 3.263202533077398 0.9587832815484496 5.731309805918187 24.63246306177051 32.1970064389139 25.821379813295334 0.0 0.0 
4.012502055462566 3.311690771984164 -3.3565598431378527 -10.233824222590677 -27.747675880446643 -22.402599227453372 -8.052983963984943 9.773681140607223 20.93460037910613 0.0 0.0 
6.7571502344031185 3.4137906572131738 4.52836067173218 0.6459487159590035 1.4073420076929009 -7.071755259322886 -16.49382051709409 -5.095065803926996 31.357716472210182 0.0 0.0 
5.906383445094633 4.019520992816964 2.484243098660812 6.03446779757863 8.112485789275404 -0.3872435607233336 -12.971044967837656 -27.0367365447731 -21.942440574854626 0.0 0.0 
-0.3380642999319046 1.488507396306529 -6.261250097009858 -4.906347753147875 8.13777728888042 12.999092099036943 7.256164221729578 -9.719520893231497 -27.079570265914455 0.0 0.0 
0.4873135045585405 1.0638424521863503 -0.052251426145046076 -11.412021060407504 -8.996238665997957 -1.7533775040906352 7.47304981288311 9.431657340329192 -10.558390611074728 0.0 0.0 
5.562143781205561 4.203021282749264 1.6037746100381995 2.5455726314494336 10.243881013839943 1.6786159777312355 -7.056350745572763 1.2774343594042392 20.758514899692727 0.0 0.0 
-2.95899670427176 -2.9878605260163305 4.404345074187731 6.363911344443315 19.277717425026154 29.802662799838643 22.3435431944458 8.036985706830885 0.7997204397635542 0.0 0.0 
-2.7110689961371253 -0.15995412935669173 6.933199891114272 -1.4333109886378188 -10.082422067005044 -1.3971186111092664 6.188165016180164 0.025892746940916145 -17.631334655345675 0.0 0.0 
3.2148778845499635 2.1072727056786094 -4.338247563248503 -4.249734974839653 -14.627041703362163 -21.111685774024394 -12.266833499676485 -1.2340840910554451 -2.8376733752339502 0.0 0.0 
5.728369767135634 2.2991132168411585 2.7693222960214356 5.964434798934327 7.189504156676474 -0.3071178720546891 -2.8037811588376718 12.64249377488106 36.31955452590226 0.0 0.0 
