-441.620563239444 -425.24076775793117 -451.9829398736936 -521.1700353633115 -521.3157387531331 -454.8454201630258 -107.4721421956486 -8.431977042250173 0.0 0.0 0.0 
43.41057259005703 23.136025105124773 17.335796005359352 32.65873481465189 35.151406762648094 27.475314618461667 -27.012946536824387 -28.658895442506953 0.0 0.0 0.0 
-8.249572657349534 -3.5949288967768434 -4.596600624948582 -7.338926446058427 -8.998878906562643 -37.97979115979403 -83.77862808496653 -86.69177447766171 0.0 0.0 0.0 
-11.491393410404983 -14.156085886605638 -16.89671131965941 -11.185056938433942 -11.32329410198731 -2.11503958844199 -11.308550289414335 -7.5095137065826805 0.0 0.0 0.0 
-58.04413228809253 -64.52607125143348 -60.2250019491168 -34.98602324880936 -31.565190259063193 -28.82710294883829 -18.23657115356217 -15.711072350155314 0.0 0.0 0.0 
-38.62657920214929 -25.035372734085954 -21.603251337915157 -27.226040821622885 -20.5604026668192 -20.193282178078164 -8.700772167261178 -0.2919903497673565 0.0 0.0 0.0 
-28.32585281212966 -39.13383073888261 -37.161696111534845 -15.216490994509272 -10.926406816952102 -14.563786773134858 4.923934033630941 10.68109362125424 0.0 0.0 0.0 
1.5484476781576326 6.715982724898955 1.1677741593493725 -14.854187096286676 -8.937199935433716 -4.212144522472361 17.678206101751996 21.347956344258208 0.0 0.0 0.0 
-17.293274440436203 -18.207579588333516 -14.985615778960069 -7.735886864320659 -4.8191354429308975 4.302621295960545 15.840760835673692 16.238475374044523 0.0 0.0 0.0 
-0.4292941430078137 3.7202954836383055 7.579230695306823 7.588752190552743 4.252992934160677 2.2407150665920077 12.946549916093538 13.108235882733759 0.0 0.0 0.0 
4.79506533337983 3.2075887433998904 3.050399039905071 -5.140780208510003 -6.853205042763347 -9.900733075624434 -15.260418470819967 -13.986365745086879 0.0 0.0 0.0 
13.099583463596554 16.207277729174073 13.673426831231875 7.555463974328242 1.3483552380669916 2.211689042994873 -17.480594562167624 -22.88318280258586 0.0 0.0 0.0 
21.09789338218934 19.0863676597261 18.278968468081324 13.68490375739861 6.810821963560256 15.662099458712047 4.591180780854307 -2.18015385213407 0.0 0.0 0.0 
7.266898672808271 12.26048132842448 11.624176935416651 3.979562204962355 5.865263889077779 0.17544978107729153 2.812747187465739 9.1047777696202 0.0 0.0 0.0 
9.449512292567459 11.614822907070671 12.194984248016926 9.572547800165172 8.299499432292471 -1.5442874966337228 -15.891060165646152 -15.540633767234489 0.0 0.0 0.0 
-0.8426231704587757 0.5882381371826251 0.9437228772013193 5.724583633967762 1.23384434687603 8.824418276010345 5.865141974011834 1.8575213521191443 0.0 0.0 0.0 
-2.3258603515372194 -4.365242791837968 -7.731649700536659 -3.2004945136601806 -0.10382164578622792 4.234771464180416 14.683837979466283 13.32589188356257 0.0 0.0 0.0 
-5.3272733583094904 -6.1033205345256825 -6.213972363828703 -0.500553076689878 1.9339952526680364 -3.702820944215963 -5.414603346539566 1.1727859346597223 0.0 0.0 0.0 
-1.2227447513125578 -1.5734204616907006 -3.037125243170524 0.163171722968127 1.0911816447021863 -3.558045871145132 -13.559150793700596 -20.6171344087974 0.0 0.0 0.0 
-5.699152608467257 -5.770686253693103 -6.224321524585145 -3.9089752100146327 -2.192678807964399 4.667350372839778 15.826676051173031 11.684435488303116 0.0 0.0 0.0 
