-325.8415676908853 -344.33888881442545 -363.4623327071982 -355.4298469073372 -318.90085370320355 -214.50493494015873 -160.61769319852345 -181.8380334321202 -223.67853173334788 -231.3715645147337 -263.46428358637314 
85.5556713710559 92.46691362110477 98.50354447977546 98.51718613291959 88.82285876681274 94.45812617978385 81.07255462169493 63.21154487931656 64.23827548589622 87.93979808476115 120.36716187571739 
15.767875000201546 7.559165999872823 -3.6466228027698158 -6.02556215031838 -21.91458531542183 -71.2979036771425 -77.49230705970089 -66.3970783328356 -51.79474507390785 -50.85893007395754 -39.82483624448999 
17.618992240288772 17.929877351593696 18.820169545306435 20.964627575423137 23.60401299921496 2.2674055042584293 -5.9455024272596155 6.239563771033291 20.92265810239894 8.96304741738708 -3.4438449387526995 
7.2277782948205065 7.442306022044015 12.094302366019253 6.018158405148783 -1.5643397803213384 -3.870557570667801 1.3817836041781677 5.362722809601624 -2.9751075014216397 -12.523737185220277 -23.366021296915182 
19.765169181614773 13.03700079373121 9.35864455165504 4.314489605718183 2.2637743784931947 -9.00669628493442 -24.81170012648066 -15.99012161957344 -6.581626862339365 -8.448693740972066 -7.946397000721003 
-9.406995579333639 -2.646091812033335 2.4640579695991374 3.5547290069604895 5.768737760607646 4.594992225022958 9.53048992530184 12.444287573480496 12.347494284141458 15.71623043069891 7.50756076030659 
-9.558828300641471 -2.043517659217595 7.458085750512632 2.2712339891856343 2.6303668647304472 -6.326796012479622 -16.000166148471536 -13.352595095935444 -9.975692091588076 -15.634946036675474 -16.69108000427382 
19.469752869012154 12.640081866027277 5.896932954118208 2.745875778148263 -2.278763516999744 -10.562283728620917 -16.26644132920466 -18.01687992135787 -17.273688474424354 -11.667035172858249 -10.160845657622552 
-13.658396912836325 -4.2548853264384965 8.648216803399798 6.184662898084409 4.910325121523302 12.033894559852602 10.556953370324118 3.720627085541845 -1.1884888096048967 5.4476392740159 8.706343218818038 
0.6451026251149369 5.314204899202082 5.768078598970392 6.275721116007919 9.444575803118806 19.18945876063073 15.979134766318884 14.639471280254899 9.159615738531993 15.567363943230397 14.885781240616105 
-2.0692544253461422 1.7764590609018722 3.3563651790545506 2.7587048107093137 4.392107892753145 14.525110128949837 21.54349615712401 28.002792079076563 30.645216614331506 35.8124286329563 28.827148012205832 
10.20979205016577 6.312682949345023 4.493292711640425 1.3770447075991028 -0.7569222451218324 8.642855506381235 12.965546533509809 26.84158498005285 38.90574223386061 34.79455360969234 29.781700580712098 
9.486679662899801 5.924696377672647 0.9230318373268218 -2.2568909852097105 -5.794436479727999 -8.560668788427172 -4.050397268123599 4.6138437223944155 11.177276622680957 13.302286489784938 15.133752071655689 
1.5145615079815844 1.2708576400766975 -0.6926744958468658 0.4426183940752024 7.64124574716047 8.987781485312514 4.7013247814455355 -3.203275822023593 -10.44251342597597 -5.9743865615943035 2.424281027145547 
7.129076744065582 5.692428056499727 0.8832011898948893 3.9380153116541154 5.35451508207289 4.341283164059545 0.6408930418423218 -13.1262139375782 -28.60619117146892 -27.564372039206255 -20.518479892139652 
9.826662769366008 5.597813789252009 2.6427480927881426 0.5753224512361609 -1.1855382212847796 -0.43431152280402824 -1.8390235994478275 -8.781357919323387 -13.077016359256634 -13.927807644617602 -14.522502315412122 
5.016512518107994 2.543166246549303 2.7709649956133813 4.190380542744874 3.7968446018425857 5.921808631059768 9.393132862405498 15.47224656480551 23.639081218159717 22.635105014301413 10.289595487318728 
-9.289588304541365 -6.333739459663011 1.451562214579715 2.6838074935775644 -0.747997338446287 -4.04194049386186 -6.7480461865919645 -6.806776342774013 -1.9919323762306185 1.5509802018082115 5.998480426966232 
2.2854773940428434 -0.5888352637237448 -1.5042864560283644 2.3251861642733056 6.479102681090904 -6.244373738465768 -11.87285366341624 -21.87769164813672 -29.032982227163117 -20.835578315003467 -8.133496486084004 
