-520.2790856904868 -284.63743306817696 -89.54095724300916 -37.24847071809864 -49.37828018057483 -71.5541586619876 -147.01780386608556 -315.9062218562298 -447.6446031913586 -493.42943777065483 -515.8510769157938 
5.143305981062101 -49.2973868197672 0.4640105168295737 15.985584719458911 30.930308465099763 46.38057644350815 68.50489762442095 115.88978468180807 94.93523313837845 45.923768453104664 35.60097005020995 
9.631209820196052 26.06671421254085 -22.914460171810777 -46.58572448913388 -54.94689467407031 -27.453006799347335 -14.474608724231107 -1.6001820037484547 1.5294839563156801 -16.84176678427983 -0.17788213296377203 
13.256928153129419 12.662855814438489 -35.727749215291496 -38.67748598511457 -36.631103471450395 -57.096353822213885 -59.08866145256823 -28.27848084345948 -15.533621008194475 -10.829266274464974 -1.1345518332740336 
-12.274067050752649 -4.109103524824603 2.111108203812724 -0.010513686669242572 -12.22485835134192 -21.236745569608395 -21.495849736303086 -29.251959389625775 -15.827866438870833 -3.0668675824158917 -4.120133488465313 
9.80977160971674 -2.0180482978961085 9.032920158557795 9.685238976511464 21.899896544842544 19.966132896675973 13.758265786342195 -11.328171370113981 -16.32984404661648 -4.123601315456963 1.3997899098960809 
3.457246390857091 10.447499588369904 -7.6569453260714555 -28.89631831463975 -37.521979999274734 -27.233747316152247 -17.818821678433228 -4.263020298313274 -8.459990931763599 -0.6659085771136536 -6.919799224470783 
-0.8058541312908369 -2.817380600023159 -9.783504890737433 0.7699245762005852 11.535012351049392 9.705600473521889 13.116603577208874 1.5675517147072187 3.4056733225282763 14.700886031901291 7.166682427306759 
5.9521007185444805 5.087049691663727 4.458971908021045 2.1998048691449115 -8.169453506238609 -16.056494392989077 -19.979939892291668 -13.847402776571768 3.632688347456974 9.24590925963183 17.937585791060798 
-3.5975239135541175 0.20214169753778144 2.0334607900757153 -4.356763320804447 -5.072851986798637 3.24558349054017 4.353485758960364 -5.9471124116124425 -14.167558586400414 -18.725851269948777 -12.74228125319582 
-1.7854310980720176 -7.0723083459793425 -7.7387957898705775 -1.3187942526040928 1.1636644233782065 -2.6644087281577846 -5.7992624704018505 -4.129979387733248 -10.361734612089052 -12.612385318019587 -9.570428576012805 
-9.030693427330903 4.385443449171277 -5.543075819357853 -13.862940605351017 -16.464527353072846 -19.73343668583744 -21.782096129667565 -14.126046000410794 -6.006345693889102 -4.0763837411596064 -4.872549980653031 
-12.24192481909238 -9.051403337565443 -9.090586789775157 -3.9086947356089423 -3.8780560849360173 -3.264785034801127 -1.8186438796498285 -7.716170990010856 -8.82948509837184 3.0492962160535972 -4.42067579368005 
-3.501628172466322 2.34342953172058 -0.06543610937294235 -2.931713922494839 -6.409097376458178 -7.88692159386564 -7.971216807997262 -11.602516087841504 -8.333858141413526 -0.8096269950652452 2.3770464086930363 
-2.3969551958788977 -5.142331740876159 -6.254752210872724 -11.995450853140515 -19.69160747238748 -8.746206410761497 5.059679573512397 -0.1337985492511029 3.13904789109656 -2.364447572563417 -3.4340807846404853 
-6.252997569189175 1.4030183804060283 6.561486418303808 1.7771008327879763 -7.848251751975708 -3.8547525290764533 0.998259565601638 10.303168673314408 6.312626147604842 -0.7459604940641934 -1.5914979141862169 
-0.49072330874064274 -5.883324505875324 9.576636084461864 9.61966955275229 15.920870411134029 22.261872867246844 22.38120145324217 28.969840130950026 5.683412216778976 -5.201505549249033 -10.238797985576156 
-3.566785224161527 -11.06143469430004 17.29444874960983 26.124056827608975 26.141420837122915 28.552631433590264 27.600416560680408 26.795004371761358 12.592225269382968 4.337141616295708 1.7182796541369791 
-6.347835665436546 -2.429873376854075 10.750616447866488 15.523089193768556 23.047492324080594 28.22324640895529 26.247485936108788 5.190103340998879 4.138262795483675 -3.682367606880997 -3.9794008490363963 
-8.566969864017455 -4.44051900088187 3.2598030123452366 17.708806851626342 27.54345831304071 22.83357861544726 17.022643398562273 5.014675277293209 -1.2240534082693115 -1.8710452169411105 -0.49720921542587676 
