-241.7852061700742 -132.6861438673436 -41.48756147078875 -34.563855041659075 -72.20493893489046 -120.59619810579542 -247.36016577716222 -370.836503852608 -432.4542637711092 -452.52284969584025 -477.5128040077099 
43.0410057275724 42.48191904352704 28.285484470386237 20.295183995815012 31.587100747914352 46.341682789013724 70.98974373594517 39.336793276631894 11.086255118719095 -0.41951491354669945 -6.01514998863704 
-63.02497526899186 -14.727352906225693 -11.648912413994779 -27.62203341739322 -37.62771900408219 -26.951869450425523 -6.359003543405599 -6.444887431508766 -19.883090577451675 -26.93913937616064 -35.66817552734015 
22.3271087415266 -19.775575312652144 -46.510945602059294 -55.15351297776496 -46.12385760727757 -42.542623856304274 -30.713751344914463 -9.703875929442084 -2.5250492248641896 3.1764922165289278 0.012480226721711674 
-13.95562375591144 -14.634009500067913 -12.756354186420083 -14.709345011053795 -23.26660192535804 -33.65931223384788 -51.38371224834399 -45.95939829450738 -38.543045386292 -53.15109458679686 -50.46498743077092 
26.425907714733057 5.102807027773013 -2.559611385169361 -8.819505060753912 -10.93872240899903 -14.772197458822403 -14.757711135858639 -15.436708293756887 -18.29191007773563 -22.834117482495245 -11.977832470423397 
-8.06382945985784 -2.26813143886557 -13.865113320947763 -26.3038798095669 -36.48556672864748 -36.74410951002054 -25.62543441367525 -10.93689159945449 -17.796028027452472 -17.911313468514034 -11.658840254040133 
6.186369925558975 -8.425354265522481 -0.8526144526980013 -2.0252486880234892 0.25124746170595436 3.443371819119428 -2.9184353848630096 -6.009275943187143 -2.8576910999811567 6.199065071927523 5.4873402888749405 
-14.845104372612907 -5.6081759006657 -4.054578277477001 -2.912587903118957 -2.7789244091347056 -6.508266392765528 -2.170067905774941 -0.07440461521270159 0.9395353577220407 18.48850979289022 19.273988360433826 
4.571038373425825 -0.7443931176886553 1.3393213821099028 -0.9997166377262493 -6.251639508293698 -9.863714065596039 -9.385684522598526 -14.31603978123056 -20.911276011296906 -26.190872642719782 -25.10502244707993 
5.424756343848472 0.8628349932465129 -2.3919803006946996 -3.754807336786905 7.6106043354115425 6.827989808804762 -1.1527619218565492 -17.199762953387108 -13.64882612822902 -8.399974927583342 -7.207015030435356 
-9.93207504460886 -10.10136391279314 -15.593307223269466 -24.080565072373027 -27.26223430736329 -27.805272999473345 -9.685354372531606 8.096260909336229 9.079975785806713 14.20074877109516 16.383977584883233 
3.334902397603561 11.40529902814251 10.14232949393482 1.0632828844661613 -1.738916236160692 5.047913894640506 4.424596463515747 10.918626317044357 7.042633135415755 -10.447376048849602 -12.271926238754704 
-0.6395836724938015 19.477074179669458 23.48639431120958 20.84013212894473 5.898322621822214 -0.7354286725042378 -2.504739888559004 1.0188414233788157 -1.8721453581097474 -0.5798937380550936 1.7799791776793858 
-12.353351137193293 23.049697544314245 33.73713403942112 33.16118863180792 13.764857489091487 1.320780789089508 3.7046772623107413 7.041452976587351 6.866523856935986 8.644407441638826 12.206236582063028 
5.7705026075412515 3.7793452315149914 16.3831439913951 30.29884315139655 31.265641129015137 15.432942682430369 3.0795458229878787 3.0848097640335164 -1.5703131468587554 1.1352092907990463 -2.5416214447905077 
-11.347687808227768 -5.267637265930945 -4.650315878114813 10.658682718184206 32.37036860234443 31.142719366768567 23.696725952389002 16.039896447051234 7.350515860873378 6.365029998694386 3.406160047945038 
5.763149343142748 -15.82846419799453 -26.449198678909966 -18.490281134185764 12.987121751431832 27.34771754967319 28.285193479142244 16.866752653955153 2.6606467741075868 -0.441937512207188 -2.29870428799123 
-7.448896529920929 2.517657721417631 -4.281580144385495 -7.382687889526296 -1.3329848656006824 9.739628115719952 15.908239027222086 19.315554865725964 7.842289455212585 0.9927071598239625 2.6863671460233647 
2.3699824383203723 6.657075871862627 -1.0252596702963093 -14.553363869383933 -27.43913764039847 -25.163074729617982 -7.921050052060427 5.574550865572373 7.7420527869574585 5.631107769224897 9.342958930490049 
