-704.6128330588726 -705.3047345437463 -704.6574749870123 -668.6521242861443 -299.5671743519489 -149.64723584173151 -100.74966670820803 -100.72564489797497 -139.4309086127782 -282.22786491597253 -476.72629373699453 
2.148624814377067 1.6327258232221689 0.1618345374725203 -15.63643141059749 22.61909422799654 6.066873766782623 -14.902461959172857 -31.975108982888337 -10.341890377847616 43.867013750916 80.30483330135839 
0.6929938056825906 0.21971738781592914 -1.145299579019701 -7.762364135463962 -87.59272310558784 -97.24807901980432 -99.5568448166801 -93.20676642215358 -78.5926680318924 -41.09576058148438 -5.089242499672665 
0.06648259798663951 0.01694554951114895 2.5547325714694176 12.090909808682756 -52.85039343983139 -52.88216031595795 -34.428605210732854 -23.010883079480394 -30.04739163859678 -44.819863975456826 -42.66487760369702 
-0.6345408909143304 -0.9612740710526708 0.22135713571830729 -13.723303426650254 -21.69264831325905 -19.941209082737643 -21.790498551750474 -9.794134400750373 -12.26327909592818 -12.095203136194566 -17.287074580232957 
-1.8453960183722369 -1.9441948964831823 -2.531612017687338 7.91427727997344 12.757767065810565 2.722001796202076 -2.8626239938033358 -2.8504046441819892 -11.014463377962885 -30.163386977920236 -30.720186900814085 
-2.232191017030731 -0.9114296799591266 1.03889361157808 -9.4979866684346 -32.31182741805858 -35.2758846438863 -31.819731693681273 -39.56590328170954 -42.44024077752714 -44.20729957767601 -55.60866368133168 
-1.257164487144121 0.14167871566175697 0.4813750241988307 5.032012427053573 11.362404475989626 7.662155074718447 3.197975437561437 -9.47191013805222 -11.577524620196805 -11.305178095954837 -16.36537499365027 
-1.0235294758464968 -0.12196112606586756 -3.095143870976761 -6.18665121677761 23.927731058143813 29.95308456446167 20.84256631069178 4.644086425588396 1.4089205388408481 5.715953830876192 13.117498523436195 
0.6538406360208444 0.33106789072213294 -0.1812974690961181 -4.568259675085651 16.231571197009238 7.823901137860384 2.8209498768248187 -7.552535801942524 -17.295127503768693 -19.961252644362638 -12.420197270741035 
1.4557644143103163 1.0654261262088909 1.3112121517645383 4.465251463401404 10.135234471505616 22.436390090500268 31.386856234519854 35.13983158903759 22.806286802530046 7.155974903512105 8.585943264026186 
0.8347832332662529 0.08649740251051961 -2.278634038374225 -6.0068050669959385 -6.725939448859718 9.494488218305115 29.974217321236306 42.82286287813194 29.76183552611183 2.234351591694854 -6.258537875272985 
-0.1313632630561312 -0.9262875613732908 -0.9707502287861622 8.843624854193187 6.1341080068910845 11.577866143155553 22.52904809800024 43.80743060921251 48.701019331272015 25.751296535923736 -2.9659794068364964 
0.09287181753636686 -0.4903250791660053 1.6387888256431316 -3.3670670151689714 -17.727714886724677 -18.408950246738893 -14.879997485193819 -2.2448964446393407 16.046505406997184 31.613245947512837 21.81853931895567 
0.08715402940340031 -0.4421174706230978 -1.1186493386220395 -2.241630367102605 -11.444628052168078 -17.768135174295182 -23.361541737628457 -26.32875219674184 -12.227186288612652 8.366781069919217 19.848093881067896 
-1.8436955578470475 -0.9196771616180429 -1.050462904493885 2.008853269837874 -3.322395696821791 -5.011378465634726 -6.687758858872864 -18.90942374192893 -18.364600591420945 -9.469707760333884 2.201352617354863 
-1.7761113793222083 -0.304073756461571 2.1076748871809627 0.25136583546239594 0.3710782033968406 -0.8449921500104245 2.5542341199511287 3.2232712443135876 4.085810176604735 0.16626336557053478 8.711875422472952 
-0.8063276113241657 0.3276552214141044 0.2777496544024931 -0.6889650575848769 -11.604431441395107 -16.005091035124924 -12.231163530608242 0.7352637164984718 10.81631480900284 13.824969754395102 5.450228719480389 
0.3151828686690874 -0.09569393660823428 -1.1520047387264931 -2.538030082560628 -0.9512334430018352 -14.216560743781745 -22.775258620777564 -21.76995300106099 -14.123012873320825 6.103844656707973 -4.658301603988384 
0.6293509206054204 0.0716494102760178 1.687662668215251 6.8619477654554935 16.431071783358895 15.667668897634732 5.394843798371028 -14.659659262791976 -26.05316997366958 -8.27280968285949 0.3808886043325159 
