-608.8995867670702 -600.4968477083108 -598.144445422749 -428.60719152078167 -291.80970585412285 -242.40027841595952 -244.62691323828133 -233.26787049815067 -241.7177747284222 -314.5574408706774 -475.47378898950774 
93.37234495856448 96.61799797739897 95.76798744308472 77.98282132236758 64.36565238937867 57.798672787806964 36.31539303297004 17.835482507394367 36.997086918284495 80.70454826412904 133.00507827179067 
38.88329369833175 39.687060384648426 40.12940544327773 -15.611142045186245 -24.23804039345089 -25.450637398260078 -34.41752401756245 -32.01536103018254 -16.002868003473857 -5.401519622489385 6.677386182846061 
21.562449488778984 22.139603464866802 30.898570120999253 18.358455535775256 2.3431009926079684 -16.01720949721131 -28.126553508133277 -33.20292610304024 -48.37599889752582 -45.53489438587124 -8.611630989051198 
30.95477884375402 29.89593695972373 27.67937716329487 -6.898169290432126 -6.787093707056746 12.417630149894123 23.43107931106198 25.285414903540623 22.280723121657033 19.72667172361569 13.618328644441064 
36.79218061834747 37.389265006805076 34.03509866282296 27.33417665617757 21.537397449784763 15.698652792863047 13.188176089709764 8.921432749000521 8.925328655956294 5.297090995185902 -0.14135439657839466 
18.98695488037061 20.746601031276953 22.24859713783472 2.321110378445825 -4.559660647259676 -11.069277626226068 -22.099268500213256 -27.69015354351218 -28.19543690278094 -13.157898131773461 15.659671376975496 
6.157579898261459 5.745206764987273 7.322407061340785 15.02605212223459 1.0141609138193268 -4.3093346386375915 -4.188722444284748 -8.24884988545572 -10.289140631540844 -2.2845457329026293 -4.468167639818089 
5.404333288599263 5.644182956608793 4.0191494310658005 -1.1332211726183583 -8.098161367062232 -8.945700681998868 -6.852294369175499 -10.221284764934673 -15.560910045762764 -19.584535829672255 -0.2632320071586829 
4.269612459451237 3.24223104972437 -0.3138676866855967 11.66477146218425 6.784245070571671 0.4588778154391858 -3.141139493285404 -6.396764998706547 -5.257009268746447 -1.2422222912727405 -2.308852100337131 
-0.008982607206041347 -0.6080578395226088 -0.15473062210934585 5.945361131553937 1.596881450270085 0.45948132479993986 2.0870681129561888 2.758346444629176 -1.863320034223094 -10.633470776252352 -6.55976403056793 
-12.243482307504504 -7.56003659558562 -6.236129279201169 1.8197336232045322 -3.3465276962466994 -7.6182215587296795 -11.043255997129618 -20.03127183804348 -20.681894683241843 -21.52701358682924 -9.414400129580105 
-5.918359131052964 -2.1721891020911293 -3.5253865236163504 -2.4487645847558253 6.192291433050745 17.616559696846235 23.10959093701782 11.682743309836663 1.896661162584785 -0.3825050115012205 5.676748609474242 
-7.925706877509012 -1.6481659478729365 4.206487546992475 -4.413614027999706 1.3741600509133591 12.105149123454925 21.076717112728424 15.043035567044214 -3.838471185134921 -10.613023293625586 -0.9726154892372879 
-0.11633078838482624 3.6696831439943773 6.8022156344453935 2.085588951113508 7.280836801420713 23.795924669272658 37.93663220019247 36.48441372727059 14.303861018699752 4.805226412628404 -2.5687603196564486 
0.7907532674085969 3.183606393894986 6.534099945964629 8.697399301525582 1.6952440427497526 -1.6922459715100295 17.705758577194203 42.96790655896523 21.61509010727014 -2.6791232886825727 -0.9122915667373876 
1.9378662626628436 0.959856750125718 1.9377677157967055 8.176346137634779 3.474955250536649 -4.302380774006345 1.6537412418423454 33.12676287940981 43.905821329086805 28.990943001522652 -4.933737339547484 
11.081959229053428 7.442879665722513 4.328012728584977 4.086290341627638 2.86817251300578 -5.023751253759405 -11.93487448828413 -5.397590790183743 22.454046489691258 25.258825992336686 -1.9431679894214209 
6.537414090051271 4.031658544215985 1.6471367732161175 -0.26119757880303796 6.574062735289111 5.869737469161401 -3.8562742232923775 -21.05405072232616 2.1826574103345044 20.064550774394014 15.487124042804693 
4.527343275743057 1.0059797636857533 1.2951408086918732 -1.348270330487402 -0.15234383498911824 8.63456800440419 7.618882528168037 -5.760489491521856 0.7074011514776289 8.859729007567307 21.788108858805227 
