-422.8413183688946 -447.70840945505813 -440.2848484464597 -410.5597551773318 -285.43322309210157 -137.99885859224455 -70.63197800464029 -70.06657571435514 -116.21658888515466 -133.97360084838414 -187.56072482202137 
8.067619480356521 4.64495562180582 -33.83561351998826 -38.96274720396822 23.465139518038526 12.20182227787831 14.577471983363363 15.86982547465017 18.105726083338702 32.816485255800664 35.21461398359675 
24.56899329214821 17.166469162811058 -4.128034508764105 -4.88808313630315 -19.95586762828757 -27.16740137136081 -30.19896369368399 -38.43263623466764 -46.25499036041127 -24.497957533001482 -9.895435741288857 
3.433308244997376 -2.7607863358126066 -1.6873442022635121 2.333836730735058 12.618959589766103 22.307212223471666 1.552038796678055 -16.85045055342425 -38.47329988429178 -52.01722061489386 -37.25883240917841 
-6.434407822012362 -6.851352055830299 0.09796477622857579 0.23147903583623697 -13.415532229187104 -14.582251703918173 -13.417507877005633 -13.26600524678933 -17.144650141270347 -18.879348878404286 -20.97364657444789 
-16.78301374436198 -10.149207067301159 -0.8826117855296792 -3.6264673106337266 7.605079807832759 5.78637206088534 -5.280124946278036 -15.68755302444577 -16.03588535355597 -1.6068827008847686 -4.034866277515279 
-17.27626124491575 -9.367247080730674 -1.5283213078472253 -6.178334520903075 -3.8875967628929766 -8.522794403129401 -7.875203689471146 -16.98415013995435 -18.236522491208753 -4.790379457313488 -8.054824824563724 
7.04068171647778 -1.7347744016860998 -4.2130639827463225 1.067042017948908 2.841001274433528 7.843116020900399 11.852497084031036 16.487811341806903 7.251880972494039 -3.189638010537478 -7.197879490000659 
0.5848589564564705 -6.112762144241448 -10.471771543669762 -5.270393082880162 -7.483345025827072 -2.8064763884450814 4.093114715820391 2.7448542038735932 -2.969791924606982 -5.649081611500982 -8.976404809427216 
-9.958624854870028 -3.85802245736232 6.0211686911915425 11.636865801870329 -4.765339139346466 -2.74104189647909 -14.574991025822452 -22.7857082000062 -20.592523729095763 -7.671093540023245 -3.1930720829475527 
-7.397809199951068 -8.385289441380428 -6.768449630634313 -2.1743486032876707 3.519977227804831 -2.2927136098124934 -4.832267180435925 -1.9717840605683645 5.644025513078142 -1.043733535771938 -4.861732774187574 
1.6172651873413866 2.73534789684128 2.394142411479533 -2.659131948168026 8.131302423094478 6.254037362539112 -9.910457305456706 -18.204308883358838 -19.051898914227536 -13.987401550600183 -7.297463841217828 
1.6918993629666466 3.5304003610543395 -4.285664039832969 -12.65192844054349 -6.823143809368081 0.36071077424318965 4.569039785264504 3.5782174883727063 -1.7481473390192517 -1.0081839726479247 2.382549441820453 
-7.680223166318925 -9.744885977846238 -5.610365353079856 -7.079714096649155 -2.730204372916428 -2.673585744026337 -9.887465518731858 -17.51170667740374 -15.022154437130197 -9.024900895634618 -5.5574534302160155 
1.3177700618055783 3.6551176634034044 1.2370169173739822 4.442641133648344 0.5732852566887052 -8.432396963873654 3.1235522764634505 9.567035632485185 14.751874115122654 9.170970006734432 0.8736236724415372 
7.773356214020279 8.945463013372013 6.17705471063822 5.822564146719775 4.637528841433372 2.6506690006736338 0.23172673269993627 -4.718570054043915 0.9880688391150878 9.088457606365655 9.45555271542612 
-4.3925461140508535 -3.660320819052421 2.027253370530682 3.7272220806617185 -2.8811309911196568 -3.9896103396798805 -3.226643445621633 -7.025898312753162 -9.155317045865129 -10.604363273791929 -11.07626917409915 
-1.5415765138311386 2.116103474659969 -3.1202739186428534 -8.686840242985559 -4.246238279254895 -4.067024821260205 -1.205646778682788 2.4594184829304617 0.09921065725910794 -2.0262828683598397 -0.7830467777761512 
-1.9563950944459625 0.6850257233279429 2.4078774227964392 2.049697785901427 3.7921691570630447 -0.704871621074144 3.532403450025103 1.914552701680245 -4.171524111307513 -7.822804427584522 2.360063620319078 
3.385216348170168 3.6532085788344846 8.858197849419378 3.715650434761585 0.6744475823613814 -3.4020453233977452 4.710269434541531 9.647183901667365 4.316500440934596 -0.831934979264582 0.5009682053437776 
