-471.00317476740577 -380.7349186163237 -214.37858120189458 -145.6039357807285 -142.11044482771524 -191.4575765012071 -243.96838124929724 -271.2138522612668 -335.929683505385 -407.16783995914847 -426.17241467209146 
60.38144755749089 38.41645934246915 6.149657485676388 18.345746261607907 54.474800060595456 104.91230559126666 120.69059239815182 120.99081490935896 117.2789854850194 84.45650797689662 67.83688680499367 
-5.644033936897611 -19.183605553350468 -30.284267926247782 -34.59080731684091 -49.78239403077384 -56.87155578132034 -29.488199366134893 -25.08751275597458 -11.51684377222384 -6.38201530311931 -7.520637986670128 
6.2504839687199985 8.35863971580721 0.9024969113206273 -1.7975537693806463 0.9493049694427953 7.046916526385354 4.661789742581962 -4.293577372115012 -22.82065197578394 -13.250700718818504 0.40882710837796954 
-15.149287322139696 -36.39637913526187 -30.672306231481976 -25.38285784239382 -15.0816508814049 -7.4575708032579975 -14.880586532522877 -26.81176135377089 -33.09183562904769 -33.78518655951062 -17.685496798507746 
-3.098947683798598 7.607716559677189 22.612071670345188 17.754877652926268 6.025808282422502 -0.41498362705253045 0.09984039583596727 -3.4800375867353837 -9.765720284278327 -9.805931118171722 -1.375035219838951 
-34.35798581323935 -26.386342044933063 -18.763558327398155 -33.39764475890951 -48.592617006575296 -45.328718265193416 -48.13333370964522 -44.480351532697036 -34.72002288564251 -24.101592511669686 -18.221902824618198 
-31.98387235569673 -3.4410647339350935 6.455121781513004 -10.003824017599374 -25.799556543387773 -32.121767268225206 -32.68062287398105 -29.293268158554636 -26.58457886131783 -24.669463184545723 -27.092255814487963 
-16.753194462837712 -15.958291999863189 -3.9539045113594415 -8.238203220694292 -21.934683013178454 -16.686402795773752 -15.748053227716182 -16.607369323889912 -15.959596594668195 -16.43664307440826 -25.955976823381505 
-15.393694391646031 -8.782883028517716 6.749599289266501 5.959627140468312 -10.191732325830188 -18.336256858664214 -18.56866731794028 -19.930305223895232 -10.210440440341198 -3.8479052506966123 -12.110486083371626 
-6.407914089358899 -0.4511325134891728 3.450724224646826 1.346980873686379 -2.96143806699566 1.065036513349205 10.172932716431719 14.477627320845716 7.32775375693787 11.299353807110196 7.359057626088517 
7.569965955359816 -1.649845430243379 -1.05387146426966 2.452434014103422 1.688365377526671 -3.6125576440712903 2.5855859763697318 6.539124690857222 14.731013861097786 13.92215304899981 6.948925001680518 
14.787371218356284 8.07907145874506 8.308176042229206 23.515092487747623 38.25926816231138 32.202747141919595 12.040115188836115 13.326988528685689 12.37823172640683 4.539979554667712 1.4701117871297766 
2.1555487895623777 -4.295476894444108 -4.853625762420798 6.003228078593376 21.353335651903784 31.823101632205137 40.292419376877795 31.69477797328976 9.468952597658799 -5.694978690879436 -12.302491641487963 
-8.217013489229881 0.44552954107929177 1.104894636639008 -1.5398744748901458 3.228967357576081 3.069773238053557 0.10279243857901244 -9.805353019716193 -11.246889138461064 -7.247743717105362 -6.721776409157583 
-4.609275183935333 1.7238447908146688 -0.6638426490937794 -11.281059799553262 -14.401892317417326 -4.0240435720197425 -10.737688654200984 -19.12250952477116 -15.026087651748972 -4.633483203421871 -4.36243400555049 
-2.023754724120103 3.2463255617273505 -2.949305474344162 -6.658609743044563 -8.484753298975967 -12.95236873878958 -4.0261917799885625 -0.2483914543045067 -4.780895690335231 -11.479728335134453 -7.786608174233689 
-7.605231774736272 6.2845333227546565 5.334722152907872 0.5571396570853573 3.1075089885075218 1.2500816107835084 -5.060977194205632 -5.980340305802235 -7.389797708478875 -13.66805516570794 -9.588893459292102 
-3.11049033215252 -0.38910040213436115 -0.8294543841370143 -7.7999044383424785 1.0176275111945356 6.1942054795060715 1.2203751018419449 -5.810865046186959 -11.121451659204897 -8.474349672192261 -4.763687301669528 
1.1557431223760144 -2.5885511303613296 -2.411588530080399 -13.941828279098827 -20.98169325586246 -24.825384795900064 -15.348492836691253 -15.098646530592152 -14.324272360881107 1.2854342662032763 1.5673378778831206 
