-489.9751173843396 -462.47272430409026 -289.91637527143706 -195.66601142037575 -164.87383738963226 -187.28337729713746 -215.64358416690143 -221.4429360749587 -262.3809442709588 -350.6155333299697 -421.5778196568982 
57.96719512903124 45.42324623780591 11.855862374068828 15.710023235514186 27.11981621551175 50.47702333477504 75.01458857907419 83.715417946689 100.21319154560426 115.66865126557593 94.50831280258129 
-0.9278216247956497 -8.0129831504895 -12.213327433050276 -23.98694019417934 -43.634229126605945 -60.11108463766742 -54.44372516776487 -64.8929031327117 -43.80764985647235 -5.2166139715557485 -0.656167604945464 
1.1345771217084484 14.69726003749165 27.83369462697714 17.968931121854773 6.391169685253057 1.0104297565715834 14.363513136228885 26.55399688501297 23.561432223736418 7.2832513095599305 2.2795846415495022 
-14.552046090249757 -20.30702495422509 -26.918381011463268 -22.668510996681444 -13.144949791757908 -8.736442501425948 -26.69033412691921 -36.019950296840925 -43.32830172838632 -36.65003007137964 -27.197790231912037 
7.160207600782872 -0.5199353849997472 3.0876175319459493 4.658115629331326 0.7194423074696007 -1.9124233172356209 9.57636545758961 14.459371230444402 4.187655447766062 -15.451875341567384 -19.974855015569112 
-31.657753590764806 -19.513542110911462 -3.9741606997894414 -10.636192814063754 -32.16211061231629 -51.73725708056868 -51.21073564068573 -41.51982362056316 -48.25306766422377 -50.83011087615536 -39.21960673238338 
-23.29743869201076 -20.491563732067245 7.404080893927631 7.398054703218309 -3.8034688401090566 -13.580226012620317 -24.10537830946725 -24.721882074036216 -23.601084737175825 -25.251652879374035 -24.88808105694286 
-15.358738910620138 -24.285284641610556 -17.35458475001181 -9.791789514992928 -12.701072719037604 -23.56523144410651 -7.634598483088538 -4.287613887215844 -6.303282669159466 -8.162576257270828 -14.207342477259978 
-13.52247593382744 -5.999709047418173 2.7190603240860654 6.82080232344528 3.7905318228178615 -11.834884662403965 -27.38763847945082 -37.40226578093974 -37.20600456113793 -17.774545335731254 -2.2482093912374976 
2.2136519748407917 -3.331264251496005 -4.847773926275225 -4.494271550118136 7.1561072879784735 13.35332209544509 12.85257048537029 15.199143909600828 11.031472275705624 -8.06821803415058 -3.6607034112952626 
5.114546882720326 5.601908283029795 3.6596670834291953 2.627644157431185 7.3544699288432955 -0.2935374310756842 -2.0004689700230784 0.40881206506476575 -1.349372358520478 5.01373022103806 5.508856731845549 
9.354617001344991 6.251481364836681 3.5294872423646044 11.07215895099701 32.475697328480635 50.34581654980167 34.70269202200366 27.563210461717343 25.72539867078318 18.21508490377953 14.21192818766545 
4.711302037227076 1.0108814910835802 0.23334568693197344 3.760849007199562 8.445674067058981 15.889571953071172 33.78662420442009 44.593527425106146 43.482563930839234 25.375266685618975 8.582952063584333 
-0.5146162969120355 2.092574930765189 -5.759508764293271 -12.675788726885788 -14.079993144253365 -5.851685395582919 -11.59697324767982 -20.302479929797713 -11.990366140216352 5.421673044002933 -1.5362064758832998 
1.8864685105473462 -0.060515912135508276 1.4015639762737524 -0.758218880970202 -14.15067590723234 -20.308962056298153 -19.757876239407622 -19.17007067168425 -17.389492074988702 -8.876795035571549 -6.164737585345469 
-7.272430893799812 -7.443139548603846 -5.227011183255263 0.8660636605210338 3.6432427567841685 1.3012339768363965 5.373136872720481 7.208080779170362 7.307062680718058 1.2229770254546686 -1.0225225619993865 
-4.181425946428144 -3.367676399842101 0.6045669928102367 6.4929243038524795 14.479764322540763 15.53787205053089 4.257544677096137 -2.0407273917664126 -0.09498658151622444 -4.391022276000826 -5.623875377195036 
1.4927571981699517 2.6819019933216977 -2.9414354858866227 -6.052618333023375 -11.44856034889569 -9.252044488118216 -2.931538867225872 -1.9498395689476928 2.9351097658794316 0.6877883557713609 0.07424922280408824 
6.350649211835551 4.191345207237731 -2.7087315494657127 -9.201353409296633 -24.239366792069422 -28.08415088305044 -21.69369287657299 -23.200546609128978 -18.18373779111747 -12.792283957524573 -0.03455810746497945 
