-513.3789655565489 -547.6452007239405 -355.79344549435746 -250.8258434435342 -166.9853173199546 -56.51567080905922 -35.75465871433714 -80.58608046556618 -145.43114685386567 -238.74714718246705 -356.319828560059 
31.058912681456825 25.190625801942623 -7.385265581684317 -17.568058085424127 4.665109898632119 -12.495951069863533 -16.604803897394646 -8.958526096736286 -0.07891332760922032 7.037873825942659 37.87904725549014 
-20.955485541247384 -22.274802856334755 3.194072882843751 3.0806867466084276 -26.201505837469924 -58.22732894094722 -60.684449428370954 -62.19198018492 -47.08967852349363 -39.2289426053193 -42.10523075696554 
-12.706032664427351 -13.804363773396657 37.84388267126319 33.94318047855511 -1.2391674493926434 -21.146741492569546 -25.266622984079802 -27.5795494826502 -34.863940166485285 -49.15145252910918 -89.48432539441535 
-42.658778223411346 -40.51953420672014 -16.18080559690278 -24.234585449448385 -36.98258238389569 -30.488373525655106 -29.300072617392892 -36.54947162870942 -37.79333090770403 -42.350186334809216 -43.07854521511171 
12.995214989324847 -0.3700454067673268 29.644992644106196 33.48428801578763 19.7673211460261 -6.281571412668993 -19.537628357324138 -29.57323524042868 -33.33662417053415 -36.05298693750848 -43.8835309896928 
24.17903008279781 15.009224928063311 -10.053197584775244 -13.303198643135836 -9.09533590757401 -7.058855057748076 -11.120305344286866 -2.349198424418302 4.1217042292762525 -8.38877557590763 -35.98528129421146 
-4.379474428304563 -3.645007743492882 8.696864997874165 4.918586724852977 7.9293582347631375 12.740194692563637 7.637834555768529 6.58485836922847 7.311947835723184 -1.950318767461436 -4.8999421739495475 
-12.868981371966225 -13.849759843871443 -5.97100221974171 -6.592791814392499 11.5069193655351 -0.6921437129654399 -17.047352239217748 -28.369054929457366 -30.87660508055896 -36.93398916830593 -52.399259265573676 
16.694219087810694 14.349228289206604 -11.160410880992924 -7.738369647880528 8.058736863001052 27.086122815554372 32.464233146745016 25.07516440949741 13.155689700483384 14.630732359112294 20.968214850144257 
7.0579341652215675 9.47038429659277 5.867531937852246 5.316717067358019 4.230248460576959 7.468984429325007 14.420658969324148 17.352316974135576 14.94024030607546 11.608280976394727 8.551620024083258 
0.04342643763257259 2.985611179784974 1.6631016646968086 6.548536581713277 8.473569298359545 17.08397422947812 25.252070981267295 36.324160483159375 46.81191709347999 52.72590669230556 47.71571749444462 
-8.134030664716448 -1.305474111594461 -6.277478725764365 -6.205635101808772 -4.921119771785488 -2.136381308513179 5.656210342074893 14.386480441498406 22.746734350321155 30.161031373500773 33.88786548583464 
-28.62351975789923 -18.19365865083081 -7.854838369077073 -4.784972053375979 -3.378611843821025 -16.404447807348724 -29.459535611131965 -25.679518971107683 -3.9072269214514974 9.121954934346558 14.88664136445666 
-6.707518925897759 -6.021667249894087 -16.209725606600188 -13.993943841560233 -16.047387222005412 -17.431280771930645 -19.123283066540115 -20.34001621961098 -31.62500260035865 -23.731952118304978 -10.079563927565765 
22.110596499173823 16.559439659916894 6.899062172298669 4.946467493167771 -4.3395472951368825 -7.76288833459402 -9.242156659956857 -8.770276110600756 -14.191102864126405 -16.35755787173484 -15.205627343297003 
6.872740313523369 5.284511675635207 8.547587921810422 8.960646434280047 2.482192670195687 1.357987800481228 -0.6698982488994324 1.4438476284235775 -2.8512374044832267 0.3768851401773581 -3.153657622697228 
6.602658948631861 2.0622879838279933 -8.487459233511103 -8.317926832780753 -10.903520343447706 -18.95782998954563 -23.731266285361535 -20.560087044938903 -0.18259422770978417 12.760656502344451 4.887300999434722 
6.224616940000065 -1.7867861806150795 9.991877805066544 9.64530852015819 15.836800616798328 11.328178038838754 -1.3432708370596966 -18.896287597556046 -17.352745009594425 -7.916732961994816 -11.232998877009724 
-21.912841747591695 -16.19607562135804 -0.8848412385339963 1.8473802376914992 14.198834152543512 29.569470900908122 28.664111585798388 9.727840431545548 -8.663491398882224 -15.69265687279042 -13.458030637183246 
