-460.90791396222437 -180.610841039305 -81.97539810806659 -72.44321256655478 -94.04394776937339 -151.55857006762898 -277.33031924677573 -491.7882874515949 -575.7415011975226 -597.0361731895667 -623.3527933136356 
-70.13202821030714 33.33764161329675 74.63129235301284 80.46146748382617 26.699244725342766 16.77582269524529 9.24090060365017 26.357266110416838 43.10783347205141 38.67534957672862 36.37553753656837 
15.803096941426602 -53.19292885640689 -91.71571304628411 -116.03702441907552 -112.6104435049008 -112.5711669668546 -124.23637199405218 -58.70879096431785 -27.179596195306914 -26.0002165073995 -16.970519691257962 
8.63479117650634 -37.851617061329954 -41.18505759911396 -35.111995795507184 -14.05708093483507 5.029118088737237 1.2831643048151646 3.3893654031020457 -6.006903955059909 -9.351032387026695 -15.202770059466491 
-13.825128485904756 -10.967192312882103 5.823017462988187 14.696477412516568 -4.3247666119585775 -17.034043702871347 -18.698204512791904 -2.2211223849807546 -8.587655600579893 -8.855859267105743 -13.909932069369692 
2.094247168667099 -9.621317927876028 -21.287338957607545 -33.22004153127411 -16.018587112351078 -7.501744113992062 -8.99669146526987 -16.741905235099473 -6.967207241362 -15.390288511178587 -9.308317541079337 
5.717587929852629 -13.253225214899546 -13.879102056129785 -8.738737273298522 -23.716025871232816 -43.55659538389203 -57.49312202609272 -26.975137508223444 -13.373256588063724 -13.570926552222044 -7.152436941206073 
1.7681945646138777 -18.011992528548248 -14.637385395618935 -16.361206195717106 -13.099511152348434 -2.5189287992726763 7.922136586679082 3.713224158744434 -13.899397187942487 -9.886591665645271 -5.25413606096947 
-5.177451044423259 -22.507531176474686 -22.547688334921197 -23.328157477146974 -15.25623754715653 -8.074002760708474 -8.188719692726952 -9.431066130077603 -10.63503049006805 -9.173695490181434 -11.756270658289022 
4.10318077466333 1.755277518584783 2.1650295734539515 13.008253513372418 17.397207053223216 8.296048407076828 -2.7768782074407223 -10.127488776732694 -12.048418338105892 -11.79499585544306 -13.17056863278826 
4.3225813752143125 4.673786144696149 8.516146883846245 0.07813812994059208 -12.843099935398023 -22.24503350410845 -17.655432197960195 -8.746488598591144 -5.086984575250782 -3.3069319887316833 -0.7265031470278115 
13.87292724107653 -3.6076248854282866 -4.88293411312441 -3.012412331845747 1.8364710027068707 9.111361637136177 12.52917901267318 5.533694673749009 -7.449522898826752 0.32819629325493704 2.3331018019682146 
-6.5962279036550795 -19.07715234311834 -17.525830295172913 -11.081198906832281 -7.864129933978873 -10.91888354668762 -21.799161549271425 -7.205772001943137 3.937045009584447 4.28533818934605 1.564692871067432 
-1.0438558521430243 -0.09068686310812457 0.9784426591186386 -2.630780446768708 -3.5483216255396033 -3.928433158563437 -0.05738830537336492 12.078507329263724 14.131598196864513 6.480179882799278 2.9377650744053625 
-5.825120386699286 3.8862612097986404 3.134002183736582 6.608292399256445 6.2825184360114745 7.970839758217524 6.352460618968094 12.4478050513619 2.6101870833827405 0.1821415671059149 -2.136067410289356 
-5.79718562482949 0.7433075766298867 -5.022166813380334 -9.203637880279533 -12.3976190090841 -11.799166064816252 -13.887929295553873 -1.0196745415853425 -5.030278547724123 -5.321662553124445 -3.498092598791152 
1.4525685795624323 5.877038072366533 -1.1357211215308385 -8.106259394843203 -9.220689627773659 -1.6215663515871195 3.635308679243628 8.360835900728302 11.568308033506078 7.35512646700787 4.978346056561033 
0.409740042726141 6.559802766429696 4.974597649078129 0.9069883010944476 -15.076666047910635 -14.06456168797512 -10.825769825332152 3.865367525721429 6.88344339300294 -5.029309931838199 -4.513766580934685 
5.450138877545098 20.59128769423711 24.847176873432826 20.332666523702002 0.3036725983419394 2.1956962164737686 11.032462911271704 7.486357034402573 -3.1569628133501957 -9.390152628875574 -5.545665206984068 
6.207812107935522 10.890681253666536 19.152384854244392 21.267484312696322 6.42012161956823 -7.331702862034175 -5.246090549225049 -14.044989807455185 -10.03971517993993 -14.117385254864438 -3.873691772830809 
