-626.9960355104188 -622.9365325994714 -605.1194407834871 -432.4689248240317 -304.7383803481546 -178.14539237804829 -114.67136549495548 -85.65094362020615 -128.00780527934705 -250.73962389788022 -470.1148095266397 
49.36930718296982 49.77718565074849 42.35248841984199 -9.684380427292943 28.41206592927296 33.99215257191463 -10.899373533093943 2.1349924746012703 48.57533488716121 76.2951466830572 80.30954617944742 
3.543442305459711 -2.8614589128447276 -20.75691861931173 -48.688203363084554 -46.34959176465442 -59.274066434809185 -40.881494038820996 -34.09085996426264 -15.645940061795844 1.6043815882319854 2.6355783060369413 
-8.305456238548542 -9.824856432748241 -6.086761940210311 -0.1326418357248737 -21.233053502542283 -24.96505028403719 -50.51044394705928 -85.06550493570998 -102.4801245948581 -103.60417136268171 -64.13301130613151 
-15.565217333313662 -18.220519152118626 -8.653197589178376 21.03142883849346 0.2162236164341158 -31.35472612116802 -29.282044513644863 -23.74266067131731 -8.28705456422675 -12.178625687071891 -25.349643927422644 
-8.333759273599862 -13.850770427104727 -13.015911812145763 7.709993492914931 13.465419504094934 29.334306895947826 23.160306158117635 9.907454057105197 -4.354143956884613 0.650298471779185 -13.406270281849652 
-1.98124623249029 -6.669322323881246 -12.233941153274099 -10.578526582760883 6.452751271997178 3.996672036790903 -3.80803091215543 -4.678857071405433 -1.1024338489752978 -8.351374080871938 5.411127604173734 
-4.252513997204598 -5.372125202733853 -8.039651945669727 -2.2970426717764996 3.4285041244356096 -6.324396377486027 -9.236776002547842 -3.7978858661383246 3.3487604649194402 5.084064473330836 4.902559080898495 
-14.335358285003961 -12.270020822703508 -9.691160683488906 10.404732487861445 9.99656325450957 7.12358272522361 -3.3678816688949826 -9.642855028492377 -14.459398303032259 -10.653566124425641 -16.155786445980453 
-11.199714569820067 -7.880849863495457 -8.140587569320116 5.367321487455193 6.79046264460998 4.32740858125235 0.8307847747138608 -4.502200181859909 -3.5600945341888814 -14.672809919528781 -12.160860775152775 
-12.717551204853304 -11.510284492529758 -15.115081962657626 -20.43939804720308 -5.8283862204482695 -2.7330101231787447 -6.014073557320309 -11.16349974578847 -14.571958828252306 -11.772953484476552 -11.857809263907145 
-12.506527640249484 -9.694359950930977 -5.44285427192588 -2.112167789720649 12.849625779706603 11.301600711761818 12.768210473799545 17.973259042344964 17.503642291936096 13.38110312300681 3.1760342684699774 
-12.306427619112679 -3.7177702934241994 2.790391596373315 -1.6724036158719497 0.03156852313553582 -1.1752596312962367 -4.780788108123293 -4.792192687386873 -0.6024731485365358 -0.5722181732368159 -3.5897928609959044 
-7.52666854906048 -5.719992967007977 -8.50921795568814 -4.1672965528318535 -7.968611067699079 -11.540720394296185 -14.325846694004753 -14.122441024159077 -12.294244464738359 -9.62177565218023 -8.844743794359392 
-0.43696538810878366 -4.8528955050395615 -4.773088817337766 5.196857262418132 -6.748701445756435 -5.429881017302083 -0.7926728922494808 -5.578887861159186 -12.524945686229072 -15.641765027117923 -7.243989227936496 
-3.2165626743618745 -2.8751744769458716 2.419998550283778 3.1131645843012863 -5.547685884659767 -4.719293291358612 -4.248822812446635 -0.9525544475860714 1.1868030246855692 0.5546399680131815 -8.387342464867437 
-0.3643660082278304 1.8290819594796663 3.099296743461017 3.5861416027591253 6.902770873429324 6.101961976493076 5.666184049971735 1.668498693584825 -3.09820566308416 -5.623131856996819 -4.879494880501433 
6.879496311109277 4.826094219244164 -1.9410348942756857 -4.968107479716578 3.5108037664270726 -4.076514680828696 -17.83703057641742 -21.81418665973201 -12.924138038115267 -7.611495259746491 -2.704565142014114 
-3.275900093942507 0.23037123314471342 1.780923353322303 1.227501989379741 8.988855144224939 9.70951817696635 7.422505961126205 -3.0573485579267943 -2.293169687303312 -2.473715920914474 -3.2698442801119416 
-2.445454224513334 -3.3562500066050425 -4.965418556561003 -5.2876799137016235 6.650142071731429 20.64335278917503 19.115799923696326 -0.5575812889349117 -11.969778282990031 -8.230978549041602 -2.005393788066367 
