-566.4511295450994 -567.8035614933652 -570.7056433739484 -565.1225567442834 -555.4132794481679 -513.9204797392053 -353.87603461705805 -230.15507641227305 0.0 0.0 0.0 
0.16998464896801768 0.09137584074954175 4.361680475144988 4.88918761109688 9.148365956779624 -4.8799106372691226 -62.91809829529116 -63.30208678866006 0.0 0.0 0.0 
-4.73031312120936 -9.94809245276991 -13.565244310605415 -12.989787821812616 -15.31647580089533 -17.950813651145594 -22.685161204453998 -7.950598041891521 0.0 0.0 0.0 
-10.672558601511117 -12.521801847446785 -14.985789334555992 -18.26630603624742 -22.392569756503967 -24.347004297766325 -85.61468083571344 -108.1989953516315 0.0 0.0 0.0 
-15.528804906331963 -16.759298296836228 -16.017749419999756 -15.292398844033261 -15.736691565083332 13.300040003700179 11.24088982800523 -0.3704574847954456 0.0 0.0 0.0 
-16.91527199261772 -16.465835736810813 -14.34645798294736 -14.01907335952044 -16.330217256124197 -21.934651790787136 33.53590325497436 40.39713396529118 0.0 0.0 0.0 
-1.4660920806951028 -4.412696506331862 -6.719912868570686 -2.8943786040182493 -4.28840533943292 -9.12756371339028 -11.680688403831684 4.080595685342933 0.0 0.0 0.0 
11.427087787679893 7.652489974810726 4.8508953797538865 8.873310526293217 6.466580729712854 11.850451580047007 16.559718588163037 -3.7890935223286517 0.0 0.0 0.0 
10.15717768690632 9.22364427093891 3.2748017816454973 0.10811944931478623 3.1623763803980256 13.247596405420646 1.3462249039324634 -5.788285405248692 0.0 0.0 0.0 
5.762509415846714 5.433863651501655 1.4528161069493168 -3.3470958324988915 -4.913584505730602 -0.5204145176101657 -6.467410498960275 5.796480338362574 0.0 0.0 0.0 
-4.7536010390428105 -0.6246850701949735 3.6595710542239956 0.7075221794586064 -1.6430051572099806 -0.718257538249022 15.102537333785094 5.78070056848527 0.0 0.0 0.0 
-3.7285270824103742 -4.140043924865255 -5.841272785057217 -6.541488901341092 -2.9421926457890057 0.7871831047847979 -14.988892304893028 -15.637660320389461 0.0 0.0 0.0 
-7.013316533475374 -4.684177456569653 -1.4011048403104431 -3.8104894758087156 -3.7384274814113003 -6.22915795715701 -7.11906737459474 -1.3663492360925447 0.0 0.0 0.0 
4.837537578134816 4.389578570700488 0.6856391553938777 -3.6215185530627614 -4.1939226209894045 -3.9083236819403964 -1.1747399174798359 1.957052322916713 0.0 0.0 0.0 
0.5492642372562795 2.496927404883756 2.897941510155875 0.21801558975631485 2.343104126749851 8.461913229821755 12.556242458719638 19.765644190644732 0.0 0.0 0.0 
-2.5234647384175766 1.3801905479188556 -0.21216225970336172 -0.03135231311172837 6.831516958028715 -1.7563348642732213 2.99381432484733 1.5610562015974507 0.0 0.0 0.0 
2.6407359917912117 3.1966615498581037 4.593880666301401 1.2907234256351745 0.530005112162421 -1.6347468859035161 -17.1973325152498 -12.431739059393454 0.0 0.0 0.0 
12.277567527946214 10.157015806283281 10.943138679849099 6.497603244522772 3.8291639801996 8.063943564555416 -0.4580275070579274 -0.13457262483432103 0.0 0.0 0.0 
6.472223479873758 3.1386893776128417 2.1327283511693116 -3.7482558256364253 -5.185988054023614 5.436593596260481 5.038953875859202 2.5384877587387242 0.0 0.0 0.0 
-3.7096146451353613 -6.195973773079435 -7.775534435143349 -6.839007848690945 -6.2681636683143065 -14.724355346499213 -18.80775780957237 -10.094212007693068 0.0 0.0 0.0 
