-716.5991002376846 -701.7264299417246 -698.8312307233934 -716.2985266653484 -700.6159592197112 -410.9604017867244 -234.61450991442507 -162.3338394340467 -158.60516644905488 -224.11268643661106 -356.7018135442547 
15.72952040892698 9.889965544365054 13.36024365722434 20.693834087534295 -0.47171697458987144 22.27441393309445 26.91013065299032 26.748605011800848 33.604399863140785 51.838424129452605 69.41112017273446 
3.0897080606591754 -2.595323669682322 0.38812748726349966 10.022101466962908 13.531870233438235 1.4488897098098712 -8.959729285938714 -9.580756040191678 -7.255549867859772 -7.536853883279377 -11.654208323721868 
-1.3733131228179989 16.204774687712924 17.9889047416685 1.0189602716344177 0.14723471840466615 -18.279133632898628 -24.0162086101153 -37.394420574644585 -52.60884821459341 -42.30779920617132 -8.814346961309408 
-9.245294659112549 -17.93487288216629 -19.93758293806508 -9.657885529162861 -12.216632531013959 -38.92344673622155 -54.4373567402337 -58.513614744069564 -49.251629425570854 -29.09414807746235 -20.8594669929726 
-12.153117468764036 -21.53309183004862 -24.37401987571235 -14.869397281899875 -6.009354641868555 -24.295986551950527 -25.412646663689607 -23.01608090121774 -30.555677190029435 -53.527896636814205 -66.28960209591709 
-8.296335293936243 1.3235595262272726 0.8565047118625629 -11.824737490924113 0.3598506837277272 -1.8728306147117948 -11.133647625525214 -14.993873038817421 -6.611298475781032 6.5863401260300725 8.983215831991338 
-3.6283659928593806 -10.333990068546841 -13.403601988218345 -9.583750828571095 -14.271402523482084 -3.6870537022109335 3.225132213779247 16.84793994418814 19.47536034291156 10.25580693513881 -2.9242542946794936 
0.945224332663088 -7.27408109740785 -12.288842204005483 -7.621961618814895 -0.12802835023642734 -9.325079939077042 -14.368532345165686 -18.348720170547338 -18.195242247678753 -16.7560676295041 -5.286245448484863 
1.4037496251102155 4.1463314154785795 3.193488737605139 -2.384251192289483 -2.17973571579551 -3.5888805702428748 -9.370120333675647 -5.311642819665475 2.875699272461096 8.965079737520629 7.6650468205230196 
1.5602508920232843 -2.720137456943693 -2.6806386943115057 -0.08532007840449884 -11.127727668971959 0.7697302914781432 1.6847181467855088 -9.596574416795697 -13.305597674437603 -15.378911976485192 -13.565207633456897 
0.4612926179462238 -6.444265164166819 -6.973476615572948 -1.2132144697288019 2.502916221825268 2.719247271033805 -2.9224457255603484 6.032080223284507 9.697468509759831 12.199724300501044 1.8850261181529424 
-3.476228142942528 -0.9407312368408826 0.5928820721254373 0.06643284017648998 -7.974945010363234 -2.0302731706021175 -2.42191146295139 -1.2535466526101087 -0.30089262832521646 -1.8222604778218523 -9.677683173298007 
-1.597446273163925 6.711097033942635 7.7084384201890455 0.6813489343246042 2.480643743799429 11.121594180167156 8.409553356277153 8.744809772040366 7.203791997292484 10.486226329610904 11.135705566981358 
-1.8363252984586134 -0.7552128004098766 0.4297731446121185 -1.698011799941112 -2.0585350166067133 5.224854213347964 0.7650350231570001 -6.696269577519233 -11.325215462738411 -6.652981773835904 -3.8879686154905535 
-5.198710257673918 -3.400188160316958 -0.22263188382045862 -0.9281702192545592 2.022357867261262 -4.903376338615541 -5.799114249934891 -1.8208707704839304 -1.4495110181238078 -0.9810296770734349 8.563789141626021 
-0.2889252603888627 9.074821217899249 10.417204354163 2.077035250476961 -6.482019052034827 -12.73197459527568 -3.2293333532871102 -0.42459247549067264 -6.53055092693705 -6.193298567486767 -5.488906116321861 
0.05935885799221996 -2.2473048073434185 -1.4531443165984335 2.8041070296737667 5.1035904068665605 -4.798843388405913 -2.2024094470209286 -1.7029631530044214 1.589791829604295 9.928407618903668 9.526472026804987 
-3.909018136502345 -7.588685825999516 -4.040821298216327 5.6559867341935135 2.2476054024572583 -2.8629893374302844 -9.38356059411575 -14.594588929606143 -17.9656968781593 -15.034676488327687 -19.071893187029396 
2.871238015662792 9.231790367529001 11.647850789632866 9.876185818361316 8.804922484448728 9.173847447525645 6.08303691685137 -5.473453611847123 -9.617441759560707 -5.479024871171035 3.0402827338658645 
