-670.3750697035579 -505.35601474795556 -272.4513005781823 -190.9680045905576 -177.07103371273902 -230.16643982661608 -365.6456150776319 -520.2130688578094 -613.2917713346714 -628.1281767787957 -653.1851907604735 
3.5732132220183783 -0.7999289617044911 18.176335918817106 24.454572618367294 56.69841653015929 73.59360703503506 77.05026033860571 46.24323396083048 5.2728877601777775 1.55881678134214 13.797673285541421 
-27.24726730235119 -2.2141837053389257 -24.661209355048175 -7.114108094850067 12.301171208567705 9.10644870976348 -1.2868925446959025 -4.780838479444437 -16.59460255067205 -29.723172247106902 -35.644437071466015 
-32.157671377894815 -19.683216764977015 -40.22049688965708 -53.57946324701354 -75.53614958980668 -73.14660817566968 -58.135021019785135 -33.65181183405484 -27.86748690484111 -17.38406131511624 -19.213498769306888 
-20.011065355935656 -11.448807158240976 -37.447275191390354 -31.25244509121326 -35.37636399189057 -38.67197550206019 -35.97969347218536 -34.192950764848206 -7.621796414190609 -7.362889560672542 -16.511022193194304 
0.7354931418321661 1.5397765854413432 4.999938115147181 3.3277261593605925 -12.218138271474707 -26.977747420699025 -25.571734158695463 -21.19984958195857 -12.682875517566067 -6.99047563779164 -2.588570194502105 
-7.718241178245888 -3.8278620765414493 -17.87579673547367 -9.252665898971085 -4.2778755974621925 1.4260398916686543 -3.6461933261345743 -20.250610485725918 -13.152092860588748 -14.887116905676866 -21.22809336651231 
7.636400771416076 -15.65735497868157 -7.584175238609392 -2.2118111766512936 -8.270947188619385 -17.75213385380911 -14.649053402249553 -4.462773223095301 -5.548183359048942 -4.117696910603855 -2.856471905175974 
-8.860092590893306 1.7103353153283452 -11.964225967359893 -10.695194906529325 -8.940741304826439 2.4010661042468144 -4.228197536775459 -7.452041454931313 5.0693736542729 10.225184338430555 10.353353425690113 
13.504016487166144 5.027209228788694 -12.71917843877316 -13.338527412684762 -17.9166469548502 -25.05744519924614 -13.55087108349947 3.1717310082637704 -8.050618851727043 -3.671530921270366 2.3172771836093795 
0.5196261195952376 4.133111464031081 7.736285956560382 3.942915375260296 3.4895586900350892 3.7763152071963373 10.008719570894826 -3.5524471747929756 -4.012155766942591 -9.11592442435331 -13.345275883984918 
3.8373086552490796 -7.575937869028013 -15.172408751563761 -15.831664081919582 -5.6392469252683775 8.69270102797952 15.259342758190936 -1.4939984537108717 -6.83393719545713 -16.511168790480454 -11.484515673049607 
-6.953721008954309 -2.4639902392322814 -3.9614343005768013 -7.595533568076411 1.6758057947348726 6.692996366506781 13.90798508473053 10.044784069623372 13.35215502296753 5.1886223222034875 -3.412421139349016 
1.224930221456809 5.142021423581358 2.758869373843578 2.1712034702771614 8.618574925416645 16.328019639560324 10.786090241183674 -2.50957909582608 -6.911076330776659 -5.479017923988218 -1.7414582256787738 
9.552139975699163 2.5926893522368815 3.1606638022933673 1.227725587285312 7.925892882044735 5.112494202942123 2.9199733197797055 13.227400947974585 8.837263181432794 4.695469693533445 -0.16330017585164133 
3.8234536743757346 -0.22019226068025444 5.44639546802117 10.319643694795243 15.559605859164083 11.912011175820638 -4.564716238865792 -4.778419296664098 0.8917794466389677 3.449688176413602 7.455599791431377 
-2.6980728169901456 12.305676085684494 4.192009017850295 2.6567964108462636 1.621132024796274 -2.0706122026615743 -8.707707118905175 -4.066916959064281 2.2364515892513674 1.0166510659604333 2.914821292469563 
5.562756971503159 14.592140242010629 24.795764582719805 27.170238745790094 17.81588200717419 10.282952607166578 2.179029040747579 0.43031651564257956 -5.949719390938453 -8.603437175420956 -3.6402436696704297 
7.528774978303124 11.585017571053339 31.581371636316906 27.67914418142795 9.944934556586382 5.667304805575259 10.792646103234961 12.279189853084596 5.605402507033483 4.361841936828843 2.247120328706682 
-10.6706486336423 2.5417371557359076 22.44631920591037 26.286443180760184 14.904434023705601 4.835319075722179 6.723559155312017 3.571333159459822 -0.4736475021345289 5.003822200173376 8.621316023692103 
