-577.1595585378224 -601.8088225615608 -583.0679076782503 -518.762825367102 -356.33399941512545 -260.3917096356661 -224.17670722065537 -209.43697211336993 -217.4241804867478 -278.7036419953699 -443.24985058253867 
-4.068306465093864 6.60206863766777 42.27480337790705 -0.24116888977276782 5.397044866101135 22.74401505228117 -12.720152659341242 -19.067157066632333 9.058932193341848 16.133123978101516 9.759645020092023 
-17.724146459600284 -40.87414529529094 -79.20098308862525 -13.834270553005332 4.525427482067685 -34.28353391571178 -60.7461921078376 -52.259650493878055 -40.73452407158556 -40.62137938592845 -36.60233129418782 
21.852371157563216 16.498040700692655 20.038821488014037 -9.535119940406926 -17.57543852272474 -46.065213515359794 -67.11271797611286 -95.40945868869602 -91.32575872396586 -84.65978836286189 -72.87870040839584 
-3.973567418266643 -0.3363268352239118 1.2692119455623612 8.875917393237426 -6.442335249859237 -30.5564729708616 -45.435988101226656 -48.75776204079544 -45.18234431148618 -46.35640717833495 -36.35626343302405 
19.941989139724413 13.930854410175375 -2.161094325354197 -9.94884016714262 -12.773952756815742 -11.80197924790727 -1.2478441592996603 -9.24479277302093 -16.617013872183037 -28.042912222443352 -59.06463344635031 
-12.460624026933939 -16.984840800565163 -10.417381594065407 -8.247751414303544 -8.679372680394707 -6.94031865810517 -15.103210719796206 -9.769142215598382 7.482824599399461 5.46081129009745 -20.962179692716578 
2.690365935551971 -2.9027839724579882 -15.493149249856517 -13.021612199135728 -5.131563757885997 4.548774043430207 9.738285608521046 -8.502345552171484 -14.506063705203736 -7.789230300959247 -5.278531284674054 
1.9307184177842833 4.9736727875016795 3.236897881856663 -1.0560367592077695 2.329755515183651 29.592812716300827 31.34335695451542 3.983401544984628 0.9569811971078765 4.937054816150274 15.330339997462335 
-17.573097881209204 -9.77737421806551 -3.457536774298502 -6.436859256558812 -3.6437861642549763 14.302531017354344 30.647390823289246 12.080706227254243 0.7189023233598018 1.5433523017832014 15.628151202483426 
9.528858042087627 8.353902838203881 -1.4058065487899825 -2.599176810428183 -9.126651252163393 -9.570640428522934 9.005225712235989 18.202279373291603 16.106871610638535 16.736724753472433 23.64714716900142 
0.047225417506054745 0.9046175656610214 7.167011916986944 5.586803354186955 -1.165991202013491 -23.28185764422591 -22.51759030076847 -8.629244280337709 0.8602659672033045 4.259391931403478 -11.274116730867668 
-5.502772170866168 -3.2117823545822892 -5.887114534684237 3.3782014519907992 1.1568788926771791 -23.755402886407023 -38.56288511971866 -26.330488297889488 -15.377127358869712 -16.265435855006444 -25.44000204961938 
20.375697862405342 13.723726056470552 6.208114575183679 3.367911994000866 7.217360136233438 13.522030044697038 3.455754758968635 -6.441504416532645 -2.436354254597794 -3.547938204558223 -10.762864536960452 
-3.3258933834144937 -8.603104368285454 -2.975362895381963 -2.0135690120910894 7.555789198186391 16.240220917164777 16.08174233095197 9.323679464346679 3.0132797062429386 -1.5322833540861953 1.2647318987367457 
5.6223028581732954 5.0964158947124325 -9.425284472292597 8.822886570574266 12.385204207522541 4.341806771429317 5.847054882178552 3.8925060518261843 3.6388482930124453 3.1466688401499225 7.505718028802022 
-10.587165442129354 -6.724072525660478 5.754654326891357 5.162569975622797 6.585298820487768 6.799923220595745 -2.9937321104956514 -6.623002018961044 -3.3246645976500657 -4.278420708532231 -9.023456768079084 
11.35436567722054 9.646700829469708 -2.556367789051107 5.723839941722529 4.186610767241726 12.696909648220927 14.219480792481235 11.798510206791324 8.653428810768485 12.75046654231662 7.950251197124516 
-15.355548467868893 -11.185989634124262 -3.8979656443444357 3.9829379879412996 -1.1297570986981633 9.684887783119617 20.662142182883066 30.901632908721805 19.4442553242961 15.223676773895086 19.29124072116339 
9.27378851472366 9.417042559473112 5.832579860837413 -3.184780708860164 -11.575893746438009 -14.633285302187002 -6.155755027188581 10.209708254954087 16.1831215115171 19.98084081492691 18.377105177909094 
