-423.6286933173584 -398.1878180797898 -325.0111625803302 -148.89255822447785 -89.77879221989457 -83.34826810463743 -128.14354567555745 -250.22583625623332 -467.1024699386752 -625.1887864634481 -664.2568635288419 
63.871434563549364 72.62783038028289 77.9361551491427 54.69825429724281 20.625607288891665 27.39866621604672 64.16595873617021 89.32644244710872 100.30028355742292 40.576400592080155 3.284511185537693 
-29.813048914045556 -34.4280596842996 -27.438931793151436 -44.69819655501412 -27.122918476917214 -11.967391017394586 -13.31353999283834 -10.203848235216594 2.624162908269954 1.908040343361897 1.09868958716759 
7.061540563030374 9.607404343427378 -27.621991976887003 -23.707269298563865 -30.88756792152436 -53.01349452787362 -74.05080644693041 -59.42208816320587 -54.883753959387164 -23.102980687766212 -0.4901195586367899 
-2.9618254468235796 -4.860718196643852 -16.143270903769373 -44.50674397858269 -37.77780619302703 -25.019276305099833 -12.652276748951257 -10.355210441113634 -8.772518981676033 -22.152101225528327 -0.5320505991905238 
11.666110133758838 13.294179526862521 5.726838848959958 25.6608940505345 29.38121760006881 24.443002660488325 1.0138898573752937 -21.212906703724943 -27.358650925716038 -10.177630067364408 0.25905613579183695 
-8.846767213781646 -9.394264216123442 -14.95945033741246 -33.890558499277034 -35.87371619761612 -25.964615617090207 -18.515030054467008 2.7497093922377625 5.364204372379522 -4.848046485986206 0.338613468183738 
-0.504606922355772 -0.8318226456841158 -24.209786392718193 -19.234676792290866 -8.313657995302945 -0.2964514361683843 -4.566937967690132 -14.604632574481027 -12.621761149957297 -7.97723031296916 -1.0227393232427378 
-8.51308162849449 -9.148934949881529 -7.89425928772024 -13.942674853487272 -21.65717378702268 -28.945857895354486 -33.94393458214053 -16.16871534406883 -18.52507452174641 -11.655361482437993 -2.9499147887976664 
-0.23260007165865793 -0.32110692332751867 -9.609960348147476 -10.550407243824203 -2.906667928023245 -10.356484010127833 -3.995218504552133 -10.186379305119996 -10.049604569676482 -11.27588793755903 -3.8102070622810182 
-2.4241968137194174 -2.3346992692603505 2.35216390695003 3.053696845778364 -4.2164051669019065 -12.617659101902202 -6.146876115824747 4.40881037989697 3.7632571876576826 -6.912315882986958 -2.8221556527087257 
0.3501364339219797 0.05534451282491454 -4.445143050210051 -8.95429610582283 -8.167454318477274 -8.026619392391595 4.210123801153138 11.644002952528421 5.936594927782213 0.7975916874601694 -0.8117165980930237 
-5.931396268735632 -7.135049176839496 3.278469932813234 -1.8729452360520429 -11.072972627130607 -0.2725820349836145 12.463562675189937 16.949105246502267 12.031590687017228 9.196723381878494 0.609642509894729 
7.731657338535435 10.449368836811958 36.198675524130635 39.821326826468464 36.84556220484049 45.93834991170495 51.98831628306351 55.88894807597603 35.492099594328494 12.098473048422758 0.5874000130317043 
-9.260433224257222 -12.729501557281983 9.975211732965345 27.70860027164668 32.59583308091738 38.118407835584435 31.92519936367162 11.349282653907245 9.174132409958851 6.2716159561003835 -0.24755959159745256 
-0.10948256395612171 1.9912856530286553 -0.9586807779337332 14.65178305856034 27.249964732177574 25.447408460472104 11.913984603434969 -5.389308283172853 -0.3406218851138911 -2.4717592170348457 -0.5326523550560569 
1.105297614186133 0.2867827198553839 -18.23232020942401 -4.970538358067789 9.191809973085263 -1.1632281151053692 -17.193171765856 -27.960542542209065 -20.723040175801735 -5.226702181882752 0.40819580055653015 
1.166395095108136 1.0677657785481194 -12.5516718905059 -17.27419149641721 -18.68938618836976 -23.335427284634243 -23.939748444640568 -15.91327236737127 -15.70391771243549 -1.0187035847833783 1.9075366480967935 
-0.9622365138725042 0.28773861487280017 -1.4852059920269511 -12.612423864640451 -15.248008645514908 -15.024946495332992 -8.299850879742984 -1.4166951233233447 -3.8886564366047507 3.1085180638124204 2.659857337966554 
-0.09273729598490066 -2.1609798399455875 10.686976398826499 7.514213101797503 -4.512224216327962 -7.214278584492595 0.007916721208642563 3.687706402700475 0.6947485093891367 2.3464932461238264 2.023509556689564 
