-490.31399939325496 -374.38019893284127 -238.12552302090515 -179.80818198372774 -171.91527358521677 -184.93528326687797 -243.41196385449112 -365.4471284415716 -481.7848004716815 -503.3227823917302 -501.99866935153324 
121.49215712271283 86.85012472967435 78.61426946576779 40.73058674067424 -3.601700047670672 -0.6458300491495581 42.34724919119182 94.64579678524642 114.90396028221735 122.56540856282149 122.89106687619393 
57.15535086729603 39.86843468480548 14.303580973630897 6.119149716084315 -1.9537792173400355 -7.8995614187521195 1.2074843367213075 29.067201160292353 57.97824677383784 53.05916583677947 52.7156008607221 
42.270538625956334 36.11218004472696 0.00030946105710738525 -13.982924301531305 -31.14796605104366 -39.687730426873514 -42.77486200564156 -24.71552612011756 19.713493195265254 39.24359954029981 38.788478188556255 
27.019694233540292 26.95300475687505 6.044818044881531 0.7223542340919084 19.06104088566385 25.645938392510217 28.982715208627567 30.545261881275778 28.628666303651137 23.386769666384012 25.040879783286307 
11.699779947557506 9.147105368011722 9.984710328881045 14.176469821584112 9.174645678215931 -6.907384052951164 -19.034546934904654 -17.092939020386744 4.385756006897389 19.520373114464554 17.765728781156863 
11.99770708585196 6.70948217758386 -13.716586434706468 -27.31741596459439 -27.880783238161026 -23.90779075575558 -2.974090214584405 20.96680016294053 19.982331624999482 14.665436843905109 17.36714950121901 
1.931864626268482 3.5677752474065025 8.564438719097197 16.93306651674941 1.3572147327491084 -21.9775449881389 -31.313002085916445 -30.22140768456368 -7.582618125037622 4.099639241293915 -0.4657853727534128 
8.745216172920294 11.50716438942865 25.100165986474103 22.710470345294496 14.364056018155427 -9.628153856519372 -16.480058888236236 -9.488116292940635 6.880236638428299 11.326638153551155 3.5960364314233795 
4.395952831372051 9.451659828959489 33.18184441303336 43.630893818956864 50.423988581784656 38.38651207906061 12.825457357323552 -3.9901116213822405 -0.4294781504233123 7.0578038631276145 6.392762346143934 
-4.661448460248524 5.451543810528195 21.68228196071895 29.5345152627088 48.59745649919304 63.128459828381615 55.71058544012317 42.024867440040936 12.311281347249242 -1.7469345159890877 -7.516416292651185 
1.4563032920772987 -1.4761616371801167 -16.743268814549396 -10.137918563119188 5.879365489957566 39.97322146882449 55.324186540443804 46.49732834958323 13.196871082557852 3.0949753233768975 6.531250526123468 
2.756581402302634 -1.4038478595783312 -16.26798196553723 -24.609796297820463 -34.27411484836422 -13.731826231011194 14.551182993304998 32.274049005215865 15.035312800747182 5.852167385161858 8.711037278351057 
0.12772683447920263 -3.1308413310456595 -4.046744138143392 -6.774001726863958 -39.075917688588866 -47.494345430678074 -30.60324829345008 -13.308510238761723 -1.780460661277254 -0.7922588334351722 -3.780214976560213 
10.248849291253219 5.429168357070452 10.144692579311013 14.838986234528205 6.113741764225745 -10.582650929987441 -18.183772098084034 -15.469591030780734 1.7637192825232957 2.6905354957171643 1.7537620712364963 
5.7006265452076725 -2.3201095999435926 -3.6259979428470883 2.734650921034587 16.532711201723988 13.956034988237276 11.388623895585635 -4.275843874254255 1.7804799733372212 4.816012451602779 2.068797448688516 
-10.479819803831052 -5.271264431922782 -13.004994774743832 -21.807019871899556 -22.129587753274762 -20.73726038273299 -8.210019513078397 1.6264251458507113 -5.303580546268503 -2.875010713500119 -7.389464351816322 
-7.309318074833026 -2.3909659867314614 5.288250385406757 2.571548507060756 -18.06529756214622 -31.42566305899416 -30.82960456507775 -14.726584294278778 -6.005340638496984 -1.184510602984178 0.4403848348120598 
-3.1259632276074143 4.816632097510217 17.710612471082328 29.492338381047855 32.08355525541717 8.247255860779996 -20.546853784675648 -27.3493374062947 -1.1347776661192497 -0.39161884067220987 -3.1116578042987024 
-11.085332190198537 -8.657263005242026 4.290975076767519 11.654044621663921 37.4904431482875 38.559291103567766 18.889148688517512 -6.976753483810802 -10.014021684150176 -9.885358819961725 -8.954469927234495 
