-473.4247322870621 -254.4965039814373 -154.42164455689073 -131.46662982421844 -155.30749443648193 -214.1761117233767 -323.4439499761841 -461.77575492369175 -455.82532956993634 -454.07882352713875 -459.9900638715972 
42.041952422584856 89.23690652984776 60.75918983778803 43.63957355484477 64.52930991716386 85.10620285819203 78.0492879731865 20.989986426586494 27.296804820512328 23.725650027275087 27.972092592402355 
-19.12861142185794 -23.780510614214364 -11.523922939128454 2.118052459750964 9.218910067199529 7.082142893830742 -0.7281972763308586 -19.59720029915034 -13.300432467698766 -7.314314858012644 -9.30979329664938 
-4.847766081287224 -44.2472799129781 -60.91703657264762 -83.70304013518586 -103.94459547554783 -99.88986983236745 -66.47758479457693 9.213884235005526 23.145660282274292 22.278721325007492 20.79262642173866 
-26.899613439217934 -25.40622725615338 -17.00660126207115 0.948689916672967 12.33169639871809 7.431350201309462 -12.983210042387748 -10.594794437109634 -9.452188049507056 -11.088441787516086 -4.860458505894831 
2.0422921806779835 32.088856843916595 36.89979786896194 24.68239440602808 4.963305119902403 -9.619621594921997 -6.0307991557976095 -6.546702463240312 1.4836550667755461 5.104001498560831 5.344268798128244 
-8.816265031445333 -32.286592867579685 -41.453406414764785 -38.09479321424229 -27.451050610599758 -14.645241345893464 -4.89072964924775 -15.841786949990297 -13.210431474533877 -11.728100597193968 -9.900067396369597 
-1.6722689356066265 10.486556170541572 26.636418992204693 27.20645657947701 18.732632760343854 0.5762401623601628 -10.241920788409484 1.4769738092018736 7.4412261597633815 5.443677822974363 2.2635373068964206 
-3.2644740711274567 -20.81361837962695 -27.338369408080233 -22.360791780090928 -17.83182030262047 -5.179931672588996 -8.743920869596577 5.749345358307517 10.881605788750768 6.020034062441104 2.385956854745552 
-12.358839064763323 -15.216917506120332 -15.44902921512653 -15.807526812232194 -7.361406463354283 -7.399085355694739 -7.914805169947316 -9.514541077377892 -8.537113206785733 -12.053129994868716 -13.065759735953504 
-7.414997652096085 -7.105174954907833 -5.559233957345439 -3.251371777130931 -9.921402747560983 -14.01652029407775 -5.460481191576092 -11.519881484449181 -14.95226487856131 -11.683515788063652 -12.81078784030095 
-8.984247348538133 -7.907913713481433 -8.408362436246243 -6.402506495034414 2.22875881510505 10.269128286478427 4.401844750043214 -13.631841573012654 -15.711613723241264 -13.063835727953396 -13.766394281823043 
-8.697583291111206 -3.1145485319992283 -7.104328721910667 -7.789929225450665 -14.597932092364871 -25.751794770324636 -27.59005946841509 -12.080095332364753 -6.825211383082784 -12.129441933773158 -10.068318891225223 
-8.032551008404884 -15.620385655738904 -15.98802454445227 -13.903317180576371 -16.424493139921466 -12.432328412193009 -12.634392844428705 -9.213878351100409 -9.999418446088661 -12.730454409721151 -9.098695529575599 
-6.503527648274977 -10.624555694581023 -10.147332672885174 -4.114412601836632 0.9121331531005377 -12.794402863394971 -22.71517157119657 -11.776899010735562 -15.294566091624828 -14.71140287597853 -9.034321320961457 
2.4086331735545965 -3.4572671263556796 -4.907380454645487 -8.736772655634091 -4.821831142009782 2.112701886087281 8.828915806999543 -2.724369331790221 -2.6657758280529364 -0.7623163479548779 -1.6616706718672158 
-2.157689572580529 -5.418092637995938 -5.319578073650176 -13.247899444525792 -11.436087878673122 -5.26686477840788 -4.706246436616189 -11.726404044745841 -6.272342605049217 -7.258833233328312 -7.669089759638252 
-1.5159852784271353 13.085962324283926 7.231992046386056 -6.029064698218555 -13.892879230640888 -13.384481708969052 -1.2416581511103004 -3.558084683110078 -5.394742471110071 -1.0374515894021346 -2.6855822120778194 
2.723320720050623 21.398663556788293 21.316141548572382 11.506228673612956 -9.519478831160793 -7.9422937781783425 -7.043144717938116 -3.5188387860269406 -4.494978552701561 -4.070898917479278 0.7908203044624729 
4.23018759222788 33.828104053678544 36.61036909879351 32.542708683566175 5.714188651421627 -12.882205887060785 -13.837126088392356 -6.439252967634111 -11.051384752441821 -10.40093217088003 -2.6880913956415977 
