-469.95864145985223 -473.9545378296681 -482.4997343748958 -480.5368830214261 -476.59541262758415 -321.1881494387013 -188.05077712798158 -135.30696586854086 -156.8408175466475 -255.55865365383247 -418.68636888867695 
30.16818861244913 36.25578125208336 41.42641577728755 44.638490147174565 47.73451457470067 63.891300738963 39.400210423125436 5.1450990703247275 11.551306972875219 46.76136205688955 83.3414016293623 
35.51136194678806 30.033111977367128 29.780011646218824 29.994774752369942 31.07441622912441 6.467540298429809 -9.249593270677277 5.81839842297717 31.499997546835708 80.60248392652429 70.07747530571899 
40.22534910790684 35.91591994802138 39.189342595769915 37.34848012500633 34.43241496685373 11.1893848300241 2.3267464347349414 -32.64518291946629 -50.47302533769194 -39.603924822206125 27.847137503841587 
19.866686035084548 20.689496791811667 28.530478669988987 30.346859743881122 27.569294676934405 -3.133044536226988 -20.449901198060196 -14.457529932030916 -0.7677598517711981 15.451022785888263 27.48850191585783 
29.619156561718142 21.100680082145363 19.95291352159547 26.007886488363894 26.53799953845258 41.591921643726636 53.98637025934818 41.60436315864965 32.85759193385002 27.8995360758861 16.17906181364181 
10.394288714423915 13.26539708836149 20.871788155912775 27.851727624116375 25.870953567791705 12.811074084042048 -3.4401977100291914 -1.715017578436597 6.385223546131204 17.22356895615485 19.45452506768462 
11.649094554757294 12.593556132031159 14.778603107549387 20.01017848723697 17.448703142117388 0.8547725975080412 2.216853614256368 5.767510507103845 15.129019428526899 19.88910954516321 15.486175419625566 
7.450576424680442 10.002558595841112 10.878226680331885 17.036320700116214 15.761987782442631 -0.00865737690958035 -9.172707494706941 -8.65084470884679 -4.070782021927162 -3.921735048934739 0.8360743238324089 
11.634757978638884 14.706933575963472 19.60730672294914 25.17959888063293 20.90415017981826 5.988071139150776 2.4381717489812056 1.9862155960297878 0.08980128238196361 2.6493541207253255 3.141928405079807 
5.826337382209729 5.387634873019866 12.129987277579282 17.734040049317148 15.067309213455832 -0.9479833127844381 -7.085615203283872 -2.8369645513160626 -0.28978732731189794 -0.7494878489422049 -0.9222954495185316 
1.85410222286809 2.338330277878961 5.299058708205549 6.338381931281077 8.394914699469268 7.98292775096435 2.383926579444402 9.890152585394702 11.772321267187948 7.8908945262560035 -4.876036990900371 
4.832936047152946 9.077104206392338 10.096369195207096 8.12587745052825 4.00972358098039 -12.67929947609415 -17.400384260397303 -20.097514230035394 -14.863721454139444 0.07900756081975868 4.561496832154471 
3.7431095153538805 6.281772535656165 8.063494405445994 9.393990347969485 8.235996386026418 4.376177515300389 -2.517630731112779 -12.754098507275742 -18.68347631561454 -10.020722951228098 -1.3518518867786988 
4.612241923471804 3.7677178893544845 7.191598726084083 6.284131218968611 6.849142881174214 28.342742729022675 21.78638041776933 2.8974021512849895 -16.799263943917992 -18.393466474786198 2.705445898573477 
-2.095332680001884 -0.2178720931792001 2.23664660645875 1.8074682641142628 3.904813545391885 29.587839336161025 31.765721837505236 30.200972682886448 7.2709830726974936 -13.162975807566342 -8.950520299410108 
-3.3607355681274447 -1.8460997121756113 1.6195472309878394 4.032241072319103 4.62034121901965 21.804694984504252 30.984222539094432 44.107205731994966 34.281761680635384 0.5433188286822701 -5.078231557174428 
-2.7147604256135773 -1.4093360113660642 0.8068990414533792 7.278053707268446 6.910753243162661 -10.808194120457836 2.8120449024999354 33.90085357838364 43.270741326449794 19.3809296289841 -7.607202029215055 
6.341963935201573 5.3261475003413645 -0.8251221079310351 2.4616936107208502 10.0656438751916 -14.428729409362141 -15.833019959752853 3.8117319711921365 24.91248514567905 23.714688945618995 1.3209362848932455 
5.259379944094148 7.2087716704350715 4.177783955082327 2.7757745704205665 6.216306445396122 -1.7208310059297833 -15.567245582819199 -10.734981012823951 9.447611359125663 25.259142633135777 6.238803244983484 
