-714.1869618011341 -704.0860907847417 -641.9058928783246 -327.8277569474294 -202.7256147718589 -140.08247623175865 -135.5930492168129 -185.89865250324567 -274.24170953340257 -416.22381920887165 -617.8821977234577 
37.30163788702684 39.625399737932675 55.342220633863704 31.00556322739129 36.56135653505434 42.30909200870618 35.57554237162564 60.78028366827795 92.45871396944193 103.69094382046083 54.849337003590975 
22.38998385190967 19.3920719234859 -5.999510083519704 -3.679661260120392 3.7038892857995442 -0.26212767710050267 7.91302299412328 24.866657324005182 30.455511574666552 29.673032884035337 11.163232902089717 
12.516442074989687 15.492444034509425 4.59112482487409 -6.289970927840443 -25.040216581999914 -59.31016527667656 -79.17608396269782 -90.40778057636325 -75.8393929665088 -44.935439521312816 -4.278023537490357 
1.3515793774868405 6.315179322227318 0.7762026696486366 3.7028772191005714 -7.517109234996529 -23.515682696240333 -16.426434607859353 -2.7992729691394063 1.9702707824317331 1.237701734949459 -3.0461370915130908 
-6.657448572261675 -2.177323055158079 9.48092529841702 13.660496647916121 10.206100846037986 3.90435470889178 -4.233848777823473 -10.684151656262895 -16.372502248469928 -38.02355370402398 -33.19086805966984 
-10.073460878324992 -3.7503079113391156 4.470231510642511 -1.5249104674215315 -8.413610636900422 -12.551452347994708 -12.381318209865572 -8.702308808164222 -7.980950788772848 10.40928927937831 9.561036297959772 
-6.991804194032168 -4.177724622310501 -2.0385079230618532 2.6989735181446655 -5.346120009995743 -6.969093568802396 -5.8973013272192 3.8107944376160816 3.71335901717561 -4.94112810902341 -7.048637603867652 
-7.3847195809212405 -9.465763900588238 -4.663020249265885 2.4719379961634473 -11.02508916594018 -18.987498219941948 -19.278953999840887 -21.90344733227932 -27.556019242346352 -36.96717509095673 -26.92114385579392 
-3.0219814811188694 -2.7096297448018305 4.0364346750812485 6.636425463435353 -5.55905538728134 -10.72965608255905 -9.106371264714511 -3.969666221743113 -7.837306635202673 -13.415945825994019 -13.100662522509342 
-3.785776972987753 -6.6611818937758835 1.6524547136759662 13.66667015678144 7.131647671412735 -6.458458946724715 -8.80542590403324 -6.169034548151384 -5.372283312836765 3.6441143746747997 12.75213566777531 
-4.8809499408492805 -3.2686049414640834 -8.426134501567002 -2.1753352357256786 -5.106587789503028 -1.8182660310972945 -0.5293536798105489 -2.9064196101662665 -14.319205978955457 -19.0167071824052 -8.869061460526854 
-4.64820582096249 -3.0196659120650446 -6.632286781058782 -0.987152554008011 -7.513704413706847 -14.94830080975274 -12.45417049040228 -6.791213274574343 -2.7198097823938303 -12.577742860256421 -14.930997748428982 
-6.693369465723601 -7.4998554762454805 -4.927298750395951 -0.3000165714946157 -2.528739916504523 -0.8138502753784894 -0.18929423376934373 -6.624366988393081 -9.448401126312849 -11.167984792156826 0.8530964520207218 
-5.372330400173654 -5.198187557857725 -2.1194267668628086 -0.6729789108751806 -1.3104126448593174 -5.394997229873415 -5.77088155361117 -2.874215137170223 -0.17076577521443367 -5.403279824406923 -6.314758787032839 
-3.803472625168073 -4.025515027497579 0.9192846704914635 -7.733026523151828 -1.6546974090698892 0.8158044250795238 -0.03665303081884169 0.20562088050972577 -1.4274836587041961 -4.3333203571846095 2.274517700606972 
-3.7306112091454757 0.7887162188339757 4.658649562339289 -5.872836641591561 0.865885314535316 0.3565428979865094 -0.6086269171120511 -3.131449331996893 -1.7412444780644132 -0.9593530318006473 -4.10020066899914 
-2.5688703050413317 -2.123048089502926 -1.183981405225514 2.124703228334616 12.032696823057297 1.35423888097072 -10.920810663995898 -17.313126782027446 -7.080363716774183 -2.1224281435465833 -7.351411860452838 
0.4253812261777099 6.6213573324742665 5.761426813148196 10.812193486273326 21.49651639622808 15.965084845559113 4.786035515349201 -15.068705625730171 -18.0235455036645 -9.986032934855217 -7.111816184344575 
-3.6642268995732357 2.013953528359424 -1.2546169646173704 -1.0896336787133074 12.6509573226167 26.687576592986378 28.60118805530501 1.8531147715946625 -11.698878065838494 -1.1531799391880602 7.058060233795423 
