-405.9559135088969 -405.00086734247833 -395.9023583711374 -341.52234937126053 -292.10010767741056 -284.0590293308071 -307.88350743217234 -356.3204725474946 -391.5029646995327 -392.0366375447575 -395.2759164780308 
41.10697844005537 42.53459757585312 53.54566021378619 89.5250504871313 88.8012286465165 73.49950019702919 74.59146363677212 72.0869242869916 49.76310125554287 52.78994615274766 53.51378681174425 
20.64264316302775 21.558029116656723 20.710452865453146 12.7838703863851 14.149436829582227 23.34808799939197 25.769217860318633 22.026643561068227 16.605597166783173 19.77718502715421 23.749609658802825 
10.451859867677026 14.101491888880082 6.831612317548595 -31.703814266565907 -64.84286637890693 -73.00212586370544 -54.9801434350143 -12.396182888093637 5.841352480723041 7.65230361782158 8.564987604011908 
4.4775130552534375 6.9260123913106355 0.5011410288026519 -20.365911873869962 -22.112867431826107 -11.73289288549015 -7.973094264675556 -7.240999248552903 5.540258736290813 4.745117366297153 0.9450450835073374 
1.942258162867056 3.301634257270701 2.433909827449449 -0.5254436014406021 3.604867600961147 3.652349603084941 -2.973654429645126 -0.596870387737953 10.601393948020718 9.6308398191279 4.333914870286607 
1.0284820773464902 2.871448223343574 5.176595276676871 8.893702031626143 11.73609591650299 16.509871009261413 16.2932065019072 4.817290706503112 3.8093808312395128 4.4977043337354 1.573212019248422 
-1.4688974715128527 2.381971430915377 4.41092743421058 11.131664410101594 13.880272804638189 15.07554089192584 8.831349574384872 7.399015846574487 8.116590638962865 9.710985982581104 7.335823469180728 
2.331264271781024 2.0047468001143605 1.6004426822937154 -3.558216029010593 -3.602677147248581 -7.0180854425216666 -12.395259581654344 -7.404214584524054 2.049991493517462 1.5420325711611225 2.9451036906196535 
4.3599434851051875 3.569049044071195 4.105794418254909 -7.587209601733338 -8.718747620406576 -1.1619816817259152 -6.589894987049103 -7.129724792550524 0.32815087579496693 4.440402572351888 10.778091437292382 
1.447874266000726 3.6207103637065816 5.184784329156085 0.29024948681170976 -5.3038773887228325 -8.301562862914476 -11.851929037287807 -5.624935011675113 -0.3629093118997238 7.0114093581103845 7.367532763126402 
-0.6741346661754245 0.8270551272333123 5.751551853146273 6.203480523720081 6.408938271527674 5.217708737888193 5.595933219165139 -0.8017740366147434 1.2139842510192083 9.102045424833518 7.390588655263578 
1.0215084852775442 3.540737967827119 6.997847967052181 1.29083432314446 6.706762494910345 11.488825248711725 9.197890963920852 2.6216056563050527 3.583735732775154 8.94593695176437 15.228399999948177 
6.035685278861823 3.445928217204572 4.613826009574238 -4.684732285492007 -4.7428372687002405 0.19577604797544904 6.6391476987622955 5.078298982105235 3.885291687190833 2.1848035754641817 7.178055165549289 
4.182273249153768 3.877876102943622 4.688651379590297 -9.706938213808012 -11.028875646207013 -16.223541327858435 -14.281640748406115 -2.5081429792125203 4.536389178819013 4.669735339807415 7.440025554573709 
5.336471459012578 3.744517428877555 0.7248976993969769 -0.5524107150201858 -11.311664987884011 -25.400812040229084 -25.64863350689441 -8.011895945852675 6.129711989076046 6.08051965733331 2.6161337827372106 
-1.6773481357821876 -1.9863718033868656 -0.18547655071803787 15.625985756134142 6.542186582250901 -12.408598322338339 -22.28936142197309 -15.978869283414475 -0.2291358813855962 1.1489701694502292 -1.287875933577522 
8.821431586713068 7.319400279705514 6.377090535509751 32.11193335310951 28.433952458052715 17.64238947805067 0.7010570379007743 -4.743294452746598 5.17523435620764 6.56886356967267 -1.371394437055327 
10.228029383905952 4.028183071524627 -0.65740030546494 24.475486094653753 42.8298231531815 45.08246690521679 26.712428550071376 6.603170506058033 0.8384926652666004 6.137211068459283 3.2525781532290745 
5.182351890895614 1.9003555224046595 -1.9856923785798672 2.6449052961324195 23.09349876211034 43.882941932779374 39.94302239079019 23.079701342497778 0.37486033502058674 2.5089371018324504 2.022609084351464 
