-206.85867654524378 -201.0094835182755 -207.9090981311097 -216.6105437212769 -213.26339419858164 -137.66591450158293 -39.30357452094505 5.486572605162953 -24.151678102934707 -108.32826814198759 -176.7378862017065 
0.49926959502556567 0.7530946688780839 -1.117888520532249 -1.673973188705172 -4.171631412139419 6.152791535206642 -28.683789053967203 -48.064137052832066 -38.72712979036619 -4.040363159361409 2.8693201656466623 
-14.36152808092003 -17.131061401154415 -21.26744881015808 -20.957834592370766 -21.464151888342876 -68.19934795172257 -86.13945972630368 -86.48028736686535 -81.19676951755176 -61.95193345895257 -33.08444324700689 
33.90505798575383 34.26032836517193 30.9398562729967 26.994420466904312 30.422665453667264 9.710741598546388 -17.68321131575488 -39.319922190022325 -41.09919795063354 -23.26614785879772 9.540281526465428 
-23.96153335415258 -22.249214417770197 -20.865943001687675 -24.61708514511358 -23.97451265615406 -19.169463913570212 -14.729524097152291 -4.993030547591711 11.03083872868425 4.208236837301496 -12.917302448135345 
11.492815280725726 9.708864992213183 11.52620642626564 13.117524042826961 10.951344755764051 2.1599623580768035 -3.82851212576392 -7.519502278752251 -4.291957874607398 -0.5106146767845314 14.1499791759816 
2.4596294522542355 2.271258334178205 7.476091179405919 5.911642600739533 2.0916025555713427 -14.134248456094173 -26.915334292679276 -23.545342848611938 -15.74484971792742 -2.3244351359145856 -3.7201354497577404 
0.40323743984481597 4.204130307762178 6.798865637733078 3.894567031215277 0.760388988290347 10.043503140157702 18.855841400670876 2.4881089514405716 -10.364881828604048 -15.239825696437187 -12.573100442202438 
-0.5392271828520301 -0.5630769250579395 -2.4446612749823853 -2.5506620617239135 -1.8256852187996293 13.254279141330827 2.7190889539149032 -7.672025853169892 -11.901116905574916 2.5656102201870463 -0.46272736514947255 
-6.11224959208365 -3.2550968347094265 -0.8357758954743963 0.9649156843382826 0.20661643341371266 9.15879985386536 19.743196921918955 5.9298674833329965 -11.345920914388698 -20.306160290456138 -8.606806320039771 
-11.677596433656099 -5.626066878755927 -5.022220237057686 -6.723362006186666 -5.70919941729713 3.498257252422155 10.474083395961037 10.775130139534763 1.1015814929738346 -7.403578242198429 -10.181976307204037 
-2.2255304772839652 -2.9265759037816044 -9.274943065186477 -7.817864020875252 -4.622039682738219 -15.45629360148209 -0.5102649084692341 17.11830375380751 17.301231791293166 -1.8271907646636536 -8.311243928383064 
1.265873639386528 -2.484779781772625 -6.336384858168811 -8.701924649240022 -7.949839467471792 -19.22794878497107 -13.722439350256558 17.427473627787165 34.8416899734422 27.467578379500292 7.950013291209771 
7.430152805658734 3.6152265411484885 -0.5537954074223101 -5.570375062844478 -3.5703780003624903 -3.3745067107971276 -14.568826323977596 -6.675486757564137 14.414329256735725 26.208317669291468 17.7679133789986 
1.4792199237818664 2.9069987109500928 3.291205395178059 0.37211664486306906 4.058713341469758 9.0666235672118 -2.216736449212564 -14.556466887213364 -8.749507927965121 7.99431523606607 6.742016398245276 
-1.400574118663032 -2.0773609832591844 -1.220611543239863 0.7367101934472133 3.8480008888353243 -1.5009373329901596 8.918809394033117 -6.150584317337646 -22.9579058598532 -24.964987030032155 -9.511028199386228 
7.7375645482845155 3.279085506241027 3.337705916681811 4.003115405639335 -0.23840363725617075 -9.567816588189647 -7.801988035911415 -5.6035088437684895 -14.847708915783134 -16.491769484748485 -4.105536669901268 
-0.9278585846796226 -2.048029358464073 -1.818653022089528 -3.6762460576811886 -7.3760912365492395 -2.871290743823499 -6.847513377112018 -2.8860556101009154 -1.4306881168048817 -1.0003574145720877 2.7576392087953527 
-0.7148984176634054 -1.4160487343434962 -3.7398066953698996 -2.3804523885288282 -7.14123636551713 6.957548242209129 -0.27932509614803025 -7.490720754505517 -6.907531577799931 3.1804633556260877 -0.8156642855675433 
-3.8913787220010754 -4.97811493546498 -5.547541698190506 -3.0112727184950385 -5.359818900090012 0.5540684892761228 12.212743475290065 8.398607615001964 -0.5465854144595796 -1.0925634281797567 -4.309309222632653 
