-517.6929205204347 -494.2098122582935 -486.1450795610434 -493.22305985791337 -514.7995088184175 -514.1116227273436 -492.6402891622554 -234.3779543010108 -44.64584990136973 -14.297279539850322 -103.58895291829828 
35.51360602103287 42.22525789889919 41.08150596784195 37.79805779438452 34.95713233694869 43.87711318961577 38.75891797333875 26.062430541784586 41.13262631033159 46.88837192370873 54.119842709743835 
-14.28187942453052 -0.974851164414694 19.303736145141464 19.60845153334301 3.992699337695833 4.125429912883705 19.85247688046639 -6.895360943874033 -8.26342011208208 -3.993504972166588 3.260282185087185 
-16.231947302471298 -32.24902325279534 -34.29286398728841 -22.224473287865884 -11.555718743195044 -4.371423093513371 -7.527474716503136 -39.57468284840759 -72.71477105261985 -82.41599453285593 -83.97224294147108 
0.2628025880472409 -8.367770578940522 -5.326277408127856 9.183740857911388 7.480659517278954 1.6599205870819693 8.5139791623978 -14.299899017503703 -24.08929048886707 -21.80894337675511 -17.128581255930374 
-4.226534482534424 -17.618406245528725 -11.354427014603967 0.066219321198081 7.201186064083381 10.344505294690542 15.412970931611863 24.257989233884167 9.52511282088608 7.82953839056614 8.629485536854624 
3.7507248315562385 12.30771701381801 11.785837752060635 3.2388368468961657 5.094948768060173 2.4584290692892776 -5.994378747995582 -8.546160061972866 -7.760744815201938 -4.77241548027572 0.9360602336506689 
-4.3273347521987 -4.111292211674036 -8.564292470070935 -14.036163592626963 -17.343236015276943 -14.583688831879652 -4.062512403823373 5.4556968962417525 12.830527127132765 15.214501586741546 14.27490030494038 
-1.1071994946079373 5.734074839729484 16.501704361538508 10.192721047695542 -6.192265676693474 -10.034258672973392 -18.005848925869365 -22.30813316771923 -30.21737443705282 -35.80672395024933 -36.96881392931817 
-7.4527665345451215 -4.255851055583807 5.825319171728462 2.5228970184879236 -3.561205738008489 -5.22521342930397 -5.000785820483748 -11.188778287651864 -14.395026700982552 -13.826886704025302 -12.901789754858484 
-4.2257165885175745 -7.951464494508375 -6.413497424656675 1.9073000725337301 -0.2799852427750287 -6.203151659566935 -12.286285726570032 -20.70614251790591 -14.490834099507342 -11.454909075009988 -9.513605401900715 
11.224222737130624 6.300753124010376 -5.801889563885075 -10.133278831739442 -2.8892016292526246 0.9423438455455309 4.820419680517192 -12.797573675790517 2.1312506483878613 11.17489921991708 20.681818375293332 
11.442212746183767 0.7862927785886608 -10.875457699392864 -13.586207657494075 -6.716187701795575 -0.09307899930211538 -10.444458867830487 3.684986551043888 19.851335350002856 20.82328130678701 17.45046765018207 
4.468906002882622 -6.892117362417491 -10.797192666056256 -11.515624767956357 -9.469836096248049 -5.513276747560498 -1.1740544214877362 15.05387154592113 24.576601329829025 23.664490847924938 21.478041991209373 
-4.782561031073682 -10.699647671092862 -11.224369701343651 -7.5870753290302435 -5.337601996702226 -7.214104675680305 -7.327228148970967 12.264162491877112 13.277093103092785 7.662603407050031 -2.495382267347138 
-4.654280817602916 -0.08306120233533881 0.2695870908398927 1.4609822440527969 -0.6853345309487985 -1.388503534654359 -2.4955055574179683 28.032097713994297 20.47329422959032 14.882333414872505 2.8491415776420097 
-2.3663793732096896 -1.351574830724251 -5.648111882432267 -5.282527765876935 -5.312214145152076 -2.218507710291524 1.9976649388681798 8.153326235393331 -7.318949318433191 -9.905105111187076 -10.668604513066892 
-1.9929418819159115 1.6197772291467416 -1.2038690536010328 -4.015319068538647 -8.687166786497828 -8.043257255294188 -1.8719717012214319 -5.018354398892739 -9.284558579742978 -9.612328480896508 -8.292975573591404 
-6.064298362313114 -7.362658337776127 -6.600192925984846 -3.221402203751668 0.22429841917816273 -5.050921855614772 -5.27726759137332 -16.472085262987004 -8.861469723915466 -5.902033211767833 -3.006613036655494 
-2.7527104620934555 -4.035036300233341 -11.196866710393667 -12.736951275118464 -1.3780210847701913 -1.5201305652876855 -6.961412018137887 -9.207279549756286 5.2130041987164 4.199279262909948 0.9188450349504236 
