-584.7444787316467 -581.5867002767541 -344.53478196865984 -152.4809848506171 -51.510020533974235 -40.477146375012346 -106.34990606457119 -219.73672023244217 -341.2058242800436 -416.99112219838395 -460.760800691208 
6.590875025872826 10.462067080178631 70.95316380353091 60.801950844665015 38.32402267787997 36.380602887614494 50.87723864163192 72.30172855132824 62.370038303247824 25.76418778111495 19.25048170730603 
-18.983591711874666 -15.446766046563926 46.74073477878578 42.12841430500124 30.556292983076478 23.006700910139507 25.29819993853214 24.389381613928606 8.24048359346362 0.4512426016988095 -5.758975451479552 
-2.5426015414865777 -3.0736735813631055 -38.240551835276264 -58.777820102729166 -84.21330345207348 -95.05783908018284 -93.9664872897518 -71.38937279827607 -22.331825007718926 -8.289458461733116 -13.699515613359676 
-20.83020761817407 -28.481301801337636 -8.417284574443096 -20.387470731293842 -20.90965864593158 -16.635149837329145 -16.701211777038978 -29.839144091767288 -50.501499017411945 -45.3870234780576 -46.32433675282877 
-8.630182685278324 -15.210549332663664 -1.6400921231359091 -1.4700584328290653 -8.890039071784555 -9.039598844401487 -13.58232324910503 -20.63345084136538 -15.70205881848732 -13.827428033769962 -13.357743911625548 
-8.289255192127847 -8.430134904607815 -19.735222591757157 -13.046662857825424 -6.311893391481975 -3.384301689806273 -6.368248724174757 -7.727434716622408 -12.580278370440496 -12.794285381730372 -9.352549161443665 
8.63727962330068 8.888220784002998 -8.02420119679579 -18.868886646516493 -7.068007953208483 -0.18885066663604516 2.2950772850505468 -8.671690645406848 -10.183973739163342 -5.1412607026006185 -1.7011399441957509 
10.353880135618082 10.480073395842528 -30.95252740489692 -15.945776861831732 -5.301957302700771 -4.494646879384894 -2.584997699065428 5.353898752002674 7.570735063813762 8.039342225837435 1.3162347950122495 
-7.7030143349015905 -3.1532974944881387 0.3152538876105009 -0.057555526898381476 2.1192713869891 0.4337685621902361 -2.6751115142636297 -7.04816964150179 -8.098482599887289 -5.696355811180501 -12.22324042809821 
0.3490594946754469 3.062397972796843 -14.278425251028445 -14.734153267189075 -9.733522227569917 -7.3775492537030924 1.4595433899872057 -3.9259728665097455 -5.38963950758747 -10.588913827576697 -14.942799260330913 
7.515424539534247 5.272957253765247 12.731101347129934 7.550541366557471 -9.87423006664461 -27.947414157364424 -27.129344592557235 -4.119549157617269 4.609677948609086 10.369638707852342 3.1296717572668644 
2.5708708486582763 3.1311732441331284 12.38328495869283 21.55585530616105 13.070097925126237 3.760099140156907 6.215703127528638 7.632420658628564 5.199034448250098 6.414850930761076 1.0890290375116165 
-1.8211020103612445 -0.6386159989030471 10.566705674000954 25.29567188381507 24.034757348045936 11.705804900596963 -3.3572240599693473 -13.506211501034619 -2.0869906291451326 2.4990828734396744 -2.48641010437029 
-5.493358426269485 -6.471644185557837 3.8417040717280986 28.00561407781209 37.31627832320915 32.62982468830865 17.2569973842159 14.037143666932423 1.4676634443424685 3.3108375299573964 4.618234729998017 
-8.779414555998532 -10.049659617118087 1.7700890773709959 -4.101396403434563 20.42242660057471 37.27817755201659 34.8934362675255 14.043885687602316 5.672541708396238 -6.630536077882844 -5.48578585566033 
2.1634808437087027 0.12392798836191046 -2.77131400333721 -17.105724068336656 -7.346061576072082 16.252259992684248 36.51535646161523 29.63916689174927 23.87958445295439 4.952176467495363 7.033680441408974 
4.145699280583072 1.744417436759984 -10.32893911577923 -15.523394486048726 -15.662513254344596 1.5239321190696864 22.975246525462307 29.61824156169549 15.130428713296276 -8.119032541417623 3.2375685743000098 
-0.033030773643577094 -0.9988741639431699 -6.803655639478958 -3.2578804982817786 -19.696954825106566 -20.411541447171654 -9.598418795857198 5.427227168813257 9.318270986383443 -0.5206604488830882 1.7140459556381957 
3.294347030749665 5.460143687109788 -10.625295185738349 5.189396194934581 4.070268351365467 -4.883121446586689 -13.010809388886761 -12.466114003643726 -2.844546040576776 -0.6753924156563572 -3.4935600006522693 
