-629.0801164547248 -617.4492674711972 -619.4932396398904 -616.9481265952996 -620.6282668892039 -635.1755056857027 -642.6556973714398 -643.8043902594109 -644.4600106075159 -640.1225638101737 -639.7769644308595 
50.486405258382845 59.3254085304619 60.51138690738905 68.24014262083294 63.505920599132786 47.84004079121699 38.93814750680005 34.52718485813179 33.456372909533606 36.84172270083492 36.23704367686994 
39.28333274902327 40.84746790820371 42.800676882679056 51.45191208559663 46.551003909282585 38.14495692131935 35.29887178938806 33.48532116885039 31.263035503917614 32.289315141875484 34.501600411517344 
22.05340848988347 23.23149248201702 23.344027788916435 25.207953598468677 22.622832815264445 18.864868185061315 17.961552808070106 19.885160910780357 19.32091398700033 19.16447398128861 20.01552633452293 
5.181731064784229 4.7202472164346965 4.8113359118418675 3.291285379424055 7.2165532878538174 9.650527293103522 5.638180590593423 8.520370297899735 6.056759728501449 6.973166207688255 6.694082539150811 
3.394887945287915 4.556760639790554 7.788416273640957 3.4932994448038204 6.909411417247872 12.327793388770633 11.71354683475806 12.578404854065171 10.55637829848534 12.406623470226894 13.096437370940174 
-1.804234827613778 -2.0813966287889865 -1.4383365298419868 -2.747600775712896 1.6123979982206422 8.62371891759733 7.793910431679674 6.3353543044367555 2.890576404748689 5.210798431086794 6.874436299149129 
-3.515430434410171 -2.3198270140793578 -1.6699217526314565 -6.285552864277859 -0.5423322369414025 5.736255022343478 6.620301650456558 7.68766136805578 4.389223497911993 7.902426848410917 8.521893603863797 
-4.425505753691935 -8.132665099732515 -6.686726497397127 -10.861329680243266 -6.4742075023390235 1.0497036137457583 0.9849997446218107 -1.3785596403707028 -3.0083378110628476 2.0791620007722904 1.286972383771121 
-1.601402131600683 -4.793150526334088 -7.902527991683495 -8.559626517573957 -8.236677539992861 -4.415457341473242 -0.997898221841233 -0.5084535033692487 -1.6428244488491885 2.232798957502767 2.733303313774301 
2.622509189199116 1.2104207859464269 -3.9172247767414934 -2.8297399014738644 -3.957992007312692 -4.127713095566806 -0.497623538071025 2.6981196917668995 6.100797406547537 2.60417231804021 5.641426512430619 
4.965696507443253 3.095195252497274 6.416843454075063 3.4388762087599756 2.150551310340707 4.141343665858354 2.7959381352415855 5.284751590021289 12.066943114264417 8.68498046865486 8.245712182520926 
2.638845043050572 2.0485887851312516 2.467579984349169 2.9631366177582588 2.9558991623509954 4.82927631755495 8.055324032375342 7.330521085613878 8.492657600601849 7.959721825646521 6.834694431134849 
-1.5733122397082526 -2.6410003762230554 -3.453372489728249 0.0032611133230302514 -0.7767205560581248 -0.6496609133783637 5.915468974075813 3.915308077747767 0.4548536049795515 0.7025256860545019 -0.3717754590884642 
-0.014763503224524577 3.9027792641294234 1.0937643607423324 0.010308065983149664 1.3412113133101624 -1.6530034627819754 0.28778953785671324 1.237680673561798 0.5432955682378149 0.8301175894556825 -1.2987871436981724 
0.8256520704686212 6.212515874389154 6.4744583799555295 5.437728240116872 5.461499047142661 4.0584626973163545 4.207685461695062 4.206909461114096 4.866154872250949 5.409984249525193 6.123246127981276 
-7.415057314646361 -6.295273172543599 -6.892108123332468 -8.489609605259908 -10.207146721188774 -6.094049738736597 -6.766131543053605 -6.941636414795877 -7.661962279144555 -9.90300019093938 -6.744097755575561 
7.9720623434127775 7.696563941956165 9.365604708747469 5.93891153195151 2.8464833112615433 5.713686405820784 6.628306859287377 5.161379793644757 8.625880603564609 5.217174755948377 4.713309554055797 
14.037237805473332 11.934017801907117 9.264942101335313 7.400008449598301 11.82226935444795 11.905469719377027 9.437001268941518 12.199115020661678 14.376281456113848 13.699511383437148 13.919046619224993 
5.780716726440518 2.054048836181377 -0.9613672031311526 0.22325326399843526 3.425639531873781 2.027624605737858 2.506848230866413 5.250940218671975 8.237325863513721 6.396480448050999 -0.18465716806968202 
