-497.9363848825879 -490.4688036929786 -438.0731335704226 -292.2857503602574 -216.6946649658303 -177.02031928601554 -188.08972746346134 -282.9174878193471 -419.57382325029045 -484.88814535436205 -489.20689551611196 
65.34815054731557 60.06244374874058 13.812875465547984 -34.69713327055187 -69.82788187131248 -93.55077154871478 -69.2024971035936 -9.211011082594343 45.71565272422613 71.59472751340898 73.78239680929389 
21.360190910079666 24.898374180732276 39.92763889917654 -1.765227666718383 -11.117028701497668 -11.898961902043032 -8.74708440342315 4.351928550986259 23.735842603068917 24.87226885809671 21.082403918547303 
12.286203693712185 5.5261683233871635 -18.500766823086348 -6.720932842176833 -5.666303074005242 -38.267514113889874 -53.55372129820137 -46.8078265474129 -18.51512343967072 5.828967241824886 6.802329193271335 
-5.571505191510625 -1.9664803977029601 23.22097165189887 -15.724661386567664 -37.41407883337718 -28.5613832285862 -8.528235415946085 12.563605993829729 7.0513027417199385 -6.878790403049617 -6.02095637676635 
-6.79606784772991 -6.674268876307704 -13.543384767086847 22.104822186003087 40.59991230414781 32.286377358378914 25.311898814537034 0.15979488269037256 -14.800095808535108 -10.488009382274901 -8.911871361840168 
-6.054412362173718 -8.466921332839638 -4.400159560733707 2.182332250539324 -18.016745180710352 -15.892593029480954 -7.1887225732203 4.503799350709943 -8.950234398844499 -14.00470086820321 -11.793854563162839 
-11.428386616741921 -6.635038259297141 -4.3532402406527115 -17.34209912506431 -11.822805486611163 -9.7499929342042 -1.6492771820665753 -5.234388557451741 -7.974368992464726 -10.613765119179206 -8.277537424039 
-11.683187047332591 -13.998404772372895 -13.59875749191033 0.8796159809635635 -10.176946107696878 -16.892153198894363 -14.924130831226947 -13.34190139535025 -11.002585876171896 -6.7799794253761405 -6.963403288776883 
-9.15879298519604 -11.089256672677555 -2.1994231376942173 -6.606031207486598 3.3557431136709193 -1.6333493471120275 -0.33454509517820413 -3.136487396262858 -7.531178488960123 -6.136762818436063 -7.604156955648589 
-17.7272066128678 -14.115186885928061 -20.57168147550785 -4.557000422758572 -1.8553302641371117 -4.916217311126385 -5.052496792269206 -10.426024052677267 -0.6390415482763867 -4.168100765611168 -3.707084990126785 
-4.851294926874116 -1.3775385240590574 0.16418625900950912 7.1259493109911745 6.032364224246197 6.646836231996808 1.6399392557000407 -0.7888062636464359 -11.263223847463458 -10.317644559009565 -6.012710755168374 
-1.5109523411997707 3.3020250846221995 -0.9499086778503943 -12.739580677482593 -17.012356891057788 -9.03058267071305 -6.126647598398262 -7.273638156390787 -8.048137090732387 -6.637455362381314 -6.997706726050152 
0.4409359338144174 -4.352663814401637 4.284733965133544 -7.242310301571455 -14.648916307605198 -11.548223193678336 -9.005583163712583 2.596700881873178 -1.6332164497628474 -5.659068554216443 -1.7321801323917885 
-8.90803672436901 -7.128997476322914 -12.925763877453722 -9.286058576150367 -5.010228640535303 -13.383605632473603 -15.767260219466035 -3.8407509037169243 2.080856655082715 -4.693777772770169 -3.5282168831520497 
-3.4243311412019346 -4.261739776106017 -2.28581423110698 3.4166658636170752 5.4054042445758395 -2.031717855741308 -12.257614305204525 -15.279508408296206 -2.950680145827683 -0.5293090404015092 -1.885001859758532 
-0.43008199400663694 -4.088195814550229 -8.285187442487434 2.1602409539199856 11.58692489783681 13.318839052186409 -0.497161163812497 -15.815157931185048 -9.76320549795726 -0.5076652023126617 2.151425442063767 
-7.353649182959632 -4.440560542304349 1.199264437468491 11.54748194265859 14.949136788684443 27.80714111411026 19.821518483915487 4.044289891437635 1.099791269079577 -0.8207833654388047 -2.327112982779119 
0.6190099479271862 -3.5535020246483042 -7.592165427360014 -14.32736224270121 -8.27152866471804 10.045397041776553 12.910222068343446 3.371025009663924 -10.958426865849567 -2.8341247120563025 -0.6090468959241869 
6.910781014311704 0.708441566212721 -9.561354384381863 -18.552799138911745 -22.138400939049085 -12.073092151242513 -2.0602439925485836 3.1906109312586772 3.2146973257769487 -2.602984356893247 -6.6087705329213975 
