-700.8189937905537 -684.0658728560492 -676.3713889311656 -684.3729194983415 -562.7367673277719 -337.8002426322902 -201.59509809179622 -130.65826451310892 -120.8413123573553 -163.47261043826967 -237.1846442346179 
7.626305158885726 10.377835532299454 7.3106965665800505 6.616473134276191 -14.54848497900105 -10.146548490484516 -20.55987109013344 -12.48819616101736 -0.30878473510476967 22.4330341145808 50.010410876350335 
0.9153800537851087 -14.144199728569076 -14.05318564926057 -4.236414255090019 -69.97494991768492 -71.57881693676048 -47.1246327950322 -26.223972034235143 -6.540043785386204 9.172389957993522 12.296896139993237 
-4.604810360975552 -4.705042145540842 -7.041832010091958 -7.080760963584128 23.991874125638663 17.85651999698699 -52.28032910950547 -102.29283413192661 -111.25923195552922 -117.82717085121844 -125.68125940449593 
-15.584786228679022 1.2782610063180162 2.1700929378641187 -6.444260737714334 -15.250355127078688 -20.702209996145857 1.60097995857342 -6.7826385960066835 -11.118046432592354 -21.494761597653053 -27.264547252323062 
-15.091943498787293 -6.547387000227543 -3.605625634769125 -5.135927535695874 -12.214517332619849 -3.4448655107666326 -3.2912357122696374 8.503302152845118 14.621859582609147 15.189497020968005 18.448988606385864 
-10.667152510703076 -12.993237687425587 -10.759608987944658 -4.119149049720924 -24.43885607560309 -27.31605265076558 -3.1115981008774707 -6.301863859872075 -15.019508181677468 -23.47976592480361 -26.467683194014455 
-2.870834693090842 -7.2990493716377784 -6.013877598770444 0.44376792815256294 -6.4423707008465865 -6.967820608278201 -24.520294585868 -16.44758348402203 -10.357997226799764 -13.616745218855492 -18.83822275807806 
7.946461350919018 11.15588557265394 6.296523300035937 0.3517544257324643 -8.539490255027962 -17.387083597236824 -29.320608666508875 -23.93115020469468 -12.78298844701295 -4.317412780398692 -2.2456676732691103 
-0.5130614651766905 2.8405372586981903 1.5450567547997174 1.3633867317577522 15.736991154119359 3.5773252338377985 -4.780888060656924 -11.563304430761079 -16.156682232541428 -11.63895481214638 -6.087903486081981 
-2.073985685613154 -6.8337904272478935 -10.008471314474665 -3.8986371361194285 15.225630258535176 7.815713348931153 14.695342206124419 -0.9137012916559668 -8.933840130349733 -1.0860955655977882 8.33491953737755 
5.958677883180284 0.5138038696816944 -2.967684006388186 -1.4498035474996325 -7.6372618610215035 2.1570664182244297 31.145500172730106 13.581375920436567 -4.039277586089784 -4.996262892068487 7.547421942501501 
-5.521240464362693 0.339564611491844 2.5497185534139506 1.3494813107377182 3.522985404490869 11.159501519430194 24.938181716438848 31.87779313445975 24.59711538844156 26.81675480127477 38.60517065567785 
-5.413105926397523 -0.5972128005942862 4.489149186329608 3.3096290082652753 -8.280688713574573 -3.415529071565662 6.521707391681963 34.20416557149484 32.65238170817706 17.300167818573563 10.523758204542414 
3.2914193373645015 -2.0684478680695726 -4.187226637520716 1.412434046699787 4.390368934959086 9.276467704917208 -11.839484678370908 -1.6431662973704322 12.792429180060159 16.40555216541644 9.742853517005189 
2.2060504744543397 -0.17257058764309502 0.278898378222287 5.5042522858133855 -11.328306354327545 -9.78690173516118 -17.340125210973437 -10.941995774008745 6.950433332467338 10.751044409221775 -1.4362639581273726 
11.350845546273485 10.274367345041785 6.428601747399176 3.0508331803210753 1.1989927555917717 3.266452956089724 1.97388321225632 -0.27569816941149977 8.690389612315954 6.741013582429261 -0.16658566381395457 
-0.3869589632490691 0.37514188374618984 -5.385550430174142 -9.079634689899823 8.03212191990669 11.240291731017464 13.210643728644452 -1.9235748298365063 -3.3151213984033783 -3.802503619908583 -5.362700265927625 
-4.934270657100271 -8.75358294681154 -7.8682703196252195 -1.260087841694745 -4.459892921738115 -4.793963582517689 -14.860657273863477 -16.52306833257837 -14.062147949913712 -18.839162632464678 -19.775903120713966 
-0.6840246466843464 -5.205948018710907 -3.5734161381950837 0.7949634674416292 8.550935513327712 6.76985821680254 -5.707946495891964 -11.774558356635094 -5.018523653532464 4.866655384494461 9.810997495755956 
