-635.7343950494596 -514.532262333793 -252.04644881852397 -170.71792432613398 -181.20352480193424 -253.14929243178426 -420.8263004089474 -602.135299540129 -635.6173026844513 -635.5586508938652 -635.429970328344 
0.11946282127559876 43.81648044796544 26.091389764304378 6.357849456628102 -2.950778138984977 17.753474866389354 60.30292050308592 29.971175563978846 0.29181179517519595 0.34411092361658135 0.5263678437083905 
0.04623724210419344 -58.45215773870113 -47.13284553026269 -27.05015045710759 -5.2213329517988125 2.801429959126612 7.485472766038283 10.572101255147658 0.23272940168704126 0.20609912162814145 0.38531778326288463 
-0.04451620989421568 -69.87197687553346 -82.79194584190309 -83.17925496923573 -82.62848745025605 -90.21865237373052 -90.72974280573388 -16.188615331511222 0.14779200214451366 0.027922264874548026 0.1912485241475267 
-0.11839420759957442 -34.31199494287119 -30.74915341310969 -14.69809196786095 -6.654598558830102 -1.4998710820751593 -0.07325993208009107 -19.603252943612453 0.053020119612498445 -0.13272290833313657 -0.008129240450797798 
-0.14739066566675862 22.682310104966447 34.31521337783611 28.786185992089628 8.348604176998961 -15.435675557692896 -28.089325817505824 -23.314322374633726 -0.03615132480802198 -0.22741142042985188 -0.16877127707468745 
-0.1205134442901578 -8.885043139518924 -27.712678173912344 -21.72084641912111 -23.79008618767439 -32.346841983660106 -41.80619668180954 -18.997088503414325 -0.10881048784900105 -0.23418241138649518 -0.26341808872018485 
-0.04795131115558429 -14.654735522905504 -7.355550983540042 -9.19506596136707 -22.39922497149683 -32.57250329280716 -25.293372315503408 -17.948775428827812 -0.16056731222502252 -0.16456289941529442 -0.28853865579991034 
0.042788473706771316 7.148705636982534 -0.18874540295163228 -8.83624819027321 -24.2434423893572 -28.248870987112383 -22.335617511563534 -7.786301595622268 -0.1930554316302485 -0.057881863339391215 -0.26290051191496727 
0.11730776419137372 11.075348913669034 6.8047239528983585 10.261993869244927 17.506932890905958 26.46211549791155 19.387436555448847 6.994297537289156 -0.2113280261606073 0.03484698752042212 -0.2185089189881521 
0.14735737009286226 28.312288684710275 38.70065679732942 39.96575814865284 44.820232674660986 43.26739917019627 30.141119063966286 16.06546508401321 -0.2203201835979093 0.0712511165801974 -0.1873173467311428 
0.12154591842329003 16.939017334023703 27.8377799311579 33.634006569411454 42.767615152213295 39.96950361182428 18.226571866516196 17.983947628002625 -0.22187031442107732 0.0343362733839941 -0.1885570852079405 
0.04965815891589386 9.375047613289702 7.033147661409714 5.36892503246462 12.156216547570018 11.380729303688689 9.185181636081843 7.439837446573687 -0.21353321103168546 -0.06077295256620491 -0.22126193830661958 
-0.041054293732575145 -13.531393499123197 -13.98595355549991 -17.85255309495048 -15.376888871584057 -8.656073387071029 6.209546745329256 5.57919790414266 -0.18968046584610904 -0.1726722400331819 -0.2646749334511808 
-0.11620365466537762 -23.984924623597134 -27.919376082711594 -33.10245100213714 -28.294573044601282 -14.728074122859704 -5.596847439262341 0.5985009642913135 -0.14445489511969642 -0.24987292324352683 -0.2863866032413044 
-0.14730188304105296 -10.679648227181433 -10.683452802570564 -4.027913162881934 6.783531836652058 11.517053506886146 5.192116898127477 3.593701289105849 -0.07538233844480612 -0.25116756285257874 -0.2552706325780667 
-0.12256008818819855 3.313958477847404 12.346353701346782 14.19209066809604 17.18813092656553 17.01066086658031 4.702858375474732 -7.1781386536082215 0.013858289598595891 -0.16236631017413428 -0.15453560743813557 
-0.051357528340127766 12.30173372278723 6.708946489714878 4.870084433228345 -9.624974580939288 -13.988796339198077 -6.977418422843421 -9.424917838626826 0.11272788143565413 -0.002955402125224396 0.009880040714759647 
0.03931393113275232 -5.159895098881912 -12.251840792911494 -17.951451226265917 -27.40549539887438 -25.542373833188908 -21.34225201533173 -12.418051744320087 0.20564728766062212 0.17996582643055326 0.20874227925892502 
0.1150820452964196 -4.773686073576034 -5.317969568648567 2.4212334771798885 8.197267869463046 7.88596243964292 -1.3764646494258905 0.7594597014791243 0.2758578697917631 0.32829466387044814 0.3972231290377049 
