-576.1614045850511 -358.2354501958462 -267.22067349187074 -248.92214684194485 -258.10390964639294 -329.2577441296157 -427.4055432014307 -494.87481666889704 -532.6557096850024 -548.4856423309969 -560.8008223498811 
35.56382148529602 39.522956352046926 12.091273233315697 11.247841882913423 46.215357037276604 66.29676300099223 65.74359380812135 52.24264331518107 61.63006828745662 54.72414465171353 64.01391204596953 
19.188780609452163 -39.24742406302968 -42.075947833690286 -28.248817321796924 -21.19671852866585 -7.63849422997027 1.1146464867652788 6.634598104259252 19.13936705771748 23.309821210508545 29.136237616939436 
13.857981184494513 -71.52724459307174 -81.75131167685981 -91.67355767409286 -100.3457415563 -87.91848330700671 -49.20902475030998 -20.09529206308988 -1.6150667488301278 15.551744966006527 20.725178771511256 
-16.72259319907918 -18.658311823679043 -23.254583868669794 -27.95422090120838 -28.919149771214936 -15.013199568071805 -9.423856069228169 -3.666388222104472 -7.435211264697358 -12.03528318290714 -24.08547626996767 
1.638565944176644 18.28636174965397 17.967248662764852 9.785647458893482 -0.8329954503665458 -0.5355035968440034 10.858141829381873 17.883849922499596 17.632993405630803 14.346395210725845 2.184844501195177 
-3.3516254375487886 5.914074111443888 -5.655799663486196 -0.5430852175025789 18.51292887263684 21.380824409872126 12.842676368855827 11.690989010517658 3.0750705694220715 0.23540355377100852 -2.4613094667731694 
3.7612586087257194 -12.343746927702664 -14.280635867943754 -31.025797353174447 -36.795384988025816 -28.341393033879406 -24.6122659502671 -8.130407288126376 0.37583212536368227 -0.2631125637209428 -3.199605668579562 
1.4813099536340886 -11.26956701638705 -19.62405600994991 -29.241529309461875 -36.594880367651285 -32.280343044108555 -15.866272279230873 -11.114592388204239 -12.195793093619638 -2.933378210280171 -0.3969115059725911 
8.123943426717265 23.69163698102991 39.09032267872444 28.06866041198161 1.7892662880655876 -19.143153748582456 -10.202354970615005 -2.9457625791209026 -8.593768265855031 -10.597068420544254 -7.0810483230207595 
-7.110044062576495 19.904720188718912 24.87271471166079 38.98956825059858 36.43765893828321 12.670552834832668 -8.375546155706568 -8.478261505484598 -9.857090293967733 -9.957939626902022 -12.662035333501851 
-0.9833658043530583 9.86595761743732 10.563635919822733 25.411580434805074 29.318454121380697 27.328356676240983 14.112700473424862 -5.728511780792196 -3.975013267308128 0.8925743264547499 -2.776176155082077 
-3.2281991533322314 -12.076048961355124 -21.10268290459622 -11.54835732900894 0.22617212222802593 10.955797869707666 9.067716958534179 -0.02291429595063474 -2.0865466356423013 -4.925820972187504 -6.597856481570199 
-11.964028499229057 -1.4573537351827415 -4.8222399932132 -5.70750695216932 9.475429230366087 24.62681143664818 17.13940641562058 5.212313683174058 2.119144742695472 -3.1476810320488378 -6.429260770430199 
-0.11477303127841265 -17.28535197994053 -14.408098327221417 -11.850182097001964 -4.153870424552506 -6.14784348979221 -4.905170593778342 -6.172625847987197 1.4095969738862206 -1.1223796030633577 -6.548652703627336 
-8.090265034173633 -8.68783741034122 -3.3439232547893516 -6.399607352370833 -7.524605324084338 -11.21111374196408 -16.634234745736123 -16.279266429555683 -13.673760867316105 -15.971926867459977 -13.229396121966179 
2.6783606846008485 -6.610231837820291 -11.294529352890756 -15.406408905863419 -21.437236649066914 -21.517563564881783 -17.975842821606463 -12.87557235282518 -10.120562456832989 -0.6332898351835747 -1.1209242175783427 
-4.584083424095006 -12.982939728691473 -17.237245344711724 -21.389728409130655 -19.30516788716972 -17.16509896493171 -22.98365768350903 -13.508700309675476 -10.342857363884242 3.387806894624572 7.849015943736613 
-3.5171867268386188 -7.077374016364333 8.081805927336648 13.498574639996045 7.3091867373447545 -10.56843950543077 -13.662537571944736 0.007285466640630678 6.258164730555776 5.073962808614928 6.422622681133797 
-10.768280889007286 15.911527513048256 28.525315604819944 28.8595023933876 26.904613906664384 13.409568253346546 3.6347898271205232 3.25640427928048 -0.4402873713812001 -5.412511796997702 -4.538519807400615 
