-577.3798828840024 -576.405995899863 -588.676448462332 -591.1629372579113 -494.939478996713 -293.11377943467414 -213.42573075624136 -219.79046626026022 -301.9420981546252 -427.3554702419542 -532.9232009929746 
51.23932195951326 49.27905339388232 43.259883953301234 39.92860693501865 9.113320106315442 43.77263067499623 76.2042583161552 98.00570717496267 111.2741376489746 123.48119241358873 79.23230558254296 
28.57698965823863 21.067027734316092 9.969293946634895 3.8901016616799033 -8.138023241619482 -4.253637272885095 3.7516227581861505 11.118215293353497 19.281223205760124 21.343713357542562 28.71435370565645 
29.676483237126284 24.133328249088944 17.421690779837178 10.387014471863516 -12.037874104060068 -62.381952724441376 -85.37946891844547 -92.28153350431447 -77.7711156079124 -36.02378042946975 10.81101601187492 
-12.292358970804962 -10.343023163857119 -3.0358665476563065 -1.5883315314961783 21.60885819468031 10.026311031406301 9.956052692997215 8.397161839418477 9.408636909143196 5.73952027938433 -0.4353526198825791 
-3.8831875256539217 -5.2365554973424535 -0.8605805588206762 4.697533939006487 4.62578532952611 -4.549184961740474 1.4706994745131987 1.4593840254127461 3.5834901086946194 11.732062423192065 3.809847136111427 
-7.493410818347273 -12.394371404072315 -9.714064296143585 -0.9884584829382655 -1.762095534243582 -7.2310765844296245 -6.010355589353484 -6.189158639644625 -5.655738134360105 -5.553553216531357 -14.079403503747717 
-8.065095524271669 -9.256290881362169 -6.71567663171788 -1.4793436899726329 -25.069172192422272 -39.89082488398333 -38.62448084988036 -36.04422293831635 -33.5574564110829 -32.58931946419062 -17.716971115560348 
-7.061870150562346 -9.189111573210484 -7.854605292827283 -3.010469865525862 -0.40724725190617894 -11.868390590280146 -21.452900721319054 -32.36252343121934 -31.862944795224074 -22.774574662037733 -19.67277279258871 
-8.05654108130466 -5.189209249116418 -3.260588772447444 -0.2639443385807274 -6.806708870495863 -6.467701498275558 0.37520283011980743 1.2763985073153803 -7.430705114113739 -8.718931127795106 -9.013429314569244 
4.032428725597203 -0.1469216399662654 -3.1284964444814687 -0.9757057230091035 -10.911408119280182 -5.6042362846265465 -5.582685429752756 -5.993978746977268 -2.615601131017766 3.257628472594633 -2.1896049062575034 
-7.705039460259892 -9.3749363970846 -14.148465762869659 -11.311575689679572 -7.168758480118221 -9.545593120723408 -14.053848763408984 -19.345855301961826 -22.048372252707516 -17.661052631245433 -8.521993972390787 
-7.5209957614330785 -1.5962652366086236 -4.336294511488809 -2.736925432851912 -1.0920994131638053 6.484894851766935 -3.019675522547385 -14.530223869069921 -28.005990431421388 -22.29691702459342 -13.286195007090956 
0.3063256261505227 -0.7415240925094291 -3.9068021177471426 -6.731174666948215 -5.526029648797151 21.041761559958857 22.542492681089335 12.955125996670672 -3.452936444384081 -14.572855159340866 -12.079842750362673 
-0.7694406369056794 -3.920820611016854 -3.247886451869309 -6.131172346225207 -4.612350092865573 30.9083802842392 46.76931780419236 44.29291155997433 23.162121159987876 -0.003625772571421604 -5.3162981925852275 
-9.084731963888348 -6.741714973678455 -2.817326197252199 -4.803160528129002 -0.8005213429783841 8.270055666179104 24.433788437886307 40.68186979352117 41.23797285061613 22.380472954513714 7.197698980188683 
-3.5130324873749577 -3.784983951228255 -4.4407463397787375 -3.36708844285403 2.69820783227752 -8.612680504213586 -0.16934898647871843 17.183285982852347 31.478817855184133 19.404267165637677 4.697142597755926 
3.8806078450037735 3.5523771840548415 1.6840050611317423 2.4096735624379075 -1.084259877972311 -21.00230008460578 -26.43045559535865 -11.261490998656651 12.715481385453305 22.655205910354 10.719958321230157 
2.6557209672221687 3.0053137369469276 1.4463457736730094 -0.4209659101193075 1.6399541972068428 -8.746777488938864 -17.281268104417038 -14.024096808536623 -6.575084055143137 4.025046279989889 7.695164384175549 
6.432548570861689 1.858664753255629 4.3334755676814325 3.282389673470438 -4.54851314533593 -2.8603441586447875 -4.162676149752887 -2.2671345513165386 -5.451771275723644 4.370981386074142 5.891234668017905 
