-525.9917770184398 -526.351827543697 -534.3278322674262 -507.68549092026984 -424.20092073032805 -316.0633765077625 -222.535722728012 -197.1276778568 -224.57290661802082 -311.28209920300026 -430.0996087470444 
55.172004085489235 48.23259808349792 32.601111961462294 35.794575105129255 43.152634820230276 40.55482520302722 28.616011191185954 24.84422470452384 29.399326261920123 39.06044849582247 57.30579183333101 
7.279858017593012 3.121725181686709 -7.775453136218614 -18.605114698320804 -29.76410916051317 -48.72830440113002 -42.403073050702446 -37.17076870923518 -18.278004636326862 -9.657903687002078 -20.131219001787155 
-7.119245400045946 -7.76607955695569 -11.713817995496989 -1.2019963831779363 26.770032536407662 10.56978556310185 -30.160670521719005 -82.03764231838817 -109.68371704796316 -77.09574572529974 -31.770705670411786 
-7.426589004716115 -9.744420442999873 -11.473835718457433 -8.46297150250442 -11.439339234460395 -2.6635170583130514 -6.104152353929413 -9.469333307268482 12.177502352625874 36.91755552765248 26.53143358968273 
-9.822202236766135 -12.995104723661074 -8.66033000855673 0.5877945270369269 -2.7396589759575667 1.1675192097402458 8.592742823093436 16.917870300729437 20.47542823764694 -0.5369567960457361 -15.374480369882402 
-17.573702824307304 -15.913897142959302 -5.5727905251439305 6.158950029815865 -3.6252075962587114 -6.233260979865763 -22.918818585737718 -39.64664371754778 -41.1089140907558 -16.194833031493168 -2.7525319918278677 
-26.9289272280517 -20.330471127167087 -9.9057123642637 -10.549294709602034 -17.65009198602847 -9.856260927037624 -2.278484494242907 -1.6408529325988297 -1.2224052672381753 -17.784718455005574 -27.679600829174877 
-24.68580700784547 -24.13369558653322 -17.13899788660455 -9.243401888829654 -5.118169733265047 -11.303641739818744 -26.185900141961 -36.1514160536904 -28.77196576367396 -12.902468840252688 5.172863376332679 
-2.5537298670107593 -5.862309234446041 -2.9156116677624393 0.6912458569083211 -0.4407670372046347 4.238933657270251 0.8363979119006711 -2.9522079728956356 -5.404458926500049 5.2462417412174585 2.4548821898410873 
14.945652418432918 11.37125170246425 8.567800773465365 4.370492949450751 -1.7304246284195837 12.15069051999016 18.688540269372574 14.714930388387788 11.965858538328025 -4.768517050987779 -3.5456957306547383 
9.25326862012809 7.017677213825099 4.406941261386482 1.7894116198054335 -5.170568637786256 -10.7128726950965 -13.377302867535148 -19.0513928656402 -16.3782083356558 -2.7932646790965503 0.1092028335025857 
-2.832384561246614 -9.282336686668788 -7.028346919003425 1.321110616191008 -7.590976060726522 -5.058304767105579 8.257505923980386 13.317004415688137 12.136692829785442 4.67453302541732 -4.271808673544637 
-7.550921708432298 -6.544785637205388 0.48164019822158155 11.551481542859424 7.184135390806942 -10.034883342001812 -16.484253137612548 -14.988812442843951 -13.191919654289379 -5.028299949519779 2.1021659606842347 
0.9890794599567985 0.2808642064126944 -2.782295495523261 -3.12219789111798 -1.2337574227687003 5.11486809593438 -1.6939460209040589 -9.366018369345412 -10.661983692070152 -5.378919545658313 -9.551682810549499 
-4.564017798189329 -7.051085367667124 -10.915815301210184 -9.562194244198865 -2.28672584214954 1.3495257917588148 -0.31561839059293684 0.06600114160814496 -2.332083906910972 -9.938116248729816 -5.50749792813135 
-4.163696254360756 -1.5882860485145482 -2.0797457024300763 -1.4980467661654413 -11.927046715125101 -12.287546722014902 -13.078831563455324 -8.22924125276887 -13.194238258125946 -7.428026402696249 -3.7844113114715285 
1.1811766309527374 1.9518165329293966 1.5504537954810123 4.602113553088265 6.2714463969489564 -4.9787065173390594 -11.028400306115287 -15.24945034276087 -15.996264305489913 -9.398921972435014 -7.145171383041052 
1.874903482466803 -1.1318187450015256 -0.048649356192141724 7.956242532903625 12.949175054949928 -7.768818949607324 -13.056354720524144 -13.90533022383771 -15.042080735556569 -4.692601727053329 -2.0160180751050554 
11.34977051603001 7.13735217513535 3.939856849761037 0.48078258323472445 -8.819443765485463 3.3832819216629777 13.09438317841251 5.03466137573711 -9.912774946843186 -12.406961955696838 -6.224585602506882 
