-407.1870454777692 -405.7618152635569 -334.6681455981549 -229.32601626119813 -230.73892246149077 -297.47699785194493 -331.16256132743206 -364.2709472529425 -336.77572919370664 -359.97437542486557 -442.60920703906976 
79.39598432216354 75.20650455204257 87.88643290004742 74.34454897882783 48.597915912381026 -23.64223975508657 -17.577936874500832 3.236155910124789 31.34026801869394 52.490621309247885 76.08833105187554 
29.617073478205846 27.42038092052111 -3.661405039630522 -17.81409005929611 -25.734134590334403 -7.545754912248672 2.2060840999617457 5.890034745412027 17.14862218667991 20.931674608709884 22.427090178834472 
-0.6050042444939889 0.7776210977170883 -21.72145232632485 -30.222843773249902 -28.174557369452927 -39.884489546299946 -95.6286898534922 -104.82455581710704 -78.61686813013355 -51.43350212109948 -3.5832687022593053 
-9.282606316387085 -18.258883093116147 -22.07058720332255 -32.10140118270242 -50.45209576642331 -52.79058801460067 -36.70329792086694 -11.111352811652715 10.771553261245739 20.549402269499506 8.6499955676848 
4.795979398104354 6.665389349424657 -15.82357174998999 -8.882646841257486 3.0614823484135707 8.159533188561301 -7.658330781914922 -34.77146484178478 -17.01650403148642 -11.14414845799042 -17.7139424947745 
-31.371609158379492 -25.275602535035546 -25.16081205092369 -28.100482832757052 -32.71820706527756 -25.949442114035627 -17.537199572625454 -7.287373684296419 -11.47400497126294 -15.381848272461696 -25.266468239559945 
-5.0280842717301555 -0.19546377346123328 -18.251790935484763 -30.985725672027627 -32.16877266329107 -18.837400258299976 -5.442686204538692 -20.005529861955644 -27.686827711635686 -24.60931334337024 6.817890232679021 
-29.777555774186304 -31.907800679526545 -10.62171184778985 -14.244059309370005 -22.445379128230137 -24.291124864509825 -13.270808770018363 -12.434235216087211 -26.483422278212466 -33.72924725639933 -23.27075782396905 
-12.167781246307246 -14.106257047298689 -8.475192602536756 -13.453257448195332 -17.321210769910007 -20.29420433025432 -20.01934741609633 -21.166294093093153 -20.090610694187994 -14.947516823225058 -22.305809910095025 
-9.84745250112397 -8.809514301704219 -3.7719507680629762 -5.108122637918301 -8.769026974474228 -13.35449372895334 -7.7426100721071425 -8.822094867579215 -8.058650444172637 -6.654141846374426 -16.390988552387498 
-15.959644005098482 -15.264045491247343 -15.289836151579873 -14.436556789765637 -16.89938473468476 -17.550767321640166 -21.921702351611913 -14.035576795459466 -12.37900582077857 -7.876664978529409 -10.090657413610714 
-9.65359868977868 -5.994716665784989 -12.76898225697271 -21.704646555303917 -18.48380920380412 -14.484322599264484 -12.109843215639177 -16.3651799870053 -22.162276252502792 -24.61114426261411 -16.967558375119214 
-17.825170807943167 -16.794964899109697 -26.463815055686187 -21.69874724392644 -26.335877705584686 -29.30496573314715 -14.636693893815481 -4.374705028445167 -16.63544800727219 -19.950801152095018 -5.437406642713834 
-6.673659347700813 -5.099005022636582 -15.972739698237945 -18.026902525873304 -19.822114252793984 -30.12323662681229 -30.49026627279632 -15.023038502478567 -5.49011870381689 -7.240974140998919 -10.936212724445316 
-16.76416916512438 -15.633535929449236 -11.09762515360735 -13.031478012271595 -17.56308609301393 -23.66405854265328 -29.97283083410334 -16.69921037625537 -10.759329075709395 -9.913930211070483 -12.585787459132826 
-6.910132025509703 -6.323256037194733 -2.9608127577358956 -5.675667899106036 -9.508928655622212 -8.52758142185418 -15.066986242289012 -24.281305271835194 -20.024630105687585 -11.954970964948402 -5.10978208288539 
-11.557083266247936 -11.138561662632242 -4.344213954285629 -2.4267070450373 5.8137173109750275 24.50663414291483 17.783464657898946 -5.4486903537853575 -18.132022138954312 -15.190725398314022 -14.553366140245526 
-5.291193421298221 -5.734013609589171 1.908218865893806 8.322283280780455 13.360378084708262 40.87742737459135 34.3681634642718 9.215820338873867 -10.90807696654468 -12.92999837023499 -2.462690663688233 
-3.8414930236145355 -6.0027844632304745 -1.88729928110331 -0.29518760723615833 6.032831622122039 37.75755423953043 49.99358341176796 24.081874692685233 1.4737258255084271 -1.4125073856710706 -0.609320732672264 
