-309.7897782031829 -328.88333892387277 -191.68667978601204 -61.568977266097754 -25.728906015960696 -84.79833519808126 -234.31204667550372 -404.3331663910521 -467.9875664122348 -480.9452325524154 -475.16556704143926 
15.56937891650361 6.494880954244783 27.971878506974633 32.65239052601695 30.723976517798526 36.666957650915364 54.92742358902385 47.62872785104502 46.12326230992467 57.666460843137216 59.59468983300596 
-18.5967353585143 -15.650095581834517 -28.49269494130598 -34.26081577828278 -27.16379303345904 -18.536427064880627 -3.7370786420664324 -6.078407873262883 -0.8757321605679376 -4.254399254603627 -5.286775815026394 
-14.155527389723742 -7.941959288810491 -43.997535873668625 -78.41540119772682 -97.27481035022907 -112.63786761662455 -110.69026890416282 -59.549129878117355 -13.121824872168848 -10.169860131669955 -7.954784350220805 
14.995379353575277 2.394714009546723 -29.273970551059787 -23.451597020295985 -14.858338780377462 -6.987246998849032 -9.413384219844406 -12.083207620822716 -6.21940801568641 -14.82871036816487 -20.824598655606916 
8.880427142097547 4.010717515763654 10.37168885194496 13.688745487401711 11.211551643533582 1.6050128899494633 -12.845829285946476 -4.465594004410881 -9.684105000264786 -4.611711222831472 -14.97632559402188 
-3.7146958125528338 -0.9210807265638327 19.62109172423323 -3.597607272233664 -11.352483090309885 -9.462244482904094 2.7625815094508948 4.722337003634413 -9.720836384893897 -8.201538684470684 -9.775074327386491 
-0.8303664012342511 -4.908316869169491 -12.340396357906705 -13.630793134761857 -5.672677292090285 4.462553815603149 6.75871459953902 -3.5539299777008084 -9.413367083015201 3.131144624087975 2.0707586888462757 
-4.966209049635822 -1.248977544621401 -6.138545825193275 -2.812418739083986 -2.233873084048117 -5.035392812728205 -13.038974551607597 -1.331379218467821 10.256809097873415 0.8453325432398682 2.7507662428436572 
-2.0670409981722226 -1.2550201772749001 -13.466972502502651 -13.054975107519219 -12.546513764134593 -5.171513348158594 -5.139056345812448 -5.901973180855842 1.8444863362862918 -1.7974392896856444 -1.7014090584078625 
-11.218406457324226 -8.953197545027571 -7.436859177827539 -9.465445907045531 -8.136464387817846 -3.024253272447168 -2.6365036163627438 -1.9037193109300208 3.0559135265751602 2.4855671948396045 10.67270479489838 
-4.89556302880632 -5.690439876915196 -10.648124772700479 -9.431417129444394 -9.971884230123495 -11.788140954639735 -15.183728457064156 -3.612276247128384 -7.624996024987836 -3.157113571470238 -5.192328719204037 
9.733339500879799 5.177710771097784 -4.204243454683371 -15.450752876787517 -11.940357963889493 -1.5050860395501573 5.734872907586066 2.247017941681352 -3.976965012953606 -6.730400756394022 -8.696564557114172 
6.747122487796416 1.7579945990494865 -1.1649382009518927 -3.097271411433907 -2.873652329744686 1.1691539948812797 5.351560584334236 2.010035017548355 -2.692397153320594 -0.6998793951027873 -4.876243585204237 
4.859283674602651 5.343286910286556 12.030594164847598 15.16397457232397 13.786000856165451 11.498241449116726 6.448463314325215 3.5924664186500133 8.337896372144652 7.762621441928637 0.17026399932412284 
11.299646399142556 8.444608495639766 8.111170132598602 6.332044016061595 1.3689324667201606 0.7147519100959374 8.55623125760705 8.080745286379242 13.429530224804086 6.9475908700402025 6.719149982948692 
4.155117649661159 5.7272181200225445 2.9962032753937073 -2.7039391626977043 -6.194143385020154 -11.739203142827824 -10.355400827419793 0.7948504545475594 8.378030203334639 12.678144799755913 7.8509334284730965 
-2.345227852739516 3.117571545776757 -0.25407150338286805 2.9448383702408414 -1.1442171122248064 -6.2662206627895145 0.2869969513838033 8.9749421748267 11.702721061505637 12.657208440325343 10.323087299526545 
13.749553188091992 9.838816114792163 5.814477261058908 -5.353323870644573 -7.8120954416624615 -7.852244009954553 -2.0422179782744507 10.556906518401075 10.220456748183636 12.370915407753738 12.840874510482157 
1.531877783091367 2.2998681836213852 11.438960143242216 13.714613017785258 9.915771273823287 6.96569509219878 9.21070737988266 3.788263499574114 -0.22982323747880662 2.8262149796757736 7.705736529963683 
