-449.5733212087334 -445.76216914536394 -456.9042162908509 -368.0094194454192 -270.05575025048716 -248.13540812934687 -274.59271268170676 -315.4486299613791 -381.01779759937546 -431.71007605105416 -425.6882083945415 
65.22035342339684 75.93511076017256 67.9036975138892 65.64727967212002 87.9524160901328 94.7004444588261 110.77406776903854 121.28204435203175 100.15936142319023 63.363104441484005 67.48372739583417 
1.8381500144122014 0.08304221273105789 -7.184720199055418 -21.01240826161787 -10.112268958555786 13.475558130877731 25.93132983107837 15.079524930966118 -5.769549015755304 -8.191462395017073 4.109972539233867 
9.763218149645102 0.9803103649659491 -4.070758992248011 -17.925308421088467 -31.17024741024938 -49.420952633553554 -56.7623596300445 -44.857058451465306 -30.601207517657066 -7.290018588732406 6.396822160442781 
-17.403130280346005 -24.346034741841123 -24.228884590549093 -25.38782321679176 -33.26745143581815 -24.38720752597125 -17.72413739906019 -26.636785530635606 -32.5701726627383 -21.516011300499798 -16.996776398805807 
10.536593683749587 2.875802595067348 -1.2516307027384204 -0.8963886376646564 5.987778644989719 6.03779351299107 -2.597235692351026 -1.590384514045734 6.126185455608562 -0.40727456578726695 -2.503203846779839 
-28.413910558390352 -29.671018373240706 -26.81780103318308 -23.510949414755082 -21.707085009291657 -16.367122754718004 -3.368511903441764 -0.7918583646924947 -12.595740476547938 -26.01411427928271 -34.769805102629675 
-19.411270436864786 -19.8316400202026 -24.57492381278973 -31.1717611901624 -34.32117186359294 -30.916416768934923 -29.502229631499507 -33.49758956654869 -30.343187451440464 -27.61756641180616 -24.658315013183085 
-14.64173457841391 -14.483402761778155 -16.07571733436818 -18.70495614092004 -15.23165686225783 -12.917312998692385 -17.489542645353136 -20.846168628360275 -29.696084819534388 -20.223076100874863 -15.795066933253558 
-17.21714327045025 -15.619068284017343 -11.33400936473167 -10.172756953564553 -16.488902978608834 -19.292857732936326 -20.768859275465278 -23.810762342765614 -19.27233939749965 -7.9841355404944885 -6.0427633139736265 
-1.7074299406330682 -3.0043538338046574 -2.323736676134913 20.799016982570944 25.992574789775873 15.830130979439842 8.612000509079778 12.903770684166263 9.819136865899761 2.69757502863838 -6.526712421158912 
1.2665323335778609 1.8026498726742668 5.30296730564265 9.605179117720365 8.243751026162919 7.226382463099684 15.960697646373557 22.94538917144403 23.27723976114517 12.837820622598535 3.5495504466884755 
-1.2841131179531333 -2.1224115570277933 -0.8491189628437542 24.85226114710623 32.78549418262489 34.30650599476548 29.42693289379546 25.289195439179487 18.946143850087225 7.027222349650088 5.9969453330645575 
-7.083050357826347 -4.570332081715362 -4.38275383215833 5.077691249439444 16.64275539866371 19.795822163925436 8.014772127838246 -4.071013345829985 -3.356160062008523 -4.254949215816706 -4.137822245086191 
-6.461618676539224 -6.097851628209851 -4.481574781001966 -20.14318657120904 -31.798837736926966 -32.9581968049598 -20.77977310896938 -14.882993468691428 -15.49579069280627 -10.522133811877154 -6.197410544706215 
4.144179202183219 -3.7780596868507343 -10.614635495075678 -22.1695525594571 -17.548335795916785 -13.453736155260987 -8.564279375787748 -8.329544867234393 -11.847904593906643 -6.688980366761614 -9.362250706543204 
-3.2116817315734867 -9.921104857372804 -13.296456795040292 -7.71243941565993 -6.91336610168071 -7.673902499034156 -6.494795094727178 -3.3475539929112594 -3.4081972028715875 -5.684670622311444 -9.939059835410395 
-10.935912163347165 -15.877160622073767 -14.810611041032821 0.5752923583436574 9.242276383548017 8.475081279310382 3.612605120838025 -4.164248522683213 -7.021228785000136 -12.334923843263699 -12.087987015095942 
1.17129635406721 -4.05052266765859 -7.238504794052776 0.2933259668301791 -4.2316624331597374 -9.652550937793315 -14.672825477504254 -13.126082911465968 -7.078672188026971 -2.0835359327776 -4.340635078611717 
6.723894208413553 5.427615969622547 2.891016242211404 -7.048229143706706 -10.05309058190839 -9.032789889164064 -10.598097934355584 -10.414356655697425 -1.609079457255987 9.885571052525826 9.572654640398085 
