-422.7692163387074 -469.269110774344 -556.0111030746175 -467.78381342620725 -219.78345366639445 -111.75932368788921 -92.502327026787 -95.48627313626652 -128.08082738289116 -215.2504638553493 -328.58512003661184 
-28.07235687740681 -22.385205755852382 11.03147185130063 -0.5429898132775852 18.740987193301045 17.164736892733274 -6.5396098648470185 -15.021959682397426 2.340419009337438 15.106001413257067 37.67314407017379 
13.885454385043772 10.24477086214344 -4.960857935510567 -12.483335017384181 -32.81050240731554 -51.93011899835481 -40.33578860856849 -22.522924212661277 -27.074641773795147 -25.41228616482978 -23.467442659675832 
-28.63196090172804 -27.922487113792513 -11.210739947777792 -24.728546256885334 -43.20531604905923 -55.464979727469185 -68.30623063840676 -59.80630544867312 -54.34444849048427 -59.39565868829548 -65.31392912393358 
1.1080280655586292 -1.1422306663121733 -9.771539051466931 -18.573787290710605 -31.437717036569996 -36.97306649100039 -31.840644370777035 -21.306723817472452 -25.552555541876586 -42.5527284198333 -42.00097204879499 
-5.187182445832389 -5.863563083731264 -3.046604387215487 15.133181211760785 0.8260068119346233 2.225575577148564 1.4224671025083513 -2.5271942027266836 -11.935999218057422 -28.96268618264218 -27.485351173621208 
-4.632493931246165 -3.7647469998004537 1.5228462498147133 7.588150075759801 0.10816596200817252 -11.263283290688811 -19.64295882795959 -23.781197383851236 -18.619665667419355 -20.32418468886587 -36.43398350527764 
-1.2235679127030017 -2.8161911316289308 0.8724371855081118 0.12963626846876058 0.4907745189928203 3.2774817468413655 -1.892833710096772 -25.872443047781026 -36.1957240125399 -26.717077395220365 -7.061618691963888 
-0.5162482026394086 -2.8554246460847015 -2.8591412012049133 -8.339309895314893 6.5647650879695965 3.188086435236889 1.1618667573583306 -3.06211329988425 -3.6894822647988184 -9.753985862020986 -17.81345309788003 
3.8722554861358365 4.448807120763032 0.6289538200773916 19.669707415172574 54.72982434096371 59.62532380329159 59.49822303553075 50.21538853503315 34.78690499151715 27.0242456655234 26.667482997117432 
-7.777165588423115 -4.621432588842563 5.5260858935784425 -8.89802589802517 2.50416222049972 9.017593710459979 18.965099345809584 36.79973509826797 42.514466704554685 44.1212743434692 47.02828943969927 
0.06632124398878547 3.271591772700887 3.75556439576176 3.8364907256932197 -9.164092900857263 -1.8345406030784834 8.420977535073716 23.053148540796588 25.384460272669124 24.23957590146471 14.850351217165988 
-1.323069389574787 -1.4265427563417536 0.059009042151354094 -6.721838121656566 -14.774549834568656 -13.97784464755576 -19.959178165858837 -25.719250014597282 -18.810793214735018 -2.4228052185342883 12.70312129394772 
-14.341914314801418 -11.23673550978556 -1.7596135883683122 -0.5318533086987308 -13.155337609124356 -23.321720894080602 -27.618670294570858 -35.83970890687145 -36.028909006890316 -28.126626219409047 -14.756662531904498 
-7.817598234063633 -6.216993605759483 -2.381902230401679 3.8275599906531204 -0.34486858978311663 2.965004727699969 2.2734885667512668 -6.404756063029031 -13.487889367773446 -15.774601665522844 -1.2813858144860546 
4.434421661638867 3.7115176291311984 0.7030290974336655 -0.9437421711968583 -11.50457248048398 -9.716819271936945 -1.8781648668294588 2.475419500832857 7.103015074067038 9.386806060818788 -0.9738640686636093 
11.068965632961357 10.653774086883287 2.8047779672122157 2.3899261931140003 -2.9960973966136435 -9.577925347972108 -12.192434634133278 -13.993657005286657 -11.460149560013322 1.5421095083955045 2.178948595040284 
-3.826327680767847 -4.071877019111465 2.035700365993105 0.1479003961524858 5.270064842033726 2.6603968828157294 -3.859497114189469 -19.278544976365556 -21.202528798023096 -14.933419477426547 -6.954174870859365 
-4.242408466407806 -4.945058479443435 -2.4220633791129016 -3.7188725189007443 10.347114333524878 11.38184418073855 17.57850750692964 17.92306048291656 1.8083240666428755 -11.393038652407851 -6.333964633302435 
4.824301340740692 1.6730301384364532 -5.5416887705400235 -5.195763820743565 7.571882351333414 12.934391323698398 24.707537973666426 40.31455560072465 29.138536730853996 15.324729263175511 9.794873155629974 
