-311.6968165360933 -312.8685213200457 -327.1240485564587 -331.942601790197 -331.4068897546683 -167.00220372452495 -32.16185830555621 18.14057778778612 0.843578129572614 -106.54264996162459 -236.2784123472601 
54.07208286975964 50.81364046506828 34.25466339677733 27.769283281895362 29.984943369581966 85.71802863986241 67.71206944067556 44.574489925262654 44.46178592750937 70.83435028738322 85.30316360664776 
31.500251667489394 30.85382819267696 23.65674247387082 18.01086513620404 19.18694544536646 -9.521177558576401 -17.27628142924723 -2.8859063170498116 9.840123106741842 41.57735500406548 54.21770251931599 
17.132459996220785 16.475220597859632 16.009965978314085 17.755005825261726 21.82398086423671 5.648914019198161 24.138157793289963 1.9595570910916302 -46.6652860155018 -79.91315566627284 -33.10803273542311 
0.5953835163711141 1.729609539345855 3.662251855748738 9.928792795971784 14.483799018934217 6.332761956871209 -4.766071474731196 -9.46858020280827 -18.068189734622248 -11.644985562534526 -13.16448844842743 
2.854295402379747 -0.31229399885750075 5.117394457874051 14.91499482550925 19.767922961613678 23.22253865209101 35.97814940417565 40.37704214562674 24.08167378703193 -1.1315852018809358 -7.947925328594577 
3.8781462187119056 4.150166099718039 14.098141505248984 18.752216552007333 22.64639771329599 2.68089949209394 1.7538981742056896 0.73935824121597 -4.1667847804681335 -7.643277217785714 7.184038320146822 
8.108668512593415 9.433424183378069 12.099940827757079 13.132901793936279 15.009289529387022 -1.4708601630978004 3.4898811927564886 7.888852119321068 0.5882580647602236 -1.5857252423193846 3.393814432202454 
10.090211525367225 6.779685217557839 0.6985938438225824 1.888598794028097 4.687309992159189 12.02000095319526 10.02267701555142 1.5253783798361922 -5.248450981963508 -17.56222980395227 -5.829544283173646 
16.969960387732375 12.736901769610409 6.794010783453041 9.383441028696314 9.748008981655317 4.0854438968950015 10.281271765430045 15.887042027806658 16.00617767171868 11.712459933911658 -2.8652494097497723 
17.467318057184443 16.785014905527312 11.36144568365722 6.397023958876897 11.12037162535876 6.64174478246256 8.815460312449389 8.709549636031358 6.792568469957825 3.767376529299383 9.949844637377504 
18.05628869648631 15.49937226315296 9.490982599752934 3.294509987232411 6.499657256266883 7.199921603808953 5.619565762219464 3.357077183860002 -5.7630950908183 -6.681136063418038 2.611734035827725 
3.0211237589839914 4.380843431454161 0.7811673166706927 1.6751264166451336 1.897834895596449 1.232275070976028 -6.176178061259707 -9.93191082148468 -8.734978191568695 -4.609569266372857 1.0690685539643567 
-4.298782358560313 -3.664162251093192 -2.7792422654793407 -0.17034927222797291 -2.6997968969077872 7.954379217128106 6.417435767014099 2.545805373288503 4.167822265741431 3.848935928639295 -0.0899809212233657 
2.549724078171819 0.22482995016365392 -0.9385137841734296 1.4841848727529696 -1.8743156509343302 8.373137855251585 3.851593221175012 -4.595318109742914 -8.143690406802325 -3.8801381884439774 -2.799087235679586 
5.102806618314991 5.593282889784863 3.993128138518631 5.009369712166909 4.30521999084417 8.52028052440966 1.8040851073484512 -12.390973323688986 -18.783697700421207 -7.357020826901437 2.6163944525961593 
8.707168023841541 7.244652822800894 3.2726322582274925 -1.1429182846923656 2.051798856111418 19.744161105781153 19.950505285788104 10.24981212405562 -1.6339547979888036 -10.449942619461616 -4.877799150854241 
11.580712844473917 10.096328663817653 6.8357858329789565 3.539646971984551 6.5575325361892745 24.17459297191298 37.624691438597395 37.8491759649588 21.533980028165097 -1.3377632518004128 2.46738612994909 
5.81617435486412 7.460072143800097 6.9021480981787064 4.042412983703739 7.490012747761609 14.974940647903706 17.60926885199893 35.88392350340078 29.013025790693646 6.277184697397782 -6.178018539838629 
5.8263262844468855 9.69721759561321 7.827098499668775 1.5178266122263837 -0.037693315194874455 6.508326100495716 7.979590548891566 26.327499328762485 34.49869578895493 18.963186711742516 -4.755561718899699 
