-322.024340538625 -320.19732840309894 -320.097422247691 -321.2004661213634 -175.6233900160853 -86.83329944765458 -49.21898636031112 -46.666998492425265 -110.29842231433747 -213.58515411822182 -300.28260083952716 
38.1189085032498 38.3677080468831 39.97354539954004 43.22157163581483 69.8677703263918 51.79683867746967 17.782423589246733 18.310578841328493 43.00314604462774 52.316587285254485 58.76972918019651 
31.076393970394555 28.239793030424433 23.952423567180578 24.3774153792536 -11.516074036355953 -18.385088891090923 -0.2759612678805956 19.3210462782568 49.39611330533107 55.80161484391797 31.570295221391746 
27.8785159745433 27.144689973913025 22.895901127619588 25.472353008184747 6.2488414439424425 5.703963257309657 -28.283068786550228 -65.71140372751961 -78.04324941309274 -35.14658701453063 9.200956724082928 
20.767255998364202 22.119032745814337 21.667355162201737 21.86193055566126 -0.11806403885731859 -15.527986439892086 -19.80000151207945 -16.82274327258631 -10.579302424158929 -5.11513620463926 4.312405860084141 
21.39138997853066 21.38733218587756 22.610650778965276 28.344073769479984 16.87260476773992 26.738528039043594 30.871923653798852 12.570480353504156 -1.5432826307583507 -12.167897366285196 -0.34259630651546524 
11.030537169821413 12.027143023377086 19.26699583103587 25.018004265865596 8.418855380306434 -2.97472710904023 -7.108310614914993 -5.095634221466458 4.239140976307148 19.57904527513884 16.922702002818536 
20.396431379195597 20.12820374990649 24.88594611402479 23.024606179703085 -6.014042210836433 -6.185517680787872 -1.9562496158952536 -6.852322587668232 -4.649554055420891 6.057559279807534 11.035961405746006 
15.087355844209043 14.660464068163254 13.371791069488488 9.697541010296323 9.507560080132112 5.470311526596473 0.3679065488719724 -1.3472495156395727 2.6647297185896237 7.553435897275577 11.07702039416667 
15.542316703855727 13.494268148153974 8.092945007410387 7.429969707887191 6.833797067465232 10.15944603836861 14.328864672578334 8.91678392082617 5.14872407066111 3.265036072056558 4.8060350909715375 
21.146530876543366 16.487616816047137 12.570892950903872 15.210428717286126 4.909759377229729 1.083001886276215 -1.33731295490375 -1.038553511235052 2.1157567426484194 6.367329007977013 11.01429667435674 
13.17108873203544 10.257000161669648 10.932226146636284 12.526457815103667 3.6169168730369465 2.5041170628303724 4.178769977648106 -2.1277718137942716 0.2407291756417445 7.35708696214108 6.1382767726487 
8.599364050496376 6.399575952860414 4.040089507035144 5.7527737599057645 -9.482517990903041 -13.472821619421929 -9.755685424267014 -8.467242173304179 -8.342156924842605 3.4431449707238633 3.568870786186013 
6.959919450224339 4.7064921130423585 2.329860335621683 2.9954010963260385 16.100316002744847 13.672779142235143 9.51719189556417 6.321459038528732 4.8340522555123675 -2.6083518936935097 -0.5142781446319136 
4.658020508667914 7.94953942086004 7.932431150358571 6.59556535681546 19.125164320383874 17.89801285388171 0.06096368202839175 -13.244840085861455 -10.438940439296237 6.058770632017582 11.738178608241773 
7.264349129743844 5.701949298955863 4.842638721235598 4.112870191981982 20.96471479998513 19.64490721666978 3.2005704082545146 -16.79271947064106 -11.26129296872092 -0.3254083109025572 4.7780550093845005 
4.266939664022597 4.452557709855244 6.555341933182426 5.356502449882315 27.315422996040173 31.737965467591607 30.94967720167891 5.088666257470463 -11.357821413636803 -1.7990196488160382 6.27039791495222 
4.543992939168137 10.326147812654302 13.761186018794028 12.835580741200593 23.209354916903717 30.81705031870492 50.23386985023849 35.66593460862357 7.225542416009018 -5.585787302935636 3.1168706010775753 
14.687912920384345 20.022443225103665 16.37569902830944 12.95549441909713 -1.480613897270602 0.6592904490643239 33.86640973497077 38.67856129790067 22.353299490267275 3.307830766913563 4.309976518071195 
9.544801291348417 11.146669555404417 8.632831625691027 7.074499716358883 -2.8753893831905986 -7.400902846122543 10.608407019300548 34.16831573013919 26.139131742171436 0.2095390843915975 -0.6643661660632776 
