-546.3393741328674 -268.993369910895 -118.12022351674229 -43.66413113111382 -67.92262096421537 -200.51179739117381 -368.1242431403663 -500.17453084162764 -529.557714888196 -537.4861256136705 -545.3261204435937 
53.0055626579311 94.98154119670613 81.26853115280733 79.5536751950836 93.91162070538306 123.42091456245845 120.47545939372438 80.06183724748996 72.16061993760133 65.31681524176867 59.822988756796214 
0.24349760182972502 -35.64706710366155 -39.487470200396146 -30.37214582057302 -13.716607710615651 4.05686949692453 25.950469640254347 2.2244531959740694 -6.622449002661947 -6.398215830930624 1.7465505892672568 
9.923323185840239 -37.36360357682513 -48.025204247524215 -75.24320294913585 -88.92767172021956 -90.57797996208485 -56.48602743292643 -11.18834569094021 -4.233192313266021 4.8706752515662455 18.016244133266245 
-7.292004705590204 -27.83138400712069 -30.238972361238872 -34.599418016895115 -29.722324196408096 -11.351508482012141 -9.03499022307141 -16.231670134831013 -10.414910769054373 -6.0948791535292965 -7.382478414942758 
-8.913320437775461 3.180011413697815 16.577741989148556 7.519889213196392 -5.669425262299193 -21.116344129890027 -10.362443312516035 -9.543318694261368 -8.917713540344527 -9.146581302857161 -13.876951309657576 
-16.969077314605205 -13.571547843043533 -17.539924944813677 -16.219827608803673 -16.09233851044369 -8.095687580673463 11.893920974608278 2.6451771831507513 -3.381073769228358 -10.477186390258524 -11.422121491594044 
-11.248572906369468 -25.006834551928844 -20.44882818830271 -11.87175993847672 -5.580369255830485 2.838846487407781 -5.771628137595783 -2.4075637980949094 -6.706641706044261 -11.703043586896818 -10.211653836177284 
-3.474957718090681 -7.106952350335916 -10.30578173879336 -16.23318586120257 -22.08592681622781 -14.164590625796995 -19.84132821528482 -5.926774421349485 -4.601906345094976 -1.861279216166815 0.5919474272797942 
-1.1915296551607273 -3.4452850297702664 -3.540329422681225 -7.515594742114445 -12.281529899473824 -12.037012390234915 1.3623651190320554 -4.493172277348702 -7.688526663184123 -2.078453168602692 2.6432401401916645 
-7.909540771856195 -10.12770241115107 -17.36675818275709 -18.524051986630887 -17.732278550629793 -21.714702826485137 -14.230478322188713 -13.03963449048012 -6.8008453798743185 -5.1359089373564455 -5.951299034768576 
-4.986289838069915 -8.331478004402054 0.9299185543931578 4.1340306742295745 -1.7562254700694937 -10.02667092166661 -10.490794956267628 -15.57050519931891 -7.79724604929303 -5.651988357697918 -3.735586192173166 
3.7667457778595637 -9.012968706680692 -16.18381392667473 -14.401587463546107 -11.253468285815304 -10.579012835147584 -4.026707494009275 -8.652427483283315 -1.5032732726364038 -3.3601934478515805 -2.992750732677429 
-2.6616164353261476 10.149401873887024 0.65550000813052 -10.767416766595154 -11.923314300420316 -3.97605468563011 -4.756218589760336 -2.19384268717046 -2.5297685184084515 -7.954465809485914 -2.9554604209249153 
-2.0876850963776903 35.53573665155093 37.65362700744888 16.11467590176153 -2.8322205280054087 -9.73746177812989 -15.54735432116065 -10.595377649584332 -4.940785740186383 -3.619001426914446 1.2342610662242324 
-5.706997572330991 13.703157986139043 26.205814196124813 18.863951378051652 -0.8295158845562379 -24.139436266291877 -8.881495011943313 -3.2570361099263865 3.1818788686082033 5.255956851630229 2.327654034375985 
5.9515229442525275 3.859947709910215 19.769140741608535 27.896301822196378 17.914109907398572 -7.908000440219572 -7.5215404332554705 -4.783560745565074 4.068451505362201 3.4236044405700774 4.594386402922594 
4.990162623885944 -14.824215389274261 -9.800488132996776 9.950465331318835 9.73951156311409 4.355723795307686 -11.40134120369981 -0.2694247752200977 -2.099934304164848 -2.1548097484948467 0.40399778048658724 
6.868632032201708 -8.382582465448499 -14.984164596772775 7.854142547493389 16.661593364373882 9.031687895168211 -3.659071126867535 0.5958923187903049 -2.441256263478293 -0.5785992497777757 6.7577361437609245 
1.5115672240408702 -4.770351587206763 -13.706705647012551 2.3392583716074897 12.388967408271178 9.244770369967739 1.1067743505992522 3.7595461806532615 -2.4722579960852724 -1.887696631584448 1.1075743692263968 
