-566.1971649868311 -564.5591577588553 -570.7772529395438 -575.5289061158124 -572.7467027370399 -567.1809305895986 -556.3396577349805 -332.6083495850451 -199.77394510377468 -149.39525350622387 -160.25408149136075 
40.26172715449013 35.86474391665911 27.08818900570526 31.202891346607178 32.48395052860636 34.256770494416344 42.0110685615888 40.87186743678687 73.73728482437983 78.84035545060271 78.73868919694387 
-28.264752862078154 -29.463647192194806 -21.199485369536085 -20.019300172337218 -27.246822142951913 -30.555292767216947 -29.9730917792741 -86.72245808732583 -100.4053855528498 -84.30268926906383 -61.81211118449542 
-37.31576361690955 -32.83492736401992 -24.73796980049661 -26.509686025224088 -29.611916192279608 -32.01466470379884 -35.09839545319538 -75.28725626589703 -75.96161688063219 -95.43691213785529 -103.46247144431271 
-15.032877989609759 -19.65314950910254 -21.52569344035387 -18.54204447794873 -14.733278230170006 -14.539710128725284 -18.50587609939902 22.326640010495534 18.677433481765092 21.105321224825303 17.633836578450488 
-3.2661890794768866 -5.813985038750177 -0.3692018433121163 -4.50115588197258 -7.717326227166566 -6.861098750025164 -4.542019646714526 31.387976351433853 28.37094027830318 5.993613311202228 -12.995185663598846 
-3.0177764877753095 0.9632458108948222 -2.7430027971031685 -2.3113862323945957 -1.2518253566694209 -4.113109540686778 -6.2254482339250075 -40.110674584806624 -38.493751832463545 -24.533567499273357 -14.06674168068368 
-6.687870658922288 -4.995913725053242 -5.891402550788563 -6.157215735711784 -2.0014622984032835 -0.6506746503907809 -6.598031575830401 -14.429559888572502 -13.942416944855413 -20.810630523948774 -21.859530050222382 
-2.960202873157308 -4.2478325037668165 -1.2824083199663008 -1.1699049331375297 -1.7354744714032886 3.77910620727621 4.475287285394002 -14.775353603669858 -11.085295464426189 -3.0141608475447277 -1.27950890410495 
4.906956447258564 3.3389190976856264 -0.2533642925549392 2.6436295195042083 4.005439922387753 3.657064532538869 2.014222515814689 11.39345282753959 13.660051955000798 8.909108456641295 -0.531865981222363 
0.3524227070436934 0.6182800148562024 1.9797333318933297 1.0316240051278394 -0.1611449840041156 -4.419985633388993 -8.651354991355394 -4.110521844797954 -1.9245865332296335 0.41197163136968973 2.1245270899585873 
-3.958182714344443 -3.647715003618136 -4.440888330705351 -5.630055739499733 -6.308566599080823 -7.666252440267741 -7.41245871989015 -19.597066117654528 -15.665717543555115 -15.723921035205077 -13.252295666228218 
7.0550407137319695 8.108895703608031 1.8355040830823568 -1.0367409471708184 3.6821371200695805 2.8528309089457595 1.8239830643559247 2.5034315608240103 2.8122959111939405 -1.6248197582113635 -3.125643099144755 
12.992766716816032 14.885118029424412 11.936165920077036 9.971148278380834 14.581216147466971 10.962979683828493 9.325682199741124 3.1851393465666806 4.058452441712954 9.446497599816144 12.663540912829617 
4.587483764252262 3.570353864626622 5.564191734993184 7.668838449939624 7.937900965490295 7.991485038215078 7.996566127202555 -1.1436987841041926 1.5449429526484928 4.958873775016647 5.307089192247757 
-0.23588050784434939 -0.3013215805909397 3.140518787825208 6.490024784705619 -0.03625741434465635 2.4128075661304007 -0.2276750068149846 -0.8959154369062903 -3.5411682665122557 1.8119352311642996 2.8505358439756976 
-0.4591556153820944 2.5061524780455784 4.149853982209217 3.7707045782871607 2.4556411238160285 3.760371805336616 3.8954885704718487 2.749569496509689 0.8006408415802588 -7.659691691036885 -13.825974023023056 
-5.7547627107208825 -4.838238182783778 -6.3699814873412315 -5.049237873444046 0.6438145768715685 1.8973568999667882 4.168227675616778 6.373799136712716 9.661617063208016 6.837861780445678 -1.3132371910477347 
-7.837056068080596 -7.697678668620632 -5.47843992123483 -4.81676470166135 -5.009792038681656 -5.783754986448738 -7.227023938462291 5.936541713789356 16.081755497724046 15.701278220543088 10.81052017906939 
-1.9634409440339438 -1.7815428430579492 -2.979147590960834 -5.588244947027994 -4.703834573900437 -3.108592503777267 -3.755987106392402 8.610794846305124 18.798912736009363 30.5678771805266 31.839685309563194 
