-363.2435953463235 -366.44776499063187 -344.6558896719186 -176.23213179038254 -113.36145493892423 -102.82994546431772 -115.77154644521303 -177.3979633197679 -268.3216981410582 -370.1206034419493 -380.3980754575883 
92.07428554262091 87.82635867059611 76.37730272222582 30.34849510112089 33.1389113348589 25.06580455775721 13.279510175269344 48.995945669579456 90.76438983879649 94.2691270746659 90.04908227985727 
17.20446102765035 17.208903777199335 21.75362242840362 -1.5369891397155453 -17.561514955529034 -35.67115956288693 -30.341084314885798 -15.67512561816581 4.134303938726456 15.875009678583709 25.745691930827117 
23.692001148814253 26.0869887082298 13.931118358910048 2.0324110708414014 -11.642927692622706 -22.238638472788402 -31.643476936359946 -38.76199274759783 -29.93680164856987 4.413966217489957 21.436226708608782 
13.822880875282552 11.306039484215784 18.22715965364325 12.516632415409683 4.005944401255004 -3.5922308306866713 1.2450499840622085 -0.36562922320240854 -2.257912234463049 8.51321580764845 20.24832608694686 
13.574512041141865 10.487376486687582 16.53335274400509 7.814391571804315 10.76360949634242 22.125985479348206 11.508369446164961 -0.952165439504235 3.5613568843356296 11.424090837600797 17.63922525224667 
4.60919238408281 10.95552983811044 10.954515416228778 6.563481033425006 -6.363880952367255 -20.81255290488102 -15.89244638984436 5.994159190518944 19.050242222029233 5.3117339575517155 7.356731433431417 
5.0382254398353545 5.553661455576117 10.2872605722057 5.646614541266213 -3.1435044611701004 -4.166871679468759 -14.722359460337682 -17.293241058117346 -18.638390377117762 -2.37763621847946 -0.9893168398363945 
11.040224421735022 9.280522938239425 1.4665431247539114 -2.8790837495030344 -0.44892870325074796 -6.293779333311726 -21.088562625983656 -12.826677476530081 -1.8931986891870956 0.3293749671795974 1.3185169905902148 
6.520344385002161 4.950386613348924 7.210462283028516 9.87257313520627 13.292001215990513 13.646373473841967 -6.620638170775129 -17.132835187723487 -16.905650804061423 -5.217664567403013 9.059771307422238 
-1.633600191009894 1.2059347229403112 4.296327954644541 5.28408753110692 16.58606384695516 27.93119592560636 19.87864678565144 -7.076388615090126 -9.746001865966543 -4.394585984166959 5.353478991571125 
0.06593908951977387 0.8618888374374779 4.158194031055833 4.0729030152120504 15.03452721941273 35.39577387143488 45.60803576672806 16.518750077472564 -4.039835428780037 -3.5274301786241504 -4.370725062923934 
-0.23476968965273493 -3.4460466363708937 1.2642205327482696 3.527989287354167 0.9398419543499386 16.709564438716228 48.743859751719185 56.40401952331854 40.06494794767835 6.421233658941281 -2.8540392629385707 
4.511504720185985 2.473524062150155 8.580791091086784 12.106057588279432 -3.275913433651156 -9.993626121825173 11.289606341871089 45.30876817866415 43.84809650042469 8.423518910484955 -1.2217629359851014 
5.6180941179288 4.840531497963006 -3.7132200205207297 -1.6461548420279124 -11.729640871616722 -31.326517813036634 -29.599794847281384 5.946037188155104 23.982392625685023 9.798557970662717 -1.754132694212668 
6.803106932892659 0.37466632479682493 -1.187291223109708 -1.7619298527748173 0.29477960282373883 -3.292327238878449 -16.634452391020773 -15.432966867931185 -5.048790345766097 4.560558534002714 4.193549061996889 
13.396715961419488 9.605396022540274 9.280446049366745 8.022903928657115 9.041508468549623 15.678166109134501 14.424113271043097 5.13605674882743 -2.8611508633639735 9.449934379901922 14.516269127727602 
13.224386796514032 14.489224138112515 16.291528796345343 11.231875897414476 -1.9678250666712023 3.572271122979026 15.442209232774873 22.281548125920196 16.540645332781512 14.718928449407542 17.844228567014305 
14.438150762075967 14.310159760431752 11.013426628802527 6.261706118457572 -3.971316633657415 -15.54601340900245 -10.458982102221482 6.569985980372543 19.862643060016683 15.432823539193276 14.631259901109974 
7.289121782188243 9.579090861589023 5.429764164637384 3.646921468220111 12.29136855893202 4.391081652369596 -8.060693322666777 -17.054412590378547 -6.4420520244333055 8.345408856948852 7.385337937454265 
