-501.6811769311392 -520.3155243249531 -575.0032508846334 -618.0935888231232 -619.2958814879104 -516.3277465405988 -328.13108834320764 -246.20735336923983 -209.6202434732248 -236.01954863022686 -332.73109539907006 
21.603052362348947 34.60813146856305 51.14120084413253 73.59509796070088 81.73407268729792 46.934171372547155 43.099577562814744 36.86434940161733 15.429513742688084 24.811503279607905 52.75370574954127 
-20.581561472692954 -13.4042153634405 -7.314104856847205 -11.592843853677838 -13.301970050843885 16.68717383142591 12.372652307706284 -1.447926416793004 -11.890968132646037 -12.02565540032857 3.1546497806659914 
30.51091420711833 31.255633775995484 25.93929986824771 6.029375257267878 6.921114807648612 -2.3814045254209426 -11.63411904666058 -25.229510105651478 -67.92220546041675 -93.92103018362462 -87.97821190061316 
-44.29357169107926 -37.307639979057996 -24.609551409690475 -11.660681537862795 -10.914948787246146 6.697815605626284 -5.580451108364078 -25.193761022514344 -29.52602096568055 -25.10291282700846 -19.309706139241435 
18.208327279286074 12.673686577240426 -1.7947992511713422 -23.543312626227028 -31.642289137359903 -15.51773168203501 3.9211668254669636 25.84288909983578 14.72069572512956 -0.7847136970955403 -7.808746063624762 
-20.715883366233637 -17.541258774163175 -18.018255810008892 -24.389987072875506 -30.76594031034177 -5.935696711442857 -8.303497720630816 -21.26035748623595 -24.754394011168458 -22.68729493181127 -13.021163658326628 
-8.585704256800327 -6.672243166614019 -6.627701373671691 -14.471322377128704 -16.129509929227925 -1.633863076643198 4.638208858362672 -2.723692600530792 -14.771582299999853 -23.157660987181334 -35.08307458575907 
3.5737511154741846 4.37488992540383 6.191580141884593 -5.351525811311381 -13.729152179650395 -7.180030212143769 -7.875931217412161 -15.800248073177272 -17.106722128696532 -15.065970550458212 -7.01848391009882 
9.78469379088077 3.1312005492047117 -4.203774649211847 -8.983189609540396 -11.846151648997491 -3.715332678035268 -0.9079939557934218 -0.05189024510264173 -1.912837869253398 -2.574186279302026 -3.391980016625002 
1.534673897561805 3.380714063933699 4.377275623308892 -3.3078019737766615 -2.7857298794152783 -4.295810654302727 -1.3169727544330567 3.6492551728957614 -1.6969594196444238 -9.074488598185578 -9.622835170515401 
-3.06514014782712 -1.8735768412398182 -1.4025675486697868 -6.010308844294565 -7.9074548887049865 11.652152793879846 10.951052996334894 5.927128496289388 1.7376276425680417 -3.488253796849418 -3.251811200845805 
-7.020458615992617 -2.02126972234786 2.031906926848256 -1.300595205044917 -5.246001269132587 -10.735357759988922 -12.062349238210341 -8.721048606873442 -6.544669653057118 -8.26994016714193 -3.938685942436239 
-3.891482142642243 -1.7207138785739677 2.497949588281052 0.3742322123342554 -3.0723977100264466 11.734859306808929 9.340110790886715 11.29440599969029 11.592070712090859 8.742906826816082 13.266169102935562 
10.148581486249919 7.106129120558149 2.4541543260605754 0.5991322212731578 -1.5990259658057506 -9.33955470700649 -13.351343826887868 -11.530317479788938 -13.319061587443812 -14.080228034967856 -14.642945558406494 
12.633965712333673 3.9137696024209063 -1.9539617289307376 5.726584168233335 5.011315942771072 11.10468327746209 0.06532683159367103 -2.89393428894111 -16.765941956570984 -23.97627920881672 -13.491968030688362 
-0.4467875016189067 -5.300041049814549 -6.8528141394451225 -6.8290136508426365 -11.203404491909495 -5.250735630452412 -1.7875717864144858 -2.163000237447295 -13.819394661689659 -28.18869448619258 -25.27205506499731 
-5.658372496360401 -7.9230723671696595 -3.685896826164725 -8.476589001859058 -14.262739794715754 2.401092250867041 16.270040964572594 25.658372509750976 17.84114185243691 -6.783930564155089 -22.875017624361632 
5.9786413687727205 1.8335346678788276 -0.9771843091555557 -1.2872239747098837 -4.478204666099455 -6.096540059576622 8.289373945141218 23.307701388523157 27.138976663026643 7.289411420880398 -12.510923954132473 
9.51886519358532 3.543026024421021 -0.6416633542925885 -1.9774517964393934 -6.0756755523450865 1.1703291095273296 -3.130801322754699 0.8048492256113395 19.458777576027583 16.87459841300251 -0.6656720243765467 
