-743.3884605226992 -740.236266242224 -727.1247263804073 -726.289938489338 -736.8489838061159 -425.6187837124549 -255.0332134170946 -222.3193716905097 -273.6452492603593 -448.3953291731842 -696.2755763887372 
22.626869347416235 27.078158403276372 44.89582471284809 42.73959149695195 24.316128053018215 39.66767740101766 25.283848350730096 16.99284880788593 37.55330058737937 94.69884398898861 60.36159656413264 
22.12896296013069 26.552851777220294 43.259389474989746 44.47632025717269 31.284731368551142 13.31380050022154 -3.702558831937473 2.5458559312617206 24.940894758448543 46.951341781490015 50.63357553352711 
21.3425495186548 25.69776725375001 40.14900182751599 38.259178325935736 23.288237084255016 -101.76060967324425 -97.17324178908072 -97.2882118528949 -97.14374804047786 -100.34107892640091 12.25623060179674 
20.32318927641972 24.541886227114 36.815298837935146 38.0058338804051 29.092823984724447 18.67408617843867 3.778693053802811 3.930087574860203 8.840105153208448 23.398012173770994 14.7122987479388 
19.132088422653478 23.122768013182338 32.71183872577538 31.12641770598464 21.376676816019007 2.6120584514435956 6.6584263004245505 6.476458653669275 4.122496654187614 1.8013387037686726 2.21982896830609 
17.824855088812797 21.484162760036654 28.934482344781554 29.84127119807728 25.724200163366028 -10.497227127183766 -16.00136614978756 -15.820896376150277 -10.555383171438255 -3.015858048081486 14.853365822692137 
16.443019225518107 19.6736610586376 24.950113286157297 23.58979490585088 18.836442493994085 -13.23534015676589 -7.08438669422097 -0.8203899612524334 11.583063412666792 23.51527812257897 16.873244744087245 
15.010410589232002 17.740660955294288 21.49326403425757 21.933277080562913 21.546042928324642 12.664340886800986 3.057945464718386 -1.906742598475397 5.08255821916582 10.203910086761747 28.739090076543434 
13.535136317480315 15.734798355939251 18.076874028184882 17.04201143553128 15.977303057943907 0.5745237561269595 -0.7051563221743489 0.19844755988951857 5.471074911869306 17.113297079310286 29.676606290808135 
12.016353811705084 13.704830108019715 15.118982950239282 15.21345402722813 16.97182641143357 14.931190268389749 13.182701516818039 6.019306096814628 4.377028590121225 9.335519246671751 19.710900085751327 
10.453717154543916 11.697824701915557 12.361287144633597 11.979676127345737 13.102668670698444 25.658038266172582 24.014550207632297 21.737153981696316 22.458735474137995 26.17630897436399 10.732953028564534 
8.856644867262903 9.758440737644012 10.00322289188751 10.035163013513078 12.396906815044643 32.73177170593984 28.5302292034158 24.68290648002491 21.780602056863632 23.415302184637817 -1.5531858677911403 
7.250612178769384 7.9280778040639355 8.088268508418563 8.615350747996295 10.46046917274413 37.397380209276726 44.52391564402357 45.06710341050101 41.00447369349101 27.774123320027382 3.8571248162889114 
5.678496699657238 6.243765147221312 6.544256873325589 6.619259450657651 8.151467439834516 23.439676362106 33.65231250846672 37.52586247983379 40.39147433637153 31.13452164186066 -3.3049772951890177 
4.196377113011352 4.736785560851514 5.605315028625654 6.960977182497146 8.216674364110174 17.59400942851127 15.626840530651137 11.21365404482006 8.841683145355706 10.599617605371815 3.48288733220108 
2.864726260822717 3.431175649826163 4.810768993720368 4.765177999688371 4.47745292873512 -8.654630099886816 -16.221130299581446 -23.34643324254092 -22.15068721224162 -14.002879637349963 -2.9120563722402473 
1.7372320644785462 2.342355734792478 4.495718291899093 6.371544533579386 6.452538984184036 -10.206200580760715 -7.699876182572867 -10.994408529321209 -8.754228085570093 -13.12119132927554 12.412494831425166 
0.8501690277269353 1.4761884843085882 3.865881949004188 3.519160264397165 1.526709005900422 16.95193722918704 17.486092297793718 14.907097922596922 15.021249295169255 14.692889841642614 9.265488232131961 
0.21514041182773094 0.8287285129504083 3.4553040083465065 5.6186767892863365 5.178363220723374 2.532210235846142 12.510558806690305 17.105785946732396 22.465390040905937 22.215990252302113 15.819160207230276 
