-381.5724766071025 -385.8408619610068 -397.158962112429 -322.5599206631773 -191.37431662920335 -138.7823882251096 -168.7085278727456 -237.32898209135533 -319.41585495989534 -414.74111937118454 -432.2884147748635 
103.4283030931623 95.47636721492407 97.56926366055555 33.13343720206257 -8.19451002866916 0.3453174117400185 16.521242855763106 44.63953063364943 78.42755398070278 98.03502589934931 99.6233193105124 
39.9983848455022 31.922996978070408 24.567656675648326 50.65370707190378 13.115905867978444 -12.513364897313853 -13.412697107689437 -1.3497596300716148 11.916711425618011 16.857465340526176 14.053281125376856 
26.731758420821873 29.262688957217527 28.4507791950707 12.405950140785414 -20.657587264102656 -57.23636572021307 -77.86347932914464 -60.119378690823496 -34.62214476569298 3.8745852672874426 14.921909413419176 
12.497142903556925 19.852912466268275 25.487217346889786 25.682617576333044 4.260635978123222 -2.000703601986715 6.116019028490092 16.900647427010618 7.758666349416904 9.987380722119424 13.424271822554562 
0.7963022123701469 4.739977864899241 10.124737759471662 16.43791543715867 -0.6435252507595587 -0.4571795011020918 1.096595116735489 -10.023094469220483 -17.329923806977238 14.578682710296892 24.029406737896426 
-5.478944994007534 1.4791688593437207 2.8315978429571134 -2.962104416232103 -1.190063232786206 -6.9778868374256175 -4.977536897360441 5.209383510282182 13.557268822909645 8.98574336730675 9.944940903099518 
-22.866847068056494 -17.536682592609704 -13.61436619611025 -8.0747553669599 5.9031596493845635 6.6659795913318405 2.341245366103178 -7.578999900181297 4.344531125467508 -1.3268376319030988 -5.17812415030913 
-9.31005421949051 -10.482982478097668 -7.09964834860286 -13.600936682048566 14.836448027306417 34.979775287964294 36.4440436953991 31.3710282315392 33.03895210082062 5.334977217155911 -3.4830198545304345 
-11.685718567076583 -11.152482256674684 -8.862751085162785 -13.598794334046493 -3.1618350948787546 26.459946306258452 46.68507267323834 38.57488799429525 18.42938815964518 3.8096130804632327 1.9451127523668452 
-3.755770164368822 -3.9179917775837128 -7.555979258662465 -9.661788384245865 -12.501785203046282 -10.066443752594518 -4.075545142910388 16.866293326571416 16.706938407048987 0.17886144124015535 -1.1032041182216128 
-8.173179337534064 -5.052665427263902 -8.863040153583569 -8.621867303208315 -15.251937169581506 -26.384790769267596 -29.15430323126806 -21.63575882479298 -18.12167507041447 -3.1090672520728395 1.8146660298790205 
0.3052461494219386 -0.1339664695316841 -7.056114233951787 -0.5917625362478091 1.4812629574765952 -9.624091677894727 -20.813651733097753 -26.119993212132993 -19.04436359899558 -10.757034771701257 -5.195105550626355 
-5.651482716835205 -7.615536630347231 -9.443146113006307 -9.881169217043098 0.14679070541513087 8.33877322199208 6.926634072590977 -3.693262309633636 -7.874878158654177 -0.07615321967546473 5.457309903199102 
-5.969986208027662 -7.002289266041225 -6.543336946200633 5.33197291327053 12.770339170716799 13.084631529543106 10.739487163712095 3.5901873630132854 -2.699929136994839 -8.497026814464864 -5.203445273137958 
-3.1543338917884896 0.6670279284868225 3.2868107676143516 -4.270659989046122 0.8998330308448939 -2.731883525176716 -3.783510350463769 -10.686643171745322 -0.7005572681866774 6.984122072302188 6.450009713282178 
12.447962901914117 12.555117247419018 13.243709049929809 18.10531347678497 13.173438800515758 8.697402575596097 6.428584500576502 0.6095329554624973 7.041509411009368 10.55863692962303 6.201630662788649 
10.29386958403433 12.951096224206811 15.130286717900006 7.834953551870501 8.91592119014612 20.127843133069845 23.201920743018974 14.289663256329842 14.834663320294613 20.35786818384571 23.997818361652097 
9.683455365990945 7.995125283501251 8.676871120468222 5.678873934716394 0.12932842171987746 14.329960693981274 23.55848088908201 37.03465318766324 31.633097208828154 12.400219188700493 12.713114070973845 
4.413870867984241 3.3798657827402074 2.6205349297186586 5.562461922793639 -7.9647783832610815 -6.09006053210822 1.4948175993592465 19.667156825651738 18.81818634539565 10.588441570121637 11.68811614865506 
