-394.1480301939797 -376.5157006013038 -323.05156037149953 -285.96895137154496 -170.45137218542578 -96.58914759583591 -113.81672829394833 -207.95576887696373 -318.5662461095614 0.0 0.0 
33.76879262185462 41.66625966726018 46.462210756263474 22.192854526769914 40.689108499106155 53.47311537140102 42.709282162643646 48.32209011765429 81.2766045454735 0.0 0.0 
7.933063688631377 2.1168236512891045 -24.220175558199053 8.805864900931315 23.10296554376405 -3.4812825815380126 -17.679481399693586 1.5774418587085477 14.999760626732286 0.0 0.0 
17.280996589008307 12.681000943010128 12.810681328823092 3.02565482413758 -14.003535865241309 -25.739810606423617 -37.972358816666144 -49.203451468340646 -26.730344775141916 0.0 0.0 
12.859377777867913 11.241981111017964 16.164183398907138 24.920393458733763 9.875782794796866 -9.867452432146209 -23.609609623625794 -10.011015470661727 0.505248138519087 0.0 0.0 
9.568772370598783 5.940528879819938 -0.39494897498918297 6.686424685626555 22.69801773176789 34.86971515039686 32.39449264687914 23.78178907173662 18.400765756947575 0.0 0.0 
5.377965476953636 0.8761462039533656 2.625595218757252 9.066191456910008 4.558637755094432 -11.973667675621696 -22.908831257315807 -11.353516607576847 0.3908189268640115 0.0 0.0 
9.19241321435772 4.541582658517364 4.529720658134416 6.7601271134107135 -1.011642436731735 -0.6045809001008514 3.1184308125116553 12.766200460336332 10.976373038202873 0.0 0.0 
7.985416961361712 5.086860572848752 3.791349903947154 3.9386233706698897 -7.017065594739535 -14.440978938044173 -23.449546461941516 -22.444904764975313 -6.095902042834632 0.0 0.0 
2.943933358892482 4.185799931649918 1.5136096249895905 -0.29597023184099547 -3.531204444371193 -2.8704221716092793 0.43987783047843254 1.1658131589774303 0.5990350115775315 0.0 0.0 
3.4422083370888914 5.68894540276583 3.636923881537171 4.559035463504654 7.670584223780507 8.727099864001946 4.976507321582087 -0.23865871768423574 -1.5061388925177255 0.0 0.0 
4.576580831355766 4.856426578126383 3.485732909732067 3.9231111471455105 -2.5460171408826655 -6.219702127761295 -2.993983745198833 2.8800462693339424 4.724712201554484 0.0 0.0 
3.35036608511435 3.4158875557658543 4.049357991373936 5.697641022317818 -4.431422398536828 -7.036467768194315 -9.974912347513975 -3.7823554317341896 3.5717612765439313 0.0 0.0 
-2.7622627981188685 3.0474925017104657 4.305550705509902 3.1606085221402416 4.044968459808174 -0.04722984975393296 -5.393017349768407 -19.837681150652774 -7.59027584031104 0.0 0.0 
-0.9604188993707763 -2.5423052159868575 2.4045762646955504 2.4153544317507385 10.226483922073488 10.785909390082331 5.67179417299562 -16.616124466493588 -13.932422778638443 0.0 0.0 
7.652187765262841 4.677660101165768 2.911920431674176 -0.6810062139025017 16.622007930465934 24.691529489428344 33.640451766771044 16.569546061062734 -6.531703785698323 0.0 0.0 
1.5770720055931713 0.9840883530684877 3.206798557336591 -0.8797616115911362 1.8189901446434396 16.75400363522008 33.49961495633331 36.38134756041414 15.737608431598606 0.0 0.0 
0.39258815575647654 2.10272383418766 2.681670273840459 2.7137429948034346 -10.17255102608932 -2.374403800020013 17.6938575428275 41.197404893825556 27.2792808550929 0.0 0.0 
8.847581125133184 7.704006204328008 4.847581798267514 -3.140506577455601 -14.966379401969135 -13.896517192291075 -1.6254760240669752 25.592359053566064 28.855212884833648 0.0 0.0 
5.193285446301092 2.4165161024371016 -2.761689978006022 -1.9542200149405233 -5.952489014350156 -15.841715300381082 -12.618275910876712 7.35907676377394 17.089531835463283 0.0 0.0 
