-362.59243559269606 -160.92413263040595 -86.50052073362284 -84.2259581342351 -141.71685087031014 -262.9037415618684 -412.2022827384099 -507.4065513911364 -513.1140568610306 -515.9898981467775 -521.4123143437591 
70.4658223893637 136.18038999950352 129.8260932560128 108.38390155892853 105.03532971862572 148.9225085178789 134.02572705842869 81.81455750589649 80.03620602805172 79.35005954585964 74.32486313070314 
68.96666382923425 57.12654648442509 50.90461047510927 55.497603761699224 38.278482160307895 39.6751251145246 44.971005340525736 47.92549182067343 48.734814436277816 53.629727230582695 53.99496470772827 
17.970169811888017 16.745890884240087 19.475025970525557 -20.022711090030455 -81.71142708787538 -87.95471992289848 -34.96524958405394 21.29074680957806 22.75180123131832 29.73098975663219 33.810095470211365 
26.710510657224397 -0.6103218719671744 -9.982685339708368 -9.351594091850032 -13.227825224264695 2.833013656521767 -2.800125215371764 13.855116443278751 13.431232172772312 17.90622144145863 21.54288792863634 
40.8210752450688 38.242396426184385 56.80468522917437 59.484512434344026 32.667307859711755 0.6785201167443042 7.433274112434562 18.737717791894596 15.498194192183167 15.980301439246322 16.224450439438712 
0.42436936025606603 -0.00642653361266575 -15.238276002345906 -13.20191128101149 -22.535213770228545 2.307701744310344 29.477069596160444 12.080457235342305 14.795183207900592 15.04888727923164 12.476328293858447 
12.40734452395573 -1.6699084106704514 15.761690583391353 33.51811358696406 38.47668835602504 15.743821887900943 14.601987060582093 6.859946570842109 7.914572412253108 11.057530608626376 7.643440670423027 
-0.24166250481367946 -3.064352804450381 -12.25801920617354 -17.039762772486796 -18.21684630646227 -11.318934059726699 -2.790815362925351 1.3253797135532148 2.2182797958329306 6.9493179112176495 3.769451845871889 
-4.877140619884047 -1.375329470138671 3.8566745338040302 2.7125358526694154 -4.808056113208295 -7.923584508566626 -6.709432012043909 2.608112604981746 3.6070257989793513 6.805786827825738 3.6054304938943034 
7.615735916917453 -0.7994704834077988 -2.054875146022176 -1.1680173326172518 0.9825179693919237 -9.005897585902808 0.10041875524702604 8.27064949873043 10.421352501979912 10.194758328117647 6.50452573299007 
6.149368379214007 -0.007524156801954507 3.667276528473308 11.064972533576677 9.686730642238558 6.810545662536542 6.646040725766564 8.03530943195984 14.432279419733945 12.169209060547672 8.944739298295314 
-0.9780554100088592 -8.393408498875646 -10.89091996166006 -15.627620864177523 -13.14997366911827 -9.88608810533388 0.18134251852381883 8.418954224581631 11.828720943905445 10.00808822113381 8.305008629518648 
-1.0423553401599934 -1.1611861657548377 -5.298149749016289 -4.771200982266523 1.4534035847417077 1.831740515388705 -0.7306752223160705 2.932609478399577 6.000114233400058 5.773090391808955 5.209043275893025 
-6.14816714394433 -6.7951653752037435 -5.705633292987478 -14.480318543031206 -12.686253605837116 -18.949088333927353 -7.90040941293564 1.3932195860411272 2.6389196136648514 3.1976742692226345 2.2433304367678604 
-0.2959445000328895 10.67359730201428 13.296693613304262 5.763893488886108 -3.2162273447556244 -6.485001821137547 -3.3526820619314597 3.873937044855703 4.257637936001104 3.7422105084696122 1.0805084746431055 
-4.483356867208187 11.061817633476956 23.56843090006723 27.463887507557352 17.334190069977232 -6.029578131426078 -4.30366036466243 7.351262313695576 6.476142665261737 4.644413307406738 1.1349395632915362 
6.018618521113268 3.851254886572238 9.203169165993366 31.134758605571193 33.607912025593805 11.842344166063015 11.950169893412308 9.270683344979446 5.520900734803374 3.0539046835271124 0.6492310106142536 
-0.8898629410090696 -6.492384145139665 -9.475350210767452 2.115964771472031 14.860964165282713 4.391511087728066 -5.188057665746594 2.621764908399047 0.9016457878528693 -0.7188133056643877 -1.2803851079354307 
0.6062172406827708 7.141711083895165 3.1678525534459365 1.4812457292592194 14.560800190944635 10.425969222245993 -0.7305260061672056 -2.339441043309534 -4.522299142265022 -3.9117556936671387 -3.66599497325278 
