-382.05457863398374 -382.603077172557 -210.16886646037742 -114.99311358276559 -102.95898658659864 -129.32439141749254 -159.08311140209716 -182.55924747548818 -230.4161837812081 -282.1644437285711 -342.21435005555185 
82.08656624635995 82.40597240456424 24.25564217016022 11.68328951991651 12.664499917609394 33.969181978019115 49.59806257849376 65.48385259335521 68.48876380494485 80.82420685829786 93.93496798276638 
29.546033007458345 27.013924522697298 21.960636810198316 15.685253812571961 13.796599470160569 13.799114564557563 32.12104845875882 37.49364336805435 32.88053513619537 17.110771130459444 10.777183645301315 
28.21804781263099 20.243194383202066 -15.737295657128923 -22.872693756131422 -23.38871529992597 -23.007010795654395 -45.71661252471814 -58.3271112105059 -42.20398157145017 -24.524378037691477 -4.40999632867732 
11.749259683745194 16.031183583982102 15.262012818405111 9.64148116879075 -3.026257646657873 -17.97329441429722 -20.353371262117975 -22.196832300796835 -14.25162510887612 10.551538888797234 14.874175057834488 
18.751990498066952 14.873871540496818 -16.521155576960922 -12.046455829517345 -2.3233208852173597 10.528147592573372 -2.2487605760373945 -12.935053145163913 -3.0050746269083364 1.105093949473563 11.23417160291275 
5.446790387135409 6.743111757567684 14.544181106496833 9.810770048984704 2.3104959621931207 -8.483275156329672 -2.7513719997295945 1.7972542322928313 4.3267329774760555 13.518068989855642 15.06277027299082 
-2.245770224221304 -2.8470658621126734 7.613870682445628 7.239420107110382 3.8133595293478244 2.0127780421800816 12.907829301964373 9.517711254628523 2.9489306870666114 -7.756796563605843 -2.509632735819967 
12.005038614612005 8.366401342809729 6.208166217754552 -0.7334073909534979 -6.5874534950836985 -15.84248483345329 -14.995364152688687 -0.28779417116925365 8.685360119909202 0.8413390799246361 5.363081643469053 
-4.546348624278986 -3.0098963744173095 14.629711556280725 15.95672525134856 8.698060263869806 0.7747858331971488 3.5293146240722835 4.282787299311606 6.469477692602474 6.8759543912530585 15.25934551689714 
2.359291688283755 2.4735975491110085 -9.032348361425825 -9.720702398606882 -8.332178129330147 -9.009692778472584 -27.97885784478514 -22.430129532817652 -0.4066506096848771 15.080724060511377 11.675725745978125 
3.4434725519170053 5.605537482917951 9.392629371427615 10.80805111010114 12.00872697061158 9.552006794592462 -2.8984876955262235 -9.162949525026846 -8.065717772910165 -0.2404049307035832 0.005757153799759163 
2.998425137366449 5.074169467810529 -2.0963255128381597 -0.3559935629884381 6.379624457084358 5.47310149461984 -0.38992675563582846 -2.4140946405296977 -6.070598940671718 -1.9944932194453246 0.8038088712098537 
1.3564276971278248 2.6828399998789867 9.151367622264328 8.495765541398548 14.477575731953237 21.716152790434357 34.99698245774043 27.04846249208296 -0.44069866894599663 -5.380569025645576 4.9654697380986805 
2.417509452485336 4.263245077010417 6.197089440412498 7.268218524061635 8.751358514388123 12.486203541601268 17.94435185372531 14.090870616973236 0.8588407443463335 -5.755380332229084 -1.1068363772559364 
4.467184137242324 4.742048886627982 6.882927100570418 5.943722554867046 1.6580281737308855 -11.229037723481932 -1.3301381269175723 9.795306383344911 3.557652858140201 -2.027064424709688 1.2169840362356323 
4.447867993843642 4.039619329494648 -5.353006381850778 -5.5844507282002835 -2.0627481288171796 -8.021086708990353 -3.1203442742869734 10.906193369742523 17.766775959466052 9.860474300980922 5.97273774341879 
5.884620582155732 6.424311859366366 7.0925640880315575 -2.040474302064105 -4.949265686441536 -4.618119846742555 1.9432734653336654 11.690329016569128 18.162561889385657 19.85451618609836 9.986052386263921 
11.636595014404296 9.0164102567647 3.4863197599188496 -0.27021160615633244 1.30578198060628 12.79132764644871 13.090919106294878 13.024600232996566 17.481338278179145 15.348004585182426 9.966280900329277 
8.390536976403833 7.237621171913897 4.7387452179348895 5.0257952852446355 5.537935512199146 5.357968540458405 0.6015032563309708 5.103731819062125 13.894847198467875 13.544957276164595 11.88822264775272 
