-238.8492098126311 -238.87891722707982 -284.77583900615053 -293.72492774096804 -305.0328307801121 -374.5719574152742 -515.4199816995209 -554.7953402007062 -561.4926013125819 -568.3462756515869 -556.4182309038355 
42.7063192015715 33.88755582732108 1.6718208448102443 21.3058083216317 59.165368244053525 80.29270950030491 121.15775588102773 142.20580605491713 136.86010062311277 120.18235378670619 136.53085187950194 
3.855535076543397 11.027236685392165 26.094485726940775 1.1337854000630592 -0.26958487501041883 13.805679528468374 34.98017163739745 35.57852352977208 28.286998206693713 15.079725279621563 26.31334082647777 
-24.7646872512943 -40.15233072915606 -77.16306527363952 -111.8885142550823 -114.72386487431135 -94.58194174237197 -24.19216059999426 5.619423537122224 0.7191889646895164 -9.28467718657938 -1.9782288539838262 
3.966758978083967 -2.8135076772426686 -5.2771251882202534 -4.417241592301427 -6.290918031492529 -13.13217395627412 10.348003695609037 8.772398889682842 3.726010851347989 -6.523213780180601 6.081655118506828 
2.3436691539793846 15.43984553978819 9.2005200812305 -15.328161108269612 -17.3422080137279 -5.882495375252173 -1.7284316906702055 4.317607376235921 -0.7828064452721064 -5.8851741780069835 5.700330825562549 
-9.520423072769479 -24.836119638465956 -24.64280038989756 -4.444741711398056 -1.9709659726318791 -3.893505215609548 -2.558624731545599 -7.229985871480821 -7.4185862295464045 -16.238456612679727 -18.241047146504883 
-8.280198063420844 -2.0367781292860148 -13.336667079731777 -29.942592697036595 -33.97604048858037 -28.784188578801277 -9.251417931535379 0.9275726133940199 -0.016661488302921773 -12.468115671760637 -15.363080727683672 
-8.390758403493884 -21.085072210485123 -32.51843164989593 -40.1015661524729 -35.94814010934644 -29.331689365034173 -0.297170001329359 3.901688649161428 -0.38916395914095414 -7.370833385177456 -5.349223438531933 
-8.639629084511984 -6.871095978810836 -7.917628687562271 -15.616683126416316 -27.788054877418347 -30.68999613003156 -17.072365118360274 -1.759372957027475 -2.962735047012381 -7.7594808121227095 -12.398130373659104 
11.664779193726352 4.405540496549653 -12.857594639947742 -27.41951227714054 -21.279702832004375 -9.398726261941558 -2.9299093118630286 -2.540457619291979 -3.8416443384643877 -8.79693767796376 -18.044804592290195 
1.756310022610355 -1.5463249877014795 -9.814073813317707 -24.13774153189699 -25.174531956391156 -20.499186592155404 -5.852801196037714 -0.4170569456312957 -1.2569971137661646 -4.489215428012095 -8.933413957813404 
11.697368019602887 24.27223993421 29.378355160860217 -8.975498743477358 -20.882044486382178 -20.39699771226126 -1.457469745445368 -4.155708797484426 -1.3305509804335245 -5.655449664349372 -9.890042161438199 
3.726649119915149 21.17651325306275 46.15131475898697 31.522652886136434 5.801649051150291 -8.577350140930314 -2.380445603577141 -4.138920057579334 -0.5507969508614159 -3.1695909676358296 -4.690121039452609 
7.581144049320578 14.163265340305838 27.422087733088823 45.69989416865791 28.925162330241076 12.78651333289797 6.738971185753085 0.3348880161553003 2.456677617474564 6.526741982743129 7.009705587644428 
-2.796595722510154 -6.470975336831089 -1.3192153752783342 28.79741291874018 32.13134552998655 15.55444551415489 1.0777326225700206 3.678832894953469 2.669926989898597 9.565820373963264 11.286456977920972 
1.5253908965744618 -12.632751114133761 -30.3006528546813 -4.601274482546181 11.422667304470586 12.122908503565416 1.8050782989219876 8.94754607143578 9.994922709423282 12.163194109094896 4.328181811734998 
6.044163157901133 6.872347575008819 1.144582977049192 -6.695180324157759 10.026995106621442 21.309196921284563 7.863749314003975 3.588261035206675 5.712379840560239 7.057684277761663 4.138753455775845 
-0.6866757611039199 7.202005405734812 14.728945931829728 -0.3987241346531091 -0.33399615887560763 5.816165517727478 7.882267330595576 5.410441792218345 5.451206449477651 11.547694229256175 11.324434337953381 
-4.430424355844622 -2.511047573594448 8.116092762625684 4.954643600284239 2.319961807794071 1.666359623087776 10.47748044906769 1.355905778019471 0.569908647660605 5.186971406393793 10.899533194688324 
