-610.2602086544707 -601.4005425942349 -601.9273116122085 -596.9471027408822 -346.82608520026423 -252.08135898951141 -249.10019545369087 -270.9346210951068 -294.4926245472654 -361.11259192611493 -491.61119458901027 
92.85383530540501 92.89639228843603 85.02495612797281 79.40935665483835 39.67595476066478 35.14579200945769 28.25082394307322 35.57179198254719 91.10657343869181 121.05355400598432 120.8191176767634 
52.53069291470847 46.407578549174005 39.09643638871239 33.2450532074827 8.378185854806425 9.811400267849148 20.352003326020665 26.342235912095568 14.88269474481877 28.110788461013573 44.429873631237584 
31.479774095689898 32.89968513040233 30.03950197813628 24.310717078356213 -5.823198627791425 -27.08281782513556 -54.81023656042012 -86.08074880927995 -96.32068460009617 -84.59075472950356 -41.353495808170535 
31.48450244752522 36.49687238006055 32.341626684502614 29.678895949299363 15.125391800181731 -4.904401189958872 -7.329258581248492 -2.601467758956927 -0.4816640794505912 -4.547193159389639 1.2027391526383557 
27.290814718539654 28.80369110910303 31.21821853411804 28.338546971712603 -9.644652799200427 4.542460216621453 18.87390273243362 15.434202988804337 -0.36156626263313585 5.351267037920655 11.648141145573092 
21.44169326575545 20.96915283528643 24.273795434967877 23.01756913030725 9.136085797322064 -6.966959107316635 -15.11579236261331 -3.470529042924883 11.328816073384019 12.810931233750456 19.37673918357929 
7.358664604452629 6.658981246992217 8.256698525796047 3.5246152876944055 -9.616012217241437 -2.057965994948047 5.613660688866034 3.7881426278359265 -9.014540548460012 -1.9011380414898715 3.5266492729606647 
11.413320456777356 9.283083353456945 5.225308951927957 7.501532410828165 4.267941295415728 -13.347692592053852 -27.16929378450478 -25.508392424357705 -19.06485106361762 -9.62822582924693 -0.7305225081755014 
4.496320337094208 6.79857644610367 6.644173784827107 5.604163244301546 9.38331229531978 -1.3113898975912215 1.920462693633905 1.0481332065979747 -11.187675409329133 -19.7783973399619 -10.866750508712915 
-4.081858899674795 0.6831404108538601 4.74033095160569 6.941945514366136 10.654980877295648 9.643618586837755 1.7273117219958622 -8.500286505050104 -12.68675247752156 -4.524998995252518 0.6621145646425641 
-6.987593495286733 -2.5454269288888383 -0.7080481043717286 1.0329050040296253 6.372963348890613 0.14082154492465712 -0.2463138672411337 -9.379486001254536 -7.551438455912575 -5.937982611954464 0.006897311719483823 
-2.323063409966246 -4.403900424067329 -8.868335520513158 -8.106349341591303 -6.63906721084091 14.942106505475188 20.360117504320762 5.004912531327378 -15.121901649273436 -8.436176197524173 3.853733929415361 
3.3505512669096453 4.065208759072 4.020558265502545 -1.0993173887574699 -3.426775660181164 6.482553663923131 28.394380283222524 36.704482014417664 7.577913741582252 -11.585753869354242 -3.4244150610327146 
6.017625797517337 6.266492217305192 7.398096392676431 8.237416594215574 4.455129623013073 6.668550276792692 19.55483478330754 53.23408870390954 36.67658823064876 7.040686819340948 -7.610336707270468 
0.3078296073546678 6.065041922543551 8.314492628241561 4.328290487909015 8.361609624074488 1.0901689695784973 -2.6560243600102003 29.32016498931139 40.885815484763555 30.19635419565458 -4.187727022133974 
-3.424005357206412 -3.658341160570696 -1.9424528803429233 -0.894913186942956 2.6956496180613585 -10.131371587646615 -24.257475683884124 -9.523741959104544 18.855704555522045 25.867934775448653 4.58099194150309 
1.759497550706513 2.6685530487756455 1.4803882468587437 0.42955477065239256 -9.099214233976326 -2.68566206120685 -9.000561797286426 -11.67235563820918 11.975079976287486 20.97309821670326 12.02015973276687 
2.5682376308360704 1.8531051933670692 3.2779283767854266 7.864915358943212 -2.1475014413250477 0.07225382587764495 8.696949485490501 0.6891261496471512 10.253812935097951 15.883211265504084 18.830659390288787 
1.6852215017433556 -1.3441437792625852 2.5468884218746504 4.691586319153493 10.847261147382032 6.68162003548235 5.554122154026713 3.136406383685075 6.175315904193297 12.865923515261482 19.851090681540065 
