-239.94014947741925 -200.94959722675256 -170.285278807421 -186.99729214988557 -252.24054666955055 -339.32322511587046 -476.4043318168995 -529.9024101998424 -445.1953878202764 -426.75385539962286 -514.8651718904814 
-37.53082615055944 -19.55778936813861 -16.57060941024764 -23.53590989032515 -4.27902396906615 25.063766954085743 45.66613439879963 106.92673060586925 142.40353234151962 135.46387094895198 108.60839147521594 
32.35684784589712 13.516955732484814 -24.187320329411875 -43.08105189427992 -30.201180374381803 -31.43972431830626 -33.297720841293156 21.939335025716495 51.62508901404611 45.87601108857599 29.60765797160126 
-4.7331893802033544 -30.151942826528195 -63.20540155522167 -89.42162976158382 -66.73857950448803 -53.59084398897336 -38.76950825034861 -15.99413340783165 -26.893095508204716 -24.6804997932243 -20.04110755972529 
7.627544092002996 5.350589558864947 2.176694057794619 -5.745850701958705 5.90704828118855 5.396366017305516 -7.783886088059399 -15.824869686368292 -39.07187058378898 -39.6682667915552 -33.48066511651342 
2.9466817392026785 5.514319696591382 -1.1440575988554567 -18.79399438661717 -30.942513533349675 -39.53102851460294 -31.74781551121444 -37.73171356752526 -21.103289640100513 -12.714236720029746 -5.756817014738209 
12.277632533087981 2.771815116506802 -4.016279847099561 -6.761536382351632 2.736283170716214 -12.225036274731007 -18.318213707173552 -19.560949577643832 -26.516298254835643 -28.71519902700874 -28.780793019146543 
-13.304233898216857 -14.216753043225886 -11.216453208305747 -26.185495798201863 -22.28615526499366 -23.245218024211486 -24.430082802425005 -23.252621698786665 -18.255113370501086 -19.464810909741132 -15.803780548050408 
5.697944650771235 0.2739149054209531 -17.483580330957267 -26.92219277090637 -21.728741559766817 -23.532670187949254 -15.035354840901247 -28.548324094890376 -24.598855070118454 -17.186529147640446 -7.100038306037626 
6.270447139775769 18.604669288270557 23.0724303910728 7.952406490766135 -16.429170713057808 -17.36040995748111 -11.755914220746117 -23.875228223489145 -28.053384519443973 -26.34142391456377 -19.29115784227545 
-8.009424500423048 13.489722016231067 9.029010482522372 -4.69894074998358 -19.542472877718858 -10.826079308225038 -2.3774610469110646 -25.68174832046813 -41.01015547621016 -35.084304565085475 -21.675421765309032 
14.960017123864791 31.86389361176662 48.1275875223554 36.18243612161027 2.3493430891921925 -6.0997609711408005 -1.2780378988332946 -19.010474219393636 -5.6656476330664916 -6.0541364813674825 -6.460826132672935 
-2.9834294719616654 -6.13760470334308 13.3566068035596 27.535217607135667 19.76330219532641 5.368294220076294 -8.181239393007921 -16.42583401766263 -15.842720027260441 -12.786146401215337 -11.150913744141508 
0.3715809044635542 -23.671915037054426 -15.961554636154247 10.92650087179112 35.855700904409105 31.84733889596924 6.339567652176578 -0.5919014911351708 -2.8536724781555542 -5.630992196610441 -4.347209425407286 
1.6599505385496598 -10.747505894436244 -17.30038186782354 2.433222268421189 26.65927459164204 27.644633176209467 11.074458887188074 -2.3827591370523207 -4.120876786906829 -4.159284691696302 0.46844184324656474 
-8.576287496534356 -5.27648802122056 -22.470527559830792 -24.66889770976015 -10.630933340477815 3.1853447980063487 10.255166051033456 -0.27555725505386897 -2.686555538584974 3.278610805736348 8.240437454630563 
-12.056502633183714 -6.093424016584601 -8.01278476419652 -13.455010373249067 -17.861660538880336 -18.175080701459112 0.8619336561582636 5.339917069274427 0.01842833200519474 0.47017813671857334 2.0712950488147563 
6.467573876183 -5.476340994043731 -4.1679312739128385 1.1156919482110808 0.2054087622563623 -6.061585177439502 -4.505603639655187 -4.148707113683585 -3.896149799621984 -3.853903585240083 -1.8417967019962953 
-0.2732466513094698 -0.23724759276269602 0.6154354477140905 10.144338390892946 19.072762646219356 16.39921440195351 9.674317835444779 5.004006996240054 11.2525430557116 12.436854554622126 7.440416248048344 
4.241106546915767 9.721383775701682 -0.3521619133773617 -0.5440255198452081 8.229511673093647 16.818578451920832 7.614016571114445 12.99579193692772 16.711914205669842 16.7197188521765 13.249275432943573 
