-475.4097077117196 -473.21334306967503 -473.15297027098717 -451.45008451581873 -256.1811154597293 -90.5769066668571 -37.772967534775425 -45.4707568578128 -151.81726537228548 -248.33383424937958 -352.3607453141258 
85.49451354007955 88.02294479262011 93.80963082639501 84.60486498700249 43.76943560167088 68.59670231797597 78.01145728696463 91.80266380536234 121.65884104259365 133.7080670182044 108.89919141402565 
22.990238326150624 20.189579985023435 25.954863257203186 37.7198862635053 33.7398414382416 31.35644781815466 18.6410266666487 13.47117905223039 14.116394514623988 31.467192346382575 26.901684846750904 
33.31886171909322 33.66815785700451 34.81833870050025 29.40749511247204 0.6140240159349676 7.885678169626901 -0.9459441070294838 -36.918422869746024 -80.0233425928231 -45.77739815876138 10.84885915319148 
20.869933614883728 23.41515166099214 27.333861800523337 28.181028515577825 28.81478933476623 27.856510353145566 11.998839732455144 -2.387137935282134 -9.130352974933173 -5.50912615921121 15.227494038034212 
15.192756602735459 15.549551072884203 18.214849361396254 13.410826736985875 18.27263448657634 59.96878656938503 72.17310391965538 47.99041283100536 3.5435405663934842 5.246763346822611 16.835350378272047 
17.32051508462571 16.078697539937604 14.47388302401641 12.908904663194134 2.6618179009096576 -10.293600883817767 -16.24485255152881 -17.604088017077697 -10.35883660032431 16.59943503435276 7.856957479541972 
4.631020423012182 6.5816804763122185 9.734269118030618 8.455056282903303 10.144335083905439 13.271190413315903 28.298905348768564 23.442668343959873 -1.1425354251980246 6.881647239821901 19.395265100460936 
-0.27722266348052343 0.36434183064053083 2.8317970235442833 -1.1969983486872389 6.443517339399266 0.037626994074532905 -9.458313253306015 -15.579156326869807 -26.211496960061588 -2.5690667274963728 2.827683953308723 
15.344356803933199 11.526953990177514 12.195182590958343 10.460866340788096 13.508591639251769 10.319795994925794 11.25368878026735 13.721229185841143 -4.481724981311729 -6.225333125539347 5.835077528626972 
0.9576980994840417 0.6336750249670626 0.7393791405599566 -1.9765075225549036 5.661262936703006 9.673788277170681 -4.789944954545702 -8.001571185439516 -12.984153901170306 -9.333479090955855 0.2092211136631544 
-2.368070704504169 -6.055113421359792 -8.541183658565688 -4.407800648736126 10.858899977057277 22.739295305676716 17.01313186217245 1.6451434099413662 -1.7209618640141704 -2.1662943884422745 -7.13607414992288 
0.9264530340613306 -1.7497412078965904 -3.9596964180582406 0.1009001355321113 -3.734416008805943 28.135138902687796 34.08043310431374 10.10318833838721 -23.809836711504495 -10.030244947429594 2.554788087406343 
-7.410525715292839 -4.90700775474814 -6.424819751704765 5.403111901568121 13.913165957301414 25.69285191919736 47.31493781589397 45.65398236255913 13.89103707212378 6.701880552778427 12.690495748897138 
-4.900717760416607 -1.9498989103226558 -5.008888714856882 -6.843077951083759 -13.887234493150277 -26.9037063635061 -7.503436771030687 11.812204114783421 6.138274002364935 -19.164178820467185 -9.032946825167521 
5.488837932272795 6.836877416571596 3.6497643508864 5.869635558589116 18.609152123575686 -5.106107038543753 -10.370027839886294 13.578035728239382 18.839992104250122 -3.010193942664438 4.874948395125481 
-7.811098459893756 -3.412873213967838 -0.003501683142493106 -8.477105652013167 -14.429026003548575 -19.22335959644682 -24.059756314381737 -8.077824735862366 0.11388021635685722 1.4234352494757052 0.13733244276198256 
-1.5057371926381624 -1.3599654062724296 0.008353874786181104 4.833466164528554 8.054835484764242 14.882774413586654 9.365485671022387 23.10494636862893 28.09001789561694 20.766410156277765 11.479955270876207 
8.66155710427152 6.3065562117519525 3.5225069150248567 -0.24135680406698354 -12.848952146315689 -15.676722781202699 -14.857457341869843 -9.008473799460024 1.9478292508664903 1.6815937758870818 -10.684831717315074 
13.567134668455019 10.510141687344188 2.3587104961601266 6.056763845897453 3.2336042493476542 -5.854725350510325 -7.475140410708071 2.880247252096544 20.933798372785155 32.2991847568584 23.859480379853373 
