-257.2183528859723 -227.72834656981956 -185.33124093426883 -181.090655359359 -177.0026980015637 -192.19818869211062 -226.4973376819926 -262.39525920490973 -312.449796562702 -317.55821858041827 -315.0450876239088 
37.43553147430569 27.529254989540608 55.35401692021286 80.15757372868498 102.30683091879743 145.48647831742096 159.25802178668266 133.3405162585115 103.04277471858725 96.98063894208025 98.20577683107493 
10.055740811317541 17.84255648678512 11.69377551619695 -2.0166528163371154 5.866220815575346 9.92061412018803 0.2283258488398462 -0.31856548141771457 -10.84131082641407 -17.669104090285774 -16.585503746817427 
-21.34765777529543 -20.495691320748225 -22.013072384884637 -27.16414920881993 -61.08004015398893 -68.90487094275987 -47.239340166628324 -33.27043421364692 -10.37278650965881 -3.468832995500429 0.6321951812133936 
-7.15703961932963 -17.648365388333293 -37.6254472697827 -43.503230703031534 -40.36019031150023 -36.04939547402209 -35.79056407667893 -28.372844070797818 -10.919980736623149 -9.349561183470255 -9.35046231092744 
14.292763105255279 14.333398336036758 10.459262842480374 6.648280819147741 -7.8641573392317685 -29.981223342649336 -33.54388206895733 -23.042720152990505 -0.8915324803443369 2.424352849612396 -1.4289318084803952 
-0.8611126066273425 -16.553396701581814 -22.44233428731399 -19.567758047057524 -14.927290992613209 -15.117251299032217 -15.407762098448567 -13.959336866146316 -4.349036605128964 0.43902362912019377 0.7261265945014069 
6.680174538371743 0.5328036829512964 -12.245353762412002 -8.521933955200975 2.6251213269840425 -2.4165315363747455 -11.766720383112267 -7.005676061021182 2.0735851150750317 7.410846666063202 7.100279107940159 
1.024885180283469 -5.857933140885605 -12.581712386117996 -22.005740351050427 -20.15783163316641 -18.053586998891973 -8.33457964325175 -7.670559554797315 -14.74542050379047 -9.825014276479386 -6.800188188237037 
-2.690253938072904 -13.042750878948354 -12.478670163771318 2.5270757938105763 5.8655288834626536 -2.3097158975061127 -13.653774885484307 -13.423533339615421 -10.626527894608923 -3.654678335110349 -1.2637715861048797 
5.334061547092558 7.742927188601614 5.364274350570852 -3.7070843909156532 -7.8470182794698875 -7.903064943619163 -3.55589058861249 0.021772319048253053 0.6967979256141164 -0.7233982427966484 -2.322641021711227 
-7.701753739443236 -12.11999930607259 -18.45621396431703 -7.505809418579427 -1.3185170790914111 -5.227451551355586 -16.190478804012592 -10.304905249222692 -5.528034116779484 -7.047082250818083 -2.8935855453592225 
9.841047846546864 5.231458272112793 -2.8574085018110216 -13.592687044230702 -18.880031423880574 -13.76901348436304 -3.3594032172360633 -7.335805372886794 -9.572291382394392 -5.724372185309811 -5.870563642543202 
3.2416379119640983 -0.5816245766572627 -3.450037729507419 -3.1245925182880123 -11.419066120114007 -8.375136975458197 -9.504523711862115 -10.845345574777387 -11.133548452412436 -11.175218293280743 -9.351537546760985 
-0.39404886192776545 4.301304546739714 14.871233872282787 2.926772757873578 -15.765640521936028 -14.768249812479258 -4.28820680006728 -0.7129585205673269 -6.200597242605211 -8.4402837679952 -7.276001572457039 
-3.4122694347418445 -1.0875513735073907 14.230399268488021 15.481902281047146 -3.2521364861596673 -3.4559295877526903 -11.399670806422474 -5.214937929980263 5.195943878032689 -1.8837426098482302 -1.1762678818142192 
0.010642713664079623 6.13107737037047 22.27767509267646 27.685674198443582 10.466371063125276 -9.713684822280765 -6.98845921240345 -4.09603973719575 -0.7005700979150684 -4.362405048209027 -2.702962264272675 
-9.33820609268349 -1.1908580023166988 17.307518195620382 33.02382159847302 33.57203697871716 3.835526245305654 -13.89048734303779 -10.540139115752705 -7.999890913873316 -8.272772118535737 -5.54414649153782 
-3.5883726444973685 3.8806800750534016 12.629612110490552 24.135283289192614 37.9580751925524 17.939507901389078 -3.7067210418674064 -7.664729968556049 -7.732104919663702 -5.654699589270727 -1.0840751154706654 
-6.207594359816623 -3.3007675600821886 -7.415921344264515 -10.071330216306905 16.9314277651833 14.057794007945212 -7.225842394270005 -16.399081455522186 -8.561647337818414 -8.346801213281509 -7.190261997840943 
