-157.53559312142386 7.436458205804106 38.42012996453422 -25.798363235727155 -88.20188359004564 -97.20847103352396 -146.19908612573516 -235.64131191050754 -340.1544187334375 -414.3301124473185 -428.3240836860443 
39.64332560613312 34.79665647320759 31.452854066305612 27.82650978531678 18.79106476195765 54.567948123427776 76.71014183252932 75.59916768159282 56.699968217789284 54.876806993873814 64.75247816212553 
-1.7487697824685884 -3.897602885277453 -3.792246234437284 -5.532854379885208 20.318589575909712 36.64762491998462 37.22829153971839 32.94719953292946 23.45691805292278 12.660565608706786 9.430872404846957 
5.104907288436532 1.6660207734803678 2.4186700409884345 -3.1008548619360017 -56.3611261206639 -89.29749651553348 -79.61757083638255 -56.02286938075595 -21.413111527093484 18.62995933573079 23.382293152828883 
4.426808838011881 0.3002090358784909 -1.5306003503047498 -12.278276254534394 -23.482716361753766 -17.400092637843617 -14.306392639692852 -2.1360669485864734 12.04283902740681 19.07549351944334 14.109748280761924 
5.037965782749466 -1.537612419897078 0.5604177301003044 11.015544050483424 7.55383380426434 -0.4463902808468878 -9.10821080433351 -3.7749213706927662 0.5655787940300645 0.05959984979048233 2.049313528368215 
-13.424872804360607 -17.08154533778218 -15.791295191155069 -6.074080715257237 0.06580979054072728 4.827025412859864 15.158211832750101 18.019839173418738 1.8237098110899193 -9.983886962730827 -7.023424078742847 
-4.45386750716191 -1.5923771385168495 0.9274976369797185 7.715471192954941 12.997147112769905 7.230208586361666 -7.860981231630219 -0.09008689436759917 13.39136139154732 7.635395493767467 6.407865679242352 
-13.482731549282693 -15.830407381751453 -13.893969564085511 -14.161188398641144 -18.145695045517037 -16.032636854804714 0.07152690684461604 9.782491442979955 3.0725909838778835 -0.3493382526756743 -2.176937451731514 
-3.6809906609574714 1.8246205139547433 3.3163450446538447 -5.804476253432647 -17.812021809344316 -9.623110637061053 -8.696393318764398 -7.717890322222688 1.1245314367335988 5.9397961384798315 4.262208571278228 
5.555177714036951 3.446271014663131 2.9435385606634927 -1.3805758327557365 -23.77362812664827 -24.660288221939627 -27.653927131753925 -17.798806764856316 -10.45618637991176 -2.7154709944948188 -1.9780687600638622 
-6.977640946381019 -6.375803835911382 -3.1921661813791564 7.088068562996127 -2.140211735715294 -12.624777616690832 -3.76881707603933 -3.394338972439739 -11.077712158005273 -3.012402822029226 -2.3845202869286024 
0.14484088334854212 -1.4220538663567146 -1.0622121391030481 7.549270121275772 14.869080401439227 -7.270541668568013 -15.284219393373947 -7.667411577652385 -2.782252151912374 1.5792574665823134 0.19641682495627605 
1.6205931089165861 0.3479096351193508 -0.5641693126793894 4.852298249682137 31.249522611390013 14.298369472284959 -2.157392078681725 -3.4453669624025816 -0.4380659313907651 -0.10022265159396149 0.8638561658281008 
-7.985717901419386 2.7796787926497553 4.700949473872624 3.989667045048693 28.14629081210929 27.842340547232162 11.360840192004321 -1.9953729760386065 8.291229361373116 -2.5041631374439355 -3.479075936949287 
-9.164848038207115 -5.595431731953656 -1.8897281528378431 -6.74838286502604 -7.230367512153352 4.60374953355548 0.6888573491627031 -13.960644036350542 0.35321857420509173 -1.434452470138207 4.7926747555490925 
-1.3850402463869647 2.7547459117115265 5.1874060503248085 -0.4937801497714942 -7.4420561223141615 10.814042379194024 13.348446326392509 -9.10255887936601 -8.92715605320086 -7.115463627585479 -3.290728432001084 
3.4532565602641547 -0.40275756029374854 -4.0530193168956155 -10.221434222100507 -15.904324925869691 2.1784721208595528 10.59064529038643 -1.1897313169954158 -9.870079019221219 -0.007630499247525568 -1.989067855380736 
5.740358045670773 5.6697589814498235 3.434183091487203 2.9646660532554616 -4.472585026943919 -0.17535834721526972 5.0981600630619495 0.6287991143880027 -12.54968426528837 -6.223654133402038 -9.029799467193932 
4.232495483271803 6.501773108473827 5.89876277993956 3.9023335379684356 -6.43554441986422 -3.7197054680964126 2.52554051942115 10.021688839367146 -8.944221260534047 -5.991963515173481 -7.401510850590723 
