-282.2089145888601 -164.3273956198421 -100.32130369186628 -82.17543180697628 -104.76005140032811 -167.11972469405728 -265.7031710719162 -444.7167652493519 -558.8931557443859 -554.7284557202255 -550.0042863423275 
4.96659317278753 1.1660167318135337 11.385220465371988 13.052125140965165 12.003778244524057 27.090928797587182 47.503725040103745 73.99103333872421 28.395746284519472 29.22320704413044 30.956361655598712 
5.781961561636939 14.269016669448057 -5.272732804164285 -12.237692652550233 -6.909931756669917 -6.228186666588504 -2.3447521144526053 -5.615138294030929 -5.988950734581069 -9.627746419195368 -10.243345622514209 
-35.77836660812034 -37.98315941161989 -61.70401360261696 -66.12155553821486 -44.574105845821805 -40.78097702864138 -61.10100430309264 -80.969040933227 -21.19775705076289 -18.857227616683844 -18.488254246513044 
-6.314344717663788 -3.7516085535636967 -18.797210497616433 -22.094110247933486 -10.767384516649596 -18.22673281400624 -33.542748866949495 -44.569762541871796 -29.213128240967073 -26.644662623849328 -28.381283607597627 
12.396305577283812 7.794950756401119 1.8811952552852866 -4.917721217013147 -5.3935702816475475 -9.521591076198188 -24.86965013944343 -42.77814626228576 -18.315425393162723 -18.281162950426754 -19.22025209682959 
7.965381009730825 -5.056741160988535 -9.086996759649407 -10.90166933620079 -5.33478089044444 -0.29972949056395826 -8.856593593019518 -19.443196506325872 -5.194271705278172 -8.04850737485225 -11.539136345897363 
-8.095873552074831 -0.26980269404264606 5.183157712267882 -8.537508521338237 -30.0210967426357 -30.94040434432396 -22.77712164293205 -24.945098657652657 0.5184563403589124 -2.3859218826829287 -4.101719317511221 
-3.308738165668557 -1.2126225358021214 -2.8448527516291158 -12.040540135857622 -14.901395241581753 -6.9356324039028205 -6.0435244321527275 -11.54238862269333 -2.9854471408790886 -1.1204860856857723 0.06700928103664539 
17.361965117838622 25.282296536878512 45.392679949569946 44.793044310766845 24.389967946057837 13.48515911126562 11.267579057544733 6.905690999695466 5.990066415576699 4.8691711498294605 4.250729758448469 
-9.623212923820686 -5.272511932999741 2.9460411984513755 10.33256140211866 26.139250993795834 32.383749052673416 30.12525047267599 28.314869187368366 8.577934251830479 7.537846762924682 8.877587035548089 
0.3918784142305126 5.908986195029009 9.475312476418464 21.552139571097705 37.71139758821617 35.47629148635743 34.67454967240854 22.379281346883673 10.599400009179634 4.965266622580428 4.093721623976467 
-3.5966382695686065 -3.007988548706424 -11.005782681429583 -10.996458761565037 0.07030623505953301 8.86299811509686 14.014695648869969 11.273188386379537 12.018831234522276 8.982051058744934 8.185222575995809 
-3.1124496536142034 -3.022094173313977 -13.090033420923888 -16.694609928312353 -22.841285645297305 -22.187898842451744 -17.018885253266664 -2.307093354722743 2.5413373147466833 6.272379714908612 6.486504827971659 
-2.774636260622004 -2.0915078780633705 3.195902855723194 -2.984660196276307 -15.519325284428394 -20.098959805175625 -20.39213354910382 -8.580884345239005 -6.7700101118899925 -4.678433323994037 -0.8781235052971206 
-8.37010803668501 -8.636700156159485 -4.5819589890165515 4.125712413612847 6.389500955296825 2.990006323241065 1.815661116388054 -4.179757085990902 -9.767038188406584 -4.985517218413315 -0.3975305187838841 
-8.944033717105619 -5.243520494696434 -5.003770300023405 -0.472824705209933 2.6350219056492152 4.358083479498847 0.9496538152222572 -4.587859195136774 -2.213897064512216 -0.567401436236718 -3.2976850285264696 
1.3297035252915266 -3.872525974940829 -10.209869783749422 -12.241936195282442 -17.107848335600096 -11.83974272647772 -6.151514338386072 -3.4713034233644358 0.9747108950824969 1.4824953651407276 -0.9526407656067706 
0.9260128732782915 4.469586790418879 0.5929945145288498 -9.092663672078128 -20.530260757004093 -21.28436588044729 -14.476737247727911 -11.999682102293633 -1.2632294823931907 4.165781852765898 2.4836287625353455 
-9.979533342810473 -5.758070764814709 11.146611645589264 19.630724690032196 14.54141802605936 6.499876216195802 0.29514013197629674 -2.808949399056621 -3.8338360519023884 -1.1699108504563647 0.4368564566136658 
