-505.44774809042747 -501.4886278784843 -461.35809246896116 -252.23092149834937 -140.52357770139474 -124.67235626610513 -207.03587691006717 -369.8046563928192 -495.43493689049825 -504.3605489823044 -507.0466382675406 
79.13727560413653 79.98469389950579 37.11192254049372 31.354945905450663 39.25695016272667 48.262063250911524 63.41355548031091 91.70954857882606 79.40378575894412 81.47951225693254 77.50309046100561 
30.91739077208645 30.819228557860786 44.56021493340161 29.22145029593405 8.7366161173661 2.713474468972258 12.01300537561357 27.53568489425665 27.493153828035645 26.66322030484356 29.325866405319882 
29.639869108398123 28.01765174484279 14.37652740272495 -43.53855868816673 -57.23731945147394 -68.77921626683847 -74.94568903907269 -30.100315512003107 26.800969065502997 30.0014265553301 33.08874665214197 
32.73599391613879 30.65557105202983 44.22314951972762 5.68874632686083 -13.47547602646135 -16.59997492202689 0.20133505442000166 26.062975946040932 25.0027747170735 25.148447289480846 24.864987332526102 
18.891259401335038 18.6429496978216 12.186514709343804 13.488675947638711 19.629857990567935 17.794516360256576 12.480656537301224 1.725790761050275 15.96041119492542 22.06850342152189 18.346461765745758 
5.704845162758217 7.082531453044634 14.04686409968497 -4.002800215264537 -19.716841711592195 -18.52956153391331 -3.9357089059302552 7.471438320892775 6.687261198345234 9.754887179540958 11.431077717022408 
13.935271530045213 13.52314230577911 -1.258633395908325 -5.162810793679002 0.08592992369764452 5.104096840022258 11.473904172255505 4.3753604453022845 10.43917434317584 12.384420440541827 13.046544981869992 
11.82181082985044 12.695430553002588 18.634707193312593 -17.33088370409475 -27.346935532914998 -23.896504886131087 -17.443055993023307 -7.086274895824682 9.987434320596403 12.259990518089424 15.936592113327876 
21.506579652428968 15.740431660330184 12.577624122296617 0.7596869767220527 -3.8164189642535074 -1.1063767830982527 7.516926863544644 14.494579151196703 16.800137621902387 12.786948427796025 11.20252559494453 
6.164897179513498 4.476897597547714 5.365858306438058 2.2192066513908872 0.33573838149699786 -2.426276807261857 -1.967448225333397 -0.11251161668469745 2.8776286981511086 2.829595294126418 0.8397775320775944 
-3.231411810758948 3.9156472543934884 12.932668740043482 13.643019989867677 6.8436198629736715 -0.428223187090272 1.8845564106884958 5.040585430073837 6.576413729233322 5.95646519244168 6.317131848215169 
6.426275155133197 6.5269611884422325 6.098085453531793 8.626029490338999 8.610496549513508 3.4073617826854923 0.9489535899928103 -4.8723795784517705 9.82106774153532 12.534402676473189 8.690996077840726 
1.6097651917943472 3.6945113335970916 11.297942797010876 9.419985139513438 1.801686007526481 -5.306369623544418 -7.797087597217718 8.476508611412926 9.665146349199517 9.99643275528156 9.757757308968731 
-3.247838502987595 1.0045541554853725 0.16681915888256993 -0.9640721230770777 -1.8139628408501038 -4.157150732051311 -6.18050036053474 -4.57711093019574 3.520227198963302 3.314540044105687 2.9214389986191707 
-2.6513439075885383 1.7227232208072372 5.494941372188453 6.622595523694045 2.845939484728855 -0.6154813219021309 -7.33376002380971 -12.79477294794983 1.0031960553532457 2.9764415918913656 0.5126661701370289 
3.5430364433015558 4.792371867759955 -1.184596672891756 -5.072605714079492 -4.151676115861482 -3.7995875706221955 -3.273881566882138 4.410425667798883 2.9511299510345737 1.277250414884655 -4.010937187923993 
-2.9378509408693176 -2.2449815461501164 1.2097220285693964 6.24497752777655 1.9135972120956777 -2.7686559807470306 -8.08955675942802 0.606550578478962 -2.5282408029982895 2.4772034476119966 2.7760077020818086 
2.0739048514121703 3.614456800654402 3.3768157187505676 11.725201304793995 12.730401151603825 5.327484759101184 -8.18523295442133 4.639442591252154 -0.7065720445742103 2.9483572823675743 6.1898156671573625 
-2.6270138221604316 -0.6771970028354599 1.4430246492219476 20.875837690976567 28.38770176586232 24.684237563579124 9.595318380605903 -3.134243451194694 -4.856689596213932 -2.8899448259680596 2.4117516804860806 
