-154.41355303339435 -215.82283105096482 -405.05478454059806 -439.12145598468686 -472.5987428239957 -540.1063492511695 -354.8335023991053 -245.43168037069367 -221.13231432223907 -208.3447030687084 -221.7804347100081 
48.02643459487349 47.97988979458376 0.7624985113983276 -40.28695909869323 -51.208980237725015 -35.918663181251574 -35.379966963954075 -36.81714619912268 -60.52679812281413 -60.57342556502793 -20.540765588006657 
-57.690244929955355 -56.91913594210014 -16.416149923606746 5.957517742099755 4.19628016668725 -7.363476169059072 24.37763617666484 5.137227441177151 -25.715948090834026 -69.17815260700488 -51.22485930939543 
-38.48832689985189 -37.52595456545052 -39.08455241172459 -21.864877240644603 -18.01408870719264 -22.55847833355799 -27.698407688742307 -34.661425945569604 -36.530943569257786 -64.27857575925773 -64.94205262742145 
-8.937129428617645 -9.134499209463947 -5.928981805904863 7.154219967086201 12.374234529087147 12.487242261345662 2.0417343888025927 -1.3250491972127236 -6.577336464510241 -10.88615280975168 13.500552948452007 
-8.293275830848014 -8.644894170363473 -9.992146766349752 -5.6961987895086725 -4.1959726286366905 -2.128436270738229 -2.850789927135727 -11.446769529309343 -12.789298385028943 -15.961096214948313 -16.292336491036114 
-31.164619429014945 -28.315464619214097 -3.1379331779654427 2.829250693761526 2.716834337975578 -5.288084599316227 -8.66103735883449 -11.888357087234514 -24.07940656991832 -32.849740451675956 -20.97102831875341 
-14.635134963012337 -12.364475595227466 2.5358976107108484 9.689731653935183 11.311362311748894 9.194693158782409 -7.7718664616547155 2.679247627679035 13.141960558865108 5.373986907378397 -18.100986153057004 
-7.206451465720955 -6.4843272445859235 -2.105615415508821 -8.04324877326087 -8.203514641457758 -8.790755337903043 5.902680699468821 21.11102321109989 28.78011034990525 19.937160019925514 -0.5061285242357528 
3.7954419957054535 3.9718440035351383 14.056881731440685 11.722422962831107 11.094038308736064 2.2841461557381475 -0.23030527059378975 10.684765775613268 32.473824761686174 57.12852954682306 33.240001801752456 
13.351064094693868 11.740811104377698 -0.012035578671736102 -2.6822627253298195 -2.9565178197017863 4.979406815052705 3.3729683868548044 -6.661597060469893 -7.629820264356012 30.038393335254938 41.18721247664793 
9.018451851266395 8.041065442265975 3.212841637483468 4.162022147516143 4.999119615075113 13.345213264069395 -0.4457773446407156 -25.48892763297345 -47.192172186423434 -12.244474211749537 19.95750513476889 
-4.965648492234312 -4.3552445867830345 2.309526676691188 3.9965500538627925 6.497643234340943 8.554388293344937 3.820372233093252 4.3292020298087746 -7.202306017691918 -13.531493213553894 3.760329036637398 
-12.70560258256996 -10.504722755477925 -0.9585747331853163 -1.9436478115802338 -2.52220583536825 -6.275479351415938 -8.589664542821147 2.628598285717948 9.363636751421238 -10.202387704600858 -13.167015447110593 
6.192635508095287 6.547605831593383 4.1352981770153 5.421988702093742 7.889245110302066 9.26609067663589 -5.266625072755895 -3.0249931314480976 4.886457759206147 -4.064571451239402 -19.598642738815503 
-9.040278380933485 -7.874125260511326 -1.4090862203517787 -7.828352614732445 -5.41976524419143 0.9673122736472137 -2.1657495369952233 -8.394727671508438 -15.32561988883584 -8.377900837147955 -12.981282220224937 
-1.6593877016875849 -1.8085431655376676 2.9040713614208595 2.484360752105771 -0.6439565982907697 3.8433203410725314 12.231439893237443 22.7893484515075 13.366591447230569 1.673807649671753 -6.539273850326466 
-0.16947226927584186 -1.676340908347476 -1.5185955101965358 2.7545940698934532 0.7916180802934538 1.7888290000849638 -2.3788006988551555 5.510003369399003 25.7733930036238 23.036747394766408 6.995985279863939 
14.606040266216699 12.667387065531676 1.966977807894001 -0.244015176265043 -1.5733179007185805 -2.425191968898222 4.880037503961096 -19.949351633847044 -25.039956803757647 -7.017095855807093 7.864704016479829 
1.0167032226284145 1.461669426031602 2.830469226773876 0.1784833732949972 -0.9032422623183997 -6.110637480844951 -4.36251393937305 -17.58761372367625 -29.086896305808146 -18.23036209521379 -5.766641826177994 
