-280.2223119513508 -289.5586439076729 -335.8967495359125 -368.70649420265437 -390.2982101185948 -398.10827197243805 -421.9941425292963 -427.22660520332516 -434.4062911788578 -430.62607369101977 -407.6558905679964 
10.498155002217366 34.032793048873046 73.04629089621855 80.8269089740065 68.63801480587017 65.58730327906594 66.75967586338695 72.06776654232215 69.26300743767418 77.34154943415282 102.76338285114039 
25.080605896174234 19.679347502852664 18.871659763155577 21.81296205262808 30.428967332296548 30.626724415238677 28.90605405810127 29.926977501717626 31.625318021580455 38.80715610961606 51.338005684787596 
-8.433837180464634 -23.648587685609996 -38.59892601912044 -20.83521142467804 -3.208333972376749 6.592558168230173 24.468220424245217 28.82366412078418 29.90873384003122 35.16481964049817 38.53859238058578 
-0.4713509737712426 -1.901349458331812 5.939882498480328 7.904864260938792 8.21782603319641 5.8144441721834506 16.97042184459407 18.853135161009707 19.262905980950716 19.898879686451647 15.006197623594712 
6.254015784944245 5.649657602315269 1.9544426515675086 5.48613932908376 0.7405058038372991 -4.7464006952316 9.937659452053612 14.322728673352103 18.120876645918464 16.548969807718244 12.155386368310408 
7.305686666665514 -4.116738898211479 -11.549392934023444 3.111659255876819 3.582554989700587 0.5547032577263127 5.922537739291519 8.166033917965965 12.832134599281886 5.422546878264701 3.650493010587403 
-1.212334331327287 -5.677193318634034 -16.322090554084227 -28.602210380151682 -13.59093304047587 -3.1219363715947055 5.300388733584832 6.993032880497033 4.447357068582196 -1.4179786397334206 -3.4388124611523887 
14.812512472847638 21.779371930229225 9.274093028588453 4.037961727599013 7.77186516222169 7.206392786451563 -0.3647424381382516 2.0124868357230206 4.902026956911371 -0.40113950603246706 -3.370717352272402 
18.184299726363186 43.04060762497665 60.617725745477166 35.19604335062397 14.40371067948831 8.707982793466385 3.993070563781645 7.07060450230308 2.4242081036030005 -5.073957749366475 -8.199275284389339 
-0.6861951792404015 12.53860721644784 36.87905896213229 45.94871993673434 27.238598260269974 19.083165449026318 6.1687812218711 7.17892335179668 0.2898636102608302 -9.713660965821514 -8.246462357150772 
-3.1640293420154384 -10.203310181694292 -4.757710285181016 11.569720357984746 11.621131771596872 8.279139964850547 3.1869306126086405 2.2085091888248853 1.6657108669242489 -1.9370135254908503 -0.6510633232567129 
-9.105205271364127 -26.28114029097074 -36.588096550577944 -17.135138848030078 -4.51631102209622 -0.31161510727968006 2.9332694733575657 4.190158832756487 2.7124729909398635 -1.1284730396851408 -2.1107946130999453 
2.6939763257644 -0.6185125005846556 -9.100330986425732 -16.31395791967365 -14.821835499959466 -10.190315650614462 2.911594978319703 6.820641012343346 7.042413966987496 0.9167444036369523 -3.611400351061647 
-1.566265019868268 3.6427274421565228 6.956530187592489 -2.482378800719942 -6.46771196922691 -2.745001604902123 3.566182983127444 0.7878482734799074 2.474238402960901 2.7655328015928378 0.8065073246182337 
-0.7547478928040157 -2.1318933899205943 -0.5646340539283129 -1.9166707711340578 0.9594747177442001 4.139229634015146 4.06542966584464 -2.243007166491578 -0.33578329355444586 0.8070614083347393 2.2766825230498977 
1.158671633692459 -0.02066953367547808 0.45482341782012214 -4.555432927668813 0.65143746642831 -4.16412764298042 -3.8750903793510103 -3.828190779896482 2.6684239168501644 2.2333153720899492 -0.6517198222605614 
1.5899287699151752 8.618764080666526 9.607629852753167 -0.8678015817014815 -4.049356993841196 -0.24649135251012544 7.315478291245032 5.755931008984081 3.3900029125969695 4.578339433975853 5.419792803301339 
5.222256536947562 19.899906869726607 21.306855011540765 5.402873111981503 -11.40676906430601 -3.84208226275993 3.717127506030945 1.478836656570004 1.3405358503819065 1.766328690374691 5.054756443604669 
-1.7929427480563258 7.12514842930953 15.721072532056725 22.312144975062914 10.680893238619166 9.343808006867873 2.123811216469602 0.536806990734908 2.8878085563335207 1.843841292390292 -1.3206613855719107 
