-436.3030256642971 -444.44074015421484 -409.7847680218917 -303.441298090184 -234.5966497634318 -236.27540467515965 -307.79122230290335 -390.03121934185066 -440.3759768431155 -445.5634381787698 -430.45876185776876 
59.24208294201409 63.58010872411858 38.3840922832933 12.028107269642806 25.191932820013303 39.234863697117184 50.828404542955816 66.45409478610514 51.14907271450858 49.39494079530547 48.20943378553122 
11.711466436715368 14.799131598263186 16.42513611780186 4.386960200198185 -28.4640808267197 -40.56548374877574 -24.03122693902592 3.3542279465612173 30.658199035019546 33.343360022701376 36.955971695245545 
31.97108586641098 34.04097511589151 3.0525597021482165 -32.16280073255878 -61.684037959808876 -68.52614617632055 -41.82007138236538 -17.111914500438782 5.079244535785722 5.897045358908391 6.642237470061556 
6.21699634374886 5.7399648862436035 40.91301859635663 32.856188972447576 23.16417940435663 21.15912551672592 33.66508849544849 30.8045697695441 30.379315969193733 26.797444284079095 28.115148071905544 
2.439297006975474 4.370611788092507 2.286944805541873 3.3498036848827115 9.2111439695487 10.518179722140818 12.242858927949715 0.248218808053619 -8.220606542034735 -6.864537974278891 2.7935663654220146 
4.337701310422443 3.39092300484863 16.561848753053503 -3.536776077767205 -11.297824490029814 -11.37067589172068 4.198303215776335 23.463021475206858 24.416863106879347 25.431626694811616 29.902633644813633 
24.721157152316803 22.34822495603678 1.3692528602588796 2.530689976801409 7.752117569737933 8.147636443590054 -8.814789197749485 -15.07823710418832 -2.3599171620877786 -2.6928218841817215 -5.49136648239841 
5.648380476404062 3.865719463146624 3.280587502107351 0.302567585510269 -7.905478686904218 -16.38335706799169 -22.43486434568631 -5.748652206992956 9.556724562365833 16.060584536741537 14.48347658631593 
-8.530582265613234 -8.873204321904897 -5.010213780457039 13.719512122690727 20.470399294168523 6.599548870779779 -25.340026303406113 -21.77400503357238 -12.677188724997425 -7.511867714524405 -7.608951436466283 
-6.454030978320125 -5.30985088206083 2.0151998499721184 16.609391252051243 27.37091712623326 30.762548903539894 19.555366361785183 6.3493272573877455 2.6384250819880997 5.015761415851157 9.670137466249564 
-3.4577316529895215 -1.3955004464035834 6.13669010457015 16.415793904503925 28.19160978685611 45.24987293783104 50.39599927113841 16.06306182588861 -2.072464857168115 -4.409657355663317 -6.855469143952689 
7.423238469255395 4.787029916588817 -6.5832946278616635 -6.448610769335735 4.056102234320258 20.722102090876156 37.57174485676052 28.48226787556419 11.843093821749003 1.5248039897796692 -3.3906495645636143 
4.236530631762714 5.225205920931359 3.049867074353535 -12.62264443553509 -16.737039840442122 -3.184738064559915 18.324654513441033 19.32807602290655 1.318548374683849 -10.740504703019088 -13.359497923721129 
0.692671905438934 3.9980954351368054 1.4375187447153905 -4.376144726034967 -16.88638297621487 -20.85867059424544 -21.936239013526198 1.508666497052709 3.9068818616337335 2.1211037068095635 7.2629882450314955 
2.1996070816131694 5.057431348982239 10.051532910437913 -0.7724200050747774 -11.246912200308605 -20.765244225534307 -29.933641172922336 -17.478254169774353 -1.4718440806659139 8.945923905884264 9.7209355002805 
-4.250350346437007 -0.7161671950634013 0.8920138344865902 4.329387034484686 10.557593365719793 7.9979609750308835 1.3425378792498515 -9.496219538599979 -0.18160937077085937 4.5177303914874685 8.335043945527193 
-3.3279805027759535 -3.4927192005891357 3.508305247563727 -3.2304938770323144 0.13585769860212626 10.824988529633327 21.378776997480443 13.631480889320132 -0.4126708102242962 -1.4558564592384118 3.110647536300533 
-0.0015282099905946644 2.5230144831320827 1.1038859536574168 -0.3912637100110436 -11.11372194570775 -10.417940327926068 -4.851323232768832 3.739381332193082 -3.142595744718449 -4.838608564002204 -6.748362227937979 
3.0101889965009736 2.0343138587668674 1.7341131620488779 6.187578687903999 -3.0868286079440184 -12.076435632375647 -27.241578404944654 -14.624477539859303 -4.392383090422635 0.2548566163115697 -1.893500811110055 
