-36.53244112580404 -91.12621895090804 -307.63876188141927 -349.4974820917157 -250.5771383064147 -145.54322843354694 -100.58840268556715 -96.38855882445361 -88.58100751284108 -103.53231460065598 -155.27253856922331 
69.32135671903183 74.54717856027011 65.31120410291891 44.48095125979144 -4.370578170396243 -16.251446109203968 -23.094268399198967 -32.49931490343124 -23.19487443472822 -8.52954209511125 20.83189488402165 
-72.32569372417208 -66.48438361082773 -10.181055996789546 -16.632246047394787 20.934204549333465 1.6984957213417313 -31.44452041241837 -39.46347635139125 -49.27267569446232 -55.896107971614434 -52.29981093945776 
40.95176426344408 39.20814386139841 11.15533681936496 -4.990699041181875 -19.053518586659287 -40.3200838440893 -63.31390841495723 -62.82820064890224 -48.13637950667895 -42.132183374766456 -33.1583820897169 
-24.585009847853236 -20.53539507780925 3.9074082292738774 -6.85664305762927 15.122788303184251 7.986511268846032 -0.018580705131226782 -9.489466033734121 -2.0021908592022406 -5.335325883961916 -9.289401872537017 
3.9683197186683916 4.215058800992413 2.90310509751297 -1.5617143164584038 -9.707658702909747 7.560237835447792 12.508537414648124 -13.740103630299501 -36.93544806633527 -41.59464816938831 -55.940795412038334 
-28.01559112837031 -23.92887951470062 -13.542136623065346 -0.018176116119262398 13.200628952297114 -1.4535555142573982 -11.909397985888367 -2.9412641021784207 11.061188278495665 12.37560902467748 16.37368292557351 
-1.2480517556761797 -0.7277854975239517 1.582346715459059 5.964922384965265 -0.5797535298906249 15.208795576875307 21.088217608278 1.6888987586550501 -5.746243259450305 9.204939477103869 28.30570890953634 
-16.532825781192454 -13.314296562287051 -11.114530896008148 -7.113299533994383 4.056942395146129 21.222549665868954 27.16659591634886 33.63969946600332 41.689004244986066 40.00023992696972 35.25868117801447 
-17.773028218806488 -18.59896087998313 -24.622118744999838 -14.678827963285011 -12.559239791054555 -6.176593202610474 -7.043749201544777 4.509994458860092 14.133219700953884 6.662130680670441 -0.9717197432291438 
-19.04229557047701 -18.31041190092383 -15.895151446076273 -12.694841883454192 -13.723485191528102 -5.204246038485296 3.1662522180629367 9.22009179190767 -14.721247460888453 -19.787506127953677 -3.2602793992813863 
-26.547465813502363 -27.498992060517256 -19.97176437154768 -10.593274376457542 -7.626236824987941 -34.86535889506985 -48.702290004142924 -53.61011181478675 -56.315321049560936 -49.5463117998399 -42.124011670517376 
-32.07518747686305 -29.81528846236504 -19.443817276137267 -10.563611291463012 -4.912747482427206 -7.39530038634493 -14.037333816169959 -9.730714631464105 -7.969346294730695 -0.6505742535409971 -4.402923679981713 
-12.242077624052417 -11.272023246851944 -3.5962490512616165 0.8397631341820186 -1.639693900214134 -5.562534706200088 1.9607749622088793 4.004724104250087 4.532222683592584 -0.8493115818193886 -10.949804825319692 
0.8222402019818995 3.1524890613749714 1.5312782604733828 5.121620203086256 2.326177592264866 -3.1688898105068697 -2.4992169932846053 0.5686882770003783 3.5885311671726248 -5.437029719123787 -9.416461221981606 
-5.12055530903498 -5.468033394281491 0.5882974356390348 1.828471546409431 -5.848222722109917 -0.752392424812145 -1.8842713955906656 -3.2314006853899566 -1.5155435106720705 1.1599826400377793 4.71245386538323 
-11.926137275375702 -11.63763272259329 -5.534618235497607 -0.5430904959627427 -6.396486472666561 2.934351568026508 6.778267332464841 4.842850707359004 24.763467924249774 37.54118854320403 33.95093747347967 
13.140770175549864 10.525345324877694 -4.97958388856135 -5.638224858119042 -7.177779137180114 14.693561870382517 26.603587823502878 23.0697272874154 11.163188083203497 2.5941015113590327 3.524049924537926 
6.591040069610594 5.303609672608144 -6.3342991891082265 -7.241774112518696 2.0335674623798017 -7.053396612511068 -13.099897788715214 -5.734407317314992 -21.678210369835767 -31.198785949202733 -38.18146583804867 
14.547667911628904 12.378257494699298 1.2906319355761209 -0.2950296211917468 1.1543004295023211 -17.313002222117973 -30.265995964499737 -34.07879262823333 -29.79398437019973 -17.561775144381496 -14.990895403495713 
