-648.9965827202353 -635.8909805577845 -518.2371646259523 -306.43443132168807 -215.1708054967481 -198.37265003955054 -248.69343054394696 -381.78467681882654 -553.1365041224096 -613.0377699372553 -628.5606860107148 
67.66906639783483 67.92097199249179 9.013133182374176 -5.2450048319656055 -3.016627286492099 0.4008424956343173 15.142822246844496 34.76928049229175 84.32686816323135 83.18950254375638 78.64293620477353 
22.682464068499876 25.242068926423137 26.606166859133022 1.3580737078492762 -34.02797608919067 -66.38887945607172 -58.61207550701755 -15.634052494405303 3.327385398500316 20.097019764864065 22.409832734133165 
29.461664125721597 29.025169214571854 16.410437778864832 -21.703351866457112 -45.02871339097879 -69.15876991835484 -67.24868741996204 -33.64254683777794 14.65206825106328 29.972832236023375 27.867726661577308 
9.590161425633942 5.160434481728157 1.191267655817759 -6.321033895693885 9.12477998573618 15.06737151333866 18.493083573650644 27.669543899374265 10.86331730869168 11.925075495039213 11.272596030344308 
12.813860592399667 13.913684072565998 20.535856466072023 10.494484275672036 0.6804260642516641 -9.778058651616607 -25.464471341861667 -16.486424334986637 0.8710091539116211 15.064395999962656 17.588203886415876 
3.295642678676626 6.788207999128015 -0.25927881589980317 17.225712984258678 21.080761849434616 16.39046958528256 -10.874320224345855 -20.582372015174272 4.35802015936123 9.435276699543028 7.25143517413659 
3.438529038330409 5.656622134315416 1.9082263119909169 20.600663889537746 31.92643500890477 24.003798856142147 5.665880592706005 -18.928958771035244 -2.1071627091676914 10.538714754387936 8.184024177221964 
7.3250732533004435 10.244786025100579 2.079613969157884 9.555176489710147 44.810101108903325 68.2888216755178 63.1587630448588 23.580915286585356 15.538442354066776 14.195093139401818 16.867241326314996 
5.037501799431397 6.922800590581431 10.861494657747897 -14.93424652056575 -8.569873062347412 28.74013978555232 58.60198737668649 67.46920625538138 36.139735659053656 15.610528695589661 10.345919293954994 
-6.049351639311752 -2.646698834506475 11.998659471456595 -1.6633230405867203 -24.6116423140177 -12.992896808434136 8.772043863892023 38.371312711567896 28.809792890883834 8.80782736789978 4.622344937976104 
-2.283411519631686 -0.1459155774915828 16.079173697459886 15.453778354701845 -3.4999399482543256 -20.17901403568137 -19.84400269159567 6.389456770290922 8.589789832686504 3.8173278721159623 5.345062496107833 
7.115630246444397 7.008806823822856 10.63703876412256 22.089076831706397 27.96874213650777 7.890042410047172 -11.46859669510146 -21.67418726579384 0.5544129634943931 4.766777579413188 5.964720775829984 
11.442274954080407 9.803579939414703 8.013272598541441 9.725539715792802 13.386166926066569 14.190040457297501 9.491290967370766 -6.211443789342708 -1.6696303627273221 7.111084246067178 5.265374458007728 
9.944249829370458 6.283550170711858 -1.9569070197558776 3.0054113120076584 -2.818461836150417 2.1127147890238165 7.963710004786672 3.1615494796108448 3.9973407349423917 5.596931309196316 9.22685886373301 
3.982356482040341 3.649558928463361 5.4748506789500695 4.312597591012903 11.45339761298678 9.147126938230329 6.538070900988746 5.014755123692478 1.6569137956949866 6.05251105058287 6.263299656405091 
7.204309716103783 5.248034749743379 -6.062443287230737 -11.987552396314216 1.131160449675774 1.4331635690809945 -3.036646420934481 -15.319503335996208 -2.2750513459289916 4.209507963120391 1.9409071623627048 
0.22154574252450915 -1.7273213871195943 1.4293496879174294 -3.101853329793018 -1.062303157759731 2.364532391184161 -3.7478157909100407 -5.004880579271507 -2.712361909777376 -0.7262114511218545 -1.775719359029762 
1.2102674666171171 -0.34131884246096933 7.555131467146348 15.82483727362833 11.030239428808695 18.29691699630364 12.370264963430685 23.46316580410791 7.612959256748173 4.036036106689263 5.614479581276914 
4.009916065039545 -0.27236382884300914 10.479968133182282 16.69407169162893 13.5180231787466 26.82119453844623 22.653212570136077 24.95084907570507 14.033819837076866 4.23523501015782 4.5132065699432475 
