-608.7884846290631 -604.1683978241624 -410.3798477107413 -219.79677046996596 -165.26450220842415 -180.44872454519302 -237.43687531029585 -348.4083110917897 -552.0011724312076 -607.1081381132069 -606.218862976233 
10.57799345462049 13.530466339030646 20.541437878180027 15.374025195333605 15.994904055262847 12.383577773747982 16.823350063951093 37.86070468808485 19.825546128424833 10.39742286643047 13.310941546813552 
-46.63073914687826 -46.94698071615323 2.66853500850931 -10.329783553223468 -27.967240791763256 -53.60859919890224 -62.68915975462244 -44.4135988280636 -38.02814557259296 -45.80400369163358 -40.835055586106435 
-14.526289607072844 -18.21829152189728 -13.517603940892911 -22.91956507577286 -42.85746638873043 -88.05172118894606 -114.47260899350064 -118.86186359482573 -56.09829712120088 -22.029207019533274 -17.327146523161787 
-25.083051981918107 -25.724776380099105 39.30365411412359 26.43419704195126 12.450162162592388 -15.845788902125857 -25.820065329399874 -13.82684721922518 -30.35031745056463 -21.699421012100967 -24.32419567215507 
-24.581130045608766 -23.459996574100906 -28.114558268159094 -23.5082704902011 -12.767321817283566 -8.71518426739344 -23.287326737799116 -31.796102983470163 -33.52505936272665 -19.829270076390515 -21.82323694481869 
-16.99190739276249 -19.560633267026745 -9.496556150409736 -16.54983920762033 -21.50468307112906 -10.072912144078158 -8.723145670944376 -14.925452852242618 -19.68328543579059 -22.54759749045612 -21.046365569707064 
-12.049785012150263 -11.478514249992745 -9.24649076419658 -1.8016502574317084 -4.1924781576863435 -14.159869192683223 -25.05727489715157 -17.435240885780896 -14.972391820369097 -14.504643560389635 -17.75167568344666 
0.22678964947195035 -1.6072470581776166 0.3611188358558747 6.764067274337126 4.181425614507729 -3.570175539139153 -11.062572559325773 -9.518467833506314 -6.944634104188779 -6.337025989963854 -5.591376430061417 
11.684711257294365 6.551335109626841 9.633534493124412 15.324558059215974 32.1846563789633 38.29380466208076 16.10048204843962 6.529950988526731 5.3995385065744514 1.304373584869909 -0.29146457924367186 
7.241199531100571 11.604363256978804 2.41440020145082 1.7361244312666462 11.087919380864344 18.33474594251892 -0.261502885734876 -13.259748589480067 -3.128480381829405 3.8757728119307977 6.015171361056977 
11.856312830553952 13.941625014332391 5.76366021922218 -4.42177767621702 -12.253737076178798 3.049213390641115 11.612831499220956 13.927647438828245 10.153265986413071 10.26524280080605 13.734086482884212 
9.269589280421224 7.730062321963846 -4.057897213154123 -4.164362293339531 -8.522446528701192 -0.6115206126623431 5.012511682384725 7.992547298747963 4.502132176125984 14.168195069271679 16.607292273669476 
10.167726703183147 8.105957468931928 6.117191439365684 8.494448761540273 0.537362006078021 -4.426562383638354 1.7291245089843055 8.768686922638405 13.54136585725811 8.823878016305049 13.891219552686042 
-0.8406933844008646 0.11383890508566097 -5.307351258739473 1.9185723728541328 6.7340904093696246 4.81649472901019 -1.6903461352982665 -1.8705215273314117 -0.22659635706625736 -0.47237123540354753 6.172315121082485 
-7.98733171951209 -4.186303270523603 -8.664825830738506 0.83563093468599 3.8638176515386577 -0.7871866355339732 -2.947712438986832 -1.655299671489409 2.685041445010192 -1.359357145903989 -2.869403879145616 
4.375874360066536 3.3095214878857266 9.09947689502274 6.699032966413059 3.62659522707413 -4.798517019929138 -7.594457342557941 -2.8524562204152097 -2.1563572118388725 -0.1996899049414247 2.4772076488533337 
4.552335121468433 5.751088882284863 -1.8402887783454929 2.3500548067924747 14.204749043073384 21.179669191226996 9.875439982748006 7.913096034197418 -3.86630435887166 4.538346099908103 4.588880205767502 
-0.3481805426607121 5.269624769891693 5.983206601412031 6.381514600031631 11.432343708145204 9.150601392648095 -3.2327697440254157 -5.562422799925938 -5.9701703157948165 1.0151822544057385 -4.941580075309073 
3.288924025746225 1.131343718400284 -1.334427470269185 -1.2891974479921657 -3.0574957789647224 1.1341303074782751 4.888259309695337 4.711162725912218 0.7721997052725769 5.950621970601316 2.3967307602878836 
