-801.7707451427216 -776.1839474060108 -425.49481842611266 -316.1112497210864 -272.6739209069001 -275.25000145031595 -331.1327017587004 -436.2478266301853 -659.3100893793052 -733.0055704168234 -766.7018023653046 
22.186385807195386 23.715465105095912 -0.1719072152307616 2.7903210321335803 -36.218483942991895 -56.48210323958429 -21.686868960803423 2.4143340495043253 33.559664329450285 34.956809528826476 30.48068507296582 
-0.11736816300139347 -0.6880660533631948 14.699028687055872 -5.140804613672779 -37.07763600211861 -57.88612630230722 -48.741018713535496 -51.64559189487622 -16.83363864853333 -6.108518027103191 -6.726013957983454 
-9.968497233473066 -16.56133603075984 -21.324472039570047 -44.9095792535491 -56.961136874682964 -59.56715898699501 -42.03089618554116 -45.53445479310949 -42.45663023718708 -12.028317818703787 -9.312453418366095 
-14.376377590321137 -13.038095789387276 -0.22808186385055512 -5.942112807753975 -3.271255938307514 4.192073443863454 13.595681704401827 4.591268828422425 -16.048951514407563 -21.814737736567317 -15.811199194252893 
-16.05504304338314 -17.804685890152047 -11.227235859001759 -5.860494535591039 -12.47128585813767 -24.04879924411908 -38.94956315485304 -39.54764764081459 -31.11706411571268 -15.146886684328773 -11.778344393560587 
-2.4734334352940843 -2.479295316190173 -2.2006957782183743 7.161453990111632 22.493161895692513 25.280551957472966 16.91942274418554 20.68333075321685 8.077718401672017 -9.860223498284373 -4.091360316755906 
4.13374145125815 -2.921979086952822 -14.531594631741644 14.164934758171851 22.761011003297444 18.68164955278315 5.90440127114768 4.813066607801358 -2.627118166833592 -4.887743016798405 -1.5005979757940926 
-7.343098215562555 -10.714510771104937 -17.7841530295056 -16.817060484852114 -6.611490185114848 14.394837219384023 24.75304637807075 19.296684557421436 5.421415853335921 -6.095982775350758 -5.547208085330084 
-6.195823644267301 -3.661752936196711 4.648906083611271 -17.348357166377724 -19.91200725109838 -3.2613756929355477 2.2065358279151255 -12.152626020612807 -20.898850179596863 -12.970132181743855 -7.550773917710401 
-3.4446569130352795 -5.873728640207734 -8.828515372940775 -36.94076158217394 -47.94428457373385 -34.187910057666414 -13.677005814487131 -12.07384287333689 -15.514784153660573 -12.943584230543804 -16.194562418629797 
-5.483026368703882 0.24702214910462067 7.077341418588445 20.113609381029253 11.58356623734674 -9.223864924977594 -26.874493198875875 -33.39720052591362 -25.10301863152703 -5.178879603264764 -5.675780862970787 
-5.150596267703229 -3.439835645558196 -7.203109633056307 9.889090153880868 10.411762328890998 3.755406014305326 -3.88845302348777 -5.825899525568497 -4.870205837058698 -0.45199778722971484 5.016766838833974 
4.655732395205951 1.3797199937603652 -0.5204572696896258 5.379422885590141 10.437109455469216 16.775078674933333 10.687261980181589 6.051236512291283 3.0385197041535816 5.187075977604902 8.946874316344543 
6.4555100646497365 1.1528595353930569 5.385077621625921 6.155409621856417 15.07394884671193 14.547427032924023 13.898418697397787 10.229958055385463 10.889118391481496 5.535025650198339 5.791902719463979 
6.514723395811308 5.694577513793735 3.902180223706492 0.8348099947722298 0.8071906110350118 -5.750143880126017 -2.4273224492868644 4.4124883333598985 7.92470038443497 3.04652367137072 0.7078543150489065 
3.6726840220084647 -3.931426868496338 -9.029581919394225 -10.380296455043322 -7.303596722170316 -2.436176190998838 7.7938283971781965 8.621375276024256 6.235292197457747 -2.721758937919465 4.189242540499712 
2.987714963393891 0.990102320278943 0.03938647155269908 -13.662349947575795 -21.48307546272332 -16.21612864934235 -5.026824097826649 -5.1107108877851735 -7.635370835742139 0.3324147128323855 1.8704004446857843 
-2.3478294759414386 -1.3836706633744202 -0.5935406926434733 3.7876045849627684 -3.491382753850653 -5.904678566119197 -20.675656658784153 -27.707966251950907 -15.167960828098105 -2.7126955780787387 -8.408280834283547 
-4.852687308596787 -0.8408699288908812 0.8117795231656126 11.666720891642957 10.183205558658777 5.262673897752632 -13.616861265203376 -14.47758374351558 -6.419790031440221 -5.980915226519808 -12.77410460784638 
