-453.22625349480336 -426.43560322772043 -464.8664812074253 -402.5276012470343 -226.56905286208732 -166.37713888324 -183.03257198360248 -236.55671846227926 -330.1551528854956 -441.51374319787794 -512.3887888262607 
34.46952916045129 24.391443493524136 25.943841813676222 22.814164405924988 15.091588540716849 30.196339942414113 51.713424574240385 66.16481010764525 96.13517340497323 99.95587220625595 65.26137827499471 
-0.2514948510659758 -1.19230027482236 8.312585576705969 -2.666916646903504 -23.55676705091971 -22.238892380319967 -10.379421397621952 13.716446824646129 37.26351728789817 31.164473170621807 19.569957038353483 
18.12449952667547 17.20297329673727 22.527009187341605 1.3877857353669714 -9.531518861518187 -15.363743420418537 -27.931254887254354 -60.637626722243 -66.13517662656707 -11.657114302700295 25.97061452773047 
0.756083042335296 -0.7201087738290373 2.1360443202760373 18.687406078602507 8.460108373597958 -3.573659294336638 -30.649666960179026 -52.98272694367192 -30.839530528058276 -18.2213042679383 1.5829131957145854 
17.845877026374907 18.183286141663153 20.76731109429163 2.3223383192345493 -7.587616968583953 -6.183370514704549 4.9290792124284835 9.70723284121156 -8.738152717061507 -6.638857152815359 19.359392356465882 
6.197990600257867 3.9495714326669713 8.556197898058244 14.539242746610697 7.665773889809237 1.5151266336337585 -12.265547847976983 -12.674435868285745 3.9019104067616723 10.099343718759904 3.5883163268920923 
-0.569280258079462 -0.22534216324570228 1.944851712964371 -0.3578333353129959 -4.513981929817316 -2.584713007550822 5.225467288747078 5.154652786353077 3.3698764861711323 -5.933274956769369 0.5519124906111792 
11.301213605615676 12.94246627080322 12.777375291753831 0.13039287007907246 -3.280198899124146 -2.9744751564069754 -6.566216781105411 -19.67335259240859 -17.74809717556999 -1.6442312819653497 -2.9530339485463175 
1.5626466938513488 -2.2365477774767877 -5.577143123172629 -0.46725925519008354 -1.9275449374292486 -4.963412428043739 -3.799727496938848 3.998926127185095 5.3829223253455325 -5.92332386287168 0.6467442680909501 
11.004314523090908 11.510642321908527 7.86534261181998 3.4456325889305477 -0.3464864479490707 -2.337338339254442 1.0741698102635198 -4.525103292455533 -8.042527623870841 5.0115748469020165 6.691276894782844 
-3.9907224232793603 -1.6247046287733922 -0.49592005377531156 8.463297934603439 9.493993122952208 -1.1932001014606226 -9.399906847987662 -5.5160441333349315 1.337042087022629 1.1358597066112341 2.6425068300567154 
1.550845774697453 6.7869876767937125 6.73882266022682 7.499544538181171 6.779969181185733 -1.3475620941232793 -15.14555603943366 -21.59365292372555 -17.188961106218677 -7.2250581678697685 -8.07988251371324 
5.20081028690622 7.616777205102574 8.1306733970716 2.7966573566784865 3.2921138513858828 9.392991698342405 2.5473063289348508 0.5245052367034977 -1.7101051954026787 4.629437530270027 5.609495621676691 
2.544484074438447 1.7280704814107974 0.8536856338400992 3.5884492639107224 5.422124873815754 14.679501999422449 8.481648796365906 -8.562108501975764 -8.711739354654133 6.3327806239235365 6.221344026651974 
-0.29336794661998467 0.40932429409643706 2.5143169318594687 -3.9726716296639633 -2.7713544388742304 16.836764579581384 29.800777691447443 16.40084268466091 -0.9017460957793497 12.365241371725713 11.265322638284077 
4.472922024702132 2.4083573472690247 0.9800979121078458 5.571135000870912 -1.5605278524616022 4.4984439553505915 23.73951003159246 22.07709388266989 -1.958795891590088 6.060660803343092 10.220809663817288 
9.202775421152918 8.700809209179809 6.383256447559418 5.596145395450467 2.1577456054149717 0.4265043734085928 12.968601092038696 33.59820703754957 19.27326772898359 9.599810225088651 14.28968415389378 
5.517061094182443 8.451877811067202 9.519569538620782 8.763141479895872 1.3870624698758434 -7.3142736913988475 -3.701912632470375 12.228044666607612 13.128425077579369 2.9973749566009906 6.427128632994181 
-4.248358588302551 0.6651882241708658 7.030156951785196 -2.0776334735064252 -2.934164020578284 -8.354399257244866 -6.371256006719576 7.5313822143736004 15.17323437372318 8.010087338598646 7.794639586732795 
