-550.817055857758 -467.56138367809746 -418.0599450711024 -451.2643432533551 -495.71501877529465 -381.87466002526594 -216.3505023637543 -151.66536391260993 -169.7104583545061 -259.11341756545556 -439.28006707369127 
21.030676230470377 23.84625163037569 19.9521832616583 13.704817986927974 14.710496600336285 -19.017476635372145 -10.621661315492744 7.5223768028957245 13.08283833228457 14.44304102501911 24.320621347005527 
-25.626244415425724 -22.26866384690831 -20.09240644712581 -19.91114267638774 -32.2651531569264 -5.637449495533554 -9.859319915674018 -37.56223324958174 -64.42721686724688 -70.32667657660869 -40.94200877461226 
-14.203861530083099 15.202411451376939 11.68824541572144 -5.749897297975917 -9.333746418071582 -12.833798708476234 -17.560850609492547 -47.154520457059135 -79.27709494337505 -82.59459123545656 -53.57668888254601 
-13.54116816062859 -8.398687992630412 -6.080046469106755 -7.110978004774141 -7.158868124354164 3.6614429402464577 0.012707175760512446 0.37917428313156665 -2.105038812275427 -7.216351469195057 -8.398614294457317 
-8.128449345806178 1.9759675575974989 -1.6785648859188187 -7.089556391221919 -5.995040582318589 -8.137139483013438 -8.531702123707552 -9.077241524691573 -18.292384305255943 -20.196187858124397 -16.25348794451064 
-10.327852618187801 -3.9952585138031047 -0.8209476998035174 -0.919903237297037 -8.889330253058688 4.2510018743305755 -2.0084543139379534 -7.7220988335505565 -8.579361015372541 -2.3775394944642865 0.7086436638227521 
-6.031770171854114 -2.4391456434663126 -1.1118102822134321 -0.7772819544502423 -4.875360909623703 -4.694464594984392 -8.135771021660034 -15.487789148291768 -22.323587075663482 -33.594963214833136 -25.21002944265509 
6.711039348715582 4.0760556984902045 5.907756836188254 5.407852375704401 8.049574683674502 13.38690111115967 6.056661515787532 0.1360985600183774 -1.2992300291964465 -3.1208995638845893 -5.591986690754951 
7.636382774515759 -0.46933190223304777 -2.692442016387883 2.2109538538201585 12.429320914329509 10.61616205890637 7.704033278663303 9.53313105447829 7.186783838763057 -7.422481294833409 -4.658631817198192 
10.390195990248898 0.46195268894328456 -5.382635711116885 -6.844635323700547 -0.3974171300272057 5.757794871954468 9.136399731005529 15.023512374345252 14.335581539333809 6.963230520517325 8.400362775388851 
3.7781251066073978 0.38391580925397484 -1.651574256310438 -0.923717764739396 1.4881569064286546 1.556938977839271 5.022905875249134 13.916608392128046 15.164233196969235 -2.7310828049754994 -12.009455281107513 
1.359588298264367 -0.8696616681953735 -1.2816007305048938 1.6804709235557875 7.931499204762727 7.2368222025375 3.2093738212741116 10.284720225812968 14.978786842749043 9.853036116336146 -5.8946618168876395 
5.549484640803463 3.9398413707814646 8.110711165647274 8.380864142476277 1.0028320050324855 0.8799531169827792 -11.50658100524494 -4.909111066707377 13.65213693261881 22.323962345611314 12.856056028483252 
8.378116253377458 3.226727415493718 5.768367796279709 5.828519234770411 -3.9539769318983353 0.25884135574677347 -4.048185855850805 -11.274265712318442 -1.1899168730603211 18.82005065766271 22.113249191355102 
-2.193655818870679 -1.6996686751576022 3.3397978111731046 5.424332717191742 -1.5403454250105812 -4.322012459352605 4.306645047204542 -4.734445325789592 -4.402185167405971 8.763795763578234 23.39351152998328 
-11.334480500655975 -4.550647220784535 -2.49953278693909 -4.769455013631871 -12.29116967738604 -5.385159251798165 3.3416544351717477 -0.4463103698378054 -6.703450490385874 -1.5212451163945744 5.383247248662013 
-4.7657701554061 0.8641529827071397 -0.9984685600591143 -3.399661274851561 0.7006549061372174 -1.3268949827756265 -2.3674821775638755 -2.054149353352029 -7.027050480135133 -9.341486300613742 -4.058478101807192 
3.388973887059619 2.6385608814987456 -0.7364810410070906 -2.572808494898554 4.041037121746769 9.040086774488673 1.5011368964406049 -7.062291289651193 -13.3236376655137 -9.37710587651177 -2.239713467128232 
-2.5111254665778855 -0.7494917719737267 -4.518283361212588 -7.775574321799648 -3.844205313900759 -3.5761389156222165 -0.06898422149443784 -0.42161357372580155 -4.770999938051213 -6.6989517632874165 1.1184345989308664 
