-467.36260941006293 -498.9133027594509 -255.96635682383658 -95.06599560801969 -36.825951002055454 -35.50986587472576 -8.637731385183836 -32.42107190267739 -154.96856364851942 0.0 0.0 
-46.500216336159866 -19.8070682457777 -5.022992221904581 8.04199203699503 24.43243747046541 4.593985726355565 -4.067550534707656 13.174643472105089 39.384772866041814 0.0 0.0 
-7.566367661779774 -6.674909308878334 -16.154729214362142 -17.111301370870283 -31.990882150107755 -37.16297744820217 -37.80107447412642 -27.586188574907283 -18.50039344054442 0.0 0.0 
8.217289410799786 3.8760297171437204 0.6106813310965611 -9.054665335275107 -28.67838118492513 -57.78685308324471 -76.13672336174116 -83.42462615541402 -78.77836860070158 0.0 0.0 
-34.08382895915125 -32.76539865190121 -10.560944950393328 -11.922109546727883 -20.678914295479405 -24.96204529573093 -35.57007914172793 -52.11927142099516 -64.64878725585092 0.0 0.0 
4.660909100713399 1.7852393372787896 -0.3042520236327404 1.8384540222265708 7.750809602803025 6.933672754496568 2.0098435337886533 -2.7445398708173814 -5.092774235467077 0.0 0.0 
2.248270808225285 -2.466390995633382 2.906658032365452 0.6398287981656927 -6.709428846308215 -11.256263177268021 -13.041694593779331 -18.641161897155712 -12.589331166102165 0.0 0.0 
2.8856401419006654 3.0687638153175074 5.591219739288306 -2.161453373302705 -7.1352735308989 -2.7751156948715767 -4.084293979749169 -11.922442385572133 -18.491818121351358 0.0 0.0 
-11.36303162981924 -10.924784863724486 -1.1438228917095576 -8.93909752108225 -16.504203626235444 -16.382689407060415 -8.325677507903603 -5.971151632396158 -5.070771925315456 0.0 0.0 
4.230410347801879 2.978789448127673 5.0529475030503885 1.5035009531687868 -3.011212164422724 -15.207990067766193 -27.571564354173915 -30.000358436334018 -33.32054778169654 0.0 0.0 
17.314552136987654 16.72349956412359 6.17508879724023 9.062061895633356 13.86226566160802 7.252389879281916 -3.5322370988548824 8.185296314905893 10.556190606311697 0.0 0.0 
-20.980227289457574 -15.014363758751852 -5.505607523108283 4.847608911600167 12.175784788338024 8.794766375770038 -13.67603385699045 -16.041657902708387 -16.462471429697146 0.0 0.0 
13.665730773937891 14.941698577167749 6.66508177519941 15.486659593315864 26.257718162423803 35.69866319627879 15.47250041376202 1.9365779603703546 -0.05460816307233604 0.0 0.0 
-5.53373295587964 -6.203622035105145 -0.936924004862021 9.83857229978685 21.63128440907042 36.841101703233974 32.592700576187035 13.32737945920693 -8.136471951092755 0.0 0.0 
-7.71041796116983 -8.951827330326777 3.400014078382167 1.398560791744657 1.1994881698288036 10.967796856284275 28.49976847569223 16.647577304893936 -6.027804172767317 0.0 0.0 
4.8970702671483535 5.065126677910849 -1.8108353411127416 -4.794046353189094 -12.761781476180541 -11.677156920021812 15.966029669754045 19.25827156147965 -0.03814945512931957 0.0 0.0 
6.669009402709523 4.951088115081203 -1.6639357693961765 -4.985272439312901 -14.310282545399893 -30.65460773781171 -11.3767971583428 10.31755652545953 11.405026438803024 0.0 0.0 
-1.8052885404282066 -3.989531838546228 -1.4888016847224779 3.214931295987361 8.923714409848358 -1.904215211873908 -6.621526141327816 2.7862362153741813 16.868663348073245 0.0 0.0 
0.5285529595422689 0.39441121318758965 -1.4776800730795518 -4.475980112786641 1.7424555167168503 13.980478710107882 15.680193663363383 10.243786500388975 5.778276424067793 0.0 0.0 
1.4866193783779955 3.1712426513717644 1.2713650177120126 -6.914272764518451 -13.731230205090771 -7.259709341839329 0.6602291332019365 16.013614415680316 17.41611695652871 0.0 0.0 
