-529.7658890826327 -526.01605424795 -526.6842006646158 -437.5456324266268 -200.96394278407752 -104.21630550741064 -95.30862888029141 -170.36438752285753 -299.16649736975535 -369.42538805091556 -488.0762670982685 
30.822421206027997 54.36232265829722 64.83393796921206 15.013638247952525 -22.194282076443535 -16.79197895914249 -12.858708448821847 -22.127378223017523 0.022866963881906566 14.679540748231926 19.27061036798799 
22.08639082863238 31.4785280997109 37.92486952456518 37.96606939096796 12.229422416234248 -8.8511556155472 -26.933014702042207 -30.91019408432878 17.225611740536866 16.688147068356077 23.144147145503347 
36.04145892624738 39.9552095003671 42.431833376212104 18.650141086552978 -4.16546501828789 -31.13920482202342 -46.22940758187098 -50.81248138660016 -45.38350312359958 -17.774658483437655 15.383543781263809 
26.909997300964932 35.92135699347899 38.51735963054444 44.210686119557266 20.26515945928395 3.124650478742338 -9.356874704824481 -6.9967793269719945 3.093004849184239 -7.7301564251899535 5.011786673988018 
30.884856532202527 33.04371721114675 32.98741454079499 30.1128814944175 3.387760543694344 16.061549963861324 32.538895467217024 41.29099289621681 4.4780596546678 0.7305777474724358 15.76828415034127 
16.617923501615742 19.611376147099676 19.73661977784996 31.375161630387787 11.762858011169712 1.4199189912301766 -11.619188006100108 -10.716524500319391 9.455845198857642 21.50209651548196 26.611024810597105 
9.130120788152748 12.697059256249009 14.703366283952477 14.031357604228617 6.977637475596387 1.0484043052600618 7.610352790065466 18.673750111236522 9.474867596948542 -7.909611136820287 3.0161802861000995 
9.983016554742935 12.296788683706097 15.833448338119714 12.537234174036593 11.449451559157026 2.1815690622714228 -6.400998516905565 -10.197700054257222 -13.967015675578176 0.41511628123267086 8.538146179954936 
18.59146927300838 15.921431308884703 10.88519150038566 3.2122520111737654 1.8738168983423509 0.27074354659510136 2.5479268270453557 10.950414391611652 6.977604721533848 -4.681767102436336 0.28443707629472037 
13.675575355679667 13.992397343036192 10.03042496616127 1.407600736741766 -4.229522904098876 1.5034980114641963 0.8267248024501253 -0.837173048045072 1.8700935047523268 4.330272614570812 11.656989074097126 
20.271254261048277 12.681224209419721 8.54477786373526 13.296746030281065 -4.195512498140086 -9.834499389585485 -7.481853430257917 -1.8391222456421463 19.224217489020774 16.594645844504207 11.172968778246565 
6.194687054218167 0.13679045370473847 1.3063892354513797 12.297492345697163 4.754551049189041 1.2489761471567815 -0.45168559859854046 -7.694092804437544 -0.9245677705473846 2.906132739231546 7.12847403050359 
3.1861363835960015 -1.6022281424324452 -0.85817744959344 -2.9089507238601167 5.680894278721092 7.964404565102376 5.993318289538578 3.6709376479434654 -2.9295044932801453 2.753854699643415 0.06332104338792341 
8.684198894074992 3.6265943009723847 2.446384017894186 -0.5725593415329406 8.07539548249203 19.111075020748807 24.80624909807179 24.19437036266303 3.9764370993481393 9.39986526438702 14.413235607193197 
5.569534072621674 1.4943128050681578 -0.14999481078541804 0.5905575144280976 4.6146883836618 18.555560951559674 29.98928662460561 42.41161333031368 22.12716401817195 25.071145778135026 11.254584431448404 
4.188320784419723 3.923391183637064 2.697394886532628 10.72077205002357 1.393725898179432 -4.800205465536484 8.844027366473336 27.57326088737186 36.809203615001095 27.63644966383785 8.226557966018365 
-2.893582911381537 0.12199056633718913 2.7536842657126543 10.08658381039691 8.218602429778967 -7.840780448710289 -2.301157996646589 18.417094653407993 42.59335282957578 29.753533503817927 2.1256710107163435 
0.24744200510572323 0.6742412568475834 6.271933764067865 -4.318213393366904 5.318924177791484 0.0672480743249575 -3.9991088071553462 -2.958153941886195 12.694641872610175 10.20103493722965 3.267379744723509 
-2.981889166895992 -2.242186249975132 -0.9028196564367659 -10.163957004503942 -1.4653922219037434 1.0727071025527102 -10.95839711527907 -20.25763113340473 -15.29315368166575 -6.098168112336557 -3.5650389401844897 
