-391.51305862461896 -379.84868949142395 -364.55952821687487 -355.3919857911173 -278.0924780527547 -184.84869965029566 -130.99216206894562 -84.51030765877064 -65.31813115696868 -133.43438821299662 -270.8221043567125 
121.31288380560585 100.7863453576114 72.8863735884519 77.69174044872346 40.261951320547865 47.86252551280662 25.35942060214528 33.71864295119326 73.63326225919884 98.82622944852262 104.52424436984917 
12.863142343351704 18.583664579930357 25.23923553373724 35.27864990120786 46.138287770947045 9.117597806924723 5.88998828764991 -1.3312625521902681 -8.50208382255678 3.137492148489546 32.515842762319906 
2.771216886770837 -10.415837013339846 -21.00615487180262 -11.471554444002164 -11.755420705314812 -40.29209883684408 -56.75340809947661 -75.18264082640485 -86.04888600026203 -76.13840512430343 -38.901439802200855 
3.681857763170742 12.455000218640317 17.845329098113396 17.48246693716778 6.359088040007187 -15.906221732273721 -12.485471222605616 -0.21616142163979557 -7.622799686133293 -10.695234316440821 -5.72385044847819 
25.380599367157473 18.06906402531887 8.059272367398284 15.995182096446566 24.059009009684225 40.22088176595118 38.33213000048748 20.26773125750224 -7.098119669259145 -9.233679479002895 -1.4808755315484672 
30.731303766307256 33.40885432343726 36.02154625856782 28.37993434242194 3.2896985954730114 -21.22106239175426 -28.618058799727365 -4.03515117045423 4.948611736105053 9.623387154944496 10.740275300026386 
13.593798399046314 12.838742877117996 12.147820717936781 20.353410122529183 22.06530041862537 0.6186698761654088 -6.508709553038481 0.42802228279588544 -5.818931222724617 -3.439613209458532 11.195135715915791 
1.6359039471521455 3.096663104552827 3.22516104782272 -4.146952362142194 -11.729327442844632 -18.107436893278937 -27.158485361768456 -32.7464921000137 -30.233327084024154 -18.574920483912138 -11.599656228167255 
-0.9149885398697092 -0.3182364106475083 -1.656646885441803 4.0663043831951144 2.8492194268432125 -3.346555246868771 4.004283165533035 -3.461432507658225 -10.125753156192538 -17.33963273311396 -13.20660918669619 
1.713402736659039 -5.5534926607114965 -10.438516452717414 -7.921877965856947 3.82340809841797 16.77048315469571 21.053834806391958 -1.248684045186498 -22.25035564170668 -25.721962975350497 -19.433984072391148 
1.9248631738350508 3.5393349223118387 10.810274582814712 7.811858004464497 15.79766431219131 51.59645543440813 61.247463561053806 46.49046367834792 18.229079300425546 -12.384226514262611 -17.893992910457897 
8.325096795401784 0.34567844652831065 -1.805710224904337 6.396034269066556 16.54347640188896 45.1508161192299 48.20955766910672 45.32937447463753 31.222612243468227 15.882896237031352 -3.144703795844232 
14.362587492670368 20.779840676296903 21.303768236744045 15.549934867811551 17.836195764643698 9.090250346014813 -5.565115553484179 2.294265278082397 13.627150590248675 10.127588252503742 -8.115861745901796 
5.896660139238211 3.341871183357485 5.799772764197005 8.230612635341917 10.755406034121627 -11.014187193744938 -20.436138970212987 -15.320538682861297 0.39546013737942776 13.227491281076269 3.6563630249012906 
1.4778319453409814 5.6386468479205 9.020500003149218 4.493219204751515 -1.0048965922313569 -14.76053034436539 -15.412281243325314 -17.338094877299145 -0.6264857924590282 8.565399641303799 7.39250163675211 
-7.054090453598486 -12.06183339863299 -15.054223576624171 -11.372283163347824 -12.84065795767218 3.859251069416102 10.007906890487533 -5.412409204958426 -1.6734054898253972 0.10699628627033941 7.834909175688211 
0.46650227102737307 -2.6143431047176446 -5.634347713189857 -0.4219866326152064 0.4304073061067615 7.77646586700361 1.5166743527620257 -7.3893734238855115 2.80616068022377 4.691732325657631 1.8016823340264967 
0.4305129186533593 -1.465937713183835 -6.367595778586007 -4.5931877265359216 -5.404607809891075 -24.414716149471488 -35.359103927045986 -30.17297276376225 -11.866697753760418 4.125463520494853 2.252723921157607 
-0.8219928500349731 0.7674300529947624 -0.45307340743054203 0.5450913801777841 -13.620852311497778 -22.924143902835283 -18.532459880559056 -15.423631600512078 -21.200526708115657 -10.451864602312584 -6.552151964155907 
