-165.2338681213912 -126.70389105674131 -100.16955883503101 -78.31599183823633 -117.66831916805525 -226.37280698099923 -334.0528381011251 -359.925099549199 -361.4806930512452 -360.62488485772514 -358.73846316509565 
14.889023948366212 34.39551687524566 45.9722345754104 73.97530283939757 101.96639876485385 119.1007804525585 110.22457114701028 114.83376061286009 112.45854816046801 113.02232558710827 113.61692780288833 
17.353513576427638 2.662547603044656 -0.3474620923578403 -1.825007775106961 4.437591504819314 24.560417760547324 19.86989593175585 10.404965007140557 8.06783443389773 8.193161556596824 15.82456581825377 
-10.971020892098949 -30.322517399091772 -46.49305874512055 -76.61301570353254 -85.03273188577262 -56.984562107298004 -7.79421898577949 6.657487107199776 6.925713697591992 7.198554633606718 8.76898830649809 
4.81340396981647 -11.202413388365994 4.1329731106206165 16.919123384446454 12.394936651638151 3.6526362443016858 13.091898383107676 4.198527275964768 0.8657983223958298 1.5883139248116664 -0.11791584064524249 
17.724455133276 29.14715660978242 49.17650991030777 40.26113284642697 23.669015398066236 12.310907621534257 10.238462481908092 18.89457881491752 17.16951473942276 16.900348687975743 20.376970795485377 
1.7688547691101317 -12.538352172648182 -15.226323996209036 -6.3458604682747115 -1.9031920471676802 21.50044733754184 22.720383702451137 22.036611903060354 21.732122742748444 21.640534014478 22.158363510891448 
0.6597875372134596 -4.404698065755436 4.851908897084188 4.053294052813438 -6.928025458096473 -12.186730673970704 8.939835623727388 15.2119707739452 12.354985473950247 11.556505321753411 16.41715642202582 
-10.92365920993468 -12.726591464640537 -16.79097934636268 -23.003360749661024 -20.94731852825355 -6.4853863480914375 6.03220776403864 3.601852645881986 5.525290607699891 5.342088810492223 6.363810707045001 
1.8768030563529452 -9.215866180729668 -0.45816623648368426 2.4377012705538883 -2.03972532312861 -11.57713781635547 -2.125673752881247 -0.024180890801091426 -1.509853714085351 2.054396712907139 0.6729246667621245 
4.925261270437385 4.143066651929234 2.5611642303614914 -2.6448519641111012 -4.265851139887449 3.739504049928584 -5.648752291560562 -3.198751182207922 -3.245357245377323 -2.725448159169879 -1.6418241602604042 
19.89864490266792 23.91166310454751 26.763955715283018 2.7172424672850686 -15.506426596789373 -9.497019105646917 -1.3925333405952576 6.3007110771843875 5.192807645938187 2.280578422646764 -1.0073308626234811 
16.91104772276976 39.83583443291791 47.261014573310526 28.43518395265436 1.807255341545878 -10.321917434687734 1.9364409883535436 2.2348695735594264 2.5466920578808447 3.8327890862705782 4.097966122443143 
14.982812830687681 38.90684780058969 58.88802639764365 58.91652519113977 33.99465577040418 2.3999711395050785 8.912747518034237 7.409392036703825 10.935093859646914 10.494207291018565 12.998908095988977 
14.038873263524534 7.493129311132621 3.6261652402644513 24.497198685477716 28.74551240402456 12.907463748730994 9.437303983582758 4.369360522443513 8.024074309613138 6.987504463212275 8.018410959584735 
-1.8728906491672785 -13.459104338324668 -16.72888134741448 6.849848740261564 21.29900566498688 31.92373776985242 6.3183202316263625 6.303644121386487 5.134288103148048 2.9178181020323217 4.79510549858942 
3.875697270660843 -3.560773232240364 -9.437726001130416 2.3603609985234573 13.07267535196344 22.500003910044526 -0.16640493157735803 -4.8259327581654405 -5.8939121122267615 -10.283766607122455 -7.994304371870486 
6.797051532706085 13.807856670359907 6.865517666100573 3.3386572901606435 14.510567333475375 19.109307640972435 1.556705110820538 -1.4576410084877436 -2.462005452326458 -1.828742656477587 -0.5463963524223794 
-8.56139492021579 -0.9683370520506531 0.8602542954218199 -4.399309219580441 -1.541159349951992 -1.1905364388278892 1.959524544257569 3.2560536167205925 3.2593807608188063 2.644247475703101 4.123256061395415 
-6.050975880600763 -19.241666789521126 -29.62974560720478 -26.488487465249346 -8.109033266407407 4.311232173276913 2.542831368512728 2.2568384455246524 1.8295083942052277 -2.119608466722122 -0.30540024516042474 
