-384.9647227124147 -376.376104000492 -379.932161546594 -382.18323519081883 -380.8854319588611 -385.05183759926655 -392.1668467606582 -393.56946284411055 -393.7055211753595 -282.4424747900252 -187.7714951144537 
16.62050292718509 19.0773021876007 12.52300884184344 18.050333952247804 23.98002854596345 18.640687713769836 12.988735906277123 20.251651789006903 16.667712831178235 53.872928366453635 72.17253202067178 
9.56085961384549 4.876942003061326 -6.586371013860809 -2.6838606884493896 7.4245579328202975 6.919066253054271 -0.5717855927669349 2.1052935960513675 1.1059719188398847 4.389536693425821 17.56432535666132 
-1.5983689808189274 -1.0638559411792576 -1.3214897832836563 1.1440371335833426 6.606816641562587 8.151003912481947 1.8413589862711381 0.941888423968875 -3.672002866814569 -44.01786435246121 -55.540910246794425 
-11.119112193093764 -13.420402563743643 -13.196467180392316 -14.829313824396706 -4.9161205971500515 5.441161087048414 1.5596631502459082 -3.7249194374248615 -11.573298906800769 -16.706535007485705 -8.615700611777672 
-19.326969474569758 -16.76707308675764 -18.33254091800966 -21.10175109183365 -19.756394938803034 -13.395627369086668 -9.567203450027943 -8.821438339904155 -16.347664967223565 4.33240069947203 13.199704969906247 
-0.03518986085614255 -1.2368468444618805 0.30319498834258235 -5.862860760522776 -10.434701231155426 -4.271314604991011 -3.9987228835096302 -9.651931956094902 -8.022312389580527 -3.7695390140287666 -5.4079599078952185 
-22.54420074869472 -23.481104483179614 -21.0517894850544 -18.56416723225602 -16.993481993202792 -16.979656773083143 -23.002763170886617 -27.618270852258156 -22.680241308785426 -20.075024959846136 -16.792063602601253 
7.158835609357257 5.088859832165225 2.9307215973572314 8.943704289267277 9.490263619393154 3.8484118705457635 2.1514736703221966 2.593691946419355 4.697735641609688 -11.468878953363095 -18.66568374626851 
4.488014607743049 3.885519841211704 -1.407244061888898 -0.4189007864741532 0.1217971690309239 -4.943051656332802 -5.102144647014594 -4.730801059964597 -4.006743502836264 9.847057743701813 16.340020343598948 
-5.4251627954080615 -9.637524092790748 -14.384749405663955 -12.933795438728797 -12.565889732497828 -14.159936709955348 -15.986145307021546 -12.839414256634154 -12.200217339012328 -21.653899823427675 -22.91782297646334 
2.6539618524707143 -0.030317639812273756 -3.7117177621633983 -4.150371709134484 -2.599835530120307 -0.13398405945404215 -0.09616867880608605 3.976081473833789 6.547772791275369 -0.7261267277445658 -2.320462338541925 
-14.010814484457292 -14.888144980565574 -16.537709293089193 -14.000525628489356 -14.41809316563871 -14.510735697381314 -13.443347041241774 -11.877921193147788 -15.102342052872281 -2.165342489416787 2.5002732189293617 
-2.453725879306533 -2.118726001466814 -4.269684621708043 -9.7346077781635 -7.590419523990393 -8.453163540004368 -11.315002672250696 -5.200346273815825 -1.5425438613175948 11.54812243134273 6.369748306437568 
6.756699266231465 9.02027321790991 8.707922938664893 -0.7650390387484791 -3.1305888337414256 -4.009927664198891 -4.004021399783581 -2.628031464256911 0.23500730441181583 34.18654970443823 41.18091613004867 
-6.6892096311077065 -5.707378294413699 -6.974647829133659 -12.596607935137293 -13.108346817977981 -7.1315439759676895 -5.54665974089999 -6.331022593117222 -3.5274583096201053 -14.604801712919524 -15.698439315955765 
-0.14909866394304716 -5.0657610742072166 -9.128369979475378 -10.95640411949795 -4.728551231424959 0.21680258084617532 -3.6048014786178895 -1.16305121093917 -1.2008722247014658 -10.760298941286544 -15.816394738318035 
4.24242634344411 7.476817037346815 6.7093958627832935 0.21584479856156724 -1.0081027064340762 0.23617938068845 -2.153018449554828 2.5046881977186692 5.812877931116582 -3.7036118345808817 -4.657624424190743 
-7.954128970147326 -6.482011785488767 -8.0194004315426 -17.248084389725324 -24.658370039546647 -23.16855936468221 -18.378944235887992 -11.76780972811137 -4.999871277355079 4.6582852382033 7.960921302500596 
6.1325172585093055 1.91572683456426 0.5807808247671085 2.1460315792758493 0.6411147142274546 3.7366431401431033 2.2233210921578253 2.2823572192718755 9.273937496097126 14.926095142131683 17.14172583718679 
