-493.1184096620903 -491.013314618623 -488.9703256619966 -486.3431583209219 -217.53824527546325 -118.39080723647146 -79.8293992619469 -95.04548720283141 -190.35156890318137 -351.5170078405321 -496.18841803568034 
6.193574839054742 4.741117900234959 3.093527568719353 -1.337440456900383 -19.13510519124588 -22.417731315571714 -42.576286056238516 -46.50198058202163 -30.295365183742224 2.1175042774861197 12.575534150061015 
8.093319422573277 10.319320206267225 14.596123159896088 22.73280867458036 20.05498421623343 -2.6370281854947466 -28.223620393696628 -42.171535352654786 -23.08848454460545 5.220467334514782 16.607246977851453 
2.151829444675086 3.3653012429388447 8.426715161271163 6.674810805721073 -0.35736709578733966 -28.893207884050582 -66.30405366969322 -67.96850373598329 -42.39339986992141 -30.36555750061867 0.5775938783640095 
15.251695192932534 10.17611459124485 9.441360156306226 7.2601617673567596 -4.839044515366856 1.9996177710116285 -6.516563041178454 -17.73106056891482 -17.554031822050078 -10.238476360354408 0.4610072142002628 
22.73336645001936 14.552251193974897 8.631483401278198 5.637325699754193 2.846909600453184 11.358253130805412 9.573951445898494 2.778959941335227 2.573946740569937 -10.532155346782542 2.5059440117267897 
-3.3493987756819195 -4.773342541625897 -5.636337259722132 1.7993712758608222 -2.1117567196510247 -9.214555888024861 1.2113514749524033 12.470727944038627 30.318871759532165 15.727091007016767 1.3332854122344566 
7.07653537906242 9.543669312261137 5.966905975672357 4.923296813314584 0.5220800383990227 -10.03331058720369 -28.05468914125045 -44.07397480449536 -36.34795721747889 -22.652220380834393 -0.06989457285716105 
13.537819246552717 2.0945652780456903 -3.8807263643639076 1.4507734835537407 -0.7749003300436901 -0.7632017350515792 -6.643997424385063 -13.011799150539426 -9.039723549288729 -0.5915346662180545 -2.9714563695490694 
6.218760392056294 5.876518537941148 7.578904565007017 1.4099799239650879 9.758419627319228 36.28189256832371 33.978975796301846 10.593974300236496 -21.38240402380069 -8.713606345808238 5.244254586684181 
6.01289005921449 4.004855587701871 5.753607869451751 6.197271501163076 2.9290164832710985 15.350889736096683 34.8965290129176 31.371126216298144 10.936327061769994 1.2908823884577856 2.92714055686179 
-7.088192219685286 -5.91936036435709 -0.6366850356439269 -0.3591573424349638 -2.6337929400417455 -15.387408123596451 7.5888276613176 24.62504859602639 24.020543155856537 12.077093207888023 3.677377489334184 
-12.601799598341007 -8.983031732402464 -8.94636640636153 -6.235333771323225 -4.438924137510663 -27.740421399584044 -18.949171168403428 7.148042234075904 33.75589477641488 28.4906098156708 -1.2507577565097772 
-11.40052093208481 -9.975570982983749 -10.703893659971648 -0.33958299366011735 0.5908821326865634 -2.119180129684577 -18.480267355223436 -11.106801484539456 4.817423907709445 9.89255034283595 4.352223569037578 
-3.499350185781068 2.7400778154656473 1.1082056106327727 -2.560544928226933 -5.769582608633555 6.812270957045395 -4.188052830128743 -7.566745058050101 -1.7046994264078879 0.7798710196836561 -3.263762909778313 
0.9494232441591617 -0.30499268345910047 -0.15021348902950615 -1.8428949698519321 -1.4422660271681476 -0.924236915149758 -10.077444998865904 -18.25389986724069 -18.883859685659502 -18.564225961472665 -5.9810701738502114 
-6.691947178828503 -5.722603151257347 -5.146541141655706 -2.8429659643720786 10.321217765445246 1.0426532132229267 -1.8068108293744263 -9.002164823115404 -10.11748539565926 -19.00596080461427 -10.763632308792545 
0.5094798214150886 -1.0337785477148715 -2.176994195952685 -2.9370776090894557 4.376980437970285 7.056619335145717 5.92186386223575 -1.1885308416698979 -1.6243626323545495 -7.512650031364171 -8.222085179357975 
3.0910382473022127 -1.081529657145854 -1.3025200161619293 -2.287814269845735 4.643634929605572 16.383838263222593 15.505541488028951 8.343449670103976 -4.004896719388436 -5.660927792994453 -7.107634574797105 
-1.5493749533844334 -4.3098004351109775 -3.2375981256928403 0.6802331316520791 -1.977698144863206 3.5829321609567786 3.1062055622573412 5.15617126340006 -3.8328009691215703 -0.2996904144838375 -4.797286163035688 
