-261.76927041262275 -275.26723226153973 -302.94899225421176 -307.6101172549277 -308.30272637179246 -304.67418083550297 -273.0052009892902 -268.34090451443865 -290.76177601935365 0.0 0.0 
66.68480319316691 55.93240044165271 30.471730793353487 28.3821218538358 23.279584859127365 25.185494259935627 56.4057207649639 66.9371670047053 47.90860778191541 0.0 0.0 
41.558268465789446 35.97721726040264 24.000398012131363 27.855954924664285 23.261406804683844 17.435040206389644 23.792702281133376 20.08080713178981 32.3255978562362 0.0 0.0 
43.84537582100839 36.14740740968261 29.454503579148565 33.54577504015288 28.791746257185928 30.631184719170314 38.20091723659976 33.02853759642734 0.8138995618168188 0.0 0.0 
-13.73590745798641 -16.04739517162045 -19.960238855485464 -20.877894204008776 -24.106452179763203 -24.058533747700157 -23.819446868779906 -17.14508313773817 2.536179785214704 0.0 0.0 
12.259200065219886 10.870973352633978 8.923317619272547 7.993169092619007 4.549937014919511 9.416016494810847 14.217239406438916 14.99625225446989 4.8785666062479685 0.0 0.0 
-28.1208560633032 -32.226373692789466 -37.49948601218608 -35.70485943611489 -29.87147508857153 -34.85864132553072 -34.09947592400278 -35.01685864795843 -11.663141414432985 0.0 0.0 
-22.24304015340104 -21.441383541619714 -24.11325023869287 -22.398045359559546 -20.48893848352469 -20.680051410289643 -16.55623740929609 -15.671098968163914 -21.293327465371576 0.0 0.0 
-2.411445398499047 -3.075564260170261 -1.937154577738919 -10.227335218194439 -8.311130897503011 -2.795475064057693 -6.749883014090733 -12.36279798617461 -9.99402171112602 0.0 0.0 
7.792293073676198 10.956641719793623 11.908767849889689 4.749155388728822 5.427094305577846 7.667051851240267 6.422634346724114 5.755000560513386 3.2219069741529065 0.0 0.0 
-27.656545952773193 -23.032544073884733 -16.070381331268074 -19.861348407256322 -16.36991527408538 -17.782483303814956 -19.15469624798834 -16.93960908366147 -9.315929728072568 0.0 0.0 
-5.622530628154239 -4.420824484272103 6.618336706793418 7.1769014400868745 4.990513890017558 1.1711942322677962 -1.3158031871278069 -3.452980457569805 0.4644910298884064 0.0 0.0 
7.172020120962182 7.175334459733849 9.222419145011798 8.731255879513435 8.918647875966617 5.17845608080534 9.685974398275444 8.123357947657553 1.131818094016202 0.0 0.0 
-21.694291851200568 -18.410704735145526 -10.318540731073483 -8.41817043114018 -5.971613534315722 -7.663039331862875 -3.8006405988042555 -5.752199093059529 1.9522891398395208 0.0 0.0 
-6.794911265661485 -9.279570299602144 -5.350216911523376 -0.9047632929511302 -2.8128518814229886 -8.306453764669726 -2.7166024261449877 0.9151252126972927 -8.631982627293786 0.0 0.0 
2.4334331150113977 -2.9953554577795547 -5.368606619059193 -0.4790812961316173 0.5653605787529051 0.27911169521730694 3.4335640599739308 -0.48235025037618984 1.2762588371310917 0.0 0.0 
-1.137083714504838 -8.097029010504748 -6.097582730823255 0.29891770495048003 -3.5594469851701493 -4.563056049506 2.5331565980772206 2.049623791640752 -12.298931139401546 0.0 0.0 
7.7081528008154905 6.285671173770388 4.115873451509561 -4.586628804192372 -8.10142697106614 -8.43679418077894 -4.64905985783296 -0.5450318598106915 6.751254913388557 0.0 0.0 
-10.990020160893513 -6.21386768395311 -0.30952505053173696 -4.8510570868683685 -4.142795258416915 -3.431086409273332 -8.060320614472731 -10.355999339001672 -8.200716617766462 0.0 0.0 
-14.169537074668082 -7.466049257304546 -6.638343466409006 -10.310884989381794 -8.007374499278836 -5.313667212491689 -19.84671603932634 -21.31506624204163 -0.883171480648671 0.0 0.0 
