-415.8346339696884 -408.63731855792605 -213.30620801749765 -96.0673709357405 -62.631183148931264 -103.40518168722606 -174.43995647405532 -291.1790783952604 -393.85982705598065 -450.9528158599576 0.0 
39.23836221435757 43.32537422321218 4.801442401092915 25.770148651294903 47.49293901833302 46.71215772674117 72.3025740364493 88.52071238803741 66.4910402951009 73.0218020117484 0.0 
13.975655721454633 20.658858874682046 12.237448792170099 5.9802737411267 -6.826698593508246 -9.98392804013655 9.156353508633735 23.30290312461669 30.990630946609116 5.839186030009906 0.0 
3.6788103449139564 2.219529671983511 -0.3831435087680597 -17.523600029340024 -43.551563339080964 -67.60997104332921 -71.47662402713922 -38.86008580658826 -6.7007318115727585 2.713195478453836 0.0 
10.877857880879509 22.74232038270226 11.05336657127797 0.6165331798656127 -5.850916430206816 -5.113539643932157 -17.205464361727522 -18.651242917575452 -7.938892993594402 3.5063128010676614 0.0 
31.090110302935777 28.6234976035789 3.115045679341719 0.7542930011600173 10.436123450460684 7.729280674501727 -5.611209476908981 -3.3055578183460614 28.571759203123683 44.65082143338984 0.0 
10.315215385611218 20.294443164463026 17.24009966740237 5.708402440683857 -5.179779670982968 -17.23847197357305 -9.315821504339809 -0.5193662662301248 5.745319452726573 26.597129686806113 0.0 
18.150537376711924 13.42134357008203 1.1654722832375568 -6.419485132018943 -4.649689150792445 -1.928316520786473 -5.443890052422173 -2.6652539499434305 13.354145197151734 5.017367784521761 0.0 
-4.463074228688421 -1.780926029447391 -4.070078203196481 -10.713395010591697 -23.609305912200597 -28.587391302569863 -15.167206010970848 0.005303955679702321 -8.075488329474878 -10.620629380502528 0.0 
-1.7903558952248733 -6.926742513140385 -4.183862547991426 0.5892157107352161 4.155618731642493 0.16313665783331022 -7.013599336909627 0.40115627845099106 -7.817487067024555 -18.000790179183618 0.0 
-4.47503480208263 0.8236139935974354 2.003981494250603 2.3894615551110916 4.032102465998839 2.8605752826754736 0.42054824221074116 -7.371872206894384 -10.450085685191876 -5.501440872055797 0.0 
-0.7624081891037198 6.290143060871153 -0.6629791252652564 -7.107597327217383 -4.353283991487285 -1.9169389388124298 -1.802094640872689 -6.237401053417448 -6.148171805441246 3.268288742624634 0.0 
13.278756365976808 8.888590840426332 7.8532384549064105 -6.691770480027928 -11.765040873961198 -18.027550337623474 -15.011673753300256 -1.2769705097017479 2.1259406581752858 5.87775011499394 0.0 
-2.464430801625434 1.6237350659697494 6.600342540931104 -5.38483983474848 -7.938524179894527 -7.701294932978719 -5.840066493273189 -2.048531953771789 7.727702737188749 6.3868956346191 0.0 
0.5914583904311906 7.041123630002936 5.110959568448753 3.2551674174520446 7.730686339395257 7.934387677496188 4.518040497838074 13.96788003851936 18.323596676971487 -1.8923433814651531 0.0 
2.219726876811022 -0.46630875249552567 2.3029795278033593 6.404690375631098 0.8762014994087495 1.531424068205281 21.439671380951594 23.487674808818397 21.22181584431087 2.9483441201096596 0.0 
4.194998675890254 -2.634543042147267 -6.522923346634968 -0.4446157018810765 -7.69458783956334 -9.250116377577864 15.106202473926901 31.99343022029748 17.87668206593603 2.0624153091208752 0.0 
8.57018483191264 5.798381469270931 -3.5276909586155676 8.860766365613543 8.759073668809194 13.81678492760183 17.94193281975519 25.884251188273677 17.169601735200935 14.854410369675053 0.0 
6.064592048395417 5.26283199699871 0.5350763522718411 19.50428860481127 30.936118828473845 37.86704308919268 35.99371427269455 29.082544717650972 15.428407080940314 13.345707427279692 0.0 
-0.06985090998541404 6.416515489601873 6.9675961590886715 13.700789622707882 29.349649463893027 41.568202864814936 33.5988918665451 11.245098401017366 0.2050117238466458 6.659538681757573 0.0 
