-458.6037568551606 -451.2422693016066 -451.7108511112719 -443.61416056987827 -339.72992745700725 -238.6871595052194 -200.67749999350184 -208.09746162396726 -265.8445842209945 -336.4218039438222 -398.07002104455796 
15.538198989641867 21.162659544049077 22.45024676580603 14.518923340752128 -9.104827903963129 -2.704631831115396 8.536137707745969 27.839193513876495 61.381522623880755 68.0661635070984 61.553016392071584 
-11.538841327045787 -12.67898447334784 -12.335022629231787 -5.139991322288292 2.8812176840116974 -14.714457882357188 -21.894416530056546 -28.679769690031378 -26.387462585574276 -7.495187144619996 3.8771935099626806 
-5.833152279953988 -8.134019457798118 -9.350700592148844 -7.857211434180723 -15.332015197599265 -51.82764986150376 -94.49454038744408 -107.3153990193112 -91.588487030954 -59.20193429230032 -12.71607666874004 
-8.763483128817013 -7.24369541156908 -10.420417602935636 -7.102901482602677 3.1340659822752786 3.9206933289150996 -3.7608437005126545 -15.976344604974617 -12.191833885966588 -11.302915336897145 -21.455989163531843 
-8.725443243417601 -5.242314641884282 -8.804408766035875 -13.650337010099932 -28.785832669501737 -23.14158967460222 -18.32365679698767 -22.577423307536307 -24.203722213427106 -23.86933437299578 -22.008370588563945 
-12.816326351086355 -8.200887074938862 -10.786797201679715 -7.250209388519891 5.824638212816486 -11.486441512149359 -4.782053563915458 8.229698843223503 21.685405590714847 0.6206864156092254 -21.028085698733186 
-8.936379217438208 -9.934110195333373 -10.717626631930866 -13.623637559838269 -8.962808292654113 -12.877507799410768 -24.8481529234393 -44.378992330872784 -48.07448717047825 -27.391816749964924 -17.448358981998858 
-10.479711652328044 -9.844944775300156 -8.651141673610072 -0.5980577069959153 1.157476109597363 -3.012756411578951 -21.926643277686416 -32.84829357033579 -26.942881059746494 -18.126916255234384 -19.43216393646395 
-18.87768829467167 -15.940076169895775 -7.030753169542293 -8.956274346471018 -1.7108567762947462 27.72055104716859 8.190262240989586 -20.767715186889774 -31.95765823091486 -26.089782164656803 -14.4644387062244 
-10.709206549861968 -8.92084041021679 -3.4211350583354365 -4.172211832278841 6.510854454724877 31.256423679380923 37.33644732307661 18.776220667700173 -4.662798675330784 -14.828827680675182 -7.751933841936714 
-2.0230776822298875 -6.216533950723779 -4.184568301021718 -9.33436576689116 -0.2816288240207756 11.951162771145153 32.30400643675441 35.91752796020375 14.48926357761575 -13.757956766289748 -6.660278080186497 
-4.598133733518923 -6.1792433236022895 -1.8153162441933275 -0.5607004511255553 1.4573895155069398 -8.416834209749531 5.6550357335876456 29.519272786981603 31.58238658509019 13.667197913349812 10.431073184509332 
-5.29368640735009 -3.741890056475177 -1.7464563252977554 -4.339436411560019 -4.813138214695904 -16.858306090101223 -20.349429974718326 4.727247165027087 28.587747507320383 33.81336348712939 22.457251515999513 
-0.9388579632134375 -0.6868364236479064 -1.6100957137457843 -1.881213173302579 -0.9086060905201091 2.1603532756626267 -17.05332265231459 -10.60861694305296 4.400710477485546 17.531543554018093 15.069883296269367 
-6.28847155091141 -2.2771187362896415 -0.7016952834844685 -0.9214231847000216 -0.28636555294413873 7.202316732166716 -7.508189298079776 -21.604694428102583 -22.077422291935395 -16.54210922938816 -11.006641803873618 
-6.422849162954039 -4.421597652819284 -1.3533562838474018 -0.7415624381464339 9.975177926138104 1.97809714031401 -0.3218010784407226 -13.06624074161558 -27.73580236698081 -33.52559191587869 -18.53282746683606 
-1.054940665403301 -1.7273502595681325 0.3249180734582884 -1.6476989097936634 -9.358267628980325 -21.4898458254413 -16.54401316456924 -16.028757521994812 -4.367848740854118 -7.334964033341283 -3.6118824284553157 
2.599070586704606 2.8439100436555123 3.9668011891253263 3.545815104665694 17.59042443356948 9.014294460218018 -1.068564310481177 -6.701594276187938 -0.29417857328508423 4.089666008296627 5.369405348642728 
3.390284006213726 3.9059202831238555 0.8125766138326442 -0.2202883636256977 -5.178164733415548 16.30115716416628 22.138990979144374 18.433542518265078 5.473461550496131 7.651613203958677 0.1759020219177636 
