-313.4052489138328 -341.11385707317214 -380.13639088275954 -386.4039344071511 -389.6348734240328 -379.48562154767643 -336.52330221749503 -252.01000566816606 -187.01010822781788 -178.19901520013485 -239.97737926367122 
110.63181807776192 97.83470182077656 67.39450511416211 65.6111363968592 68.73880860938937 62.149603094299025 30.328986405078474 4.412225100826786 13.111001500872415 24.225122272977785 57.040865210191086 
25.094836551196792 21.23095003612653 1.1116482857608134 -3.7356948110474564 -0.5293533321540916 3.4129854420837207 1.928610816638781 -10.388708948151063 -30.47022080643135 -29.008794919701103 -4.8301919858013145 
-9.10124468190699 -6.865533421876524 -15.821086148950158 -15.901911177565122 -16.038105018585807 -12.98424757189241 -21.179345381472537 -27.613329789819844 -51.63476001901145 -66.03690859710001 -55.160518152868654 
-16.144097304191465 -17.42973647979323 -29.328271225720236 -30.31461338795114 -33.12475611379547 -28.445118188202066 -19.771518493787568 -13.797227667218706 -15.092055573050553 -7.686105869476159 2.763235875088993 
-1.5069431958420783 -2.5069010806478613 -20.010385900357505 -21.59483863096917 -20.55174468559604 -19.859856153180232 -24.35832175402536 -20.001059294512462 -18.91389285898866 -22.351524031051298 -20.65868579439806 
-4.334374704688409 -8.493535813953681 -26.32334852626331 -24.634909341594685 -21.147580556965206 -19.698611031108065 -19.60040791574992 -25.61107539966599 -31.726699117914258 -25.884958921759885 -10.06395498534497 
-5.196091462887255 -8.14550622561433 -18.85340095103263 -19.90902947777294 -19.671403629955837 -19.901628818836897 -24.189034853420324 -22.96438649313805 -15.144997257908818 -20.86230812499204 -28.851090357823413 
-4.301026955631665 -11.129415191124874 -25.1382102381966 -24.082880628296767 -20.557910053678988 -18.558033993567445 -14.939051891861972 -11.683553023394659 -11.460138207203919 -10.015520289032633 -0.2986237143394579 
1.1308089773839267 -0.9294332349667253 -10.611022651613762 -9.900841604986647 -6.945242334706266 -8.722389914476333 -10.781640810912435 -8.07957279850136 -8.309415620177669 -10.90073265657804 -7.0363181053160275 
-18.666909407325917 -14.672933626946817 -13.094805702547355 -14.845791274227022 -15.17906192375062 -13.341439506214446 -17.407143862289644 -11.268519588414225 -16.704570156203637 -20.67706030378701 -19.50096348294403 
-11.674089123467787 -12.938554371220647 -11.813038431952634 -11.277335760830999 -12.3955905170221 -12.603529743668174 -9.713704581631351 -0.8064422114884331 -7.859362878952576 -16.71037139705453 -15.796649144523636 
-4.687476616168583 -2.7108535135873484 -1.9759135676244701 -2.34729716706887 2.4178380518126277 -3.456079471443352 -5.46677238087017 9.138222639904793 17.33478793029367 10.731527278604423 1.2200630500677383 
-2.613741098740337 -2.4850104756932856 -1.1563455298667262 5.199985890452474 6.812868346805882 0.9568201017274371 -2.5359275548475217 3.858174413035015 21.218795403955077 18.519593165778073 8.149923762033893 
-5.288471696683104 -4.121392126585587 -2.492644664624181 -1.863911075255226 -0.5707947463688477 0.6656752761136185 3.860189432555222 1.0099557121520646 16.47439054107646 22.05669988326654 16.84198970163289 
0.9154115588118232 -1.436061223922522 -3.6537273251881723 -0.20944222244188127 3.529695517849979 3.203253983472373 2.578314465950177 -12.462583828977737 -2.28678407332485 15.52353580468878 14.629896448527148 
0.8948042325118069 0.14192295279269657 0.27383459075100536 -1.1953189897267293 0.2352563002280048 5.395275454652841 1.896021987198294 -4.119119199824442 -12.918870585554178 0.6014767301196832 15.941187639000482 
-6.647099483099843 -2.0142665380703657 -0.5266993956573635 -3.5663091150221975 -4.881935476826946 -1.3817293496548397 -3.3048471773791666 3.724405981758787 -3.9564371108374474 -4.664340700367641 2.1341308286734666 
5.370796136034167 2.3376866363681694 -3.8007336748306098 1.21118609615675 0.6621310161027706 -1.4624388601991112 1.6487707985505642 10.684959213323902 8.01924383280413 0.16204676259562767 -6.247805727075615 
11.020694018281908 5.173110620469125 -0.6528739149583461 0.7506212522706397 0.23364650692832756 -1.6669837028057413 -4.674225040945969 -7.60769769742442 -0.6331969732836193 -1.8201734115858335 -6.9728077068208645 
