-427.7499590350299 -394.3501972622797 -269.0632694731384 -138.7945231884277 -118.64065417360895 -164.86381678684333 -214.0557767567465 -229.8176222866064 0.0 0.0 0.0 
63.279482318368295 90.74162593911717 53.377578126095585 -6.556083704861952 -27.43852570670748 5.74460626672937 38.186598715935204 49.06264860488707 0.0 0.0 0.0 
-10.063042741679961 1.434055740592819 27.225867230571914 -16.689270746592026 -33.17116845740596 -20.817593894028185 -11.513019783866127 -14.568834816493606 0.0 0.0 0.0 
14.471389349928376 -1.887616048472746 -59.70640226854891 -40.629524807664765 -20.519398466487388 1.0299981065611945 6.818017231255047 10.035069549095574 0.0 0.0 0.0 
0.428997382802618 -19.729857090636507 -19.550060141506357 4.063068846468514 19.692987065437865 17.100056646057403 -1.0059582576153825 -4.826965109910778 0.0 0.0 0.0 
-2.5104479815924625 -21.99708010772592 -38.21859694409022 -41.61549149203327 -28.784941419049307 -21.1400254791235 9.818015593838053 13.48151295874873 0.0 0.0 0.0 
4.318964938595465 -11.709238375226356 -15.9004782258191 -26.564542810120322 -19.370838130642262 -17.672477673968956 -7.419718442443197 -11.583820452139438 0.0 0.0 0.0 
2.2871305013406884 2.238657153665118 -0.8894241866593156 1.009455644265243 6.98394014236288 8.357838362014032 -2.435840219575031 -0.5602402671694175 0.0 0.0 0.0 
2.995663566966996 2.345046183380014 -2.066692682157842 1.0908613788560517 0.2040698996288024 1.2183548889531248 -2.163269866943425 -3.6286705864848665 0.0 0.0 0.0 
13.822674750121287 24.219035141493173 31.955472444572443 18.071540017651856 6.60049114701744 5.890041270001925 10.810226449662203 8.544729542816093 0.0 0.0 0.0 
6.15882243474623 3.87790087842537 -0.9655797400296048 -1.1371049789392138 -13.016612804064756 -6.7762098930929415 0.577436345113945 0.6096622539224348 0.0 0.0 0.0 
-2.330177337659381 3.505746862969051 8.505361538045898 -3.0876478961733707 -20.772850030022628 -13.778819496137803 -9.005618423800055 -3.2845998411603263 0.0 0.0 0.0 
6.438727884591207 10.679685645891421 1.6127396412514419 -9.743469606547894 -22.654786989022988 -10.72179855080407 5.2795015051701775 3.4541780989719637 0.0 0.0 0.0 
7.892750909634396 11.64001071522522 21.738257524570116 16.633239270998253 5.13938242806206 2.0383215373305976 3.6388515768873484 1.5093845898671192 0.0 0.0 0.0 
2.5945914247887822 6.897471043702184 17.613265630412968 19.82714179207788 17.612961881038963 5.620233685464543 2.2226950671908967 -1.3125413218036 0.0 0.0 0.0 
7.095581837756751 6.7736111101084475 18.96277625228366 31.786397203890793 40.55439700411846 18.38097923466438 2.2617391314953394 -1.2524828056033082 0.0 0.0 0.0 
9.173220855541686 9.82066082863469 25.88324426225153 34.92993034083245 51.84089299444139 35.62319772457491 3.192500317555292 -2.8301863353226437 0.0 0.0 0.0 
7.585012610909233 0.6371935715675568 -2.3597678091468555 -1.278265303487224 17.192055421616807 17.513099936126803 -2.728838151582348 -3.4550521082888177 0.0 0.0 0.0 
7.463276737672559 7.186581101556833 -9.322655677664404 -13.27338173071184 -2.905126088758074 7.576568073429141 10.469736199901682 7.6790997122672175 0.0 0.0 0.0 
6.031129045422505 5.371301875967094 -5.6952960092949105 -12.553848760968148 -12.78418934882097 -5.591394897670102 4.877977908872735 -0.774697961967098 0.0 0.0 0.0 
