-607.9327057521036 -603.8003047547539 -596.2945709106106 -457.3546390522638 -241.04417977869335 -131.79528119064864 -120.6940254576619 -107.40506608782933 -78.20844000398891 -110.77432569423662 -192.95608347165768 
12.976327148590524 17.573927315479352 22.06763160142141 48.41758520463575 64.49417600429932 52.451889969194795 55.07557813120236 90.37364514582644 107.19662724937876 107.58988498130688 97.88987836095686 
-2.715346186639055 -3.251100289893138 -6.886232106587316 -48.259462220286494 -60.65019648046041 -38.01182190685341 -33.95981647222301 -57.31242552681321 -85.10952296862895 -91.46776157680543 -58.02659159658621 
3.074957939568386 2.1950332548008786 3.93702316722735 57.29514017971526 58.13533250129005 11.753324484677957 -28.47851794991967 -70.01001000922588 -50.8720904258098 -19.413381751759797 5.670354613734238 
-20.46994858264496 -24.75825691793245 -19.584116652443107 -7.774286224755259 -13.256880911434518 -3.7684381043308104 -6.519494620707836 -27.57296313796398 -34.674115786680495 -24.242821499062657 -14.41982751336814 
-10.074008178444334 -12.247673689569444 -17.620387601390597 -3.380123200046228 13.958516622859 -3.003819192726631 -14.363905666357446 -1.3513221453088717 12.862519825580025 25.096444911422033 7.884078347160608 
-12.227075596277608 -15.719815411107307 -21.598242743897707 11.121038341603867 -0.200134188169395 9.823580415484525 14.38666460292708 15.998746402253925 -17.604826771682013 -35.2106736540807 -35.13856201758473 
-14.968206866256555 -11.9126100745445 -9.043413841667522 -15.968359914790549 0.4913167090219999 -21.022618255393603 -32.19792929489109 -67.70854643823321 -58.741918954786044 -40.33356135340814 -36.17673739493624 
-2.878715442907909 -3.0105826896205965 -5.445138445605374 -0.8273054496691293 -12.716277282888633 -12.182232271597538 -11.199949051265829 14.37854364566025 32.078995066782525 33.084910058596925 24.466491974677332 
8.77498125713159 3.48120506406896 -4.489040776794822 10.971623133616582 24.85463039801194 13.2907373854426 2.221242155196311 -15.356274132493311 -27.899152043677333 -24.682445893444545 -17.719267590107194 
-2.101339943777906 -1.18258243381106 -0.9973252999692135 -10.474620235364021 -18.96845821641346 10.426427287934644 22.93752257306066 -7.324963637458941 -17.548959627075334 -24.942037060587936 -32.46177249727877 
-2.9394456100624664 -3.4556354662180953 -3.850974569011023 -1.6472603964244374 4.325220480520265 17.64326550326313 34.10932171984589 42.21444873166125 26.26014398311012 8.03008783649618 5.015781313405165 
-3.3089284937490566 -2.9942193373991666 -0.6393309521398927 7.50337752325953 -2.3323816454980593 11.54727683552898 18.940085482916654 14.043716093330456 -5.101729678181001 -23.720811795326114 -10.35102551414594 
-10.460835013649032 -8.003266780293742 -3.7023675477475546 -4.795618599373318 -4.360023626499169 -10.752120523269168 -12.850107926417714 11.408768440976646 16.417956385433826 8.302832251687954 2.8609559741855346 
-1.2721027566674772 1.3375297956051238 5.715586007351675 8.941349718064535 4.801193962118644 -8.755292821861882 -20.24114991809593 -2.1766413290113404 4.415217091443424 -9.359014880584539 -26.004586005129998 
7.478489702165126 8.486645562405876 9.03634938610931 1.2065077532893613 -1.2964601562324272 -10.628697152873437 -4.4520300719992765 11.585507376388886 22.508545353980956 23.648923462200703 -1.6050120974989972 
4.1517935571989275 -2.2357983796571537 -5.48241563315054 -0.3945068491715541 6.819824364752579 8.753893576432047 9.346414610206553 0.6317475179367649 3.9877867115902577 10.665298119875 -2.287203528511034 
-1.3695127538740566 -0.999487392925739 -0.3143618051227545 0.7115653511507849 -2.0475539355197894 -1.5395390987223538 -4.94278617274972 -6.466055719510049 12.135708718532799 24.538447782019183 16.863083723444085 
-2.99913302103336 -1.1943983268347576 -0.10477922531205519 -2.582421545643607 -8.214820823639585 -11.322674722074865 -18.08854902791225 -11.879362327812707 1.9571148714625428 11.20077311539464 19.48299765162949 
6.8899466554636035 2.274250737495027 1.4761613074791362 -1.6926933450948929 -1.1878556017748654 1.349431093813976 6.178132657442221 -3.744215974659083 -5.70544137463884 4.652106654792894 14.248402956141675 
