-670.7870000480945 -673.8905542443468 -671.1855953314557 -672.3542912240499 -672.2878673323327 -668.7932774658899 -567.2498388126285 -337.04146544183044 -212.5852233715074 -190.2864637099848 -197.78398705400338 
3.557919620444542 3.233928509929526 6.804173468327013 6.309473578897315 8.651499054742027 11.110031580936973 21.971521287109738 40.83762755307157 30.511177487397823 32.00890982370484 26.94239147781579 
4.421479338686334 4.28278826709108 7.986288568073949 5.513809430864656 8.400519283388697 12.303186245015524 -52.781829673962925 -67.07382802083185 -44.64652678902179 -35.506453350403945 -38.10788206447479 
5.297638995429486 8.758967811035 11.405494064406536 10.17528268496012 11.421444318974942 16.223742885064187 38.93254804361321 40.267748193770196 -13.44113235844333 -48.83833570497937 -62.93995334184187 
-10.257568195358798 -2.0331441970893884 -3.641716923797705 -2.481259785171346 -0.2620306729362698 0.40215297286607576 2.1132170390530947 -7.469626089297602 -2.1805288457699388 -3.785661777899498 -15.90618618141156 
-3.54629941101968 -0.08831239225445728 2.4002178576228452 4.961572655645052 3.595842284027028 5.289635825148951 -9.41203904554545 6.552083741940933 -9.509561239588079 -11.867887744461159 -4.084641346284704 
-6.726901653318006 -4.1451926195745825 -2.988586841735188 -0.45912096781366973 -1.931578168163186 0.4650764602187044 18.643886460862525 7.48435460987528 23.436778283456217 25.307737120323523 12.113771066757298 
-2.2123591729258525 1.224363237915412 -3.884945185077896 -8.680031889302105 -4.02960390733005 -3.129358732218523 -17.587962907025027 -9.152660731062035 -27.874425972789695 -29.301496750399007 -26.306989904937296 
2.9963988207410117 2.1965604786710493 1.8269326619616186 -0.2957989486529023 0.27928079973395353 0.019791974101669788 -6.992172428085663 -12.4412440596398 -17.26462219348229 -14.018130896748879 0.8977225028719924 
-3.0084814756873133 -2.970044735497363 1.2916852158571404 0.30876781098422956 -0.8749278719835853 -2.188925830369638 22.206744864620006 25.928031631634425 2.3835415541724303 -9.08745867800862 -26.531821005511016 
0.6347072239411371 2.355533406185105 1.635285805612797 -0.33165619961832005 1.662117606149412 -2.26012500489809 -4.806988832758121 -2.092207295373559 7.354207143576064 7.236161513387295 -10.361614160543068 
3.950768216095579 4.114566739309666 1.7542761791619221 1.1068541733798491 0.8956981596835771 -2.488529021542676 -9.396660132403131 8.175970134021231 29.999554330139272 38.556709651215755 42.56591060614817 
-2.282881613111457 -1.0523545409077355 3.426105887677859 -1.7432649970594856 0.6416978950567781 0.7301331451994155 3.335336732782018 9.586512397428258 30.59281122803061 37.941697736895975 46.523380617613554 
-2.805851038636739 -4.617509854938882 -6.8963701044366825 -4.932872087592939 -4.0304922485461745 -8.85280467355545 -11.801600756079823 -2.137835706484876 10.113898844984043 17.12549611255227 27.425541080986665 
3.3938491998258495 0.7973221659429183 -2.20154041815698 0.431448273220012 -2.784009971118415 -6.364416242219753 -8.63516954446629 -4.464501866728332 -11.123480376057522 -12.374056563514685 -0.20958692241879523 
-1.7077938391249254 -2.4847769990003954 -2.519194878316551 -1.3985034615709901 -2.02913302963141 -1.4967361911178432 -2.0478611019966086 -2.617921631776767 -10.857156706380515 -19.9303812337133 -24.37667289269069 
-6.197371691035228 -10.501813916588802 -13.951613808545838 -9.75039936891441 -11.727456766803197 -13.507018659597023 3.584391442300202 7.891982751314398 1.303723155331772 -0.4178208704866928 -11.544915566643553 
1.4002271411014506 -0.14891904563782113 -1.7703901158359154 -4.857790682188146 -6.440969616081231 -4.727315628214334 17.36106978976609 16.725016201285534 23.131365286336468 20.778592250147025 14.51729329750199 
-2.4765971206707746 -3.5964316042613547 -6.313393771529446 -3.9350767514218052 -5.934320573427531 -6.4311187583798874 3.671707751482043 6.762569210048058 -5.906811738151639 -5.526767972112457 2.537463721920387 
-1.4212446110598616 -4.426229228633606 -6.3249867318544055 -1.819476905809004 -4.9073132412377785 -8.798067742321171 0.03665254151429215 4.3268050352939 -0.08880515530707606 -6.444549413690545 -13.487309305686997 
