-558.54716531791 -550.441561298594 -495.3301581868189 -195.66907921466546 -69.74969336740088 -28.39504769940767 -27.832606791764896 -54.889092257795106 -126.10098350065039 -309.9831662826749 -522.7746251460534 
26.705818731096077 36.12098762336463 50.592850362004924 21.99343838787506 -8.73983906733005 -39.78610391297619 -58.392999747082584 -63.25268222224639 -35.25802083112815 23.740123413914347 63.756025227547795 
-16.717312548953487 -23.819634204169823 -52.30298559107665 -42.580725331306866 -24.850875959472106 -52.852751778489704 -90.6471915887345 -109.41828893558264 -118.83261120576026 -119.97262987939828 -5.62676280724688 
-21.286141090098916 -32.272294330567036 -45.65415803247964 -120.4439534599905 -99.97427450210552 -55.46428876113472 -30.69993283889292 -41.48735198171369 -38.12859840860527 -12.672905045922477 -37.426945124878415 
-27.343433632365407 -31.050449812074323 -39.92047782532077 15.416053293563827 2.8364537964257375 10.447742406767851 0.17783304757496637 -22.003151173110204 -39.25578024058751 -44.531452622338904 -49.00262931673544 
-7.391627467972925 -13.809393370994663 -20.340101015462622 -15.519397367828983 -6.243251534741528 -18.591899122970098 -16.33864420663167 -21.480719082877844 -28.227569141868372 -18.525158909115348 -35.58984067372428 
-3.224454376384436 0.01839426248211488 -4.847298794418689 -2.7001063388251083 -6.31624869325378 -15.414942649418201 -27.31701816916 -31.3496392907654 -30.71349773425314 -28.141547989849357 -23.69187631096822 
-8.116760003555147 0.7030903434108398 5.390475823484154 -13.951646491508523 -22.102636344703004 -20.94218828847837 -19.964519584279188 -8.34135064026901 -14.783690954619196 -11.974168062303495 -7.385585948230554 
-3.762476416426398 5.5742195992375905 13.838076151775196 2.027052914403466 -6.376644450127078 -10.216378155553107 -16.474996440126816 -4.7284757473017685 7.1517143033929695 12.544245259215552 -0.8564095245671315 
-1.992364558350109 3.7670907854855873 15.736162833321607 4.683155364678509 6.061691971697725 -0.442801874037693 -8.58905734111466 -10.304346746882658 -9.144503115855315 -3.3720828565181944 12.585455263795023 
5.288393196863035 -0.22442549257802136 5.078634921305218 27.155652003362036 28.630069057857135 33.298054861610346 28.19684053646736 14.924511751974515 12.778382619832449 7.6325355416774725 5.273969019325278 
2.1259268210047173 -1.0375686451835777 1.967557593659586 36.023512648249906 34.70273716978396 39.32099855840294 45.394270948064666 29.511831733262923 13.762179035546064 -5.442641993878528 4.17022057590431 
3.2881147693021058 4.281083570059597 2.5065675693972462 8.5927439448806 14.393329725305549 16.878816612385947 29.66572258374746 24.07023691033276 9.958779578634818 0.03164556555667625 8.629728468854763 
1.012802864315687 1.896426549693993 1.4997208242652076 -10.712044368852357 -16.799443367413687 -17.48190780355624 -13.027245756465312 0.4462497217210729 5.695438768625765 -4.073479159673887 10.314432538729676 
9.365747802365131 5.400341936435633 1.0459716061563193 -25.74567788168974 -27.31703528247631 -30.00819772644592 -36.142211904950976 -26.348013299871376 -12.807956006914443 -3.1353091907286545 11.34935016208805 
11.351745910349914 9.584729802447727 0.06498975293130305 -5.548497194023771 2.586413077006357 1.1857330361727234 -13.813760541730463 -18.143332689330094 -13.535410128590296 -6.916918930888849 4.506931330848655 
2.581027643644214 6.443368096911762 5.856826143245246 1.1945638694673955 5.320815439065582 11.14066304338412 5.725800851801242 -7.198463850303913 -7.992591456214459 -0.04140664183484066 4.808283941377166 
-3.027227685457081 0.11510975040519111 5.444281962069475 1.2814694072148054 -2.848840154366618 2.16992569342214 8.3541709985386 2.1987085978659335 -4.664374608726043 -6.435179377293386 0.9956425898540227 
-4.250146515830929 -6.207189393099913 -1.5814551499048115 -17.855089760912808 -20.834957976520972 -23.204392311460083 -20.54752892163605 -11.567750650896937 -3.1137365756477724 -8.837566641924628 -5.4009357470299175 
-3.4385959808078272 -6.473221377334019 -5.710547419687644 -0.353241350578772 5.305382265015527 -5.826746731555885 -16.25635651834935 -12.159973070156923 -1.7631210603845995 5.204310359116265 -11.879852301357404 
