-407.81380370072196 -196.95017784081463 -68.94736272531368 -21.012914654581596 -30.539203136586934 -133.37674999207326 -413.94937235225837 -611.2260760325458 -588.5951262161306 -435.638262639434 -369.13054245467663 
85.13817168838256 53.869009869944676 34.13540781165041 22.08353243676352 18.694510274912837 24.653234373305647 56.53026145052548 21.628365142156397 45.2177331788271 160.15512201580356 190.46986389325707 
28.292278348890328 -1.8247574080153912 -3.1555691092596208 -15.454833054205004 -30.411861337811132 -47.504916428740124 -73.39806073480585 8.32702037323127 15.405727970640775 -1.7276227328463416 -23.171144846076572 
-19.16499994724201 -44.725143968372905 -54.33474175398058 -65.50676018837173 -65.27572675016421 -46.100115470860416 -14.464996931667374 0.6689983081243821 -7.855037310859732 -19.115963266369217 -6.439699793042795 
-57.89092129471359 -26.664088882208134 -17.7252386642255 -3.6244517513012395 -4.1297215065128 -14.522479053176323 -8.749141711717453 -0.7729781901937022 -14.39525542115519 15.083622606434828 23.34125601871527 
-2.9775577789487007 1.0361906668344147 1.3005976363840714 4.742129422028857 5.318646792339672 4.852992382695291 -19.2007081874267 -0.36437293887689015 -8.500741516108999 -4.596192473055925 -15.69262150287108 
-27.6297360742602 -20.224769756689767 -12.546205273541146 -15.70575529749741 -21.22876385159961 -25.76629908176407 2.048001111736502 -0.7695064411816496 -1.098360703194011 -26.15899546428396 -28.335590159457553 
6.387265601992924 1.2114889476556692 1.2608293145445444 -5.7721607676251665 -15.128302170602023 -26.933852284135263 -26.68374934113764 -2.326110093607088 -1.1480705479576256 -21.096021700487064 -16.86202689041557 
-15.662031952306586 -16.556487619604628 -16.846300311376428 -7.963705524428708 -2.3424289247314545 -0.4795117683536144 2.9335464733563232 -2.8635680375361114 -3.9239038138636184 -8.079397959502753 -5.9208170352376275 
-4.916484026831111 -7.179816491185158 -3.2738864829602625 3.994572192485324 3.3329516536018486 0.21487294052262487 4.634186276860533 -3.6641907782127983 -5.307451040630096 -3.6868707883885437 0.549711284927402 
-8.877584750583308 1.1817504171879587 -2.6961923894190942 -3.9391161109090707 -4.42916639899481 -7.411293486553022 -23.754009661443334 -5.248823182346879 -6.894257308266317 -6.5853875398976225 -5.166888357412978 
-10.000869671866065 -18.68762833455716 -19.780503054445504 -16.341063046820636 -11.579241342631537 -10.672766166896308 -0.6890869069757084 -4.0926825312389585 -8.343749892410749 -8.110616563999459 -8.79184575598494 
6.319187922147224 -15.858425560662813 -20.417073689402958 -14.469169303829673 -14.305937286965868 -15.712855993272136 -2.4234859260128574 -0.6422718577651033 -5.8507347710715285 2.292921493305409 -0.09394656038079241 
1.913829217235879 -12.823132451261051 -3.203765216149704 7.476806612769172 5.790970004863924 -1.7955064437165218 -11.250334386156439 0.4999319813380686 -5.026771561733156 0.21341672423192093 0.7952405284205863 
7.03623437810158 12.997415371695261 21.378499192661472 25.683692672565204 17.73839795550255 7.540460405423838 8.997037958005425 0.17726711937780495 -2.9140573702147003 -10.64421082045135 -9.629426726093104 
10.648794308691535 27.755494689906037 39.59874234055651 33.03589071021699 15.883177317950363 0.37217963015818856 -15.421926856043767 -0.1065257650938791 -2.268291415472495 -11.69035187136216 -5.796654444725661 
5.3398641139836736 43.33377077415787 41.73097380283825 20.19110832663973 5.255257715597584 -1.5284257882451127 -3.903482349662342 -1.7704650566180353 -4.397211265042636 -1.8708251193924137 2.034566976189204 
5.466151650746086 15.245535815066404 3.9000267119962126 -3.7343267695493285 -4.900065067918682 4.125908321520817 -7.220686817043641 -4.169084508480107 -7.902218438651065 -3.6723767474861284 -3.613627744411795 
5.508566274180645 -7.947830455104972 -17.92217624745213 -8.234283208643049 -5.107384510234966 2.203592629109682 4.215097005709628 -5.462007814518717 -8.773232360582174 -8.975476390303573 -6.343840715151955 
2.773791605092307 -17.50385395709422 -17.19347703742409 -7.2713617810503965 -4.461047846275161 -0.2308636240741172 -3.663127765365226 -5.017042693700461 -8.233625061971082 -8.081912578235691 -2.805208387879367 
