-430.97995362369664 -284.40817604381783 -220.06097169062338 -168.82869079024763 -170.74282581269958 -214.67040770556898 -298.14228499803573 -419.7826888393169 -570.7779522937606 -653.72020450044 -691.1989481408989 
91.23398955920248 71.93994229126216 30.013215320036423 -25.7953571314635 -60.41151380359072 -46.79191149820279 2.9448700654314073 45.906373814180085 35.48121933951304 23.651701937627607 20.579767869676292 
-41.75731291769428 -19.954876710159898 -7.074380526796971 -62.66980384714023 -123.22770251026294 -120.67178556146472 -113.38203965164985 -103.94560951082751 -66.91139132984966 -61.53328343539573 -45.893796815567434 
-8.226039319103847 -21.35168474737992 -25.87331611794493 -20.97263422190548 -50.31113230524542 -34.114729216911904 -20.571452497037043 -2.8604024851195278 1.4277429957669627 5.647702273514737 -2.4564041948772655 
-57.03598424175666 -24.596585537870872 -16.883290924480722 -21.311089943588897 -50.40559804416268 -56.60566413901021 -71.77445227459918 -80.3103718069749 -61.669617471380796 -32.655731305692434 -31.81560964510728 
25.16262550563181 28.437499238156885 24.82101334423122 12.486521224154174 -19.553158604777913 -25.00007886041122 -25.808761238493464 -24.7184549422333 -23.29791739240528 -18.768099500089008 -18.10346418301598 
-30.258313268754065 -22.981359492004117 -29.61077959179604 -35.919927654540345 -56.368426340452665 -46.87474756260396 -37.22995920411755 -29.820087212108696 -18.88630971443944 -8.664588170591415 -2.2322600710558085 
-2.4226519868279786 -14.634240703000263 -8.684082333101834 -3.0027012246318763 -23.67251203322798 -25.170500671933624 -38.34232860639236 -27.114597877742476 -17.22526320840167 -14.597116334777489 -8.367868047810394 
-14.52237775452527 -11.073427142091328 -18.34538935219227 -30.559193730952707 -48.48054843237995 -37.707172230176056 -21.200832094365637 -12.705104855812463 -12.143417916962413 -3.370791575577237 3.3412534427355594 
8.147524581479736 16.57964310465246 30.120361748734958 17.02610089431886 -13.560271439420097 -31.855751143210632 -24.73711340135657 -13.376205358748093 -9.55207857401393 -5.117501895492157 2.3895394290218657 
13.010153042043566 20.610310198681802 20.922912988369703 20.12627518148014 8.267407289315251 -3.2450805712300026 -6.967011821943316 -1.093166222640142 -1.039239851710389 1.8608864378459027 1.9899988616797146 
31.646426895638687 25.969504278028314 25.332254090217795 42.95754743377819 35.459759534204785 19.75464313793703 18.602230392489645 19.675521416328472 16.4930271044071 -1.1642592786075117 -1.8918828686469562 
17.229221927336113 -0.40384629508051156 -0.9874400348984462 18.917502517980473 36.99640397561586 40.1574975051636 37.31134784132613 32.64950705660337 15.65433809590612 2.7028937521001604 3.5209717715732314 
1.086646810008272 -8.90743461148404 -26.922904738237975 -27.086726552866814 2.560060305560773 22.177428404874902 25.098211356748173 15.552633050727142 -1.689631336186316 3.660713272194922 7.826798894758399 
-6.239093646070588 -1.4383062040937462 -0.9774023201110305 -11.982902168658464 0.2911468633446486 13.201179547358775 15.747563837561211 0.49886430644609026 -1.6517835637643412 1.5030815067394074 2.1513969389367245 
-14.748013211715817 -4.901264219385386 3.678652233536461 -5.4005883247208395 -9.367056271189387 -13.588033372267844 -22.816792810794485 -18.458753009726337 -5.529205521814545 0.5083086943762608 -0.2592988056744987 
-1.4335431977756752 -2.505664181320852 -6.174368354370031 -13.637815962236015 -23.73814646378443 -28.014933998963738 -30.432506402449576 -20.670840421839358 -2.753758247096731 0.6175484303081424 -1.9231636548053344 
-7.048625294508339 -9.300276720986536 -13.663345637308112 -1.400877957085219 5.138308784738198 5.949232372499329 -2.0761213192788337 3.1828712022231938 5.843228595453198 6.699157499492921 3.8705466057292752 
-2.0932560986391167 -2.517291682372641 -5.520995821177304 -7.238700796171763 -1.3959450171954524 7.48168872778164 11.35303547468989 10.93392602620521 5.736020470345261 -0.49126849188765953 -0.24579796144242233 
-6.470282252791806 5.020975475885612 21.63765967636902 16.03087855043934 11.426331615971005 5.358285396581027 9.612171967680059 5.632617373809673 5.717430595303634 4.063160412185939 1.443623339092173 
