-730.4192847219932 -640.6423704484879 -397.2090938847192 -282.18762929031715 -221.62672475784228 -228.53225258595953 -278.0489562285629 -301.71387543102384 -372.17196864770466 -514.7903107209905 -690.5908810588575 
2.339951329460393 73.57324745984076 177.76744179856973 158.15437836879232 123.03813656553876 110.00768893078408 133.89184053394234 179.93481956721868 210.475272615256 162.47861421592555 49.72207093772063 
1.9631560920548998 22.56052401998224 4.123946271416372 7.544394758198017 -34.99439520141584 -95.79364186545402 -143.56885120343443 -129.65703136685556 -100.75236328009598 -27.80628005431572 25.433242440673574 
-3.8316858196625487 -52.95636487715049 -120.49240178306079 -132.1548231532087 -88.95791887767066 -34.818450122242226 11.67773281673345 3.700498202456888 -27.30954997398336 -30.55774479046108 4.389156882098453 
-2.4162173157221405 -32.98510660209423 -10.16637725544399 1.5113830984301457 -16.05909665923251 -33.023178677392764 -39.58101881531041 -29.491411878159642 -8.213348315075407 -10.205273849160918 -13.376362849024991 
-4.0077743117270375 -26.328005362572128 -4.16769132634643 -0.6272486061674295 -2.3321936408778416 -10.701489061221707 -13.880816719449022 -48.30107630222386 -56.08767345328863 -37.18552549028662 -23.157838400692505 
-0.3320658997825483 5.911430865698164 -18.5428348787153 -24.50654210490113 -4.6288407637900155 0.41148256940220695 4.812832232065009 5.332361991802845 -10.919039750707299 -28.80013043970509 -25.86605642778676 
-0.36777319386976687 -15.008470478948041 9.075014051431111 18.4907938709936 -9.305920139988544 -22.7285875384594 -31.35179924304122 -40.39871159977827 -22.573412865432203 -24.39332159450901 -25.54313904504965 
2.096933510392815 -13.023409264652354 -22.65663125322152 -29.13248100525574 -30.988465861631212 -34.506153144418825 -25.74893841979886 -36.117221504515896 -47.12203739625333 -36.772541601957926 -23.082338388478018 
1.7118399376816746 -19.8490619528393 -2.618481232149277 5.48917296063394 25.403574931201796 31.716106198047584 28.850256675850794 17.774325312677206 3.9540094100643426 -9.952760804260535 -18.72759641392525 
1.9383074504500937 -3.640392739623128 -0.17200464428314624 1.5388906023438833 -15.507636977932224 -22.067084626780755 -11.312494729473274 -8.172778406425605 12.441554371752392 11.906749902122552 -11.930939503462685 
0.8342260940394741 -1.4507092838131732 -4.778782642946552 1.7705318318267516 9.127158312801196 7.8265547665274795 -0.016721269704300323 -4.515935992536113 -17.794093381701437 -6.874265107559651 -4.939934294555435 
-0.6000638163276986 -2.1576675800088996 8.75765096757443 5.7932350870648595 3.828670283610583 -0.510421831205836 3.97276366820386 -8.641163198119644 -8.237161398098674 -11.61912424519686 -0.11413926603164876 
-0.6439687834320463 -3.776328882678559 -11.343521889447603 -6.95818897641039 -14.100146248021943 -9.207687555785746 -9.819847654866791 -3.9826249053976954 5.2313502382101245 5.503709759267449 3.2636027161749643 
-1.4570537845875364 -7.294342426468475 3.7806354482578204 -3.417918907773874 6.409436378073023 9.721647314042372 8.808280652724424 3.139829612426418 3.1711188550853064 8.166808883426377 6.954598477626509 
0.15693586935066375 -0.359232637632937 -1.8008648646062797 1.1436781816942787 -4.743167521648248 -1.8543600214859255 -4.3394265114032615 2.0538435075205137 3.9946633400530462 3.8922813062679777 10.808530507741335 
-1.0911311735514444 -2.758427066832229 0.7461962464083579 -9.803228336907438 -25.00391930896896 -25.625489844671094 -9.725724439843823 3.0324411687729267 8.936235805997288 13.447467149196065 12.606536683688228 
0.1424043892475686 11.453877108860164 15.985882261825596 12.637233109671723 16.209481355429624 3.622916923884852 -4.4226371057145055 8.818181336796394 17.427129194239647 29.574936341480033 12.030222173907399 
-1.807186069505303 11.837388046941081 9.251512249490446 15.933387628509635 13.55264208652408 -3.5586036349901438 -3.643586507374324 16.9078472853641 23.17643820661616 30.63204548746532 10.184166691591749 
0.0019358068999199562 21.644623359259626 30.52427971867513 37.6630386404587 39.77439243917965 22.163381625179966 -1.4276342539928422 7.432131139054016 16.51848552434457 14.42758766470931 7.380435492780626 
