-545.4266405628623 -547.9137535782233 -548.08855521964 -384.64847268234195 -209.16634119777325 -151.7932560108481 -174.00566899097532 -201.5785267998449 -209.11266237884794 -217.6145134869083 -264.0142553438633 
47.29004619659324 44.230843574438246 48.78351008838314 151.56519399482406 145.49539349009137 119.22222201857537 104.59473107044516 101.36017149077566 110.78883143849811 122.55916709128195 141.81875978327744 
16.090073601823686 14.998598788102687 10.294459335848707 -10.50140131058833 -30.813956771112537 -23.25947885560095 -27.769503762977962 -39.659194698312675 -89.72545181649132 -101.09353270858801 -82.00328981790268 
13.63167621115749 14.065532004900348 12.492689297571198 -10.13916526795435 10.091645837553846 -6.4949892086610355 -38.607218690614374 -34.83587959306102 8.241125383024752 18.32921027607668 17.576429647373786 
-4.405045726337576 -10.712972560825992 -13.325480292837582 -42.6465531113875 -44.59330799836212 -29.5376842831811 -12.108445910699107 -22.575089472886752 -33.21561129387017 -24.884759159965242 -1.2283648219678092 
-1.856431391971814 -4.375436573011522 -9.774974163470368 -31.97083167110439 -23.951983637843092 -20.71478316414221 -7.306187117549271 9.478309942482161 10.68648389995757 -6.354204885715374 -35.59839604889362 
-12.366785022572643 -14.975967851038064 -14.752158325883682 -12.088717820285993 -12.591317024745756 -8.928094631542061 -10.155909205650794 -25.887072351584493 -27.47593585106955 -18.56285767006461 -8.96697023838842 
-15.12742010913839 -16.836872364189603 -13.415792270422326 -23.61946242410511 -12.680131082860214 -10.765935460856284 -5.623196582893056 -16.491723761381042 -27.892284866678224 -36.1022755877193 -35.41258418512707 
-11.496494720852308 -13.669397342934838 -11.016966944925677 -23.21869202034038 -17.961432369652755 -19.902006080120383 -23.583753976443546 -12.488154855870047 1.0989191491640995 -5.008719172319147 -17.847215806964858 
-9.842534221358507 -10.346688156984273 -14.303841743061028 -12.043625902241898 -13.415670945808143 -6.753138720067821 3.134524116199891 1.70619647638215 4.146787076108352 10.40378500249567 17.400565219447927 
-2.902091816668781 -6.3629926254586 -9.887503516489934 -9.403246349620659 -2.605872986455649 -3.3171569723507917 -6.568848365453927 -11.664528010718882 -14.778055788322419 -21.135936818519475 -17.258449856598915 
-1.4404314827841058 -4.736168930630465 -8.380720205130187 -9.13146728249674 -7.727159771073984 -3.4703263602330354 -0.9717137314278809 8.369478874880565 5.801877753524673 1.5078788691073621 -12.214261806583972 
-5.107955446129763 -5.092984769836811 -6.571392996049921 -7.3967257271922 -2.8473544014581016 -5.580101424382434 -11.521123016241145 -24.1148852470114 -15.619460106470004 -11.699512210446908 -6.201669514805285 
-4.216061825253573 -4.09444111721514 -7.456542896091623 -7.19231690882248 -7.585154595872091 -1.6646066455610178 1.9035314489837991 3.3039899995082083 -6.2953913196715225 -6.379232464445023 -3.363038495924263 
-10.460559645990465 -4.4747865954225245 -2.683568845000463 4.821555609341306 3.0275387322124887 -2.1486657133929814 -4.664361182897939 -1.195416991809203 7.277311085599123 6.061596798841464 1.6320274773093393 
-3.0415521111544135 3.5880378647280957 3.2161608515723037 6.766282672576846 10.23314713229923 8.766573466417803 1.2181539952073828 0.12897875277665016 -9.557344760837012 -11.494108189660626 -3.636883534006874 
1.509699985346335 1.545299098345184 4.740857635233256 11.844231341750149 4.851056970324776 -3.6982659581616657 -14.734722837860856 -11.510723149250754 -3.722149494764689 -3.094425341514253 -13.017840521808322 
10.116738722939468 7.397403262775086 3.9632156630280884 16.23695019774941 17.864231563527866 14.957388480971339 -2.1789413964548405 -9.086679266367963 -14.789904727856548 -17.782809488881277 -11.023670350100524 
5.601673096791533 4.776476548645012 3.9572961348246842 14.810745145150607 14.991433918174353 3.5431783707600206 -16.57290978816373 -19.116915434855628 -5.807318672652973 3.735760360498748 2.5083906888502123 
-1.4116413773880376 1.4586227202957678 5.452536078481631 7.424859225803684 23.3950801695075 25.232592243745543 14.977758275973233 9.564967923032887 4.807237641067374 5.115590594126314 6.4482481499232165 
