-659.7109450455719 -469.07672733103703 -197.89091939910148 -107.58604107063934 -63.356486259443315 -29.888710651993843 -73.99103930967995 -196.14735911645582 -333.64335906171453 -500.8025768536249 -638.9399488196138 
0.0 27.425760159036365 23.27413538512136 8.844334920290596 9.223530906325044 13.537370219321728 25.01514063026921 57.753392112740215 116.17730981205968 81.39018001075432 17.929630131257092 
0.0 -7.293932085297325 0.7657270590550651 8.319371076483648 -17.08461928438207 -57.552052119954126 -95.87606317548588 -128.79081877630398 -124.55235625048459 -46.24195952048461 -3.4432767097761063 
0.0 -5.767694239349506 -45.13190459997469 -67.61284331022014 -91.91229916471568 -69.37834566763158 -37.029499244641364 -9.2921883212661 -18.59587464442518 -8.176918041709897 -12.981861152531753 
0.0 -20.905820258952566 0.0529657236896115 2.8902948320944217 -7.025413301456883 -21.028518633923767 -25.11314082267987 -17.55408939530347 -1.3081223788391245 -22.929483518839525 -7.274114130972018 
0.0 -6.743230615750234 -18.148424399600948 -17.943828500074552 -5.567714327557872 -4.014600477036289 -5.628586608081379 -21.15118517932106 -41.12462387276821 -32.75698661659262 -1.3544870106218982 
0.0 -1.478866244373198 1.7866932713319077 -0.7081687568883672 -2.346488598308219 -8.688227117469745 -9.507375149661119 1.2789368369528382 2.2749428413097235 -5.149167148366379 -4.927441719343857 
0.0 -3.69123780540291 2.4130686949526616 3.813229300767258 -10.27733976560775 -26.103647673569107 -33.68994556131612 -37.302170383985626 -20.941301086927353 -24.84079230861363 -10.347505676246858 
0.0 -5.688486330016598 3.2498988018890254 -3.2566106012168294 -9.245068612596135 4.550593798709212 11.905507247741816 6.179203694119155 -21.63604817217645 -23.862430713704228 -6.949243025947798 
0.0 -4.451483596425089 2.7600711932616138 2.4955580617431323 0.7540796135764043 2.5919372757453356 2.480318912131748 -1.1235734190751736 -0.09205531183192761 1.1138142233329744 2.5917596067234325 
0.0 -2.2911812527242437 3.089529208574386 7.60770888016022 9.999305079386904 2.6926290014470897 1.9141715074858034 -3.4471129340514644 -0.030778463646132487 -3.738739641594977 7.306485215927745 
0.0 7.160335530881156 3.29294309545825 0.7616146181797914 0.30807375850986013 2.7749651253732077 1.2975571493721416 -5.6037829354599555 -15.280546983631018 -9.289091537512038 3.8796036241448983 
0.0 -0.34920601963688813 -5.096010777051832 -3.5353034953015574 -9.86196178750495 -8.490383735412184 -4.555331164920868 -1.1165255302230448 -3.549074423740076 -4.516207203697816 -0.5606613014563914 
0.0 -3.403307849412151 -9.784125960911812 -15.993565913609764 -20.59112378972705 -8.892126626140762 -1.9775884595142363 -1.1847519041844632 -0.9982207492837011 -0.5714411275793504 -0.06600958903819132 
0.0 -4.309021613643353 -10.024690880931868 -11.241651197055731 -14.237136049767043 -13.132300822881852 -7.441010752345324 3.713290464463051 3.730138659614798 3.2448737625100703 2.9423483720958474 
0.0 -1.554943222904989 -5.583817135601462 -4.462164746099688 -9.170404423602173 -18.30161017868764 -17.93895093136161 -13.816726291056757 -6.349686029555652 -1.6326002892735674 3.251613405914135 
0.0 8.15806106086947 17.709211795412866 21.50308404180399 13.42067651682395 1.375245374527694 -6.853766794487457 0.6351888276340139 2.629183751527374 -6.9122770254057455 0.17387923068622116 
0.0 11.333446583862031 26.554431212710703 33.72753615542488 26.982642246077212 6.678760993299194 -6.322291250591997 -2.7105488213484152 -7.911018918134641 0.7778317296413508 -3.1802520057670516 
0.0 12.737876775827372 19.57303706147111 19.485472831027018 29.578890175853882 14.140129222811359 -4.441254020692527 -5.164752435353773 6.927628794026214 3.228954296140997 -4.37061296907574 
0.0 14.019251663570676 -5.4259850071872275 -7.011442905715108 15.724859540617405 20.08932135534291 5.411328079113046 -6.477993287696576 -4.731039064089501 -1.9838114990753744 -2.850574383217539 
