-448.2592800616732 -414.93756952320257 -416.8988970027323 -473.5421958422207 -354.16652606245435 -227.43337743484375 -197.4486944132247 -228.05755362289315 -259.0578882317389 -266.38862665062413 -311.8158971903728 
75.03797697860952 91.20251087264722 100.82835208585126 114.49728215048088 41.20263404554619 64.11889355420308 70.25303154767732 54.45038227019107 20.531283239436576 27.274511183592598 58.59607458527153 
63.402013032262886 46.81594098867913 46.261798340048514 49.99798325076557 20.96635592812097 -11.658814703696127 -12.595082866398942 -3.146078149965141 2.7444882220620426 8.072559253945043 11.639302236587726 
24.975309802948583 4.451800272147736 1.636824656848809 27.15560246177501 38.36989267292101 -30.146978897676078 -58.8190500491271 -51.64872600083342 7.282380656968929 19.816736481247762 25.94503179311979 
17.320174011290284 27.812629815273766 32.486586280520015 26.091745007609127 22.051937945653997 -7.9172843861668 -0.7102430599810384 11.134794733318255 34.28913257968414 21.522309922565242 -5.005556310165391 
13.399679920994199 12.199435255136333 10.698779849540962 15.89936136528097 0.45625042958007866 -3.996841534353127 -2.381050926655936 13.712105695495065 14.963099082199111 -0.24140606098951722 -8.734318023738549 
18.297589863493762 26.642617691971367 29.837453073207556 22.677426681680142 21.08563596122797 25.892352019778663 17.93127835781477 1.3101226579460363 -9.29446260098344 -6.888286522692402 -2.990002362761814 
2.0432844873354457 6.679265620232165 7.209517032842898 5.011330579125216 1.2173839109824316 -8.380320414762206 -8.229486513852816 7.0499990388574645 11.61012205489696 9.161430554955707 3.023960752468394 
9.707254211739317 7.4093808119829685 4.595586585407547 7.258943301343893 13.632343687491536 -1.6200544334568103 -8.420118487089308 -17.8706400781737 -21.11180969653261 -8.903464578785051 4.133423647593487 
1.7141087495070344 3.261897498241865 6.373333822517537 8.734025669989045 11.625023399299726 11.885128306874975 14.094329989592499 10.141655337644131 -5.83081471926954 -12.252192662938356 -13.19048643909693 
4.761656809292695 -4.570247385742504 -5.79132783498737 1.7327327682172138 9.873664067877481 26.176859225604804 24.811238117464576 25.120478327236775 20.91823245355748 30.22953563178453 33.25857143000369 
8.537552751648843 6.327834403386534 6.950132792565476 7.149391146439051 7.629544720440781 24.947431115527323 26.8144340795934 25.364034686341313 24.07805888775954 25.038253674918465 26.386566645147038 
8.15821509534956 3.8330418604644407 2.3358627536605012 2.9102411067101777 -4.357959783173378 1.536804419515697 9.37103075311862 21.594041791229174 32.937674209741004 38.98947454913527 41.0199908405192 
6.168565016449834 -1.9879807973385235 -5.992571646059486 -1.875190789225549 3.8682254938245686 1.9035172009248922 2.7268766513506844 -3.115705371750755 -0.18155099281854636 5.404777410280613 13.686276025945833 
3.171951775197194 -1.0758058762458886 -3.577473950963667 -1.9796195182514342 0.2832618598629659 -5.427532768276194 -7.262180672722756 -9.691909382562198 -14.900140451806703 -17.5383250457802 -7.962500531715666 
-0.12432512591100653 0.3293381683776564 -1.409509159342984 -4.405947130554896 0.4732928523270963 -0.9161671471834953 -3.197633343132558 -9.037916500369578 -15.575036555460315 -24.777804277448634 -25.566310726330308 
-1.5330355445636097 -1.8644409170897207 -4.558257203397653 -4.918439473563819 2.2064135974077708 4.753845825620035 10.597678486766544 7.046819171249647 6.586806475953027 5.128066302829822 -3.2094870352804943 
8.992015211539963 4.529324307583851 1.3491083626310874 -0.9402425241813835 -2.1054574636749197 -2.647418886622539 2.5020766102862226 7.347885303988216 13.201428707765029 16.87573716028919 13.336404682361003 
0.579026731417936 3.163577836201706 4.186159815704972 3.853206576557434 -1.2692190661155682 -11.535348017385328 -18.904144010265945 -27.191532073793653 -28.253173246030894 -14.817060016190243 1.7655264478492076 
-5.712413896093268 -16.1643701282443 -15.039851902995222 -3.3532633221227206 -1.5979028686629477 -9.078385338639052 -7.962148588352925 -20.136829218728593 -33.51149911693438 -29.36983544064515 -22.81519744008027 
