-349.71113675071757 -306.3282492094125 -338.3436971393391 -197.98241244983964 -127.85799432880265 -142.88158608381292 -206.21564341331683 -240.3139102916758 -306.06729780312486 -397.3134728564349 -472.11501700500946 
31.678930890291873 26.372525982770576 21.8761225969503 24.96607614073461 9.606262751433842 -26.56633040383588 -78.95444351080258 -52.61667429055345 -5.83447873482743 19.666864642368125 51.91341976161638 
-18.87342618109048 -24.71256040682468 -22.042061408896515 -16.987289872280467 -3.269395381341125 0.008322553685543077 -27.299547200446057 -16.869401313324854 -17.336824209388034 4.822374249199502 25.979796903159794 
27.17595622687182 23.987090150681542 23.651124695772012 -1.0688955173471342 -19.613890551225968 -24.88646451631515 -21.56268775171695 -3.165851813513111 15.532892831984576 24.602587137928587 14.764872247340218 
6.574117652769168 3.6239617014775183 2.7180407824513937 -12.451332602724014 0.8583258492384919 8.2877486393392 3.6362915347780684 -8.721740954462224 -14.787025210034745 -16.753103014679198 4.643668378336801 
16.934632798924564 15.453596879719168 17.00182980546682 2.4420688727411575 -4.027209709464748 -3.345928560000634 3.2588824035809525 -5.756986878803255 -11.080566962528387 1.0101010712421408 12.818008616036149 
4.660188500050061 2.584926192239938 2.8867923167466087 -5.946537517973779 -7.995894073918774 -18.87562211837615 -19.43921022682683 -16.396888061927754 -13.040679733636564 -1.4244921515963447 9.876642866714969 
2.9311774821326306 2.0782347372421315 2.628785142039611 -0.9299685114111496 -5.390146900977562 -1.3984940517134055 13.15340170522726 17.231117322046753 2.4525854189557763 5.858951243119808 10.1552567618677 
-11.883623452984072 -13.178380369004504 -10.304951782651054 8.40745492218532 12.96232420314259 13.346720521444624 15.04865429612337 9.041079425332262 23.86074537357803 15.866003472269943 5.7810501216853964 
2.312852608587777 2.6339730495191276 1.973888757253712 15.127311054828834 23.67414102389356 33.92797698152019 50.51889339255901 33.82572034862924 28.71196994090956 13.987210440749733 0.39489068698363416 
4.165753250455435 4.046491747717597 -0.028677803998022333 -4.627104829603899 -1.42270708701317 7.1628260645081925 28.151645897604133 30.908547204470377 29.370206893984623 13.630730759708467 3.5853689191016223 
2.207959388425037 2.483777435188613 0.7724071718141157 -10.563659571191124 -15.96356625162969 -20.304996211763132 -15.918885583136937 -0.5676240594218189 -5.524743981520896 -1.4980103969636893 -3.2709464314944685 
5.760388674678172 6.765265949077525 6.045113754607996 -5.781367090891999 -17.904335825915197 -34.37620427046944 -47.750460123225224 -35.2498070303604 -24.115176407085972 -11.228287317125334 1.634234206141809 
4.681263482252605 6.6237050843562475 4.533656487557341 -3.164197433731453 -4.765722146784965 -10.814214289238052 -23.67636117161159 -32.22118842385223 -30.569957164206592 -13.644211553982071 0.9927036607993069 
-6.788155487215622 -4.670425906353364 -4.278471325554487 -9.068850941832604 -1.7745916169834548 9.39121187825356 6.075817569001249 4.587430213688862 2.0938502051247423 -8.546789973379958 -9.56830789238558 
-3.073419504304235 -0.15802964295902183 0.46319994200401565 7.4936586176908495 2.8541715146405386 3.3392107148313945 0.4163999810132548 5.638524687001162 2.5650875578962147 0.7493769510519646 -0.611816943106486 
-5.047681993630173 -2.7396592970622287 -6.199781598219198 -7.49779362893473 -8.50007505229183 -21.72480664493694 -36.53243073022294 -26.05476989461453 -10.998323225411545 -7.353714024200582 -9.613637467134982 
-4.612632688633944 -3.1572727635740585 -5.475119277881188 8.780095346656985 19.340893612619325 21.37803180205198 6.538117922572019 -13.66513528426815 -12.591406180930841 -4.909255758650441 -5.314598041011998 
0.04843961343144387 1.66461636004744 -0.44128673042123123 7.347366597268891 15.834901873609136 36.18834451650055 46.90128048177088 31.366278712550493 23.49915584284207 7.31972687639083 -3.1557238407869823 
-11.826022411998638 -10.696608353318005 -9.975276283103756 -2.7643150642979313 -2.0863087843373225 -2.604870840319976 10.603786801752904 26.56024343243243 24.774303010972538 7.014117102120183 -11.736711677781782 
