-588.2275221689356 -328.3281964990321 -141.67981914629374 -64.07828778043348 -65.32104272976572 -110.51972197891705 -172.69127851679195 -306.3708275899379 -468.0030973928752 -619.7037492170002 -697.0998182756731 
32.64837933848911 36.67627974472961 61.13013782540408 53.95633997747612 41.32924561186557 27.737745900411205 45.433492985888336 104.94368373361027 104.22061601393327 75.46514086132592 40.86016098869379 
-3.4874855142841312 -16.9777599449498 -28.873633170296255 -36.97009972671076 -55.41265251385003 -78.14676500816887 -73.2142417337177 -61.136020308698406 -21.017606888840927 -3.2041635747506483 18.233952103443787 
10.635146757360816 9.28051366273722 -43.14305375032795 -56.13431287960087 -41.33748154940249 -13.646350260347564 -0.03231416541770088 -2.6651106998113865 3.5791464707578555 9.072709449546078 13.219994804711188 
-11.39081312069846 -13.669714921932863 -8.049205971099614 -13.218557333138678 -25.4885795432469 -17.593616481106842 -6.9748150780880565 5.721524162996954 -8.668390180151132 -14.71897141434862 6.476797508689957 
11.65326460366635 1.4471916962673956 6.977034375944253 6.917424624997399 3.0204297449833923 -0.4139712317949159 -8.94305518020124 -27.983292031706704 -38.39189055402319 -30.821902221547074 4.537908364324638 
-4.3248108838125034 -1.494671617742854 -19.440259590960434 -36.03132981778474 -33.81762393899615 -23.225496667131463 -12.28249393058158 4.860081104819408 1.562517594487742 -9.397309902916657 1.2870314168908088 
-1.5264685896413241 -2.754433297093554 -18.3233332558887 -21.3249976729537 -28.331871082511185 -30.17139942278891 -32.90848903456008 -31.106708496981916 -2.3694194349902116 8.631434675559127 1.8054207930852617 
-18.513372982498474 -10.48863633601043 -17.85624760849642 -19.192340125825694 -17.182991487368888 -11.463415509612044 -9.379090141068772 -14.164605815318225 -16.24515058943015 -11.844936761556728 0.16541688789114387 
-5.5563435713431275 2.5688259499697104 0.5467826062909064 -5.6648479562848175 -5.759306738630304 3.758838096571167 4.74830490698517 1.1077082586948899 -22.577046506307248 -6.481108257265538 0.1244984340916616 
-1.4303938743313016 2.0652006641316127 -1.619476771240648 -0.213662928351602 -8.17254221444368 -21.94482977896331 -28.43807074850152 -17.459544151550126 8.5114826338578 7.356022571193362 0.5051180826366389 
-2.7222442392304513 -2.090767256027494 -15.64912062679154 -12.677270443861389 -3.8643875762688213 8.734040131998448 2.2880739166556783 -18.186023432093236 -30.666625465359342 -14.347760383705431 -5.465918992825784 
6.435444920056468 6.9578465208492215 -1.9619359340962959 -7.515029419138501 -13.603342368163695 -13.310927850693938 -14.680039378681766 -4.085421463608318 1.9097622647955688 -8.09923720868534 -4.620831362139711 
-0.12922744438319828 0.3663189078557445 -11.561083665320904 -8.362799826101382 -7.644594813923513 0.7698971405404726 1.708550496905994 -7.410915385143371 -16.396681243586347 -3.8366517601931944 2.421546641700129 
3.9894603967669235 -1.3886808829692519 0.933602798587385 -7.095556127661901 -8.597569576086041 -9.789287456788937 -7.608925192716638 -6.86521553584706 -5.29110825636417 -3.0139657611960287 -3.450427417555516 
-6.560161388175235 -5.830596954331914 6.302926468203703 0.6204345215304697 -9.5275656468936 -13.772011743750094 -4.678228146261285 4.038070880184448 6.092134734594313 -2.5337415958457976 -5.041687845664661 
-2.5297259053440673 6.2272393822825745 4.718223122433806 -0.1686641335445134 -3.475464014924383 -4.093686459877975 -6.315492552396573 -9.208055662208183 -11.774121474326503 -16.292883030737254 -5.6027041694669215 
3.3698656940206337 2.202793543716305 19.065871640967313 13.92282500189893 6.393053546812986 -3.659383772395239 2.928990256978999 8.80791091539357 2.125062542083449 -5.430946577838317 -0.16373063060435675 
12.44411670947402 3.87426550343889 13.518812062638567 13.497149533040538 4.317977790723775 -10.427194066334831 -5.669223688561081 -4.799752049664395 -0.7680653902072607 -0.8835518419424029 0.3500036920992551 
-2.662228451697453 -5.418458810870326 15.561601236758303 25.938163350201002 17.666378451200295 -12.763411745915228 -7.900333344536069 -4.021480771635688 3.505840977994752 1.01741658453913 -1.8442174307656836 
