-453.93754406435147 -168.77209715811503 -54.66589152635668 -8.584220907672698 -11.920641851641712 -67.46970579724224 -170.58031283556699 -355.2419982205325 -517.401928047676 -544.4176637387552 -573.3330002337776 
-6.846937361692412 -12.784132591608692 -11.167070117669024 -4.436264506325667 -3.760320023589907 -0.06480108739200796 29.48938356075049 32.39918385572383 26.667013948266156 34.61112638944052 43.09698493297079 
27.443422884355634 -4.758709468046193 -25.25286749730163 -44.58944872284083 -66.38458267628609 -84.64273503240284 -91.82790309785038 -80.78329979496631 -27.42102429307314 -10.457641679941945 -17.785272459626853 
-3.6850791816548663 -10.06852690310076 -29.464480235202615 -49.474800427202844 -45.300905211579945 -18.59854077374734 -2.7670445471092813 -1.5267356978887419 -16.460882590390636 -16.567490394351648 -22.460954008513273 
-25.30353161880901 -14.978769913658958 0.3863668069076771 8.375366384683335 -2.0552434749329302 -5.006098265651408 -6.335530515221675 -11.47489949483092 -27.325058221949817 -27.78066190717574 -21.07768348945342 
-17.255477320629055 -2.0763892111792197 15.556551151732986 21.264684774693684 11.271987416649285 -0.7455027738794529 -25.579996722915958 -33.86462743784728 -21.792575252454725 -21.127469609863713 -10.933457064413606 
-22.111269989998682 -16.77966541923955 -16.042007588103505 -23.782609525124467 -28.057056314883177 -15.544017565623179 4.7386763260441205 10.866699871781556 -15.35288061200406 -15.426314267582171 -5.9137266194051605 
-18.28171763802859 -0.6265095794967264 -4.733208676435616 -14.024794640423485 -18.995412695009154 -30.116564013160392 -40.876401909107756 -28.017004434307573 -5.081690928981811 4.501579654006365 8.445195478234531 
-26.666553356858408 -14.73415299597751 -4.5941648733098805 1.7781663387712334 4.950899152818431 10.981905366505822 14.236064373504654 1.2513545331677638 -21.671286677647707 -24.159414808213945 -25.351284932120826 
-5.413405253295444 -1.924342829009063 -2.039232690165796 -1.904022970879304 -3.244470736094061 -4.18412946439134 -7.201382159932079 -0.19417672907985478 -8.32728684310459 -8.73288578315837 -4.3573339410574565 
-7.192333112288909 -3.027493769892782 -1.7327341171703896 -0.71734266318308 -5.766694971139575 -12.501212092168826 -17.450912524483307 -14.078728520040823 -8.285181874456025 -9.094587782475292 -8.195464788270481 
8.340964125709139 -0.2618896820228229 -8.761075428082938 -11.370116456355614 -4.520653301562124 3.442333301833748 -2.2375248084298325 -6.812270118196891 2.014127344133989 0.10978631781296783 0.02735654713408628 
-9.963475904363797 -9.598985409001175 -9.91110251847497 -7.637584429377583 -9.456221800944698 -2.8754011727893576 1.5847100926018798 -4.3088159028902 3.1596648805367757 -0.3604240861701831 -1.8263394579327454 
-6.576796901181606 0.0756016818462869 -0.35505769959216704 -3.0678348626990957 -3.7493525954673537 -2.877608328626385 -4.245698697224484 -10.653373979265236 7.021039820425264 3.761140415468084 1.2457889815914247 
-7.118027632035235 -9.790088161856062 -11.138095922378335 -17.158727095553047 -10.193285782722526 0.035734025890110654 6.563118678852595 6.637201646858097 4.38876026666253 2.318124448617726 -3.2141831819044824 
-0.0930568426990257 1.1058295322059708 -3.2160345470774425 -9.714945297475145 -8.764975636536914 -3.906597617205822 0.5798774118683836 1.6502938031268972 -4.344049044075016 -11.099241042281069 -7.5826158765351135 
21.600171637320564 15.498980226670096 15.5897251652191 6.925397767028782 -1.9470914686064649 -3.852352739170482 -0.29381024062480265 4.2673799454111006 -1.4915191031668382 -3.9029782213704873 2.582345894902577 
20.48170184362435 23.815525786728692 27.290400378056006 22.852346097915493 6.587296485421685 -3.1049491235351168 7.817586916159246 8.644798260956929 -1.1100213230512361 5.778575644715955 6.219226906576917 
13.75709063139094 22.101829210659623 29.424363748496713 31.52219311175859 18.586458251099124 1.6603004910978558 0.04375775297287354 6.421468287948711 -1.731420392559071 -0.8152400497752735 0.8929944739908731 
0.8709699371357649 -1.2938442386981732 4.096180617161652 15.803397248837726 14.036174032441284 0.806883030387811 6.682398503727864 4.530572457015477 -2.1485997777460346 -6.132998463452549 -8.177517106159033 
