-636.0160165198259 -626.2582725878484 -626.1734227955797 -603.4750396630628 -367.11896582842394 -203.3239578603804 -127.91830109532177 -106.30459512527327 -146.40742141211055 -234.11060424118796 0.0 
29.372435445018578 31.20418706081007 32.60398832964718 60.0474868265916 42.39630855463447 -18.009000518506348 -68.26810121009274 -94.50248522027097 -97.08913950727978 -66.0634656500618 0.0 
-7.052699103287534 -7.8671814547344425 -1.9953215064931693 -5.899225071096374 -12.273592666695357 0.695223624657386 -6.490290920346951 -27.255295954446588 -31.529498120296935 -26.261099876587064 0.0 
18.22151027112449 18.73172449906398 15.346848437255407 -10.251581442498026 -15.177728180576725 -19.6793027250919 -11.81156559421471 -3.375124171728915 6.823076993901788 18.10078576551456 0.0 
3.454105284228241 0.7878457344559683 -1.1439412407371665 -16.32179414618647 -7.017635177418947 4.087196867210048 10.313876635271766 10.288324206675917 -1.3666738450112579 -24.919062204198866 0.0 
9.44111280770986 4.30678981627371 -2.7676901159967757 -11.169182687533183 -14.283417614449498 -10.81987270882536 -5.72924262217342 -8.440565528895949 -7.468170869484851 -16.18965021219266 0.0 
12.039513613046177 8.924492125836053 7.081096797426607 -4.984021126876289 -20.21223379531238 -14.786985406471931 -23.43591037939796 -26.17835577461856 -18.41224283337268 -5.266568311842045 0.0 
2.8651116715030325 5.050773462770794 8.927046086084061 9.073688708887484 -4.781851502254131 -18.514141510504775 -8.852247385937806 3.803350864417684 14.796464929208021 9.561636614868451 0.0 
4.370661638090215 4.933276423404961 0.9980711980431586 19.926591923874994 17.659301808011918 15.678676489586415 8.946151120291484 2.501228892267766 -2.060733550659312 4.479854793871633 0.0 
0.5558062148513165 2.7421722558636485 6.848552375772201 20.18909164742749 34.256852445098716 37.29940618601263 31.987575191165682 35.75477381503943 27.31562399350713 12.54124192999475 0.0 
3.1282713465942216 -0.13486232301705592 -0.5739712159658458 2.4897526680830593 13.538246167807976 9.639462835328326 6.7906476735680865 19.33022950754554 32.932109328038194 34.07254345215433 0.0 
8.524881282991771 5.083683650348847 1.4122604027648835 -17.08019975563372 -11.167970387747364 -17.515357095091623 -12.11300139337245 -0.5914622572624171 16.048629085225947 9.844676332208499 0.0 
7.234971727647535 7.781279582551048 6.5404338403898645 -7.604677054181303 -18.424514624735853 -23.307374887301336 -29.15991897736612 -32.13447845196757 -25.745667854303335 -17.964997852869484 0.0 
1.103512178831466 2.6318718230954206 1.3854625360819148 -3.079439292382716 -2.697014426818675 1.874683104248158 -6.071183159312825 -15.975273667699083 -25.108803698219297 -37.87259167423562 0.0 
-5.171350646235306 -4.533408630907134 -4.382758203577282 9.682500440517803 4.707922672455418 5.3823903401118045 17.04120727979619 16.170314050986484 9.255917193291186 -11.950444424030682 0.0 
-6.022386113067044 -3.3288877706460234 1.325963931437489 1.5314332066782144 -0.5071470228358329 -6.675893125239506 0.4488955299611328 12.604511391577306 22.261162591591848 22.850792582793265 0.0 
-9.732467539143158 -4.315519067407536 4.390721827694289 -2.6240004804034465 -9.448691824985733 -15.54404284520314 -22.331268715837595 -27.45612825843881 -25.049174148376963 -6.998973025724874 0.0 
-1.3234788254510836 2.8571591079526186 4.992380088650185 3.5210828694167957 8.559890152053487 25.014684032769015 21.216055505897017 -3.01270555697723 -19.814284699886805 -16.922029148175 0.0 
1.960337638439196 3.0612093406971983 2.6031502687762806 5.499038851866609 15.640135536650632 30.921136654646215 47.36583460422111 47.59143887933109 32.095769891327045 20.676258231005995 0.0 
1.167528058430362 -1.002836047547447 -0.3749983942376067 4.006335122901863 9.406586632156607 -10.728312209441187 -9.50072246936646 24.421423140758492 43.16106403720748 35.247298760341266 0.0 
