-390.5554732237518 -341.5618912029127 -249.02040702797436 -150.86115296369832 -91.38148579480828 -72.99441908654414 -91.8164955187907 -166.83610761901372 -291.69865657769583 -361.9727877293598 -383.5430607162269 
22.415104116547077 44.63458478286502 73.35864581965578 37.9050091566822 25.964853561774362 34.35720168947516 58.41056176457347 87.73263349046478 85.14185351791721 53.392795318092524 35.72250694433585 
3.4844297528224546 12.44041954122114 -20.436373043689514 -36.94873905508858 -45.48500387512149 -66.0860193283948 -97.53396675770534 -107.44543787799975 -58.1809355152946 -26.553556781573665 -35.94772346954854 
35.01779748551197 21.084949107916508 -11.908707486163866 -40.06414562812621 -42.08809865131484 -51.18364750317949 -44.87309073344882 -31.448954275648955 -15.449420827635212 18.08568039992246 18.84408792514722 
-19.623002686321588 -23.36980543355702 -27.284944759282027 -7.272844915075452 10.771529974698915 1.3680490372465899 -27.868574308091127 -38.941396308405345 -36.89392781181393 -13.958637213273065 3.73476219077296 
-0.9622734776635822 -0.4214131344859668 -3.891709816788989 -12.779084186843466 -12.385618989126812 2.2224140239105297 9.252478719822225 4.9622749717043195 -10.371373769636715 5.059000770669132 18.842232436508368 
9.711946800168 2.377463488574168 0.412255305731406 -8.14590140432599 -21.45933849372056 -16.829479746567113 -16.635722967856594 -12.597656420017056 -14.322305839094888 -16.099715437297647 -16.20640415384442 
-0.43547360176835037 0.29510161639791577 -14.302059304080718 -30.82014424823113 -29.06464418873288 -14.0880910432788 -13.07234069894425 -19.372759893038697 -13.394234659990131 -22.00943472209037 -18.11163047871512 
-10.886301423849574 4.100432980519539 21.96320061287298 17.46241835388554 2.0828921064409194 5.185104532641033 8.033341489925062 14.578504338072857 11.775057774884647 -0.19644908947106882 -3.398245596438211 
-8.276575905537968 -0.018059055968967286 19.26207873789074 22.365514426919646 26.429550104431783 16.322825643613374 0.3362991162654256 -9.21325840437984 5.722755378641615 -0.6515255131049655 -8.509743552643464 
-12.294430641599593 -13.73430089871006 -8.662379152409754 13.706176879286044 25.46607150053555 11.683422339044679 -4.137741322346929 -4.934527375782116 -0.06951711567812813 4.174346326493647 2.915447691372721 
-17.112385934870957 -29.102479152814634 -33.31450033230895 -14.926593310657605 -3.2851668003905354 2.7263238332993245 3.7357094026767927 -6.450338730397981 -17.406675561187107 -16.380831290893717 -11.655534787659226 
-9.751392437536701 -26.369719192858263 -26.36850254755089 -38.20934264264034 -41.50449043858609 -22.150428689322354 -13.28815651908117 -10.732061048173243 -3.178192447479327 -7.210207621912456 -8.06447380011646 
-12.301974294611743 -18.320043535879687 -11.709336082361892 -16.735718214360276 -30.21597039310751 -19.646903208641845 -3.2856958264609117 -0.3348207853632663 -2.5326858215038346 4.511160520718377 13.060603721958595 
-7.719326833722569 -10.510834926173455 -4.391188099397332 2.045302864731042 -5.666533081819209 -13.035373868649 -16.4527981382933 -18.079773275786604 -24.683826470972157 -28.028222634611836 -16.981402974913003 
-0.9013388443344867 -0.9480948536601591 -5.705157511078326 5.59941731895924 8.399213757805768 0.5642893092428604 0.5119633343105984 -1.3145409455161807 -3.6110306370588816 0.11669684762132787 -4.043011102543122 
-10.56418088236358 -11.288984713089333 -10.828816116536272 -14.872952378669686 -14.511182397541715 -9.094257199149663 1.9741250254395015 2.1094915443111226 0.3201161032168579 4.2810055887204586 6.022829225675419 
-6.671907435124371 -3.1872565062773988 1.3599331608182814 3.563950866705137 -14.521645605901634 -21.659474741189896 -7.458763159450887 4.563916274100441 2.2069016419885354 -12.016337465162227 -15.975494597318036 
7.343165913982824 20.02060910465022 25.033643984109137 27.030612238981576 22.099554854869023 8.396041328032169 -0.41342365665767045 4.5048703132620105 11.664031915191263 11.65529213178798 1.348642539306968 
-9.46353999207809 0.6923477673920135 3.911694333451277 7.393445250562793 21.00025113863731 26.858704858171045 18.040933490188365 13.142693214107043 3.492225713857985 0.5139962913409319 -1.1005104179821181 
