-359.2163771916753 -291.79273354470786 -82.7717757475711 -22.978498684514005 -36.1140238859336 -54.54277527321812 -85.47005357677732 -196.7452216148148 -335.907809659872 -418.6006890368939 -432.37996822791337 
51.658062933130346 83.15191373007275 37.127381535764044 18.709949552130464 23.44283757430641 24.08847337141499 20.628099341708783 44.10258767410156 47.76560612406402 10.818647084008287 19.60635289662793 
-25.591810641174575 -19.810568093074206 -8.582611676940461 -1.0730732406666816 1.917139505243787 -18.025804782319494 -38.32853540986716 -48.46487438539656 -23.24721449342632 -22.76959739062753 -20.741798927654685 
-20.001329982563725 -26.655561309907235 -6.043022928262564 -10.521778476167437 -35.16646345168509 -50.59641585970376 -33.16174898844078 -16.557714185093 -9.343036083002605 -9.218293239345115 -10.101871736779689 
-14.96683470877697 -57.964298325484904 -35.227840450050834 -19.441036981058353 -17.689573381454704 -24.43012359451419 -38.95363312015753 -50.214116539724785 -48.46676033203257 -37.88934641025313 -35.90308204404149 
-10.89781520120877 -9.139069170479813 6.013198919652641 4.767435523454274 -11.104151837414657 -13.62207876764062 -12.857656216466747 -29.52035931507603 -31.713972725851228 -15.14375541649066 -11.101779667177425 
35.469387781690614 1.5241224768751709 -2.001808718524149 1.6617029180348912 -1.117865364125923 -14.750321582758035 -13.625726090451632 -8.648227430145727 -17.410646869586444 -22.672835513858757 -25.90447460479539 
-8.786707958271794 -5.744790965128866 -3.817732257806435 -5.603000631451921 -4.6380375085870496 -6.6073589259634655 -12.066921245314678 -14.880078700287086 -11.724611851372782 -15.678142836995091 -22.087890030652417 
-15.75764515812665 -18.093347854123614 -7.53549144228465 -2.0170619551162763 -1.035594755027455 -5.406362122750593 -5.937064820718632 -2.1568095521552606 -6.505675645988205 -1.434120710471924 2.579837375731989 
20.239086809724164 1.025732474386115 -8.79625723476851 -8.420265726126747 -0.356604209600329 -0.3219008958590044 -2.079033150923743 -2.475222264146418 -13.28153980168234 -2.9560131327052352 2.862155835546692 
-34.11382037372115 -18.809857572671625 -13.714609906379533 -14.910967527446461 -10.807219953644479 -4.0002777675575745 -5.54629328549208 -11.848742873599907 -14.69801103060028 -5.14822078739069 2.622858976928484 
3.6601699581469633 9.541470022693268 -5.383156727862894 -15.238268516878474 -21.746746424693768 -25.297132853362776 -15.947374314061866 -6.251028149177914 -6.523934016657387 4.579079690943936 9.430451570032805 
1.806199191291038 14.418949157598702 14.120291217948793 6.307089351289134 -10.445700139414809 -17.642651442277298 -14.817907671233122 -7.60764884359101 -4.371610042968125 4.364173896524198 1.7901122804896916 
0.050918637589278504 20.782291374294818 12.33183512384797 10.615923436337987 1.9302929474364934 3.192092139627276 0.8749091881181135 6.46880687178743 4.927451431342038 2.520696214305758 -6.110637158089052 
-7.132526933588017 9.062380717802492 20.251996490103032 23.415608711268426 21.20329262012752 4.240760667848169 -2.630284993173349 2.767140972050312 2.2707602906212614 3.179695016451361 -0.4923758272308427 
10.220228341011596 11.025269334464333 6.523227236414567 12.678452748162423 28.159005551731866 24.766598915497276 12.105164648093087 0.35280371735172295 4.808359789586698 7.803322309395897 5.470832175838096 
5.493896780092836 -2.752297262264693 -0.69982379901887 0.9018280281197559 21.541768502960643 35.54001827101888 32.086189382656144 22.76273542585967 15.013693635959644 0.5082305454594549 -5.472722842389989 
1.0247326524072538 -4.7796411480192 -8.905964391263243 -10.392811719826469 -1.7374415372293437 16.87553898764356 29.481062337470988 26.50992148046472 24.993696938224044 3.322123930056904 -4.542532411520211 
4.919565754174126 -3.407346921884039 -7.2014886603833475 -13.947377347466114 -20.614183670726327 -7.075156400683155 18.067890217898146 30.153767946482667 17.091199521138535 6.60919665811965 5.95567349361556 
1.4587261292987779 -9.332306658820492 -17.628480629419187 -17.277278178455262 -19.255924569515997 -23.501589591193166 -16.657880030768837 -9.872113832434778 3.8654348332363635 12.825968588410714 11.751024498459737 
