-608.095360510366 -396.49531275397345 -183.5221455370641 -120.30530938011131 -115.45425655489501 -127.6644692405813 -164.1408974639714 -291.647392287649 -511.5808235612916 -604.4516261128947 -607.8080802523999 
-9.355140641960453 65.55673835367358 61.67121285582947 44.387211390282346 17.06425331983511 13.983727790922178 24.00107030123816 61.64086029613766 75.99200676460947 11.437229514808749 7.684646451267675 
9.184794614928208 -22.315374774909408 -8.016361236736373 -11.519119221202796 -47.20099257003556 -72.23417452459375 -67.1572669759623 -59.52429144771367 -19.043785897696377 4.727684770884364 3.1048247657272094 
-8.91194616141185 -4.886023594131647 -58.701349914650976 -77.69576616077524 -62.20185792236607 -33.15515942459045 -23.076773713025545 -22.298379495987632 -33.34472199608753 -0.8805268252842513 -0.6211313719493993 
8.551353677585595 -20.307374553480898 -21.801061764906613 -13.364195923308877 -2.049896893594427 9.794553832779965 7.701313978011175 -7.2015169693574235 -25.199326072135747 -3.9733715151976536 -2.384915022669569 
-8.120423299283555 -0.8239683631664168 -0.8310022590117451 3.6688255259202642 1.834736836002643 -8.73783169720617 -15.34453626285482 -27.45617302099957 -24.239518122741906 -6.500365847905828 -3.7259234539951267 
7.636815696776464 -2.4818842076559253 5.389499147242917 -0.4262074697206796 -7.983752323682875 -4.970632566899866 -2.8737929547649648 -0.9217475871661512 -13.144826073758109 -9.481782583022557 -5.8368673286172275 
-7.116369182427106 6.704975764406951 4.819517142428893 1.9527149146275133 -3.7404121531936005 -18.621897849567354 -20.44769175542659 -16.54452753431118 -10.091478321539787 -10.914107326176824 -7.464158304256635 
6.5717448910190654 2.394511873285065 -7.017186885355459 -4.013432278541467 13.07808047159823 22.667968888295295 12.034869166182208 -11.208719356080612 -18.597470986209352 -8.517970766329743 -6.560509843341033 
-6.0120144405563405 -10.692827402275892 -16.12592310466421 -10.135257726813641 -4.8612322948774525 -3.2159870577099388 -0.9952816705483967 -1.005796277562678 -19.8402613181758 -3.1639883093470607 -3.2264301715190067 
5.443178382015099 -2.422848307116502 1.216045752164622 -4.026704924690097 -11.981030647389984 -15.379880515593133 -18.27372279765079 -19.71809719971356 -11.388497302924343 1.7314797339406702 0.23886048891810105 
-4.869381772646779 -2.5175850780392324 6.821293611339018 6.670067437392271 6.1965762723322975 5.613960053719343 6.247957282045725 2.991786959365977 -2.2918017618402695 4.08831705464423 2.2040060429125976 
4.29443514478001 4.080734162560065 8.439125960497519 3.7816827826936743 -2.09748519706498 -7.062139679628966 -5.048710014139132 -4.756805396093947 3.0820514247868895 5.213759530580296 3.4269714576954784 
-3.723192520409598 -2.4487497959068993 -7.418171446236326 -7.496289284626235 0.1974236036629946 3.1654186251975385 -2.5565632852781026 -2.1494948952112045 3.411370604600721 7.147962354196847 5.271275301607412 
3.1623951016268714 -11.118623007551733 -27.788823073880785 -19.004185098016286 -14.867026197126178 -14.619485048865641 -10.654000485886067 -3.808666863608905 -4.29888807149032 8.95416551073384 7.084009781183269 
-2.620743815551408 -13.46719644887538 -16.946057944759737 -20.17444346324641 -19.63067686383663 -13.053965166873446 -10.916366849608714 -5.222698500678174 -5.861639382102279 7.582350717645328 6.630641496691654 
2.108175928581856 -9.072007708493647 -4.635008471532355 -2.5436981085555694 11.008591791140198 11.120198446952825 5.500304373437762 4.331130024039553 10.976320598859235 2.4742316001575633 3.154935026095801 
-1.6345364086311491 -11.775003592855093 10.790600828029731 22.793001911711762 31.809724839211164 33.3340558506645 26.896842927269123 23.162536446462752 23.375767726912535 -2.8834107097695068 -1.1785237414675347 
1.2079990596962287 4.705944239805553 26.763130751595636 37.49428607553452 42.11589917705882 41.73327963295593 40.47401922557939 38.87558750882326 20.312244616620227 -5.070995298868132 -3.6078493821089515 
-0.8336642194498265 4.8035025778343226 15.786020762486082 19.900860199744436 23.702859964677714 28.20216124539118 34.121944800520254 27.3833921297434 16.274655125782775 -4.678864646307735 -3.857790234354436 
