-482.00217942100926 -458.52389893463567 -343.501830404966 -140.11571662126786 -87.35528205297973 -81.28115786130313 -103.59128702906703 -154.2349111578121 -259.4203315286729 -460.59100630457493 -616.1248322393149 
40.52828490162721 45.87750273254018 62.99610207305942 53.633265292918146 41.59239665781985 29.031500992853925 10.606519863019596 1.8169508944953325 31.287466354936605 61.89123001054823 22.77519326018821 
-25.35355808976813 -25.210193984229413 -15.849453372687226 -5.299924579366466 -4.926755570082103 -35.64226695937026 -65.83731976828967 -75.0238678220752 -74.05137721714878 -56.226311157544515 -10.731911129322894 
-56.68925990332036 -58.69405776628697 5.143208112868134 -55.20569736252426 -82.99029965390993 -72.9540114204243 -44.30626282682701 -26.04160090331601 -23.462463633914105 -26.03805444482768 -18.55069129388263 
59.185357594962646 63.835975905432775 3.5196992277368837 -18.92336896452271 -15.347504645892126 0.05616307203115589 9.377684172380153 8.114515170611682 -1.1981381808597922 -21.28752633386782 -8.120959142510674 
-7.681429558978564 -10.279511355436632 -3.8465386242176436 5.069592305006193 8.525867794489674 9.008378800240383 2.9835613571695387 -13.941543603748247 -25.792771835498346 -22.585564051914254 -0.7800252061280513 
-9.411102291877917 -7.635038283699735 9.017688278469254 14.19780291560371 2.4481313915543965 -12.017824657365345 -11.419730593664191 -10.755990361226818 -1.2914121236772524 -1.0443501434950095 1.5896864821397207 
-26.703864388506275 -24.77738901111897 -7.036250476242982 16.63292417365148 16.706495558433915 6.85474845561405 -5.860009739635872 -12.96016841581854 -25.45455671278488 -15.860572803879098 -0.5646686948913746 
-10.412780464472636 -12.492847418146711 -6.164454106923295 -16.62119668653556 -14.875220657049052 -0.7327817948261421 17.11198847912446 23.741554611748867 11.46809660321695 -20.31384338255646 -9.027119322324651 
1.8002088160561551 4.501478771624717 -2.2236303922854095 -8.417042113872508 -15.99507237112142 -19.8479304484508 -19.642393323060016 -16.08926240561538 -6.949449266837796 2.7036559384473504 -13.734010381653157 
7.187896134281118 6.593661501080415 0.5910798401636077 1.6430798344037705 1.8874708694077604 0.776589775224652 1.725114233518243 -0.543748363784856 -7.883659595272244 -21.734734573151385 -6.775008140011001 
8.90410934053896 8.971185597425684 -8.932875484693717 -11.919742197867375 -11.469107264478357 -6.390479962562813 -1.9600704556527826 0.3177123033174034 4.973684031093491 5.175790648191404 2.6377141112402995 
9.751289661743101 11.29891700180632 2.417792614384986 2.9851542805212707 0.26738036357310874 -7.715848791785596 -8.12914030165864 -1.0435593296714634 -0.7123928974076702 -7.401158198290381 6.339037948600463 
2.773967373679927 2.8655224983401437 -0.824413121868713 -10.863529986474973 -12.913218158243117 -12.86496522501433 -8.402417550933603 -8.692849731220154 -11.774406285201344 -11.689491512927365 8.972574801096956 
-5.124363234070047 -4.179918838480736 0.752690912236335 -9.5981984233944 -10.722015287061975 -17.40155074213672 -19.156825082322463 -11.960649271228224 -11.49138652814943 -10.196230844157302 11.944771912855483 
-8.112737318602889 -7.737049793088827 -8.753913260134748 -4.5428167922547615 2.888949546711752 3.013012287181971 -3.607582029007621 -5.154556940968195 1.7697488123727445 -2.629395770520923 8.177401785733425 
10.413608659029155 11.222029398274575 -2.4681994603793327 11.198360982655577 20.36285724257198 27.57272684598371 28.551603750218405 22.930534775323604 20.070351576727703 15.642524213999964 -1.8173594936721122 
-5.204247850424522 -5.807388914672591 -2.8858188360723753 20.738441371473684 28.959867906757967 33.187522855946625 36.226462413555964 36.271903136499965 35.35094240278944 22.873135533316187 -6.988689690708721 
5.0356920109845325 5.250884940931132 0.03524230032714559 3.483328776786813 10.085032549606549 22.992023661818685 36.396533340259055 37.72416689936078 32.49342381987293 32.46386656216217 -2.7223552836122438 
0.32324992025194516 0.14232019523842418 2.182283602779628 -0.010536309072833538 -1.15892809655162 -4.653390931295174 -0.21472452415713572 10.833277763668107 13.948630033616208 15.2235316295105 2.3268891502978457 
