-485.08767496716894 -487.3998393877763 -472.8543467133146 -306.89555224774904 -197.51065931827216 -139.18651150870355 -126.82713340596302 -151.3525579892156 -211.88224370057964 -327.0485794011672 -478.1257404180659 
69.83516989612713 69.28280867766165 49.9018484523652 -0.010725319719542464 -47.45406658998601 -90.72555861677935 -108.30232810929354 -107.51388621794169 -75.50523668954105 -13.08130370651705 55.71873461071414 
16.57348356803398 17.646989115625296 12.99971755695503 -4.443434419579325 5.4065581990482245 -16.348902955148745 -54.79177760135367 -72.4877393548804 -66.58483707057863 -55.93144390655625 9.512635930007088 
-0.4761087511466802 4.9129378443520455 2.01182167993924 -23.801927915133184 -45.69640642784523 -45.8362478183428 -32.63919781071374 -10.184705120102665 20.23925549691085 43.666398806082796 18.68478483470027 
0.24914765258112004 1.20981236217269 6.792579992634824 16.617900722284745 6.220666031083381 -9.275692508610597 -20.707721475845883 -17.14818580300584 -2.2942233894606545 4.703234254616003 -10.379227957258209 
0.23114177337493155 -3.5998112051975837 -12.488476170354483 -1.774725172918894 12.987401244882959 32.85896530782098 34.820612082891735 26.157279431283207 12.39193636424694 1.332890428752747 -3.1072634764712226 
-10.104780246946214 -12.859815567515527 -9.161793163550726 -4.2186356308122015 -2.575476481995646 -11.427560365426752 -28.809236982695065 -28.152292447636704 -8.510425627044238 0.7769564332497112 -1.8281385003094262 
-21.082205693368813 -16.878645299166653 -7.872402201194227 5.8300833227563436 3.762229174738563 -4.050358058660997 -8.305830869289025 -13.742350325556 -25.107645083264366 -31.850546987572173 -13.846659383073726 
-12.773917671933512 -6.565785097426444 -5.769309610602218 -5.694181524946519 -5.714425960978954 -8.161875621238245 -4.38926575813643 12.61029212695671 27.599260083829044 22.53215487980798 -2.445816494531237 
-3.945539583505357 -1.1537397817537816 -5.47538821776737 -0.4805810847390647 5.4180874582358065 4.188404931944975 1.4181215706194354 2.926589729481652 -9.688222580213981 -16.710266863083035 -10.316564050554343 
-2.114191999024631 -3.570440998091358 -11.450267700323632 -6.978966720039512 -1.1774927122636747 9.435201218266773 2.2897258298465046 -3.676590425664629 -10.654580735417575 -18.873872770751973 -13.694243077900742 
-3.1336097523182302 -9.517141498121426 -5.547725315048914 7.260833105283887 4.615116029423588 0.28857697561830004 2.7386173636602216 6.063741869284355 3.522103317878813 0.01946741286258047 2.648774965794195 
-3.9860032858422203 -3.007069593545938 -8.94093995036996 -2.473005896536736 -6.154390856795067 -11.504905286927684 -7.318311519986845 -4.769476460010088 -4.170450491406589 0.8315838281415078 -4.186749605708945 
-4.3584127777262 -3.2990135819365123 -2.277210531615345 -7.6145934027033135 -12.638813268903252 -12.702303670490053 -2.4888467197505584 7.744044137145699 3.558591361823868 -4.103576464493577 -6.700782982110264 
-1.2256454272871466 -0.6942075037596984 1.7009973163410188 3.4298688083963857 -2.0143991500321863 -8.59213557475741 -10.338868107785245 -6.065208428985402 -7.638975126080329 -0.2746470509540134 -5.176533862671999 
-4.077464775157042 -4.041692126057135 -6.055319850404482 -12.207157122991095 -13.950887009336943 -11.773330873548892 -11.073161208512873 -3.2217656630710287 -2.478504375023351 -10.96349469566805 -8.257289418827279 
-7.265824636445464 -5.115919992655001 1.107580246655008 9.456577667597347 10.136243861620178 0.17913083562758114 -11.786522405000838 -13.028546807303165 -3.578286187853434 -0.8430843840645476 -5.200013669880672 
-8.113370260507079 -5.557764458170146 -1.1715266404926212 9.993700409561896 24.62319386618371 26.65570850671528 9.602353405695627 -7.819198649193954 -0.27861485335928715 3.9637369311235062 2.499825963030732 
0.033838849236831336 0.29256650819151675 -2.648853650411035 -3.8586236832709435 7.856342290327938 19.64398468308901 15.896745460898321 -10.611617400743203 -26.387265324465865 -20.216930786823898 -9.458218211367356 
0.14524354161030134 -0.5838580613687299 -1.5845996014626853 -6.8788320790026365 -5.112446403595715 10.324892081964606 23.629563130589176 13.610985491116393 -7.986990929662323 -4.070746968247454 -4.574940386874747 
