-323.72055871455024 -346.7829797184479 -388.38857587061864 -389.491107955578 -375.67475799075623 -250.64838929957776 -143.26745281557828 -98.89712213377011 -74.19977836583462 -93.27404678148494 -136.63007678864048 
20.332478198744887 27.424589450394684 38.349548905930675 49.34231869970225 49.02594168897525 60.981156207172205 42.309112735033374 24.177439600634017 19.918664228255132 33.73292585922907 68.33053074611139 
3.8559671609119555 9.988980937507913 17.64423016164263 18.316889056129376 20.478531851437175 4.880114278490333 19.787924479811174 0.6780077207034236 -11.06040898331143 -19.644535929321805 -50.42620472260256 
5.4782864733207255 6.862011235342194 16.817653940246863 18.454807797066476 18.992660798801598 -12.439693118117708 -69.51368843665458 -92.53345785812678 -85.72629284829709 -47.26972668142443 -7.887275465746182 
23.49022324973049 17.203986665366877 8.57929551495574 7.155017864007865 0.31722792176770964 -18.462086785438572 -4.077301622760491 9.97242960376935 6.530604242423019 4.929358589230251 6.351876065392374 
29.39714894595651 24.54522633028585 18.6699912781487 15.054979312762727 11.923260981663415 -2.331342492469782 -15.623709232831061 -10.201861875428023 -5.901085670128111 -5.200813983267263 -10.979656815535286 
13.795268852870514 17.681527547430413 15.814392970059776 11.16364578635617 11.788978716791204 5.417650104118405 16.377891654887463 11.959822884355846 -3.4579688344785335 -7.420571710710271 7.398059141056881 
3.5548563172788694 7.682678347809556 12.409129100706075 11.387085000904133 9.190427961140127 -0.5424458299387422 -9.772796387044394 -15.043082028020251 -21.234782252733797 -22.000829426557655 -24.217586407701276 
7.290299387789903 9.50907263839946 9.813876057891072 9.887065108134252 6.815078430517943 2.1691387523568917 -4.534543378199319 -5.417713929243243 -8.134142210261832 -3.455665342298565 7.996914305775324 
22.40777879355644 18.157840754072485 9.507765012007312 5.001543667337433 6.494312976391784 1.6852009158870829 6.246152447601176 17.49328149064261 15.224713492259966 11.886764925830835 4.834353585175689 
-0.6031263609197106 1.2837247484027714 3.9259468452612696 1.7458398517521685 2.780264460799923 6.276748769392404 0.7722635671749013 -1.3836578615552857 3.4743744590524024 -0.24321245797255853 3.7940266385887025 
6.2181838977211665 7.847478173468881 6.956504089198246 3.6566853191583655 6.713414783754477 5.770662105159012 12.311249589738251 7.176703028568608 5.947630710740416 5.822817297093527 -0.3943475957456186 
14.196857690288711 12.648378341331947 3.8012520551586437 4.682143418632284 3.592605912431346 8.927043581771255 -1.0823347058803545 -8.434969564628876 -10.557270624509627 -3.4077834392700628 5.420024045207444 
7.297365861979427 6.672657640558896 1.7953429629825581 7.704463215674975 8.143382908034148 5.8056136500871665 -6.1166053502255355 -12.582379152818334 -12.56928359138843 -3.6008157228133997 -3.391008181719037 
8.394608612303339 7.209161861083355 4.890280343060535 10.787231862200464 13.37320787951295 13.835793220294908 5.123223651898735 2.5594496404729026 -5.108415744269052 -5.074651724032465 -0.3015039510716985 
-4.328397221448098 -9.258477202820051 -2.8563078770873203 -1.0884220684551684 1.7263633169606407 4.674170234303547 6.898944045426596 12.391861656627643 3.500667779337329 -6.448233490469615 -10.079468149895863 
16.36277889932419 12.152124025806664 7.610737072842864 1.7145710760672672 0.958513497540641 14.342743820342815 29.36674283395935 33.95353850364661 20.13465908930631 -0.21595468128686401 -2.1396118528923673 
10.574408195088324 6.184883431922071 0.08600363780856496 -0.29627968246295566 -1.180457509618769 -0.19137795690827808 13.894333880022929 24.89736386385465 19.847467041535268 -1.213773974979656 -12.621468411021485 
7.155559595126788 5.130919168941263 2.5006530992787774 2.9000915634035644 4.868711813780166 3.8608198215912632 12.605599594541847 18.892612586211825 16.477495843047482 0.7652148068857143 -8.692219543281913 
5.915825071173728 5.264816331413085 7.6993348900507765 5.5137043594052555 5.927489421117413 -5.433836534460209 -19.999851533331963 -6.0972968636249245 5.912789786575761 -1.4980317144436441 -7.870101153433245 
