-635.3684306216877 -642.8556799052511 -470.6529340544628 -256.58643321495157 -184.8521693835787 -138.36977293199502 -76.23006112041418 -69.08504386295682 -113.85310493374442 -187.89183327620046 -289.82224003654744 
37.29397355733154 38.362620120009936 20.476865467288476 -2.2027663407715217 -15.253112082379724 -67.82781886750351 -102.42534907811856 -108.51260548303495 -80.2846675866945 -31.249611374205095 -3.22447170609117 
2.072223546781524 -3.3249591238126746 2.0818105912422933 -6.179341447771785 -18.82883230623135 -60.76328723284955 -100.51769837912325 -107.35079868143079 -99.20363830124948 -86.0604013227356 -85.28247980636716 
-25.334155626427737 -20.71936843234173 -32.771190384653124 -46.24144834311839 -56.231671244734656 -25.328019026495554 -16.67363487351707 -19.348028112166222 -20.97084194611246 -19.417956385584276 -10.933105079160665 
-15.912923572597279 -12.682379284763872 -46.934618612727036 -35.15766371300479 -33.676635455552145 -41.48734349308884 -42.953464164941224 -34.87166949989358 -40.303520146330136 -41.58838777975123 -33.31532221358367 
-23.79303528363426 -24.49804708862881 -17.307443361991112 -22.865443434416953 -23.430056238683427 -25.38040872239041 -29.380440173633065 -32.897453529023636 -41.48998822337511 -42.46923882956168 -29.903503181807828 
-23.071222964984514 -20.85522222900572 -27.602351650955036 -13.356463369250006 -12.80913707296832 -25.03259977954086 -47.33571149674923 -41.46773370958161 -34.32171644249892 -28.809471690689435 -24.970492588988876 
-4.495349190612208 -4.987064739215034 -11.675443379027088 -29.17958444319789 -31.96368909792003 -15.402480930093564 -13.43615475095099 -13.160371324792543 -9.904694919113332 -10.840215503657557 -7.284402040935941 
-14.27853621077157 -15.364359737214928 -28.901221672622206 -26.78600472398073 -19.827252760647543 -15.488826364558204 -33.54401937634934 -32.67672080496545 -16.89999476829508 -11.466233953980177 -12.6664637987361 
-5.959454566208201 -7.377153062262643 -22.07284194921922 -19.7680765772419 -8.12085939426392 -3.7506770377931224 -10.758041360375268 -21.19594632581804 -26.86256222647345 -17.816427129845927 -15.935559748996297 
-10.055400558599594 -9.653477756143394 1.4500730289849852 20.439578881489403 37.20827798757939 43.32110896179887 25.734808368502613 16.869088623837946 -0.1455657329678155 3.029391205863465 3.680612706084734 
-4.190821018991061 -2.570474513756454 -1.5736632947068212 30.551817710747184 41.44154717089529 43.23850005124094 48.2922290586885 33.11655560456073 -6.255190450856542 -15.940728315954104 -12.833501938904492 
-3.8731862407807696 -2.74770231580162 25.086561000879755 29.255089540419945 13.13001513701915 -3.9094479243276647 12.574848035332305 20.466966374599018 1.27573901786434 -8.756983099166504 -11.07224240078331 
0.20143680498220562 1.9863159517745446 11.931192821552123 2.885066172884649 -12.777421541294627 -33.45287732658407 3.858905094291578 26.920489131082824 29.383552814553127 17.569145695342463 13.66134041048447 
6.366272018238086 5.239404321393794 -2.2242062689551623 -11.219804567717647 -14.55662166582281 -11.065175433539688 -9.311114984311553 4.767834631867944 28.674577422918478 32.78863111992992 23.072607539113022 
-4.847976967542958 -2.5621256096207077 2.5840898271166903 -8.14558741788611 -3.1380642685689737 -1.5275599032544127 -12.638016140965174 -13.168885517743995 12.375252120041552 20.534203895810556 11.440180094886541 
0.36752471262659303 1.5450223847623268 -1.719151371126368 3.5077676738085524 7.563740907860634 5.943354069255499 -15.471055880643256 -22.711627101574408 -3.003130191369965 2.3330788839274286 2.500065979207722 
3.0925878618052156 2.8203679266899244 9.541957023726853 4.81631487923425 -9.788365300257734 -23.608734626559635 -17.956871509288728 -21.651865638780478 -16.870906729893953 -17.34368411015933 -12.653896217979188 
-3.8085182239918645 0.563405966392844 -3.813782917739999 -15.096905918201566 -14.456087305623594 -7.867426606003859 -1.7983359076219108 -4.240637744781063 -3.0164818311651382 -4.5956867011611475 -3.6848064903492745 
2.345736657288751 1.8766192381016125 -9.080271015543195 -19.42438602828527 -4.714573782022743 16.39104453241828 14.996814092405277 11.394102924087662 11.471467623720219 13.124922333379143 8.48677638353289 
