-360.12497583812876 -295.81956598028773 -255.64326589271494 -229.50696346899767 -225.34535251402136 -253.02785696552425 -302.36584647083 -390.9309925283933 -516.0921592943498 -556.2644445262439 -559.1748683884047 
99.1936282892836 57.265868694594836 24.69271292854856 28.429702059725123 36.06143936500652 14.387378003447687 5.210932479761392 33.45017403686242 41.98807655208527 29.577458777934538 32.36542263496818 
-63.42591577764864 -53.505934210865874 -34.37106596664617 -41.65905404171363 -68.98753211261374 -81.88881993695247 -84.01503673334355 -79.83766650968786 -29.77850742612885 -15.13679501761004 -2.3587975203667293 
-26.399502635457587 -26.644514971081623 -52.20824930767195 -89.46741867262722 -67.83334613993372 -44.54922577705389 -26.829075612462802 -12.014687720226984 -3.02860569141313 -8.192620800185804 -7.009659747486122 
-24.781414768874406 -18.9731756890355 -10.896882531004358 -25.531513068086277 -37.920033583720794 -15.757802841115943 -2.660425571548572 -2.9232536104283833 -0.7610742419305144 -9.075394164247774 -17.642962164937813 
-24.380952341023786 -37.502383089952104 -24.27403408925089 -1.7458756187211455 16.772775900293105 23.695691543053726 12.064729421419493 -5.9789486648433545 -14.239646277871648 -20.221740784495758 -23.090314100745374 
-10.694541633780931 2.7517965725819393 -0.09088304483235368 -30.366462117568624 -54.094409562124 -59.47633558380794 -46.01290212600583 -26.76241217562925 -10.812993348859118 1.5502184050406287 5.541830684443691 
-14.87936314605546 -16.971966178349007 -16.062601491313124 -22.291235624367808 -23.93511761093999 -14.891529097918902 -15.384956397119156 -21.18962175230839 -8.707152845582959 7.56222033676152 5.178687618678109 
-26.2911491219553 -13.504539508302058 -19.58664811501487 -20.325418209354567 -18.07807031199856 -16.320247313757104 -11.40026820999281 -7.370163394489626 5.428710677907457 8.841609958551771 5.44650241268182 
-6.480075496333978 -2.1938050689317006 -2.004745183201791 -15.284306327901525 -17.749889638895066 -17.34404340274609 -14.010813430026216 -14.963665631080953 -7.841112229484568 -9.368520880263349 -1.5678247262074054 
-4.017068829128571 -5.943273054082554 -1.3563705746192398 -3.2753532952219424 -0.8173446010103147 -7.818627679621326 -22.91279806275712 -27.198442469454776 -14.922235837837782 -18.216763581987614 -14.902718440204987 
-3.787329340440621 -2.3212892574367725 -2.592522107944566 4.302423228649007 -3.2123804084530843 -20.17277783051862 -15.209201550398646 -9.850239223227785 -15.885237829727778 -1.2936898178634388 4.718221685879248 
-10.760935016540675 -8.168956793533935 -4.636226209183681 -2.434249039854391 -8.320859780410874 -8.213014936640405 -12.752939609188415 -22.33172455329227 -20.40635382626595 -2.693896110130966 -3.9433937333968188 
-21.80984841418235 -17.585750966898427 -18.366193049613553 -17.755336804784857 -8.4196865673291 -1.6059838000238436 4.298048171377793 -3.083377951849754 -11.089789201842287 -4.508730635387618 -0.827122467951931 
14.116977402990518 5.377004631701714 -3.1340196994543517 0.15623883184461934 3.92660024142038 11.52394658400943 4.041339013953943 -3.9499935543153946 -2.839780086057412 -0.05412648442628787 2.945207263053346 
-6.593173646451918 -10.54673166554671 -4.86568053205152 0.01394391935719197 -6.729206468433085 -2.8683610485903452 5.326064207691607 6.835419667442 0.550188218926376 0.14230161315468037 -0.5347494946609483 
-3.7060772567627494 -6.510409840447776 -11.569400603661364 -11.054624795300299 -7.371482003472526 10.82202852309642 9.022752137602271 3.904673248516235 3.7372388235503093 2.8644872627388964 0.18726836318340812 
-4.18112979183601 -11.205124510521415 -14.819820630598157 -13.309599894067542 -3.915777479530928 -4.006070042365204 2.130490672309028 3.0985555785778613 3.7522753563136524 11.505698729470618 5.0535863881127785 
-7.787382091971689 -3.721515581851223 -4.169538266393319 -7.617947051403963 -12.62365714990473 1.941073553492448 7.464480180128451 -0.3785137267468004 1.2166421275040924 14.184674818324424 3.1797691225788505 
-0.8879066829147186 0.014501721869964124 11.713783242430061 9.869596783035842 2.266219243836164 -6.14570838679375 -3.673760972996339 -0.2916885987158636 1.8174446186846522 1.5896814259577403 -3.959288139836664 
