-502.0734288169378 -488.8770959765973 -439.9993257067212 -264.48804041466 -201.82214822752056 -189.35694312340104 -191.34787663360157 -244.79425749814143 -386.73028798117787 -485.1327655855915 -508.5081499496071 
35.31697899785729 48.97636957644647 66.36951192880984 44.49577124830392 21.00035987940229 1.1086599585551977 12.819499003365785 37.650451872417705 94.15500533958105 64.4748088161361 55.086308262716344 
-22.71356887447431 -36.322896214168495 -35.03228560637876 4.491884288773464 23.260991563519323 -1.0673391823665077 -34.94602099561041 -22.993837917652275 -0.3661171067694275 -4.067641306477849 -1.5592792956293158 
6.918615225866014 -7.521464861091943 3.514565020904068 -23.286105218292242 -45.84379467730878 -46.75591661199789 -21.24513458523306 -2.3143888717077723 20.615008722104527 33.40447277577823 35.694759375265804 
-24.687040053614805 -28.242930316925616 -6.759272736255164 4.016243664437358 -6.547536041026907 -14.543687941936764 -20.62539189732925 -8.96707585531238 -3.5969776890917213 10.74900839223842 11.647954424822382 
-21.139373732904275 -14.225864699669106 -3.9181346401842654 -14.139352649741094 -0.6594880927105828 18.794370753802333 13.267270987344467 -4.622400072666153 -28.304995224164514 -8.36595448476601 1.2168770127544102 
-9.695938693518567 1.3437723131938824 1.7139235936786554 3.3847931903634487 -12.49238374400299 -38.74867419133742 -46.217893147809164 -24.96495237122522 1.615776569756305 2.524238136076356 8.706919687815692 
-12.604846122466622 -13.15800076264156 -4.203216411048878 1.0397025523256664 6.784078112462768 -8.654026986386839 -19.681909520879017 -23.257530245782945 -15.272156288029326 -4.685027432531947 -5.071702223752281 
-10.956481809568022 -11.110833495988643 -10.227893905074806 -19.743146576780585 -22.15979542894712 -0.23430775570813012 9.222551667470583 11.0347422083289 1.0821387479943145 -8.277497299838144 -7.9600797394916105 
-11.496202687180125 -14.399957758570903 -6.647914658466789 -3.970025173782325 -3.8434776063699245 -10.80530701786541 -8.88365809192649 -1.485842183978419 2.699760326390216 3.0634850996425484 1.3129360648156363 
-14.971755671406292 -7.925202361867459 -8.210043564514667 -3.2834178221907906 1.3683555478077356 -5.885701985108579 -8.719193132341378 -13.243090598123379 -12.621579930059855 -1.6112346607797785 -0.19470564104711785 
-0.506781690152306 2.6972160178632953 -2.7889526154829665 1.087300710306167 -5.290553285860232 -2.817949150883844 0.08766563819718555 6.24078697896936 0.5074458920049915 -12.799854850677253 -5.810467720488003 
-2.22014719449797 -7.534263537600191 -8.420451179107015 -1.9458635577372752 -2.2644281126644135 -10.886011693557199 -14.065367291945662 -19.04157683844823 -10.533047181947886 -3.6362254261604656 -5.046902373112369 
2.0794535781943133 -3.959555577326147 2.267447407634446 -10.388507939034488 -13.735136753990782 -13.876858063346898 -13.07762467792612 -8.709146247979318 -17.707654004261027 -8.81778708982073 -12.504147117183045 
6.880070513307578 10.54600031536501 6.665074372480403 -11.514310241004754 -14.675147213362504 -8.925128002299585 3.4222291539869842 1.46344947944117 -6.8770009608621425 -8.170485578439846 -9.282880532718615 
-4.64019348832074 -0.5168841998231246 0.31824216332421357 -13.147501689270458 -12.82161951058652 -13.725703088386426 -4.147517864987639 0.5280961394718175 1.3855803948851602 -11.187114989897452 -11.583159875698005 
5.975503234854794 3.827213809419078 7.749660129198803 14.22133988680076 10.476379116298977 7.244605870401382 14.156107253051328 15.178513972346495 10.118406535178469 -8.076459953374897 -9.12968854837878 
0.6668929235094976 -0.952525292700416 6.388600260130932 31.273612979634926 33.11771309700972 27.73979331633266 30.259647438260114 28.64772907204886 27.255644344893252 -3.4760724706546178 -13.300371516297425 
2.8981614579978086 4.007350051978255 15.174036286521744 32.96205005558315 38.42378774924053 48.887651451300215 55.2638722740748 43.98692761272107 27.701585711924082 2.6476734544272 -10.804949533353508 
12.95894394042767 12.394481866504986 6.63796134068596 16.40076205604016 24.325969289915875 30.356736957120262 23.310486622859784 11.796609576566933 5.244347475214475 -3.8366236099640822 -9.497792806519554 
