-519.5685604538214 -464.2675605563296 -344.47353832381793 -290.1607771164292 -272.64560339452674 -305.4863290990347 -325.65292343933413 -318.6408955610443 -366.31637715882 -429.7904782948226 -502.98626673679826 
39.63280911941344 77.63385381160944 45.0976939077062 -5.975209669348324 -5.544308622938516 33.24671413186632 34.898802713770046 29.490802594409796 32.348510186779954 34.42146314325311 51.99412468974768 
7.080799423246048 -15.444793068456551 -37.279208251909395 -38.25262480093904 -42.22900278462785 -36.229256257340005 -10.889086077974849 -11.813446133599346 -12.176983358203987 -5.437472336641596 8.726350027181626 
19.193503889219294 -29.6762171100686 -52.776699251236515 -22.71241818109815 -0.15770207986316565 8.927032777516605 19.575135532906355 13.383723758580228 -0.1798015160828238 -6.947282783865279 -8.550011013151067 
0.579696569885507 -4.100890726515736 2.7881118013001744 -8.695731395619278 -14.124087924269036 -14.042406453213665 -7.572845705325209 -1.748506518113306 0.03789654341300608 -0.07307716724927915 6.039241944948778 
-17.82148317512902 -16.69199247412662 -42.588734023755705 -43.430578914354605 -41.075026473684176 -31.05617435861883 -5.721812173054252 5.002450470318946 5.994154328135318 -4.153565408172477 -3.1255559843852785 
20.752457735448928 1.2866680018129046 1.2713642162619234 -0.5476235829476083 -10.626679064341513 -13.024241306610094 -4.4911597902818094 1.3106173009719233 0.06314351415039088 5.414091667354619 5.951043836033794 
-15.505232409623954 -20.752197540999305 -15.371450936593014 -8.951432753325548 1.9191811381427502 10.894256813770834 -2.8373189728821364 -3.0678369164391777 -9.098331810970873 -10.827716605186126 -12.204241105817013 
4.011413381846136 7.520343372696344 3.9988679109168093 -6.290913853524062 -14.55977265992461 -8.021456704997224 -0.2651928399193638 0.9312246925859283 6.18835946741234 9.021765117179019 6.199105985115303 
-17.449908925535112 -2.350312279908734 4.653002697397674 12.960394571118885 5.7911298514721805 8.496580951538903 -5.458570427182348 -9.596223878241714 -10.791717315336236 -13.376229962208468 -17.917559189490063 
-3.2424133483613717 12.985561820321749 16.43874020051714 12.824650969159421 -3.954618659882757 -4.171379691953893 9.808755958761225 6.025985493747951 4.550503740337868 -2.5961399543904102 -11.215030181848634 
-18.81765361658728 -5.748120992006769 2.793373316389742 8.977554805761862 5.8150677182620525 -2.6691531884163346 -3.866417547374674 -5.6157815215970235 -2.5148331814721736 -4.533130879467803 -5.201541868695097 
2.2299466773404055 -0.8510199138078463 0.026393449217235077 6.222356919318731 8.537617436028352 7.963003984405084 6.088907494144448 3.159804197090887 2.8505383442893604 3.46418727189298 3.2223446954183945 
-5.427113545036788 -14.687358486091574 -12.42167654528425 -14.5024667322051 -8.585489422627129 0.08884861732536584 2.4599442304892634 1.2156888710665958 3.346995729116048 6.781175603443684 6.8559094978338 
6.29555147373557 -5.966653234773975 -14.882396015235429 -17.30850483332872 -16.992627292652088 -1.5109816657337383 0.8279480615781425 1.698655845942068 3.347689022759269 3.494353228874554 5.542845569980402 
-0.5815201843988045 2.5048334276312163 2.2298434053291043 2.928214170775803 -3.4607933642174284 -6.244389799389193 -0.6607994915567268 4.871465411366334 5.421059343216642 2.9537295485655486 3.2586961409421704 
6.879153834081499 8.29680693859141 10.18218675525933 10.830314172256092 4.836254139808521 1.6514826392053679 5.641789162656757 7.222926201705768 3.596086296080177 5.4868748897667725 8.134281246700482 
8.897641816216183 -7.1421423686085 -16.657774413483676 -15.189634913933197 -11.003717246002282 -8.043221070999879 -8.199609109678656 -4.076462009172302 -2.967870442842834 -0.049674844217844405 4.938616718074282 
9.019306160675278 -6.517042886670006 -20.818110468546124 -23.303260509051405 -24.523885727784887 -11.56434456405788 -6.522340852815374 -2.5147814385086846 -1.4181772101624277 0.21168525637852897 0.14583498415847276 
6.892507372062946 10.573963028504101 17.032452035107013 12.151502020772686 -2.514890467735272 -5.61041254682579 -0.2780841936263717 -0.06601758328420115 2.770805170134408 5.854465863274456 9.667138967649588 
