-545.8818606595049 -550.4313231378868 -554.5127619002725 -522.132995683313 -272.15249626438384 -119.33375024490724 -63.73127857419563 -86.5179226448681 -180.2677889307775 -249.52298249439448 -300.06783434135804 
13.470401539077113 12.503797508199899 11.18137386911333 46.21021186232842 93.84381310333917 36.24648207242032 29.141944338806866 45.01055917354874 69.64296260958521 89.13233646541963 91.55259253775729 
-1.6730728013501743 2.102187440619711 4.84459125664945 13.670470613159576 -49.43131673467964 -64.86117105935605 -64.3468078239577 -50.679863121027225 -31.069906765346076 -24.984451225605795 -21.85347033086581 
-2.5678633576175836 0.38227981419714435 1.5858696963364463 -16.65309865292565 -68.30384196366532 -48.67755120222198 -28.54128227652595 -2.5496616926770828 31.75538249325404 46.04591090331398 36.650643183286334 
-0.0697510144771013 -1.2276524746736848 -2.007579348403152 -31.479636292485544 16.579375405481496 31.171996028606397 34.940729405158635 27.82431577502326 14.733293523652959 1.1965277214488075 -7.276862916742111 
5.017237232846679 -1.4555595279649203 -3.998164892133289 -25.08807033586106 -20.51406500951796 -17.318760002650045 -14.81000810392678 -15.512762069799988 1.5791400466406533 6.850975406453703 1.8181200765486651 
-2.403435067230637 -5.674713458491113 -5.999692543043059 -11.373748673245583 -15.092008975844927 -30.018428045400256 -35.57329326224119 -29.970393050599295 -2.0573402177758937 10.132744277930954 4.797643002421601 
-12.649156860040609 -11.96592453621409 -8.207237296760319 -3.2342445566985 -34.06035873170164 -19.506300376046884 -11.962500480129137 -4.740917674085175 -10.361170934144491 -13.52372825803123 -18.649053173127307 
-9.41042698894963 -8.840168553455747 -6.713769019649016 -3.1442602396902894 2.7782870471285546 10.697072958743647 7.763857857226754 4.723894283893905 -2.6908239707644137 2.0114367332022933 -0.5654296934083354 
-3.0461152579137662 -4.607041033217254 -4.681651819883088 -9.815503725723625 2.4148367524142653 0.711837880510866 -6.000512285320999 -8.48421695922162 0.27814430273839386 17.001225404427124 17.042229381277068 
1.798025044297966 -2.9941050559594746 -2.9247921614746994 -15.150687623123439 -25.125833210404316 -37.92755705980349 -41.08004869577388 -38.97292653104492 -17.492631606560565 -4.7171034249965995 -2.747369983435134 
0.5789677828345159 1.2108818414383133 0.4016762096725005 -11.675900977432384 -13.190222516041235 -6.779950787091007 -7.529759941365543 -5.8456727158921 -3.0693609182069186 -11.42211927377971 -13.044264381867478 
-3.993465937292978 0.7522123536702443 1.3732862227033644 -0.8648579276275834 -6.020432964519399 -11.907428847384994 -12.771131352907483 -1.9934381011652917 10.02477709812268 16.55660257967771 12.78399708905965 
-4.177349029899639 -2.0681321592037785 0.3576491847592371 10.992843626238095 13.74750070522779 13.40963382433365 0.26861271207884374 -7.8473121894060744 -6.243648762423291 -4.974842056556247 -1.0667978716076738 
-1.9297763867974604 0.6240113121744266 0.7622450189337552 18.060782840588487 29.044554935877752 26.84551137441692 14.310472134439717 0.4183593698222977 -2.8504464884988927 -0.6152506825496242 -1.5904610840376692 
2.5083738858203564 2.8668856318146787 0.6095082401986521 14.787221851011989 39.44661336812821 31.18411702133752 26.777512711920256 14.612819220797855 6.509292374279229 -0.1028277748437933 -5.153118372077778 
1.117946808391104 2.243249554869574 -0.8737369752888888 4.361103848236659 6.884398425352439 14.717810312441904 30.71587172989269 31.132198773031305 10.194350099897864 1.3168558571842226 -7.166678765519563 
-5.182964957274967 1.061362795707571 -0.9612726571898127 -3.7845468542478926 -18.476899892811332 -13.010172302684715 4.3937278776772795 10.34245675627182 1.6156066145911225 -2.855908928369219 -1.101119272510319 
-3.355447980821051 -0.44646181285201236 0.6289429966406063 -6.71512818374007 -20.334859392827276 -13.677396387928805 -2.0511816151244417 3.1427204965763593 5.606231344786104 1.943037087868541 1.884800977829138 
1.5355327621765031 1.5765470318952295 1.6159299953473651 -2.63717737190564 14.834427923409653 3.9968215575704904 -1.2559078232328404 -6.87492329356655 2.2427083231719847 0.7778559544082827 -0.3327074966393045 
