-364.91543826448327 -365.55950007982875 -370.4037506032461 -341.0580451414921 -218.34408101723037 -126.34920816455204 -127.45111615085807 -166.38751259619121 -172.47029138277813 -191.39371592699237 -284.62466629819005 
86.17505059653828 79.69532785615817 83.13053019068849 119.21186316901931 102.68276390532768 52.767062818474216 31.156523153963484 51.40163397867697 60.81267140805642 50.759156618950314 48.65194361173312 
13.818088745012775 4.940710180456595 9.131783246643806 13.505841936537738 -21.07385689708649 -51.552560232688634 -53.06743096451428 -28.321129172198635 -26.8580782855823 -19.108771155443918 -5.249307302087226 
12.78918773432655 18.001655481651408 16.569544826003778 -21.551104353095376 -44.30236033053413 -27.61263463207853 -10.285582751427036 9.082588867070374 21.68342899750106 20.200325285686723 22.662247292772065 
10.00127037898218 4.932992862097469 4.716641876955594 -16.213370180243327 -4.313094418612807 15.408786341014485 23.883887296637827 11.604600842155431 -1.5933088701282918 -5.523333202572081 -4.193532637737338 
16.084456905494058 10.329857389426799 7.441003496416094 3.5584534160416217 5.162659643525465 -6.197653968635267 -7.24092735769962 -4.447743569620343 8.639328244936126 9.785193909461903 14.103550118082996 
-1.8167921711104003 4.793628811885778 8.386945327082195 8.140315416468619 -1.65803853701529 -11.93984747611954 -16.768463198637434 -13.893288608966696 -8.688744857190049 -5.3417285293785355 1.0605780422450182 
-3.8841775801132608 0.17969420498295846 1.0381244377065744 0.09352871044176159 -10.79508814639107 -1.3718492713231467 5.485993984147893 11.98620557510738 10.61537256146582 8.88710806508321 5.462866989414154 
-3.0182893277946365 -1.494887044289403 0.6712087441473029 -3.4640089189268677 4.545812707599623 1.6727563448584537 -0.9188717613847213 -8.382164905541758 -12.38262420617043 -12.010276314133694 -5.576148482723179 
0.23891628499271467 2.4625149280929235 3.7331297086705373 -1.7252928637762652 2.2004892050055993 -2.2202939820554453 -4.097358583822502 -3.355570339947937 4.890979351210847 0.942035016466685 2.3442888000009017 
-0.8235606815538965 1.9551717737270051 1.3103972650841613 0.575547102708442 -6.424391372312746 -14.62055883758181 -21.74778457052595 -9.384580472436443 -6.178807891372468 -6.938663111639838 -0.1273137026827158 
-3.2885372731035263 -0.38189789145456987 -0.717277705100466 5.457209908212942 3.2443229802272726 -3.5760322774356603 -13.744624140354931 -3.5665487670468834 6.46705041050187 8.838674850884544 7.57612825103326 
8.947581367530233 10.44454586513088 1.9688711761776612 6.778771381990998 10.041858555705701 10.9186219623924 3.957406798963799 -1.6303940835588182 0.8243856657053169 1.3349303769013368 6.277386310008675 
5.564500249007244 6.475010395217723 5.075649468614627 9.277763041029912 27.37086443952017 38.36223742780133 39.81452667370973 10.349309298667526 -0.5104393069452227 -0.46036434061306686 3.955472027839278 
0.5987871076166419 0.2505722549232645 0.6782478776472719 3.884528601938564 7.018245626525765 24.531132911604452 40.848932538410466 20.422893171565356 -0.3102337022942449 1.5905156691066349 3.3391846690681826 
3.617631817483488 3.7892294157257216 9.414782483548489 5.490953590659193 -7.167262292922617 3.411056209780626 21.56474172998664 25.02320668228616 7.7075672604352 4.039309669481456 4.044842643435041 
5.72977560646349 7.5027244620621865 14.723931119797705 2.7897750915157147 -13.009049979151342 -15.344306303717866 -4.893314173712723 12.27147176349672 3.7594548035150543 0.7153266538655717 2.947741811195408 
11.704773665670611 11.185016406582154 18.807186792679538 7.727658748938326 2.719550470073484 -2.5102159957424544 -3.5694351439896193 2.035175927624597 4.252117405139282 0.08740051780894988 2.767753001291964 
11.671839971143612 13.951921843113162 15.75186920646417 5.779988701323184 3.2502469301775756 4.639864492797765 5.918206612270515 -0.19835031233384337 6.80253548377455 5.737067402754752 8.449111051200745 
2.2679679463169626 0.2202868462241232 4.412477829534662 5.329170501465523 6.340367998028782 10.507165459501195 13.264470572557375 5.566230651300778 6.179801371437059 2.7510839333332067 4.287084315537506 
