-606.7014670252117 -387.74471384429717 -136.9816246763683 -46.70480047200105 -54.20913385128033 -133.35282480357972 -183.50096844542733 -224.17442791575562 -333.7362596910373 -549.6955234378527 -602.106466878522 
55.10645715085347 74.58780630276942 19.54848645133826 -19.491969968140484 -35.07225742739439 -18.678113240586637 1.8670520940783524 -1.1503209754730077 -8.537454017451967 23.28763595212841 60.38463493991785 
1.6399432027488148 6.672747580021228 -76.96337955659264 -91.49059711980189 -83.50060493890543 -50.56540994069715 -40.57721850190704 -32.314348490744415 -26.053769638862263 -10.990199635565176 0.7160224959215449 
-12.83265970447834 -104.9915657655394 -58.02307412817526 -33.68276797641944 -10.243026101067857 20.678620377313283 35.32548427608181 45.62546300775131 47.615900171794195 26.130632431700903 -2.6095364963424 
-28.638162051837845 1.817664459364999 26.448115625651514 13.22418917377457 6.324538031109049 5.4434357884460525 -12.51255200785564 -27.869850359647458 -35.69499712764504 -35.30188437550936 -13.128472942727257 
-12.001250833252012 -3.1362281116129385 -23.575953774411072 -22.918878087885968 -22.580100161898805 -16.157904815822985 0.39462739391682755 11.670206244058065 16.314668197088693 1.3876676462586037 -12.228538736787645 
-4.455236617930013 -12.387554228101248 -22.195266145527064 -26.768943986956465 -20.490905294890478 -3.8376087126908716 0.2788897734175933 -6.209018494551177 -5.188691947240821 -13.319228999471102 -15.37260574865466 
1.159926012053993 6.297905243736491 3.203877774962628 7.838840819442713 11.713474599162588 17.56252740619287 5.130759937334643 3.5805682619325965 4.760585941202674 -10.572391986719023 -10.64188692712058 
-1.371482741686564 -12.876582154189844 -10.852243623361277 -17.631938033629048 -17.97132957979971 -8.356316650094673 -5.5871399071834595 -2.1963503695530413 -2.1752223328876603 -5.131034861225683 -9.741786100260413 
-7.5427222018182025 4.653733184259549 -1.086952508847497 -6.706379309509008 -10.600237779703988 -5.741764098085225 4.150569590164062 4.444734014412884 2.049592097104893 -4.418299067039013 -9.917473052460728 
-11.069612130400433 -14.771768827037992 -21.44343783527612 -13.768764559212325 -9.430330379203916 -1.3414866705087904 -3.295427147547107 -6.254753586070496 -8.655065087337421 -12.640767696704572 -4.28872116629509 
-20.828976468894346 -0.9819220150111769 8.316143940529821 2.7760094436295715 -0.22820460983307983 -3.740839321740859 -0.40604484116411277 -7.151974856688716 -7.51679761330608 1.5308394451619136 -2.1068534503303233 
-5.051893405755024 -0.660006137605435 -7.4154756655818 -3.571977819890045 2.629480420180546 3.947646335301177 -1.914254578194922 -3.5635747477207 -3.7519032289927514 2.2678547511454994 -2.4325483493460713 
-8.53016267865145 -13.611243824695025 -16.95119346140109 -17.397736280404224 -15.110049709536945 -9.962955512023662 -6.388022254291381 -10.450780134490122 -17.832358402060017 -13.106425804903271 3.4036702178278957 
-0.15568606842139743 -8.703362760946458 -7.735049403238244 -7.037435042504883 -5.402877194891609 0.6489632789987904 -1.839354584240404 4.98067774026337 12.407577884693659 6.937574000091768 2.972378555666903 
6.448249382729846 5.554829914955027 10.280224521304902 3.5462473880012175 0.807304724435866 4.750106948774739 4.761408490974 1.714054021491296 4.127809062995053 8.048203169816167 8.407609050654917 
-1.6650493038200853 -6.820027831172643 2.1806860279855655 3.7039425906075207 1.6826334025513274 -0.23504367627897793 -7.397748796596595 -13.683890114882349 -13.313319177997622 -3.1276067722227734 -1.8277477115528082 
6.038720932306976 -7.186369036409928 -17.330834436121542 -16.994890382820607 -13.88637802399154 -7.216755325917516 3.11718742457507 7.762820731548783 8.903577598587445 3.746765236169626 -1.1299953920737253 
3.7827800016415605 -19.678580559159442 -13.647051263251686 -16.169963434264034 -15.939486353583819 -9.130216340237201 -0.48172834020276084 -1.3096723302740827 -1.9494801668636936 -2.149147774785683 -2.1982023742425056 
4.145030374527695 -22.11116686953228 -12.900961134897578 -13.511437375169825 -13.451496690066866 -1.326990198617343 3.9105397635473604 5.913683226851015 7.2425767409029085 2.1509046945477093 0.45952519354185384 
