-658.1859380462282 -571.5005056697231 -318.58870491564375 -129.73258716292412 -50.678447838535 -56.824213976026854 -128.7795566479043 -216.48282185479664 -190.44552079486596 -179.7636406634176 -262.9221748174968 
19.110826204708374 53.071577582858566 47.94431390391317 -44.439873179880756 -89.05791269461284 -101.39556094747616 -71.34076064252056 -12.116331100621522 11.709971851328685 20.4561889926889 24.089853658605477 
-9.63706684678857 -60.05978166072822 -88.8760822029055 -87.00943901488372 -92.3518435041924 -92.92033735044933 -61.55965965458835 -53.61211016558171 -75.29663062065595 -66.21423807871604 -51.34998836591629 
-11.741243858359685 -62.74934427432042 -88.99422954374648 -63.40786285415933 -30.796659197223867 -24.005250619846464 -6.765722056795374 14.876872000399981 26.768059941453537 21.994767655380976 18.59740827692209 
-28.94096217613839 -40.80977100054533 -12.360290696194372 2.4236983449659206 0.7106774735681838 -13.222232033628245 -25.333676585291094 -17.944387286507247 -12.025827127564394 -8.325928870071639 0.16516509297919502 
-17.940481257786427 -20.010389223856965 -34.351173634119434 -35.31292855889225 -36.20020866517595 -33.57379528012065 -29.09240149100707 -16.001405068434806 -8.27658062172128 -10.626738118352382 -6.208140730136327 
-5.474988818002295 -6.872477735959684 1.9441596053100438 -14.94634718242822 -17.601863896678307 -18.190134106701166 -12.241633142835733 -2.9389099528503992 9.679477737843314 8.86922277627224 4.797745865863341 
-0.9273368966905922 3.869719314404857 -13.335013253655179 -13.75197979488711 -13.494854630899347 -14.500398744091383 -4.436015624697752 -1.2460172109936085 1.1058230732237226 -1.1201053190250225 -0.6028765449756972 
-6.005682027583802 4.0397629771944334 7.34352418572886 12.430228807180054 -4.66381018989464 -24.40111939521048 -27.897994985439134 -10.018681297711371 -3.0859630333272774 -1.0264840293313777 -1.472187289951044 
0.7020223185260199 4.461111812478261 29.420090161945154 36.45375151667047 39.719621757855386 28.699716821418036 17.777299227709644 8.687722520717674 8.303612181397668 8.860171583252278 8.558754543753814 
5.161888577982114 5.863516899454407 16.641406208629746 28.203311396288065 33.79435742577557 32.6471649278569 14.396734477268819 -0.33278792377693883 -13.962905087752592 -16.377920245697908 -16.44822787186561 
1.8677113802943228 17.51056162584858 23.628205611004038 11.895415803654402 13.335261885829036 30.225339202582134 20.817266315054706 9.6422359734132 -2.00497986780344 -1.297699352623178 -1.4977309441685085 
9.015340310943007 20.46485193934777 6.080001943769444 -13.939243706440998 -1.5539688713612656 27.910126260572 38.4816074457467 8.50715034822771 -0.6857703468209512 -3.1446613523402616 -1.1990404216211963 
8.090773019058409 -1.5073264899684395 -3.4586276061341463 -8.637018203008854 -14.319802931898419 -7.846344050287183 -4.622593004598723 -7.90628735715873 0.7189814081469285 4.127809165735064 6.5562656516038835 
2.445171911589619 -13.457999928683654 -10.326408266949603 2.2593153658279386 -5.620820648673409 -11.74329115640625 -17.251301189700037 -1.313856346711918 3.5614586178408083 1.0402792597682662 -1.5010020186140864 
-0.015084044698873006 -0.9540259562230635 -4.1221109999100465 -8.065263840246931 -6.966597730107033 -13.283378174360337 -21.259685429993723 -11.779626940415607 -4.269907174084441 -2.6329126585612386 -2.796404547813797 
2.5386167075576367 6.584843803139021 -6.270156282886788 -21.663881732815195 -17.413589707613802 -14.146390858636547 -3.480375014391808 -5.58546697186816 -2.6025028799055794 -5.743224793588744 -9.189706415936875 
-2.2421910763851773 -4.541599846952896 -22.22581766703432 -11.985214001336576 -10.0897188720675 -12.758032400300829 -2.9739792039130846 -5.5529750391834245 -0.46094417349230943 -5.544041184878159 -7.8161850707481895 
-0.7578615476015418 -17.491295427350114 -10.059524241866173 14.268117964813193 15.419773731938927 6.82788794180273 -2.0677850770797273 -2.319347730432445 -7.043292294757737 -10.763503225613846 -12.10659522850101 
0.35687113366914636 -2.3009135220228654 14.779688339897197 16.15656234604342 10.244015289947937 5.459873873238802 -4.332088893210998 5.51877642353233 1.2026035189630877 -0.8087953337729179 -0.5711014155862503 
