-552.9317477187251 -528.9462173054787 -500.26943108217984 -447.9180424692314 -312.67087564751563 -281.7054970467377 -257.64112308718944 -251.04776911009617 -292.1231445012186 -293.1505451722701 -310.97723592445266 
41.974158832021615 28.777162033834244 20.238189598482922 17.158786280349908 11.134750802172768 -10.714770716891033 -63.42112000488427 -57.63735398050408 -34.64279037104864 -38.036234811360615 -27.764692128692264 
13.753485415595833 -12.450024791082022 -35.64475012596061 -17.4570712946333 -22.22947165617268 -19.66330062681432 -30.570269658949343 -28.84298212763688 -16.878199713630423 -10.505079704089198 -15.1372094783038 
49.27423197089507 44.925596461247096 48.286318533893734 25.42788286214128 16.644749689718573 3.4420027726504694 3.3433601326233853 7.080539799579096 8.435479004618987 17.7390580410365 20.287878662168144 
26.224713637801344 16.12930648626112 7.196751578356142 1.8754855469420726 -1.7676410491983066 7.704967802110556 6.025624206407944 2.335161746128488 -10.820040334793882 -15.601342201878438 -12.185678142630039 
-0.13552531065670834 7.821205266518799 0.2788801116908078 1.90051354023019 -2.5130801641303453 -20.331420097445292 -34.98999006738211 -34.195860236462195 -18.269700419023497 2.0247325357040116 8.066595939827454 
3.6220689859789488 14.190332102204101 12.319440142055848 6.446306973033826 3.1712146728661366 6.0797546307415145 4.877734481344977 3.859924004848949 -3.4426780574657005 -5.033020125686191 -6.154586685348361 
13.16782382781401 -3.0592892901590294 -12.572266339399743 -0.02362686234156075 0.05825030076977794 -2.554065130855631 -0.044834035237943715 -3.722392398275983 4.557206445910374 21.208144093470445 26.578202862607373 
11.818046707124061 14.102532853696442 18.553537541182617 1.641310249303185 -0.7905425689987519 5.397315341685074 15.24325748342836 7.4039611977458115 -2.925805394292343 -12.494782464118856 -13.800606794844382 
23.97952637918857 16.441761784215437 13.659296342897381 2.05144628901964 0.5810131672634735 16.524897549079682 44.781918177941506 40.421639413478886 19.349527178672474 5.03000815031846 -0.44043212497488105 
-0.049733087880634366 -4.016870229293067 -4.952262624742005 -1.4284596456129197 0.20583406119205322 3.410286589277309 16.875436309130983 20.70634902190798 7.103652499025549 -3.015820213827339 -2.572836547697416 
-1.9299045477848722 4.708928637192944 3.242350806537168 -0.5363215981022514 -0.4343131306896776 -8.015158949768653 -4.79176526141099 9.407392788149311 4.185737079431162 -5.005593688665664 -7.79064112492335 
-6.387924290417347 -8.89577364504833 -16.828620073930697 -5.301539811140281 -2.449701730301032 -14.94720856607661 -28.824946466410537 -22.360422484334194 -2.1070448586526287 11.187083899739815 12.195353568784103 
-5.114389932951369 -3.7488377600155616 -4.360210286252625 -2.1559746927794805 0.3103181634799317 1.5489704356548097 -8.7069916809089 -16.23517400269865 -12.497892698425467 2.589581633143011 5.581436483545096 
2.0332736511432525 -2.5453582948681515 -6.193760409144135 -6.279269174255032 -3.871139871269999 -2.8838015223874054 -1.7451512995323386 -7.373295818616833 -6.227531581690746 -3.6039309949110634 -6.878783935196337 
-9.28206634064474 -6.215370332705531 -2.8085784245251317 -3.333109837233251 -0.5475899606231329 -4.024808206583971 -5.110127495205305 -1.1825051330356002 3.3334272430063603 6.58864521265552 8.75230075069592 
-7.937018935541986 -7.031233914919995 -5.628252102766604 -5.782914766050549 -2.5302030715766 -8.05221917725035 -22.22449941962492 -24.973545327348617 -14.21818622551552 -8.107495802699452 -7.0094033443043005 
-14.244381697893893 -14.584846601590154 -12.420754778883076 -3.381120571297414 1.0860070961519865 16.542378960049454 14.681981281652366 2.212255606278718 -1.7194827163536535 0.6391939585114997 0.10494228481602039 
-12.650394207504263 -11.395891533416883 -7.007394732740862 -7.288784729378871 -4.1278655567005975 9.741812270031161 25.463826961732106 24.249178224384956 9.40213820938818 -6.713577189871096 -9.70067030862685 
-4.028367569129865 -5.548412106764618 -3.7518990109124513 -3.379805774800113 -0.47655642163898654 -10.242577707264559 -1.2018185200642915 12.66557803248168 6.601982437566303 -9.067703742610325 -6.005488812935245 
