-73.793291876751 -48.60544720723535 -61.647294061314604 -101.15886771825812 -174.01956934500174 -391.86633460165416 -601.4834573619502 -543.167363042782 -458.20089924561194 -333.0088414410422 -249.94310414581454 
32.750930102556964 18.62600384661546 15.63766494850944 -3.081495731912626 -6.43859698752659 -4.992304082292488 44.97913236997319 102.57803071670841 163.69595565903683 164.53690568510143 153.56759018823925 
-22.289192623054028 -33.388974458713626 -20.89515884388744 -2.209385995928519 -2.6717022756297 5.459554369866334 10.85300854275387 35.486999587549704 30.47193520722057 -40.521593907163734 -49.87149578768488 
-65.60742674057809 -65.28652368665945 -32.97309906683148 1.065788808200316 2.334205166232047 9.637410693712912 2.3836388205387826 4.365290606873532 -12.373082675411087 1.8870759359841736 10.289167523769109 
-11.944670560620043 -3.938918760964772 1.7502697661858062 -8.018942927779118 -10.893047469685229 -17.715686015536974 -3.719535201145715 -1.2591732393424202 6.9916279570760285 8.477222251612359 -1.5535281401805032 
12.160380372219336 14.977516958370288 22.509714547826704 17.829044428561723 14.410713404215684 5.764351169368457 -6.335103993584297 2.6678900783026527 7.514380184082464 3.3049162075646117 3.3837282433470786 
-26.22772959415638 -29.638929563943634 -20.420717706979175 -7.416938555709847 -9.686234640768888 -13.068546815382138 -14.147976255206373 -1.3553754322491622 -5.3844176222588995 -8.95192688412845 -19.414511073575625 
-13.272758382780847 -12.975401009096686 -5.80845738753918 6.5608289094174275 3.97372994793535 2.1701713929075774 -13.53079291221098 -7.809244110979822 -7.341076727310225 -6.822131530048175 -8.552217998506812 
-0.35293255408685276 1.6786121494983617 3.90250291498803 -8.164067610802874 -9.554804184186306 -7.1870406638014765 -8.762054702421022 -16.636498850688938 -11.217992450382049 -17.16895534971777 -17.12955067564221 
-1.2115481958976146 2.1669690444762577 11.332462097908106 3.7084263123276093 3.0316799104304346 5.755899245904478 -1.167443309578533 -7.137220347913961 -14.687544504381833 -10.576260815351588 -6.565241667422317 
-7.592068666351828 -9.164912926639015 -4.872506209596759 -3.2362247568039733 -5.001398954009011 -2.322069867999046 -4.482756145446592 -9.74563483296679 -6.002897514199892 -5.143085226519192 -8.146949823244912 
-24.95723983666867 -21.30975688238837 -10.858632823785417 3.305373686053093 -2.7606743969974046 -0.06986911039864396 -7.587201491977452 -11.03919985159877 -7.877925594818989 -15.44592667973841 -17.285035922992126 
-16.131175634466807 -18.5850636588804 -9.425741663603457 7.262288558686967 3.09159471039465 -3.668047436674043 -4.996897881377316 -4.411472126514048 -3.8250153053035363 -3.5450226091414883 -3.9723079046236363 
16.427469514690042 9.09996020968614 4.161336638939691 6.606219185835648 3.541893428271369 -7.934155348998784 -0.5670851347247508 0.08021278699748108 -3.390365975998704 -3.86894930905646 -6.446924593526845 
21.065946730929152 14.522528676951591 5.458928708669096 -2.059277621476645 1.667512233722746 1.1002922371264625 -2.1515079823754473 1.0993916030199609 -0.6648226124876848 -6.44575758948338 -7.5060680783795775 
29.082230279397116 22.398379578779064 8.123806316800584 -2.4429913477357195 2.1270608553578954 -2.1090238572176676 0.8424132325680712 0.6943712407201298 0.5809454281977393 -6.062526709283242 -5.52921874857066 
10.566346573622909 14.723827767959843 6.976439252267168 -5.6292847124957595 -3.213225624799363 -4.7738228353151975 -1.9376644512841055 -0.2311324223210911 1.9376782212404189 -2.5026587642936278 -5.648868510410423 
-2.5240114891926635 2.5654146389628623 2.5786099530865987 0.5391662816205972 1.0247995598731425 -3.2492898090926583 -6.040272370041509 0.21078047148784584 1.5013413267701474 -7.305858503411592 -6.192826650187765 
-11.043407522672279 -2.7025919884293916 1.076680402014363 -1.6386839694487074 -5.166304111804122 -7.698283584914959 0.4266116963455735 -1.6353604827502803 -3.990641056659224 -5.802644151449424 -6.289864187736048 
-3.0006083101097176 -3.017303829967168 -3.901520021644873 -1.9992910816381702 -5.32399756571748 -1.26318829666368 2.6714918606207054 -2.7460603747183683 -5.230902143872571 3.088231020783513 3.1912043844614293 
