-394.9533797435333 -263.8522129216017 -86.47328159268922 -10.768772933674214 -17.1709839797555 -98.42628730093645 -155.84528687868368 -158.68494567743062 -214.88416798952449 -355.0834685064777 -405.9284934457485 
114.6307080938495 74.64938872778481 9.115311692930064 -25.779758406653595 -32.18574832771605 -10.37103941353724 41.59047212683821 47.3442472667155 42.85768998774793 81.01399731314379 137.21610897232205 
16.726169938054376 32.44092184260161 14.650221017007908 -20.2704675369457 -39.055408989692594 -32.071883282290855 -40.96293390996369 -54.86880355131315 -60.050663667904814 -21.288618954672014 29.78381986623888 
-19.588835972908804 -80.34111899851064 -91.62493482537681 -68.4181925660141 -59.23253565630067 -25.896025717959887 -7.200825618219962 -6.934739965568323 -5.474292994114926 22.8667988785958 28.846665336608773 
-32.69508559316618 -21.98200255169453 6.86050126166433 26.806007857707762 14.958273888152998 4.863427779439398 8.648133070890047 9.842422583960623 8.53591027979044 11.804793964058563 -3.717783522664795 
-11.712742364511573 -22.608334847469806 -12.106310037692538 -6.514823716725571 -13.288104966297606 -17.123786186264226 -12.19864369770707 -10.024973129514155 -10.664578006648465 -11.088148381236909 -9.49134047362191 
-22.031389694503815 -40.33535985341308 -26.56357498846044 -31.436063120999876 -42.40710551323805 -37.75891800640302 -5.404298349925947 -3.9231312240903757 -5.659909518304059 -11.496072951833924 -12.543245054364512 
-23.91635496166161 -12.517573044388358 -1.0469545335850188 7.778870558745089 9.91962300621095 18.37124162032888 11.004010899748645 4.770461473616253 5.346122340476553 0.9835082792209956 -10.859638442809615 
-19.594035685718165 -21.04711492827063 -11.468804149208363 -2.1568911449544546 1.7033990180323735 -4.27490620225026 -9.272166679914559 -7.086101593276638 -8.443724463100367 -19.533543329268454 -14.194358032338737 
12.131063096373893 10.127930288436803 2.903436974692158 -6.339685027448523 -0.43520476617503495 -4.72219887432777 7.8878666209294765 7.30452063721193 3.7629922078954863 -12.574773643013842 -6.7890834145156305 
-5.17037085994807 -21.740451168242743 -33.31211587436012 -38.05333910546949 -24.058323690374635 -11.652994890859244 -5.469485443114611 -8.480295580935888 -11.937382255417976 -18.75589888382658 -9.204143917863341 
-12.192104815198539 -13.072821283151079 -28.579627541810005 -20.33690650353109 -10.560940920760633 -2.086728409070071 0.16707317145105338 -1.067361798797633 -3.0655775072750306 -1.2808658733644287 -4.253037970840286 
-13.636103834610342 -11.123613596695318 -2.795166688503799 -3.319418519644278 -7.881898342972349 -4.047791261501452 -4.095417300959426 -4.964334258795496 -9.561196520833757 -10.125387785332512 -6.74770111109541 
17.706432327083625 13.973467446147549 21.204964605055046 16.101560028703496 -7.658258164790864 -27.331691552435302 -6.6650189883169 -4.130105111029501 -5.387688753537661 -9.987847717220372 -4.226653986190157 
15.083326360877958 14.62875501992016 42.424443158478 48.810920274023985 33.77888161573802 4.782016997691565 2.2850199130393376 4.429477371553682 6.599707664467745 2.809331991145011 -5.651075164081005 
4.742012487748491 23.419022765204886 30.50829401095326 29.19835643624596 20.361780472163215 -4.200003577362089 -6.016325362628591 -4.050713687230149 -0.9498574358856775 0.35840212992537623 -14.441727229142849 
13.114695085566911 20.73623404878032 11.015463214274138 10.49213133046931 18.428961313437803 15.942128094234182 6.609845460737426 4.966124589134159 6.539931572128102 4.881152151406548 2.8840585426584715 
9.852602503496904 9.052802748199625 -9.131334722110436 -13.058170409413055 -5.556225677733618 -0.7996099418494806 -10.742639146016977 -14.339163602066435 -13.220166375832747 -0.7128048229785064 13.48566671807325 
2.9404743455441085 -8.955488947927982 5.590595521738713 12.854536751338813 20.187402431631817 17.49581024555215 3.7490219386387214 2.395978883298113 3.1428942055134694 10.58557236340202 10.970436622150661 
-16.592694161634874 -12.633594208245945 5.766887434284415 2.5673175243335598 3.1828331710747486 3.7674070806771383 -2.6599695998863924 -1.1322032823000525 -0.3235472147617955 8.254555009231858 6.45082028941556 
