-108.08932644235541 -110.11984182150344 -121.32666434148271 -99.9207777121425 3.4997880883036108 41.561463515389676 28.42621876061673 30.304225884182117 23.289622561162833 0.0 0.0 
74.30321589231986 74.68667431456386 61.721837270432374 82.29890680449176 68.88115196770715 54.973691363595094 50.47957693729475 56.64402428921014 57.74658832857721 0.0 0.0 
34.72524971612977 30.295200610580743 17.712175684817566 8.441200374088227 -10.219727572676394 -19.52106844163127 -24.711030088569373 -28.36969810682693 -24.197889889121065 0.0 0.0 
32.14298787735308 27.888847929106454 19.398562276170324 -5.330172503273001 -20.09689866867027 -8.887996717676312 17.401001796669238 28.74948060918446 32.12911646287037 0.0 0.0 
6.9144501445212745 5.711778432843776 1.1761925548188499 -9.17778196895812 3.374508704162268 10.785595866648473 1.5164865376578047 -6.158363184609044 -3.5235568784844835 0.0 0.0 
17.584785571839433 18.64538609590428 14.138121401725977 8.753187394819037 7.320150101122744 5.808962345546433 9.20071796330462 10.859484837928898 9.45185969453492 0.0 0.0 
14.468585119350504 14.259389868629949 15.05355651896137 9.26207423709426 -2.3167393854971916 -10.747379308584222 -14.727789188918436 -6.937536984696862 0.1641697167286944 0.0 0.0 
17.129691132130986 15.482097457679673 19.895040150430248 10.31462861710131 -4.37162008131817 -0.6499132734603827 7.246584597966184 8.419191747177848 6.6291409222651785 0.0 0.0 
5.60100520098018 1.1095259683842187 5.921582064907923 7.5485124503400485 5.52655853860966 -5.880342575975281 -2.462416751189507 3.557867142558866 3.3204293205468565 0.0 0.0 
6.6822574255181815 9.241282628771803 13.545144537478624 17.217707170222752 6.950744527154196 3.1080227504539892 7.281874939733779 13.299569434035533 12.70002334607334 0.0 0.0 
-2.647691807812639 0.35786762582175036 -0.7174257619933486 15.797432351342643 19.338976765262842 22.025800386156526 18.04321342620512 5.789285493979834 0.4657721188417794 0.0 0.0 
-7.712773797214508 -2.9054642272421902 -5.4173667775773735 1.6468285439470787 9.94384602462392 13.209292053002748 12.088993910680795 3.424305331591559 0.8466640208163856 0.0 0.0 
-7.046637272099879 -4.926507661335512 -4.747544250124724 -10.482930914862836 -1.35928152991799 6.9763703348552015 12.813822478092227 1.5373565411814927 -1.999939558487832 0.0 0.0 
3.149385359711546 -0.4505354094233637 2.059537865434063 -8.912620852342357 -10.598437271913113 -7.182162446106446 -3.9403328126104693 -3.0953946105648757 -0.3306598830373078 0.0 0.0 
-6.61992442847117 -5.750631170075592 -1.3140690804436037 -5.3356602431540585 -14.191460334385209 -15.561859118055462 -12.055090200496743 -8.465841362877924 -11.292140077443348 0.0 0.0 
-8.212084189243422 -9.401294190986032 -12.269082446080684 -6.012865485431519 -2.7581329191409463 -10.18439386463762 -14.23018099008099 -7.821603833816022 -9.504569822373025 0.0 0.0 
-9.15064700778973 -9.10891827804896 -5.790713189348003 -1.017343152914163 2.0148748021888605 3.60450697259203 2.341525327281634 -6.349662155972133 -10.315890582808935 0.0 0.0 
2.12319421036103 -1.4024973012658328 -4.196883012464519 -12.11075762345942 -17.448875683306806 -12.430834198855838 -7.69994218691684 -8.888947556596303 -10.043047762226514 0.0 0.0 
-7.531734418449514 -5.5662486328677465 -10.972073280700616 -20.40016485659117 -26.08858578395635 -25.803651571237396 -23.421508115601505 -12.334215010098305 -12.876950690008847 0.0 0.0 
-6.059796522452187 -6.5008909908141455 -8.766522611344914 -3.960553277426455 -3.071095907430961 -5.22344114206864 -11.402084907150943 -5.419982654276705 -3.739913493750211 0.0 0.0 
