-790.0252815946802 -404.5380844167481 -230.82633307703279 -170.84226627012526 -170.54786803829927 -236.1185446110086 -309.79269987882907 -424.57905092240424 -653.9321267265342 -730.7868400174852 -770.9183714149606 
0.0 6.669501247657993 -37.34153975723811 -31.62207604735465 8.802459145267218 33.400009751223585 36.53371667410261 51.71089554384168 42.18982206642383 36.550033943102314 18.015418946875002 
0.0 -60.95548749670971 -42.23327072196365 -24.93397088676582 -16.149254355879798 -14.664720263635122 -23.180018187964286 -26.491178288432977 -35.63552241653397 -18.249194053452534 0.8174070246065905 
0.0 -78.9640046158939 -38.31570961329919 -15.952158925445435 -8.932942627294766 1.8057397388269876 5.401376927589246 -1.054156830170278 -16.22343603803411 -27.305764857434994 -10.859160796191603 
0.0 -20.021367795838827 -12.284774860853808 -8.889530048749318 -7.387453599280631 -24.40837486948311 -48.69522532614951 -42.11083383258895 -50.814427548848286 -32.432135667315464 -15.15479401684189 
0.0 -12.996423415606316 -7.264860084845013 -7.912290689086839 -0.9354230147387078 30.493755102969587 47.806937113234085 31.885889233150714 -6.539529748873628 -19.413321454970163 -13.287295067259128 
0.0 -19.55154423714523 -14.534132157805832 -11.39065002890074 -17.753416908755092 -42.6765892994478 -45.345198990068184 -26.283167024976507 6.307109875934656 1.427053020565695 -5.2821413618982245 
0.0 -32.950827132794515 -2.2290539479969014 9.715118505367244 15.210303358828835 24.663136701199747 33.087063879845445 21.5470116222083 1.2433554959857211 1.827767276456211 2.7839283557037353 
0.0 -13.838994064853974 -20.84482897179509 -17.39528613104555 -11.522358140151264 -12.646795516001365 -19.67301348140371 -9.89590268785204 -16.553607780680878 4.052604172778736 4.843419878160121 
0.0 -26.259682610208905 -17.605258106561887 -12.186899929874745 -7.734484167082742 -1.606443002125192 -3.4080189636997362 -12.880495481829062 -11.504152740200206 10.190563251599306 3.569309021875156 
0.0 -20.156359262706033 -7.106133224863749 -5.2646155038560885 -1.3464496693191668 6.515654121939959 9.817981246843292 6.859252973495698 10.485511387523083 5.7008562016828375 2.2464112080240737 
0.0 18.525531621155345 24.933004625389458 22.407151099031744 16.582720296240552 6.711807852502282 10.048453509829908 11.484545462839481 2.436624940383825 -0.23859935643454655 -0.48021296909168826 
0.0 23.860019389922666 26.61254615000377 24.51484915667296 18.27818204424481 3.5776511966221562 -6.187509111558693 -2.4449819477389716 3.30762392896826 -4.936670902122344 -3.2131126404376293 
0.0 22.224188643516197 18.935777787984982 17.920451835885093 7.358107839296027 4.651962033408221 10.347909429055967 10.740631925626275 -3.7002564837776304 -6.5724766808603965 -2.719539698377466 
0.0 -7.422773477121626 7.438906794383349 13.159006916730714 10.766228334284794 0.4905810149213151 2.962805574827299 -1.4997059704215814 -4.496796660789272 -1.9789042308896136 -0.7926672816834288 
0.0 -6.570802828381096 -17.530852073309745 -22.94418366449934 -17.87771257134154 -9.153925200496515 -2.4667430685046816 4.480486501213656 0.34883994072847246 -0.7099563819558123 0.238764930587332 
0.0 -15.172665871441529 -14.642795111952582 -17.951157004255016 -16.157587097966353 -1.0940047819684784 5.22582603079621 6.55260074305666 5.841379913262903 1.2761575383159296 1.9335419842109984 
0.0 10.450298158221942 14.669449419766707 14.408745348866411 5.171045442926382 0.9525358650001603 3.805153972213099 5.252346072043654 9.856472457372352 6.591672680573502 4.091246792544526 
0.0 12.982996207088755 18.49593150636507 20.770738257416795 13.546119080472755 5.352750173799388 3.4886210775663455 7.520746954047796 2.430000552610742 6.198766475188922 4.022932341817964 
0.0 -10.388136476179263 -12.684691212453412 -8.909907951618855 -0.7117008075022021 1.0698203825577972 8.035823832952003 10.251186035620288 -6.9730736128867825 2.642066499606464 2.160706242269451 
