-684.7717645048667 -684.9544160557278 -677.0287134352236 -623.1617623343543 -418.4132885524748 -289.16613523687755 -222.2369553788393 -190.47291671785777 -211.53289360244096 -272.80912975180377 -293.10289380219433 
0.23724192883658474 0.04373377998736073 -7.314440404903021 -70.03642057513207 84.27730518235276 135.12439084644654 129.46807420770057 121.78596019647318 92.65554775241591 47.742093406217066 45.3382211758132 
0.038765897514462994 0.007146204050962248 1.1136491980464192 29.009448921768552 10.69977306395037 -5.904599053518072 -9.296668804309437 -20.241708845863393 -21.601048777213826 -26.555023771054294 -32.47530860985291 
-0.1791600394476832 -0.033026816912827134 4.672419051659761 10.345885120048035 -54.94685381217167 -87.644063263931 -96.74557603818283 -76.02543316488405 -26.088749317659023 13.601084725354639 18.238509523153187 
-0.3071965095035028 -0.056629385140289173 -7.738284422435632 -26.944370333067056 -41.14836353964703 19.37509464654407 34.17515317639936 6.806296726194213 -19.46065133032057 -7.998595579846402 -2.9763860427721527 
-0.28110413163160297 -0.05181944990332085 3.422416607613494 17.783513575156483 11.926025401107758 -6.409632608412245 -13.494003277107389 -17.195983480134032 -13.053361040388406 -0.35974299088516487 13.761176199965888 
-0.11397416180879463 -0.02101028659323991 1.885060791837935 2.7190598019571475 -20.406642197955726 -26.48646648708651 -42.82876055629001 -45.081554788123995 -30.515742308770555 -8.288981150539698 -0.8145662831389137 
0.11033974633905545 0.020340309210592208 -5.710709425233038 -15.905532878526326 -40.083653881277414 -8.153520900824967 4.12514603372534 -14.397687399432233 -20.7730811467922 -0.023404102507751157 4.422406215568727 
0.2792932012989441 0.05148561840427389 6.585305935495898 13.016408947929584 -0.012412602766359748 -15.949769894568615 -22.63285030104002 -19.289685652840273 -15.695974736247884 -7.568968829121571 -9.268207059239042 
0.30811765733295116 0.0567991918717797 -0.9719360212353456 0.5719926925133738 1.7992472438095124 9.994735803607465 7.373407218358947 4.711115099956454 7.263276509087005 4.465718250521647 3.513776426424652 
0.1823511005079026 0.033615065217071846 -4.296072785813364 -12.561601551252178 -1.374150764024454 11.758734392738415 16.694773717017625 10.451659041588576 3.3448644146428252 -4.9274959827033635 -3.5577823106305733 
-0.03490596538920082 -0.0064346543550034205 7.288308299797883 14.697550965611121 19.67913319673539 2.1225391740611728 -9.841754326655149 -9.336581252204818 1.560348525721907 4.171573767149012 6.790074340635098 
-0.23464975862595872 -0.04325593274409865 -7.48322217855821 -8.182785471780672 -7.308971369678572 5.774724773230103 12.607800735070517 8.247755979572565 -0.41458053452146276 -1.2878993104699543 1.8173148941500443 
-0.3166633829164962 -0.058374532640318805 2.2249172477796506 0.45179922826145025 -5.160976669455861 -9.987118810773612 -13.784474408562984 -11.855270077463391 -4.970972177547219 -1.4063589880394929 -0.6202693484709902 
-0.23979837128537537 -0.04420504108422512 1.6972454174507414 2.20206324494957 1.7284612595213527 5.757162023406718 6.421402325163482 6.1498284448965626 2.741360359462849 0.4740711432073227 -0.4433292942162653 
-0.042619991638151666 -0.00785667755487679 -3.2248009474714685 0.7429838213288223 -6.150896928374559 -18.10743681163133 -7.3966749763382715 1.8600649997700875 9.310722279190596 4.0158084809177295 -6.338162491943429 
0.17594199754453782 0.03243359489143016 2.771060119551893 -5.223005633370076 -13.128108412110358 -8.354927280435131 -4.086090813425127 4.1991232781709265 3.1963541917017766 -0.7809951494533796 -6.903186927544128 
0.306229099009674 0.05645105023168881 1.7308384477424363 7.1226132327011085 0.46718285325484854 -10.170167429231187 1.1819558685777802 7.41955759040008 6.4215445097835016 2.23000936618671 1.3723489970255167 
0.28287272871602376 0.05214547758382256 -3.890209366307646 -5.519166343027544 -6.013681093979268 -6.980732372007617 -12.888609690417237 -5.748373346177543 3.6179489853414752 -0.5297858957119181 -0.2862628841431777 
0.11759141318899544 0.02167709990400858 3.5967774989494465 2.3193685870038925 9.062851417672624 4.842340219593163 10.132291020480084 15.719801717845067 9.590446777418375 -3.1859587136970786 -2.0676049656986555 
