-434.88604265583234 -458.3939916170926 -342.93430460912185 -136.19726218249758 -28.125026958586385 1.6896560906484899 -8.405334356711494 -9.464688199583511 -18.563154794329282 -77.68561252384946 -220.88140356739112 
36.83685041517693 49.88870664614292 74.5192574935879 30.188685006442412 -9.789037652386167 -19.93614608698753 5.342542271569278 34.53584438001496 38.62576944957566 39.56835890759493 40.75028816947335 
-20.778601059316255 -10.470554533879731 21.32730351195871 2.0344705577156867 -16.006488382594448 -27.3899528599076 -25.523906651121955 -45.60425335272656 -54.97896445398962 -57.45272175171595 -50.313482745446876 
3.2162599023026663 -0.7663528534431974 -86.27967892718905 -86.80219709273591 -70.02592584363421 -51.25801476956029 -9.047645748631677 14.67623399415011 20.332759716623066 31.257688779471927 42.03304365451743 
-6.769454152384797 -11.897595108669204 -25.023641768503552 0.8558803802138739 10.618560487922206 14.032172139445851 10.610006140426913 -11.640939884679861 -11.60507002986856 -4.221881834065458 -7.954495692935938 
-35.160009311293265 -36.29908376666886 -55.39324520412684 -16.331626379358628 9.908445309261525 13.061642303817328 7.439552819941314 4.878591217532291 7.040240047904593 5.651772657741704 2.7556829521476955 
-16.453381466670166 -21.642559541836746 8.869524495196575 -5.011728925412028 -27.048358009654116 -43.25449761259473 -27.54051888420298 -14.250039905849349 -20.818312334471038 -22.074137809335593 -21.45183735359627 
10.330726335513408 -0.1079521321350822 -6.382932037638801 -0.6858105277664621 -4.129040111564166 -7.21454582964077 2.4292251174344397 13.016038421582778 16.724120285180337 17.97168569305904 17.014302020736785 
-13.76341468649371 -10.628913589885393 -12.04631897885508 -18.776369481175074 -12.550042710341017 -7.579296066047557 0.9088032819200155 -13.343901503586235 -17.05431382543355 -20.392671840270665 -15.460345732488225 
-18.88366148919174 -16.742540685803675 -0.31726000625798745 6.899969080782336 4.204290505897447 -3.397382374703372 -1.29555572837488 10.509682202938606 12.153537757414808 8.205200445906708 3.896706144083686 
-26.99734482854595 -21.013906206001316 -3.656664413462792 -3.224246037915935 -3.733530353424643 -2.47984288006383 1.7401505060834102 -2.129722157571029 -4.206881267748875 -8.377376717167728 -12.615227648499165 
6.050554345257856 2.6981535189134602 0.24689432303188963 -13.258786424368267 -18.567485975859547 -17.585531303375138 -12.009233468055205 4.937137856379533 3.046800334189081 1.510137690857477 3.543826431660036 
5.409481803159894 4.887738063506688 15.053136091780592 9.686621704641434 13.519732952829353 18.27669666940065 24.665162781649165 3.394586348133919 -3.71651161556086 -5.724133186296837 -1.7777590589457908 
-9.016346356981966 -7.490674783542115 -6.760524557118636 -10.103196039041695 -12.345228209671568 -8.256810168321284 2.60935267562699 -1.7960343605104139 -6.261995399358714 -5.767660955209182 -3.938840149895059 
-16.83956954828996 -12.258881430681011 7.626429383848085 3.801185880612277 -1.8814163519457279 -0.6041891135734796 3.9069798963862 5.3850355112637 7.044744709670864 4.5799683496205965 -2.0176335912265477 
1.1142144616190235 -2.754462835171827 -10.79550708594103 -12.901903545978765 -14.331511028175177 -8.478755106150043 -0.011008509198871919 1.7664896178380618 -0.7738107149169544 -0.9594910779184566 -3.147561142902877 
-2.824936196973716 -4.0573340398993825 2.449462711388629 -5.039544166266852 -9.522147156964927 -12.24311985828491 -5.614191927532316 -0.26636528390357783 0.12649593548691052 2.0557772780916386 5.679469318862257 
2.278251399201187 -1.1518155499484466 -14.125973989156083 -11.938888338859641 -14.969526862008555 -14.822578799034014 -0.05488695060212631 -0.8270591064889659 0.42881281482870526 1.3275816858579343 8.680462695456615 
2.24069635430427 0.22447402195412436 11.31491384940249 15.46330824545213 3.6733521813647707 -8.12792723638351 -7.320270901208945 3.882739713019386 5.089920779390207 2.4747589850646516 2.68646544712158 
-2.1634925699791134 -2.338170300915178 -1.7820322047972958 10.52117561482087 20.626506208361796 10.955606614930222 0.0520019743883513 5.749298900848696 -0.7939981811141092 -8.648471254313867 -5.317618304008449 
