-714.468677591321 -571.3433663083758 -347.91998352983217 -175.03282324685765 -140.48388611257616 -201.03379999440176 -329.30104843679754 -458.12431034111574 -630.193571920623 -678.1641448453081 -706.940470775877 
23.529319212331394 13.673724951588481 15.74688325730061 -23.50767737927823 -27.420673776152242 -9.476035911522299 19.024953943422396 21.855626578042383 -5.439559092818268 10.261653518279239 14.782854429029662 
-39.293491445910746 -26.38650375462894 -6.006747482773498 -13.049479897616422 -8.518171886965993 0.8425620852474259 7.348416283098969 2.814338314715984 -2.071333399374735 -12.64925714139929 -9.166538671964485 
-33.451353020865554 15.917676184327764 -48.43799335714264 -48.15976509765639 -31.08717992558927 -11.53357108630373 2.8145115047170837 4.585948295922048 -14.915458625275935 -16.309121348359856 -16.565982167512537 
5.600381735833137 -2.033083862676724 -18.116298489662476 -15.938937707428707 -6.462155772910323 0.360460050660937 0.420119613111463 0.2969549552998516 -22.062095243887804 -26.897791019115036 -23.708409536752207 
16.054234043020266 33.68278965022734 -24.039077909387032 -21.558537381993197 -12.85373046530708 -4.617035496604862 0.5209208629852473 -4.6714319471503245 -18.1842497991344 -7.680807556098121 -9.364206336778182 
-12.74117446575379 6.126557855035276 -2.8149064312204644 -15.973951292465486 -15.316054265735303 -13.075846348374322 -12.100315952332165 -17.255815704442462 -3.2457523893861504 -4.046340099816587 -10.183227558608358 
-20.31986036205426 -16.151886499837445 -5.284555469487632 -2.859111127611259 1.6819205340691261 6.456221577240158 1.8361653379662655 2.8135268641345 1.3470496926965732 -4.7482388449129775 -4.154136268553473 
-2.0960018234385576 -14.063608544665847 -7.731508659993799 -3.545927548976608 0.8782935871165701 5.803556198463061 11.02394377920634 5.357529052565842 -3.0726063601763176 -5.153308487549669 -5.440105031239099 
15.815398246441841 -3.122075309437908 -14.185833096193202 -3.845092532547084 -0.6789035288374716 1.6827895855536843 1.464223329818192 -1.1199357438674686 -9.008233349703394 -8.565117074439986 2.4691737278681978 
6.489303677889516 8.735904930645034 1.300013505677904 -5.415457710369794 -8.807692980740947 -10.060198861279831 -4.500610071344072 6.545012143071251 -10.82103527528408 -8.299541394692765 -0.4064332088913282 
-3.8064667662204053 -4.041265256715053 -2.750627812046382 -8.34098513822322 -14.917957009594055 -17.215223269391693 -10.842326915731245 -6.4258910873361925 -2.6845555312413 3.988863462523274 5.6338450162647735 
-3.7164209933920027 -20.747026315621234 -11.751241883560764 -1.035736100908896 -4.489069642208291 -3.8628979628323057 3.8634205608696535 3.37795314215038 4.800178523446435 -9.004816979133308 -2.785892409258449 
5.37702155404351 -4.246195445872247 1.2407416107486078 1.521088043206719 -4.765601447130613 -8.951245879333833 -2.0134181887321314 -8.583828593352575 -3.10787622872617 4.789819092326571 0.07900214331762334 
0.8776180961848016 5.544044888135389 20.822779214559436 23.07471429572258 20.347009838417986 13.263668332678714 -2.141479423493812 -5.243896350986983 8.749437748648287 7.429664371315252 6.7393348863833324 
3.6242046213685724 0.19744126127357975 7.354822983626192 13.862359892482866 11.858595719331635 8.306693393824826 11.070271098086465 6.647443555594278 -3.6591976322018183 -0.5627970725516818 -0.8492927778467652 
-3.6380087225963984 -7.618407047631953 12.723692306520928 24.71055362484031 25.287482809539007 23.599664722266784 5.6544203607994525 -1.4494802351440252 9.946876809210277 7.145724051733715 1.3951110312096842 
-14.26625734039002 3.0735358505476515 5.8138902502108545 8.235886271475898 10.392691728033874 11.416356099139142 5.704962703393134 -1.384391727883947 1.8404440783701865 4.902716830422538 0.8659661803271554 
1.3494613037366707 -9.283291838310683 -10.441607109782925 -5.64855914188964 -4.49625780745081 -1.6774933456058012 3.1770940504799485 2.8964238544748735 6.476147546219998 -0.5377680843312931 1.2334630680104315 
12.071411938449403 -2.5239090427017272 -6.958010847299057 -12.252549643898677 -16.985951895763385 -17.73877641128134 -3.9361161797370396 -2.5857232079151444 3.4243468914413944 5.613130417526548 -0.2871376262954235 
