-336.0906324224677 -317.124518353383 -142.39923194926288 -52.47905676854737 -38.84117308346887 -69.22034050776844 -116.94735571683684 -170.30218268476733 -302.5722361548803 -620.975041003711 -640.6769375731334 
27.9873701245384 104.96687273361493 75.89211105506321 23.793668755034865 13.539605605019393 47.143893971128534 55.61773089840648 49.681868866457265 46.260771702801165 36.75878705721141 22.888397395857112 
-15.78119960706669 -6.5694730068664455 -27.108466458616867 -40.15107447199359 -38.44188857110282 -36.749069147273566 -31.923466514593564 -34.825519290637175 -40.67960145237163 12.594200579398299 15.389109795726803 
11.125975678709711 -33.33863301559585 -65.82253722582678 -34.83804061774181 -2.40888992875151 6.930884049356781 9.294453106382809 11.20791850873169 12.12637834079582 4.079322716663106 5.512572533683484 
-14.292700802721779 -60.36325748494146 -20.604112233360937 -16.551128277765173 -12.855116747679112 -12.805089753249604 -5.257199760508622 -0.15717225768447474 3.2420211383218525 -5.450402921743751 -3.9590191034364484 
4.322989658176695 -28.141972079014643 -26.9758138745211 -19.520564026500175 -15.55289438724067 -8.147414334088763 -1.5214041670913478 -1.62405541832804 -0.8408671985588746 -19.291538900719473 -10.844889359242636 
-15.552064902101435 -29.61744531189521 -43.30066880493388 -47.84011188561949 -42.0522847070164 -27.460643545422702 -7.715266304361105 -7.143826370026559 -5.934831520516349 -22.32276196147935 -14.234259278395225 
8.982576757184315 -3.8618153857556345 -3.8489219562581347 5.065712811916304 5.889580061206997 0.8248164488252292 2.4131390755254625 6.3817371492941755 8.752412910113055 -17.63937742205023 -14.502182740898586 
-15.16277314055961 -18.786433798674892 -18.635028399054182 -13.94486702036528 -10.623932494690845 -5.872164947467084 -8.561718849756058 -10.316724370283449 -15.291049379650214 -12.516382566942927 -12.768933667460722 
8.87742397942563 10.1395680345576 6.456951744639886 -5.654734585593497 -18.07948906368227 -18.994021307980486 2.5907141679532146 7.186906936053126 6.6083677452053 -6.185866006818407 -10.17172913689253 
-11.006270184804473 -2.772538553514737 -4.966190972918978 4.637029611819782 2.344068871654358 1.7724198215000002 -7.0982315673934435 -3.7767152777052777 -1.4635500156193522 -3.745531057828515 -7.362405256774357 
10.670829112493443 16.30809211938749 1.8013856425822972 -9.5414935517496 -14.182509644847345 -7.697762186912452 -0.43148361495156373 -1.0130362851781334 -3.002413605807387 -6.419574328341666 -4.455365131552009 
-9.455196970896633 -5.544260237207549 -1.451364323474627 -3.5811996037239426 -1.3391972925907498 1.553240357275654 -7.029538387075824 -9.982602292516042 -7.181614642538499 -6.046132380880168 -1.3549542569869273 
12.691910830075297 15.55180488364185 17.7376326725726 18.73487639839004 23.15600582499003 19.90773507015403 6.2780119248873385 5.052068632662025 6.388709525726721 -1.6220823202655605 1.8288172359417316 
-10.282976383458998 -1.210312945905885 22.194410138614863 24.494065648312457 25.223721408136576 10.876977749624531 0.8130241072486415 -3.516100571431867 -5.510537381253362 2.685101581652374 4.588538423676818 
0.09308369574475417 9.582346432531942 20.92040943787633 30.057594139887215 32.457314057328304 20.217199920174664 1.899782506516071 -1.4542738451507227 0.7210175564022685 6.246977786798688 6.189113818114075 
-7.24985601480531 -0.7489797159519149 9.864481672859853 9.660871197547543 2.4478849293036955 -10.697906152706999 -6.938685388006796 -2.2255194660831434 0.13442854535171272 6.966724965768047 6.086099968933953 
4.380508125078082 1.7175438060726778 -7.350960129563506 -5.227548275954829 -9.088937454285734 -3.8251966549676815 -1.032246132826118 -1.275433171491029 -2.6092780756310656 3.9513584977626905 4.313332080458062 
2.0557662325678017 0.37112301069351444 -5.260690303143292 -10.149340317269285 -18.591082001347864 -11.681007590513754 -0.37845237461134024 0.7910759313223432 -2.4094996112872344 1.551203405842668 1.5771449957948733 
4.156219314799799 5.70838328350716 4.300106613629824 -1.4671767075527984 -5.555582962304882 -4.125589585613516 2.8554213601674396 0.6556900711526364 -2.8408042576969725 1.3633912551525418 -1.0235391873776716 
