-211.8079814777912 -115.50154982519078 -75.02270992460365 -116.94850957369208 -201.19338073969834 -225.97075161454262 -189.6988301040464 -193.62963801731732 -265.3802209136684 -445.00198711516657 -653.1736891339963 
4.61434670496533 -2.0570518645843423 0.16644101293970992 -3.4943101973260053 8.848563532446287 30.507035908704296 30.049228698010452 28.479589731115993 26.597750925364764 22.304000591955216 17.74954436673209 
-52.311276448860994 -89.0581162674107 -107.64820047740989 -96.7939052388468 -58.85505066279063 -34.56290059812763 -34.783931564223046 -32.44717063322001 -24.851639360962757 -22.547729468852395 -4.985727140351978 
-40.64579945558027 -23.52537210376811 -9.010580551765752 7.124549523416791 4.943250833399035 2.7110026203579762 15.711313408580823 17.610384834343634 16.030988326613834 13.727985595797357 4.372477015781282 
5.0602351406093025 20.48244867177317 20.371990359512026 9.835181662614275 8.091206823899501 0.8601598143714984 -14.292102353505154 -14.097250222148613 -8.405586775850065 -0.3128985288013194 6.240038490642833 
-12.297979499281094 -22.51305122445247 -24.76734828353017 -32.93838280673228 -30.730385864225116 5.889348350741863 17.59613940902565 18.865560762401454 20.748754514121956 18.023511745246346 -13.580976494621506 
-30.301797323264296 -32.33562555730694 -32.94597405744019 -22.05939638965768 -16.181533604267322 -25.1597444695004 -25.912060671345905 -27.89326401361948 -29.76774630497855 -15.503018845835896 -22.27092284191569 
-19.265441787144937 -20.569265612917278 -16.876466341178457 1.0868815927511797 4.538612369337909 11.114067147335419 18.050060349382704 15.720671185655625 9.276328366840723 6.2427244342552815 -12.54369897525609 
28.36126046322655 2.9027488910297357 -19.132532602253644 -20.742850077781874 -12.523368173075546 -8.727021621011431 -10.73024079055666 -10.864770285583393 -8.393781632928944 -3.882420241864875 -5.665268690285379 
46.626969025659676 33.26911214022094 6.103739944942639 -22.378714649916006 -16.5027851902125 -9.214095041563517 -3.7898330646841902 -3.9573074395184027 -3.4349682245280597 0.30265801643417656 -7.063599272385277 
34.68475595498045 44.40263801329123 35.95841120801806 10.782441393048352 -6.307395933625674 -3.0525055845963607 0.944046576478755 4.234009383390829 10.949375955112728 5.634801162279365 -7.238056408659048 
-11.856962449413441 16.612783124968992 38.14893626100421 40.82075402408195 22.791151804237106 8.336647908793932 -1.904126334433264 0.35836993050401295 4.0775811500297285 4.865842539177014 -1.0895239998975004 
-47.848497541760835 -32.094556615458245 -6.049293961713884 20.177291300851742 20.58027129096112 14.67117967608229 0.3363926570657354 0.6862617291400361 3.5936423688945607 -2.519362859239055 6.375133559871726 
-31.279767405907243 -30.042523112071986 -13.768216177243126 11.37510048327664 33.35762321926504 21.250227644513828 9.068574464146401 6.522096659577116 3.588091720349943 -1.225276219483792 10.30876026582852 
8.780009836612734 -15.306948595371837 -23.746664004410167 -24.21130986536462 1.2287289463641733 2.413579725231405 -3.754335109258168 -3.2137244627073773 -1.8025641212126837 -1.4592406805224505 7.458588215137371 
16.250468300062806 3.484336608434461 -12.4817830066969 -23.592712896147376 -24.56562191166747 -6.818705457467816 -1.9938501301946816 0.47967780186477116 2.367255380637572 -0.41292779505038857 2.245112375281613 
-5.064580451004579 -2.8287639182912154 -10.62111447113893 -8.002917880105812 -25.772743447380083 -16.28287469700454 -1.3146262989345727 -0.09073364424014779 2.0476769239994517 0.8635626807935026 3.869350596470662 
-18.539741603506737 -10.605753474624912 -2.8259893949820607 11.936560564173625 16.304981418182756 5.254961608768723 -2.6428282737093474 -6.025019550188194 -7.98290771251585 -4.07667946023189 5.315367718278196 
12.18586107818227 -8.460166963613966 -12.127359005540459 -15.576735098062054 16.8194134120045 13.23961861936279 6.074008673572241 3.211421879086679 -2.45333388399113 3.0308845320338467 -0.10446722888966675 
46.7361052924994 26.144898846168083 4.533119563608151 -23.525502737148344 -15.918520338693035 -8.327199860758 -1.5350241918757868 3.017721684154243 4.725409393848327 -1.755040919810951 -4.6336065629687795 
