-475.5799096661469 -477.64070994728326 -435.46253356285416 -427.6828062798714 -474.4971302724442 -497.4147959887987 -501.1585073046209 -442.08601958655964 -332.307054010787 -252.21970369141138 -223.93560371880753 
60.70324308358332 61.55933775984126 49.995231741133814 49.0767072876518 60.904461151980456 60.56609923284759 58.13005260765377 104.20134165576322 94.6598353520643 68.68365845944226 59.87752175610565 
42.04827429366719 33.930868092173455 -4.101072120697369 -10.190662529548078 16.21713502614034 30.351038941744612 32.68341131989551 33.226396597793865 34.641411086398676 1.4700784684344477 -14.72184003718917 
32.39834411595854 31.374899550392723 34.28471962876277 30.62954572957121 22.75822362047378 20.97503526847853 21.621309733896496 -11.367397149276384 -45.35672329723918 -59.51573377890634 -52.8526970676854 
15.214411271272386 13.828038279620548 16.838446511799127 18.987554445123834 20.714223285159015 19.156616955312884 12.26740058656286 -22.771419792447205 -29.837187501869906 -1.6905633902940536 22.437863038771912 
19.16154112159606 15.741578948525682 13.64989689108987 16.452768530627697 21.352616840310866 19.114816344952033 13.715396327594844 -7.615276552620274 -2.060255626173663 9.046079405761533 14.50119863014546 
7.016068386596997 7.7304941050390195 14.898267734686016 13.588910690813453 8.462176945562613 6.302032404718222 7.705971150388103 -6.848555417664338 -16.578447448596833 -12.564088727328528 -9.090926585686221 
18.332801437274505 15.375774610860319 10.99591926454382 6.13789935688018 4.432692712980087 4.971326144533874 11.223862591175752 10.989425480722756 2.3180203069091703 -5.202176417446651 -0.5276199685863721 
13.899261197807638 13.800912567366819 12.174484465209076 9.758970768943882 11.28421343309669 11.05923897259692 14.8517128152406 13.31906208052899 4.395209016143573 -2.819846126591544 -7.498183500630692 
15.680953749364264 17.687609071364562 19.30525450292106 17.54063213938757 21.334819821260638 22.889207748090925 17.25142651487853 13.865443060471357 9.126807035606381 9.43848346047757 7.556238376331971 
15.210206769774516 18.642774659631655 20.675214866533093 17.469696080931406 19.288650592373976 23.062360112617856 16.535669268469775 6.928323502646522 -4.059002926288937 -5.481409855498642 -9.92643393065649 
14.085753372259584 13.356151951724279 11.069465923190332 8.810762625369417 10.402045458353191 11.08879116129593 8.862619616120014 10.949285313839555 11.255365114947512 5.844656702144098 -2.5601019793616753 
-0.6209516950914287 0.37187015372893106 0.9485243203095137 -3.4241604342960086 -1.5603615925709553 3.449156693693201 4.206353984859798 14.346376147945271 4.583430319948604 1.987852939780227 3.1706053191673913 
5.110806090855449 3.198615974832217 -0.28729570201026594 -1.2723687006579603 2.458689004358595 8.093030728224747 9.92260785779367 15.349601081956553 -1.0971177146640707 -13.16713245722855 -19.897815147806263 
12.11730402614532 8.831412496634751 11.024680830178728 9.72189569137024 5.4648848270861174 5.8685910628912055 8.222948775771833 10.930177095305332 6.679742910035045 -9.911671144017907 -22.75777270131963 
4.528903595580299 6.787855913751471 12.342137408896395 12.888855554075095 9.030200744686598 6.293906639316544 7.702976397739358 9.598056542926043 3.1245275081891144 -4.368792688742937 -19.28799525717125 
1.0703304574990242 4.612871140920969 4.446975995807931 1.871355259491646 0.7281242603207183 3.734883764661476 2.3278071906654367 3.9737956633684806 13.507340258721758 23.46930259302358 12.080621213809728 
0.4447498887361998 0.10167544007380314 -2.2035916771562265 -4.2347431085967155 -2.606474202719812 3.4999717545702675 -1.6061169256998102 -4.64460657312846 13.792099647266808 18.375411155117636 8.580965401990726 
4.061606526026451 3.3597807258403147 0.9309882037699426 -0.522112368848997 2.0062294011741284 6.0528858313600065 0.7125455632665351 -3.0864012960232534 2.873338390885743 17.003006685670524 28.99617957280384 
-3.825690463520031 -1.3880706795711795 -0.8243658052598555 -3.110670065382306 0.4266395748606926 1.786578878446286 0.4400689672796809 -0.4667764482871064 -0.7316141927249051 0.9234900990694546 12.532668578764616 
