-722.7530652436584 -410.6911790198491 -177.1230422829944 -103.61393339962221 -129.49561123654843 -229.272822164513 -305.2233411309826 -408.1090654521452 -576.9644000375722 -633.1554402348519 -654.9124929061599 
15.691549289323673 119.60077117820424 82.76077821299776 68.78583537226683 57.88029261065887 18.152503039751412 -14.738636693157593 2.308489625589505 59.34763599683541 80.87691979416434 80.1942601249774 
5.336531721953954 28.33836119481993 -10.019376024713488 -24.112316320146114 -25.230108366029434 -6.616094919241567 -12.107573925713845 -7.584012859478326 0.21896940232173207 15.572483461815704 26.448372244879586 
1.7715221184640124 -101.59159087424122 -95.98789988243217 -88.95064688884787 -60.49942519034808 8.35356109194705 17.489007877453105 6.370854890009596 1.6491667128179908 2.6347315865642447 3.7631935663465717 
3.7302486215295616 -21.213767816333814 2.9799666983694313 7.348766609480787 7.09887396040795 -6.841042806315803 -14.186347856709006 -18.827097018225114 -15.345097712710183 -3.038681289754634 0.16672165480477658 
4.724824136910074 -25.71285140478176 -12.230181970612588 -5.250718850785649 6.151655180819663 10.131864745075637 1.1006668802094897 -13.403383819327669 -13.01808983783952 -0.1577461648679502 1.7670418327472999 
3.1855800500939795 -15.025343799059893 -20.54495922042329 -21.144483389101424 -13.813431752376275 2.763456954840903 9.803833533632694 -1.7936438148734777 0.6517010554799851 -7.9308023803804115 -2.3923089918286102 
-2.727610043417666 -5.9898026615532425 -16.21431174143935 -16.829213262887947 -17.782675341243124 -16.030319356620232 -1.8085943487304914 -4.5478717314594865 2.334969337314746 -4.750807687638896 -2.237718896134146 
-2.561638233478468 -24.230617854778785 -23.063566162363944 -22.71571232378303 -13.472568506090596 -4.020225424492805 1.3309477356821993 -2.223856115839894 -10.532990885583455 -2.684728140116025 -4.295197228340841 
0.04071078145499499 -17.58249838930311 -2.4518005447215394 1.526090954226033 5.391199895323819 9.47002190256311 6.758510620561717 -1.4332993268007235 -5.259044095125613 -3.5229088625520304 -7.629324696189194 
5.459446172527232 -13.669618273028899 -15.482723317611615 -14.64014124318143 -12.849864436647067 -6.822864199602491 -5.6223940436932285 -2.2205716316261337 13.223384918979317 -0.864441992913862 -2.939564999592587 
5.025661192764362 -4.53173837321663 -6.920646333203253 -10.938688619421061 -11.00082184572762 -4.402329604796603 5.1475999873662674 -4.440275546186805 -12.336921194301512 4.5483392898189745 5.844435247984178 
-0.7548427720162001 -5.176384370947369 -5.064828851489775 -5.972094450131824 -8.42930875018456 -6.58911797231505 5.0907548086069205 1.8308960616290113 5.3551849683547665 5.176211517826881 4.689091733888803 
-2.76750641488662 2.726968765593538 1.4902714485770951 -4.309498062626442 -7.641096185351133 -7.9969516607234326 -0.7516123085160417 2.576896907631982 -0.16364955309060691 -7.0311790050881875 -4.192144658203142 
2.7534050029841244 0.8643182561340221 1.0934100599931527 -0.7145504785139504 2.5852094557330547 -1.1140576272031026 -0.15179806646662092 0.5294145422931336 1.357319900218822 -9.070419921106643 -7.670035218349527 
3.5899741371468576 -2.0673995030365195 -10.059467080227805 -16.9651442698448 -20.39718953970414 -10.858039931929579 -2.6821797893805712 4.192387393783694 -4.118810070894563 -9.067562998808118 -3.3144702673359348 
2.762811029523209 11.457960450962752 0.7463501752043745 -7.0029849900103835 -11.056501955843913 -5.760402361140344 1.519188207101796 4.959466181488009 2.0424473570608876 -6.949415676207458 -1.1637458746974418 
-1.7024164318722717 11.470434888489525 3.860378656725562 -6.167388767916124 -14.154410964537401 -4.570078985301289 3.730900105352685 1.8548639381554732 -2.559598255306649 -4.7536099316988425 0.5573365375791964 
-5.481283554249551 22.987125931162197 26.402362380568505 14.959147049923555 -5.044662251099712 -8.97287251184422 -0.7249441094333394 -2.3944704923546696 -12.18540628547822 -5.8151145632540455 0.7093416485075743 
-4.951396549713844 18.015735393112617 25.604912342816817 19.646974817024038 1.7391015722283614 -8.162265147193846 1.3376875839763107 0.4026295719774809 -3.5909161253584974 2.1927163189545507 3.1208646451672486 
