-645.0596128735615 -650.3724291795703 -656.3579289425096 -656.674983182338 -632.8775306619362 -603.916541952573 -304.5939716786398 -104.34827830718837 -52.92157176002548 0.0 0.0 
13.343169025992212 22.296295924172828 24.205804043919095 26.490495688372114 43.538742370766755 62.09786484348806 72.18674497507902 48.05976589895231 36.69378022360962 0.0 0.0 
11.041051095558565 7.9713191476457705 1.5070591804076003 2.7860739756720996 1.3107491371502829 1.4015218733903274 56.858089074848905 13.854003532610982 2.047924992254405 0.0 0.0 
-5.7411156424933445 -5.518858675019992 -7.217293528638404 -11.897511965107727 -10.682818374099167 -7.610939152773337 -99.05500279776018 -92.33292652363691 -90.22355544756346 0.0 0.0 
-14.80348221852846 -13.701979201867818 -9.371977770120317 -13.29708026236831 -7.6824568967053235 -11.017266313016863 -19.55898159229994 15.748709790791358 22.363706448278425 0.0 0.0 
-5.7067465062143565 -6.938847732267762 -4.195861822207274 -6.994409624450517 -8.099353132617752 -12.212895769138937 1.8243357269853528 -0.2333805637562535 -0.24807711737002847 0.0 0.0 
-2.170189346803948 -0.43344430066914424 4.022140408889719 -1.8820506211273222 -15.954629679849955 -15.377099161839174 -13.917081846545667 -15.66278333734692 -13.804752504946237 0.0 0.0 
6.785659432269595 -0.3405435852361951 -1.9348401832866062 -3.159124361204386 -16.13898000304182 -14.465363660326734 -6.765114378829222 -10.578468372330835 -11.129794713781942 0.0 0.0 
-0.08396050725520375 -8.24963886929322 -11.633061138212877 -5.225440452773121 -5.311567782583156 -4.343761632249461 -39.029431689722486 -30.64754911285442 -28.55198103704742 0.0 0.0 
-0.39353101933994483 -1.983670405891187 -9.434519177487367 -4.456020728435071 -1.9978390894188331 -9.627048488286011 -12.257482048593438 -6.2315862972641645 -4.499251169258333 0.0 0.0 
-14.566737978532363 -10.471371552182939 -8.237572552749443 -5.282409496360063 -5.147579223695583 -16.53689383458377 -12.046735673923537 -10.24843639757475 -9.737521807223768 0.0 0.0 
0.09804963999908084 -4.11961341777928 -8.85590038583376 -5.63128684158031 -8.303126698954223 -14.269366117989746 -7.30419030797742 -10.83606208155982 -10.315919809066546 0.0 0.0 
-8.072836225673708 -3.674637781372728 1.353584880846383 -0.44660982748178235 -4.8873584551559155 -2.564361948855778 2.051300080468267 4.492439545700191 4.243969511548423 0.0 0.0 
-4.849243365889507 1.6463597001150392 9.545686945733607 5.438729188909291 9.306077383612493 16.182862286088184 0.7506260712237198 -1.8019895410496396 -2.820002484430999 0.0 0.0 
-1.0278424081265278 1.8310224246411302 5.860469557670876 6.365012226141571 14.66018927667255 18.647975818565673 -7.044166137549908 -1.4322445142379747 0.06169682190769937 0.0 0.0 
-8.13972528353816 -2.051260497610005 1.7444323284533367 2.4460353726090847 6.27646996323186 13.28231695059618 0.09001869203710178 -3.9380481910171534 -5.862924533537485 0.0 0.0 
-0.8492853058354135 1.3356820139519066 -2.547014844613997 -4.272259708558138 -4.808639661334782 3.320234776606946 -0.14842502284001396 -3.8627572944772526 -4.478051162675935 0.0 0.0 
-1.4453110331832182 -4.575931728297057 -6.866772755015732 -6.84635149097736 -11.735633355296244 -13.543187305318973 15.547257036965977 9.166102616727605 5.2956974845539975 0.0 0.0 
4.659739619547871 3.518904730008388 -0.3794021985041507 -1.3062855664686968 -2.640688080842698 -5.203375291194691 20.52725517761449 19.39320574544437 14.47593935142632 0.0 0.0 
-4.43106722429715 2.746466520152859 6.59684750652705 3.0849101203600173 6.594919420354307 8.516298737151264 23.820090414560788 27.58120985548561 24.60493549499277 0.0 0.0 
