-591.2386387923989 -523.6596274694948 -342.9906953598765 -120.45890358555968 -25.203032871872676 -36.39820075202931 -139.49779579861027 -227.59047782872585 -276.0853202746339 -371.52559543145026 -561.5136028191471 
22.091747984402268 16.198853081756 60.29993801247899 44.51513584472582 41.31110384590097 40.321893214119456 44.37565043016586 29.625602870358264 13.009540483303667 -0.37376929540973625 8.131423967124771 
-0.7256786136861779 -5.84374217314236 48.31370000630028 26.827854397149107 3.318079404559992 -7.102407208430456 -10.705469581434754 -6.195954796856903 -13.890535745844533 -4.1150293180582524 6.214274434276454 
-25.457501710210785 -28.98631975421408 -66.46333734755473 -91.24334507131167 -84.42912512503182 -69.05014415328745 -35.15775258717804 -13.22393096962109 -14.060211464094188 -13.36239828694206 -6.418000469509682 
-18.0516497576903 -21.243508632808414 -37.10373795353189 1.1170996105614541 21.819412762271366 27.275667971949073 16.556564245519077 -6.326684597865331 -7.963488689693532 -7.607157709835663 0.676259605435766 
3.6995644477515284 0.23551745217060932 6.824746234972643 14.00163544107803 -1.9215492295989594 -14.193759507647897 -17.582605626375603 -7.210555986979955 -3.2856046785140647 9.904968164252352 9.716212121235568 
2.01254636021611 -4.9007443983297385 -18.31392814400982 -22.834479562692252 -27.28010917628611 -26.01012108538447 -19.498398342266704 -12.894128666673659 -12.538942683949475 -12.074697056838222 -14.581786919943578 
-14.107825824326508 -10.39929302683299 -4.655096328591843 -8.139482262563547 -3.6375538335216255 -5.6256457391164405 -10.516534212803707 -12.04208536641583 -7.182853889295934 -3.953045160288766 -6.369076296762983 
-25.39003348220951 -25.870787162565154 -23.651684351823498 -19.43200293806208 -15.813832430706277 -15.902108640658664 -13.345099852081315 -12.173970181146617 -2.2210354981532334 4.836806078133547 -4.329860516185365 
-2.1546547815624666 1.780997612459982 -11.744966012914096 -4.771201739935968 -6.247417303147465 -8.116116766908535 -17.653298037285886 -11.820211240221735 -11.119989265613428 -9.049682583526979 -10.13103045607691 
-9.89184196043779 -7.034109214887685 -17.549284596386414 -12.675839245278988 -9.585535996882212 -12.020150224195223 -18.79758876285893 -9.350371016833726 -1.0504101119532547 -2.6716644324644907 -8.2855762244615 
11.516728111545326 8.128793145611613 -7.231347286200515 -9.57956210053359 -5.601702513148585 -6.180660777182593 -2.680173504274302 -1.0876616779136037 0.4932155339400349 -0.5486341779553456 -6.049390467119297 
1.9243224986528404 -6.169684466820719 -3.298268416287696 1.8417962989568029 7.6328146640853785 6.617860977702588 -2.092405206473927 -13.96142603591128 -12.741494771076894 -1.8778432036926174 7.713797746051062 
-3.152262217165986 -0.8536508766065396 0.20672461198447056 -2.7768859770741026 -3.771583937631775 -3.91528825861068 -2.1482281246431536 2.090219663999484 0.11394756126609806 1.0230391955068168 -1.143799986756763 
-3.2654240040501152 0.5762809304286761 -5.419203277822649 -6.5613937262905 -4.388850718508477 -1.2389957804267953 0.5396133655506303 3.278300563223072 5.134156824618163 -4.010221819692171 -10.541878140127507 
1.5981167196251458 -3.131968978188768 1.5854685741329124 1.679910822035508 1.5348989629897973 5.282911016224082 11.168289193567508 6.364545629009398 1.3320957868403016 0.7830425630387082 5.491425382011724 
5.417442599242916 6.844103892013149 17.555036234609098 0.8769541621532493 -7.197563712919011 -5.6592957920686136 10.592251069902048 8.617090911558634 3.0393417854629776 4.034365009271042 3.437107040520133 
1.848057887606939 3.5976191692852266 24.360156725059483 17.3858740588394 4.6514020681577595 -3.270557772624736 -4.210991157153426 0.21413822986289155 -3.0985513438663093 -6.567756618599862 -7.13710198043953 
12.203048714949325 6.545976270825882 30.891162951156907 31.916489073894052 18.906975456166226 5.1235941355459556 2.629209660958426 4.679917470869587 -1.2910512361161508 0.022702473419456942 -2.576103886425596 
0.7909727983686093 -1.212433681347633 17.108467241957932 30.58006543012448 24.974709136892095 13.02916929033002 4.4422035469158985 0.22428599307191904 -5.436312795400056 -2.6148950429546804 -7.128017612045169 
