-370.7867811718117 -357.15143022516685 -346.9656095205341 -351.0739081395366 -364.2039755258606 -178.93266248170957 71.30880198836611 164.9743171018353 181.23585897509588 157.7328557875023 116.50658666427758 
41.45939293348838 37.684661550207665 32.61019888403011 34.6589850713703 35.173233981610224 15.473551352943087 9.738186742074744 5.318754933724668 -5.519621294274161 -19.552036896897185 -17.585175095979807 
26.730208701595757 21.95211596326017 16.84541605121285 19.250526810813156 23.244796784874765 -14.928532209716124 -9.431922196135186 -0.03404885939410862 4.46556149211156 -2.170965816601761 -6.311506009007287 
-12.666173887913217 -3.2374740880674318 -0.3345456189472963 -1.0045075067490918 -1.5309589370548382 -22.579537090028015 -13.380197923684328 -7.356221955623729 -2.1281155330779717 5.006423657249587 12.897694491201868 
12.84444268248374 15.732853223328428 14.210882269998695 11.181144216848846 13.498230699235535 8.12383235665914 12.024216967881836 5.544278995057356 -0.8611388492916436 2.5198526000553967 9.086465390028199 
14.756183731213584 10.107525223567745 10.848237796522085 15.694788360506728 18.35956137309156 4.043452340209544 0.5392464584331307 -2.7083926938207443 -1.809429345778403 -4.4618554544944615 1.6433055670436247 
15.31276258420467 10.15480926736663 3.2832317865311236 -6.55062635964693 -4.43790261445669 0.15642555406785957 4.631182618818311 1.3639027140144209 0.3928799107314125 5.295577021190865 13.106206238243447 
-8.033056376253128 -3.839531982602163 -2.7905280577561458 -0.3150550120773778 3.6563304060652726 14.996110631294929 12.493710495589049 5.256685527041128 -2.6476206475974293 -11.223244955208706 -10.905654342109711 
5.71157417188811 7.0396467274720225 0.5881426890785912 -4.8208190363176175 -3.717710750446247 6.138735888513791 3.924646849921116 4.257248067372183 3.38215288876768 -0.052116175736704795 2.25176026978907 
-1.7951571279087064 -2.306598637775578 -2.3657462411760677 1.8946985287931772 5.027224991516033 -18.879971333792696 -8.935224949699823 -4.379059031653503 -1.632970492482819 -0.20948417182284684 -0.12423675211907259 
10.706333163219387 7.809255596125136 4.40921710128382 4.080058071529814 7.922099093372156 -0.1349444733002816 12.256777252376871 15.602930117723421 13.211869673936594 11.450615296280452 9.63805035779336 
11.417584370892916 12.785104227769988 11.000836536195319 4.8903432641745095 6.186101535944623 -5.012143286738119 -4.162624080910474 -5.714911759747368 -13.876203146194445 -15.408038401042266 -7.397434600731433 
-2.481493663035188 -2.246188295041848 -0.7105522136330202 -0.6787456000165598 3.2943855860336377 11.70679926642125 -3.3329407649119878 -2.2778023993556573 2.769704725176175 5.066301611137511 0.6478723464687458 
1.4656412462194675 3.446674143202546 4.3763225818553835 3.360695857732787 7.301140682291966 3.235932214139714 0.31696906092902244 -0.24058364840198648 4.880325600733602 7.856246635862896 3.4464206540180387 
15.871856793188263 16.554600791238855 17.056548147123404 14.04780517166233 12.437685512248088 8.365149532560354 6.159199280307531 1.3330319107769895 1.3400971554777223 8.6916407198542 12.288198875017912 
0.6236906692302296 1.080606900097693 0.9479885668259485 -1.409299597003661 -3.7923727046094307 -3.949357458952379 2.7017258398477653 1.1453611245500874 0.04707555957143006 -1.1019300534905287 1.2079861420017275 
5.845900077782296 8.873299801404498 7.819365949638799 3.323800852719878 0.4069326471705159 -10.171279948066813 -5.8166155068269685 -2.032655942214267 -2.5083200599250803 -3.35826777047113 -3.270109079439874 
1.9591533985224738 2.632508727976956 -2.0891366258254394 -6.485955472219818 -3.6130047106061034 -2.0174472654125846 5.340244977439962 4.1358214149739965 3.043791020462518 -2.361608701904176 -3.2967054330256103 
-11.870076539045524 -6.535056928774133 2.824038879808236 5.6900584457063985 5.256614589042655 2.5655673089034865 -2.9322000643304413 -1.3240422996727794 6.385820058199448 8.031334192366185 -0.10556961533881326 
1.3801367179936532 1.743675353918186 -3.6809929781689203 -1.9213398118059533 -1.7144616790140819 5.839672944721351 0.5846847063818394 1.0892404779186609 -3.8255039345153934 -4.901490925224916 -3.266739806882644 
