-665.6753617129294 -653.7524927487859 -595.694207873426 -385.5782785035519 -257.20218236463575 -233.90559435913823 -265.0476693708696 -300.20822791395557 -306.1332017734617 -349.81384418379474 -477.712453980422 
32.78124404482077 27.497095898963288 30.882455655854205 44.96878177249856 36.23758548110949 16.132890833459257 11.633047738458266 16.352963921649 20.77166408142527 16.4689731139174 13.954134139323308 
1.5620384926203772 7.021458631123281 22.688286875385845 16.18561553895596 -32.26144258339618 -46.41620168476732 -29.089188848113825 10.848984646395058 14.927586528071881 16.946081631875852 19.452677352313756 
-1.608610104507298 -9.475281475024811 -31.95532223437087 -89.45396659083805 -85.58014380817039 -69.36377285014315 -28.554841619983144 6.049192821384539 3.193841179116931 2.8922012418264913 5.117205591246218 
-23.163227598001626 -18.570084092044652 -39.05080880151334 -27.98120825998469 18.184035176726574 29.00742374601635 25.008895584185264 -12.031857537095002 -17.425039705454584 -18.59958962759318 -18.26455688455802 
-12.159239943779442 -23.67051177925158 -20.44534921048715 19.77085060529615 14.980080596279375 20.896129517213662 29.004880108789393 20.85001930909924 19.24864161263696 16.46663251671621 6.294941062448961 
-15.918419920562446 -13.296932324106393 -21.631514610735127 -35.68310771058705 -51.82020076930996 -53.67687787734759 -45.457414262065086 -20.788047148421875 -9.550103531549041 -8.764823626285235 -11.981132508756847 
-25.008606337426055 -23.846180264322037 -16.28773050920981 -28.868490167741033 -12.890312209623508 -1.8490302622146522 5.329654104524771 3.209225558136898 0.4346513764670238 1.7518419706919501 1.1260165432760925 
-19.937989411999105 -14.8732249033765 -15.599079966355296 4.7480869787594 14.72697821670987 12.428097738519337 19.355809190231298 8.798186466118569 -1.3174163439516955 -0.738185990602893 0.664328343156316 
-9.911809667886722 -13.009707463091743 -18.767510445633103 -15.599395948757728 -17.722631159969843 -21.012101178904075 -18.31665839006584 -8.282331803919053 -0.44658372585018724 4.659976066080581 2.7884150653447235 
-16.32902968945185 -16.091770725523276 -9.262891483789307 -25.18354502443448 -35.010194331394544 -31.91610434710849 -24.18034696542013 -9.815913076726314 -6.524977411674611 -3.7804194952544306 -3.875384203897152 
-14.888005062913109 -17.245225338661815 -14.9478541115188 -7.330969385216399 5.703195279517285 4.059973790991459 6.93228179162788 5.854925517908454 -0.4122261228136679 -2.896976731889276 -4.524024097402507 
-0.40691262707377696 -9.344190761370568 -8.768228123625018 -6.611915579993778 -6.373643193502848 -5.249499022486199 2.408104627501141 6.0895122102483 7.533430090030732 12.950980577921888 11.322073456705485 
-9.49401829354181 -2.108447281235817 5.070634138272656 -8.203862551374295 -24.508257531658927 -25.40167287778423 -22.955204329511943 -12.594754784913793 -7.6950119821373 -4.026967597971214 -7.379466456595191 
-1.3158055645733904 0.5001279602207982 4.55258202935329 -3.016651941069523 6.126118304508391 7.4855770077793 4.264847670621256 2.2681758090043758 6.99402980824086 11.057705620762732 8.912394509588127 
-2.2840147900618772 0.7134921638080247 15.277960264473736 13.664498189561694 11.896901770311473 5.962017696887392 6.054437479623029 0.5644083132167836 -3.041672236460075 -5.70505637580444 -3.643200300308565 
-5.246242667986283 2.036730929638363 15.185207103230754 15.996282247105711 7.111710600880552 1.6638828322294454 -1.5853894703277929 -7.156445341392617 -9.375176942536838 -5.045352129095537 -0.223966367776184 
2.8033365386771396 2.1963824745706253 7.099686625732603 7.558616589265459 -2.7311151406766543 -8.046021531586032 -1.1127146947189934 -0.09275643772437392 0.09425638267162317 5.2774666733750015 6.435392411196027 
14.305818866990123 14.653701582123812 5.333251876439925 2.3359363231682226 5.898066931288113 -3.7365380542779625 -4.760684279079804 -3.322777752343053 0.007372707919302779 3.1052802614900394 -0.23177744245757048 
16.953273453465144 13.211331937849446 2.1045462184731587 3.3437234214454348 -0.8136789433715378 -0.9191995255119176 -0.8519933173550351 7.284668686196925 5.484109284844374 4.781925986245403 2.3090530554600646 
