-477.0119865113829 -478.13313179920493 -481.1555189968702 -478.983555527362 -480.2747934219507 -430.5729307148579 -263.97547733267606 -199.4426452205401 -214.44488511159417 -289.60296364131256 -371.9244167852181 
81.13305908717712 73.73156442240035 72.9747527323197 80.6300678270856 80.5349186572444 37.60336752035347 -34.28697994049374 -73.21380605638115 -66.37739769982713 -15.599961635951377 18.210297843722827 
28.263966464019312 23.993033108078166 22.398189266774544 26.002516484398253 23.543937340020577 40.417514267195045 -14.86005436528437 -41.83685364817562 -34.53573175074419 -9.59123522317767 23.805022377790284 
14.466462257389434 15.250954842293462 12.859319139562462 6.614690484224167 6.1618472265165565 -21.22181226570396 -22.89514311930775 -13.242574674179567 5.938113033379535 16.09194954158009 8.884653022801118 
1.4507245878805004 -0.9347828753344701 -0.7157935523697859 -1.890409921642266 -5.209205653463113 7.0119983943263104 39.0637185768708 36.911012598692736 37.5339490056077 28.407638541140418 1.935932628337734 
-13.103645065637068 -8.987659169367884 -2.84593074360901 -4.968362192812669 -6.957891201872995 5.989909996715378 -6.5773506678039535 -10.903231064319783 -8.920960677645965 -5.656207399838896 -3.0692635937690156 
-16.433223778322784 -13.944799233387698 -5.188476556905158 2.3470872279559627 -0.8894845716926976 -13.143723837579117 -32.948043252701055 -42.17117725953884 -41.49488809012118 -29.484729828942598 -7.5725331647009115 
-12.899321327775013 -11.678373775425086 -10.363738338643456 -3.9852620738837525 -3.721424856276796 -2.95793985857953 1.0494370702139093 2.0636526740259944 5.445617488345831 7.739201628501887 -3.215803491837879 
-13.84869846277491 -8.466922453661097 -5.765910097661053 -6.314623940907547 -6.418209486287203 -17.3017433908911 -10.096286277061765 -5.976953910837556 -2.421362862926422 -4.176392658430011 -10.679033749792548 
-11.895890462953954 -9.505786733211956 -5.518308825923597 -3.673815003212665 -4.291943399733581 3.5295691271317535 7.727756970704357 4.0129071246384855 -3.3265751737176226 -10.201204192385152 12.44588965138476 
-5.486310866373037 -5.364081524907548 -2.048490695069603 -6.204937764877741 -8.73543834057202 -6.637896801433282 -13.181279035543339 -5.498793285350258 0.874358106846484 3.1439303485688157 -3.8389129707225393 
2.014444200323397 -1.406010283932585 -2.134805895412081 -7.935400728370165 -6.6187057905151905 -10.845331591702562 -24.91419513516069 -23.454493828295135 -19.31122875354608 -11.426215583718799 -3.050052261854688 
-3.830065796373114 -4.16008461792681 -5.432607795981204 -5.046305303407084 -6.137586575284986 -11.22837387389809 -5.186508735811687 -1.7935469307164738 4.648931458604654 8.959460224901786 -7.449114184256377 
-5.431928432489956 -5.108368343882119 -8.556147801437755 -7.142201159390069 -5.517196071077576 -1.451876751855934 -1.024575734110445 -6.076852875819483 -11.726909475438905 -14.541492938413679 -13.096396295821325 
-10.952103529858128 -7.302002118381185 -8.796318426604888 -7.981314219052438 -3.037502684287169 9.916509291265962 22.75789374587669 22.90742871126225 11.358154170561164 0.0009445157235593582 -8.561859526155178 
-7.682885807102242 -6.826174824762013 1.0165694035299158 1.9711403705464472 -2.7909445238297796 12.57177206893869 14.730005912261335 17.36105314884394 6.7562332051687335 -0.6031516421464509 -1.8900786832340284 
1.054909401902007 -0.8882935710979173 5.028787667918396 5.345559944501526 2.5653432481434626 0.3113623641503569 4.425053064617684 6.673262449426513 -2.825704271337278 -9.949491694054888 -4.780779136510121 
1.5417745432287424 6.125172123311293 5.86939156448736 0.63280699109845 0.8991254414817864 -6.341780880914682 -8.963995871926128 1.833911007431818 4.467101659849275 2.504445359305133 -3.1115162606757623 
-8.569227306810543 -1.6489994141589808 -2.2867622963875696 -4.023994595513465 -1.9771659576785199 -11.75306253514611 -25.244459244102153 -22.07499709711741 -19.630597874248352 -10.276036800329635 -6.958230509260336 
4.900638375784602 1.134879142887798 -5.8896539723252594 -1.7001698333900659 -1.7688709456861083 -3.5940991089590764 -1.3468497376964472 -0.24441306463774293 -4.082356888909878 -7.284585667863965 -10.833205372242308 
