-485.3300761333062 -478.20601641839386 -476.8595237924136 -479.91021642769937 -488.0786767562796 -434.98214869341996 -270.33124882541637 -203.43280006938767 -216.7281167042573 -302.51614584960316 -397.0352021352752 
66.1989932646793 70.66955376370194 77.48620071820355 73.35707458081077 62.070649923491615 39.14886955339303 -28.55509072082659 -65.42730622726484 -56.20680163893881 -9.629720252278364 25.733452974907323 
23.921787619119108 21.808233159531447 29.840041454871432 29.671893712051983 16.883761786172265 21.66165085802143 -3.7101940837519702 -31.19135393042529 -30.77848064490574 -12.426747013154579 21.744400235788973 
6.0203741833069095 9.391771287905343 11.456410479457308 11.862493389944298 10.961591314660865 -16.078752330235126 -15.263628378817739 -1.3773181259029066 12.366902311650401 19.88262830672052 7.368655872160083 
0.9565619287001437 -3.9903211325929826 -4.498188258078299 -0.5086962619873195 -1.2756185631608754 11.045441878848074 36.26379929789354 30.125093172306897 26.603891778007778 27.576964724391587 16.526713440433127 
-2.173064459168647 -2.8545027832241052 -4.212312951875979 -6.896666642166064 -10.933219414782712 -1.2293402455113247 -4.163000415674177 -9.831540541944712 -9.59069738938004 -7.842159295842496 -11.431619980646111 
-12.534891364034578 -10.572998217522475 -9.362206975043232 -16.109908649465147 -10.894003790374697 -10.083057241132336 -36.036678179876205 -46.58873939047686 -45.26705896620384 -37.10298271851835 -17.34320883749772 
-17.582703371234196 -14.250894058786898 -9.620819930972102 -5.762286625882158 -7.581789374930258 -13.899407397167177 -1.184938433988727 0.9989235158401817 5.077815510096739 -0.2480526297294099 -6.734619935293067 
-15.669102380001753 -10.421426693792718 -10.026774230286154 -7.493264615446421 -11.408009821424615 -19.438055982475618 -17.42951147963724 -5.928612218612461 1.0469471535705315 -3.073223018580973 -21.434765013562412 
-3.342946130853245 -0.4793598925231536 -3.371943532875462 -5.972342583128295 -5.18419535687436 -0.4755493380269038 1.3283450445373057 -2.733587373322142 -8.79898808059534 -9.768208643612748 1.592575918133916 
-1.9302505088549513 0.34645566206388423 -4.753553195286969 -9.163347701202188 -7.428693569153907 4.194768677760896 -7.446392125762809 -10.137195377183701 -8.861645970151592 -5.60646045772647 -5.929621228081857 
-7.3759317610624935 -0.9680662994603652 2.415070864398441 -1.0579186913958794 -5.302604046064201 -4.375050446584975 -11.230712516921809 -17.06577930774705 -16.257130607647646 -16.193970405541123 -10.001887862196808 
-7.275300710103293 -6.923297461947891 -1.9410534864958748 0.7723145159332316 -5.221712683807732 -5.823925061725163 2.691783334478881 8.238318485481802 17.75071136821924 15.423479999829283 1.4885666829212163 
-3.2284227028566717 -5.072160834123062 -6.313052828068283 -6.789732426451286 -6.978834931068942 -5.950986797381335 -24.493927150265076 -26.125051037574913 -23.016308301547816 -17.34196612169574 0.7416365157498279 
-7.697050613050096 -1.1995661531309587 3.2428550556331692 -0.7541447569217294 -0.14147615584833928 -8.149787411506932 0.4359599412924516 0.24824960118337658 -3.978048344694922 -8.070862207549965 -4.550844404032444 
-1.9164844111727044 -2.979621559445083 -0.4882267363091848 -1.545451142758521 -3.4845667995911427 9.169519406707561 18.19499035407896 20.170800617173988 12.841416204585371 6.424532278733919 2.7635660854157784 
-0.01972339297416026 -3.033103464568747 -7.252971918339037 -3.622346496514109 -2.925560470186377 1.3159626463976353 6.516577596382964 4.7446207985439415 -0.707407425822629 -9.26235208632448 -5.8272614583482945 
-1.3734476361153676 0.3862894726834556 -1.5148933177656168 -2.0717988818066333 -2.5592144474433334 -3.3933930870043856 -1.7308634747854168 2.695161816642069 8.702029344485501 8.31013749710819 -3.025873375511359 
-5.173085215870975 -2.5796997873371623 -2.05510309104436 -0.7567700524699408 -4.4711555327176065 -11.585335943862624 -20.1425442300108 -17.503699465102795 -11.694701002727466 -9.177630587711189 -7.848615777263146 
-0.10576271300808635 -2.9703730816923977 1.7973873232956517 -0.05748038188856475 -2.547706180569555 -4.523862687984163 -0.023701393470352744 -1.3150056618940065 -0.37970234360575683 0.9270974798713135 -5.339086071552124 
