-512.5598789585766 -514.6759444147635 -528.31236610895 -349.23270284479923 -112.00789847294473 -34.60083932443203 -32.09616961671331 -79.4306128734276 -181.1752585192367 -272.711055704114 -424.79760758077276 
37.87232474206807 43.27729160138668 38.264267744822135 129.1271637789918 62.20176945148171 20.07534561085277 -10.50002346955009 -21.161660916588637 -39.264817904641376 -14.655275294393 7.5560511020460766 
-13.053174100926828 -16.619628100921567 -11.279629030458239 6.742993784572013 -5.051648832777628 -25.035675215849388 -31.028287851527182 -13.113755924688835 9.72762049806325 10.970795645696906 8.018415141640917 
4.18418656358036 -1.2632165854408024 -6.1748559453024665 -55.36872837541078 -59.09981320451189 -41.606005490505645 -18.952234866262582 6.373583826811885 25.453783695918773 15.410107080007077 3.1239148806234684 
9.981728187714683 6.233012281323889 3.56703265578503 -17.215093395170186 16.44035563486213 25.83915623602841 18.039595456609877 3.468648114362911 -0.45479134877296834 10.938118427290114 8.484760833477413 
-8.147144882063367 -6.797434536266005 -6.912777901317465 -14.802691542806453 -6.415576221370795 -14.688713897085815 -14.98764668185552 -12.215026838027978 -16.65249283792552 -21.670459120972318 -11.990720941831345 
8.181714750097669 6.27913654250043 -7.4236485087306825 -0.2726292864623227 -12.418973097346608 -13.593657250756632 -13.019050808431826 -8.051560622099085 -1.4306167339600973 -6.800161368016195 -7.217519481680904 
14.132225240747701 12.736651952900106 1.183709536055507 -6.465883920853375 -2.2078190708989602 2.8450396946675665 -2.8747075007749965 -4.452671726965669 2.5204071585460137 6.0888950333038 13.597091929971562 
-18.193231146047797 -15.461994832183372 1.508601635093652 -12.099199473396965 -15.452729744097168 -19.970851857766522 -13.686149008908572 -4.919433813510521 -2.130180466220897 -14.931505224163486 -7.053939564120199 
-25.166172859299238 -24.88846252424021 -14.070959510690166 -14.711377816641598 -1.1530330489254987 5.099045527485069 2.1156751812194914 -2.4938825820028634 4.894505858268026 7.975084200400755 11.432527351791329 
6.987303377830925 5.913442456004498 -6.86853969244579 -2.403292979491683 -8.505826720931264 -12.377046530531912 -16.704045217364783 -16.29178101544783 -9.008095774413569 -8.214091437480652 -14.074706569946557 
14.087333804812362 5.975495806119104 -4.421578641945751 5.934618377050301 4.465843761826199 3.286091898840585 0.24842623454978963 2.5794790839510062 9.215120338762143 8.673365339907456 -0.3259291560727778 
-6.067650566174446 -11.236166830089111 -10.726166751536251 -14.459742513073046 -5.338227687185535 -0.11532024388512396 -8.652068906911659 -15.582349335558483 -14.250057312767847 -1.5971652827854115 4.357148826799294 
-6.777341761025149 -9.238228421030705 -11.574359829801757 0.5826144804338983 -6.402598398782486 -14.385504840384009 -18.120488300814195 -15.252564873756224 3.0214263348086092 12.420615715431808 8.656181085153055 
11.664456736396986 7.436062367900185 1.5513970164673232 -3.930514954488456 -19.97338258515333 -19.609606825535757 -11.269194193967287 -7.564997040729642 -1.1231210152308515 -6.774757475664988 -7.7293055256239604 
-12.840520498646443 -7.971296250436725 -5.2268043884429645 11.187844128327445 -1.6885241491886462 -9.344264222756703 -8.98665999979859 1.53545382919564 5.950647355594722 6.838543994041779 3.7319010925273344 
2.2631274926138456 0.2915831383085535 -2.6699579499451076 11.902103872215676 18.905218267672296 23.52554120537401 27.047906123351687 19.446943311228054 4.468624110991041 -7.147528094176052 -5.665561487703998 
19.167870227061716 16.665064069323655 9.810807503555758 28.63171274015431 27.901058158696788 26.003494321252912 19.664018344912584 12.597821961293008 3.9369571863156696 3.707808328613603 -1.3880357806639871 
3.7781296482897 4.638697803963552 -1.1197755739772541 23.23268353464775 34.402401504272305 31.618327819624433 26.34883909278382 20.339649772066988 7.883137566431251 1.193554213478544 -5.2151848989531455 
-1.9263693948354077 -6.56878145779239 -7.0104292305881275 17.806518426600583 -1.3118935076292821 -1.5293673490987088 3.1846718657906594 9.316076140307342 0.2983738169206581 -3.650920621206869 -5.375911995261049 
