-496.4312132131988 -497.1969562921245 -501.16774436402716 -500.7959808491186 -437.1688981876621 -239.2515740618298 -152.4461774880258 -172.6045849032313 -295.4153767605702 -391.7407007521967 -410.07563971846747 
83.93394839177438 83.13748196468448 82.29326899372026 82.45273554439324 118.56824783497873 74.75262004090851 58.86288606539614 61.09256669232979 84.08367370611401 88.00179615743535 98.3449074996429 
14.245354533767784 10.239534970009803 10.02848107666114 12.829441490240267 21.259399745873683 -19.055506395040695 -27.67934767144878 -22.982242784753097 -8.026668436553475 31.697676268281562 34.13015829685498 
26.62025864874976 26.128239956974262 24.211419837040783 22.791268299869778 -5.845192897266891 -21.14905313777736 -10.694328143639554 2.3749081279045323 25.020433071624012 34.75963136656013 37.44275735692497 
3.2006386297843026 2.7109866824963476 4.331652220628179 5.270994635800856 -0.8677237628506028 31.950607200382905 30.306259810020237 29.03552883611262 31.837678017566493 28.968044275803067 32.44662748922387 
1.8771554819597291 -0.7060849526942354 -1.7694176366128853 0.9047210792587332 5.362962614169148 24.37249738111946 16.424072349428208 9.305492168851046 12.98701912865239 24.06834615517559 23.422660122571394 
5.696685894529757 6.394652030159193 2.6054049305364515 6.0986629195279125 13.674129165178387 -21.537556897211477 -33.831847128097266 -36.240866725189136 -17.278090304155228 10.395274665789154 14.412640405031372 
6.879429705638286 8.990803661426357 7.968371253682955 9.123247722612994 11.156534671171979 13.454768156292221 10.420557859389849 12.128150175371108 19.760183897485817 20.453648235454153 18.944674806117707 
3.399886074382869 5.242663916552019 2.0962407916036483 1.0607815355871144 -3.2752102100269713 2.213468733464812 0.731024564128687 4.90838698219145 9.566432837723156 2.020881060268249 1.4740146565795191 
7.54583373308398 6.300475164698478 2.125026322468291 4.917988593888732 9.723707151322518 9.474505793638459 -2.5221187699528187 -6.807010987467843 -5.739221753214478 9.964495506525946 6.7280444137105295 
10.98389687906839 7.327166031563977 2.2448713188805582 4.239153293245259 4.882619095840986 -4.296228097313632 -2.6455838856976275 1.125440780601282 4.6130514135268355 -0.7903204687755848 -2.6502068553749485 
5.961848947909392 4.554411185754346 3.9473361178705937 3.1412681695023346 3.146482684029745 -5.0016479677564085 -4.988173451120105 -2.736629075399425 1.0210677858863364 -0.25026180552233945 -2.5268999910117573 
14.791363313015932 12.919446917837513 10.027479144165298 9.317271226507149 1.476808308464379 5.3080027433849 9.977005876110589 11.95595256190613 11.629207522080257 1.2004517324299235 5.8435278233984524 
8.267130399357354 8.865666620027703 8.455368343790356 9.312923331611211 4.971902917356282 -14.704467375198899 -14.750089415718028 -14.713937452543304 -8.93768481719614 -0.7853496664672885 5.860042764801177 
4.513227388402353 6.415027140357708 9.13190366802397 10.137408227309226 3.8460109462559524 0.37099124278701695 1.7456735217575097 0.9270996752056583 2.507116589699104 5.5066671435078005 1.3617905001594752 
10.350221237643806 9.242386091804324 10.26439731052357 13.266370762740863 7.0469655162075 -6.188284104824 -1.3218187332502396 1.6346401393762207 3.6928367269606825 -4.317068798188268 -3.444914355401685 
12.891669820325117 10.142425770726696 9.115961773321498 12.54503534079752 5.794782166958216 -1.2406483732340488 -2.043049693489323 -0.37976669012605047 0.38565098562090805 1.9688633941826732 1.7852341728878351 
3.4562947547685496 4.215951208505849 2.793565728930216 0.17259530937092593 -7.818080494447386 -15.878565501490902 -13.115992507312672 -4.226124176284268 -1.353810088535928 -7.417115974474191 -7.967648569168337 
1.7043785152833526 2.8093378545310768 -0.2914974228812281 0.9889565098545954 2.9921352352828716 -10.525423041449159 -15.379642098757545 -10.641121620792322 -5.716620669124611 -0.7913068373827858 -0.8149652122252762 
0.19147311188684568 2.2852949557553046 5.0702996441265515 8.961082681259454 15.121960243204622 11.592883966183578 1.7478484523707274 -1.5882261332370955 -3.887597027903186 -1.150698146561191 -2.0677219994956895 
