-662.5411814495106 -660.3204718706736 -655.8855372004213 -359.3167933466685 -145.96171262326698 -46.55490290274532 -37.50635945962614 -78.5141375248504 -118.03866008697398 -137.58263629306975 -204.4704635161457 
7.1407629732316105 3.8614907323965184 5.228904923313306 31.73794789949132 -21.686459176802842 -49.72792913183323 -53.22271316644152 -19.39211026634414 41.49618852810546 62.74556721811662 62.70884445868655 
0.9647851087586571 -2.64958425203835 -4.044834058814625 26.449739256031258 -4.857456890013289 -47.16974415346024 -57.33890222098902 -51.68528780647769 -103.9478365227917 -115.85951788734855 -114.91713667413458 
-2.3256317314687447 0.8607429647473239 3.7861344694037817 -125.93732363247344 -106.60204972501509 -90.8054534429667 -78.08761540256144 -40.33760679001077 -2.7940208511707243 13.870285965507783 18.37105619014332 
-4.7368592870171415 -3.261083813912169 0.0696429381311382 -39.06911711530073 -7.822478040777698 15.387397543357924 16.459090570049277 20.853354761187187 9.382987650232053 -0.523966702115626 -8.687043379027777 
-2.561087589148766 -3.8233416191544727 -6.713169997604741 20.18369125095199 4.850633699686205 -7.221594047324011 -12.268298783448664 -14.090475290026092 4.371750930582621 18.695919297355136 23.640531176087137 
-7.294241687143824 -5.228238667688592 -10.11380345112307 -17.00995434258067 -19.556112126904857 -27.59087426093862 -28.664206278315252 -15.954974741308629 4.6258270573564975 -3.080545461139649 -5.60337096931087 
-6.980759379844254 -7.115124225942795 -8.553127108863801 -14.09176916100306 -19.92831513784592 -23.134730779022554 -20.40807655372364 -2.5304534672701973 10.266162126148037 15.8922872789025 14.680059426499835 
-1.9076276451344056 -0.6276239488521549 -0.539426278630626 -6.049960659634056 -4.933093335815764 -5.797941957559731 -6.151831378002262 -3.29389252729384 -2.5587175487177367 -6.314423781619327 -12.763462296270514 
0.9236378494883061 1.1321738856276815 2.2629204433759655 -7.016838890013128 1.9423940958940786 4.9027937082385336 -1.173265894336479 1.940574046412364 6.172697222074987 12.243447287155366 8.766880669199963 
-2.9617037566690727 -2.830124209580945 -1.0481644635612741 21.16032716474958 26.105988206482223 13.821337511245513 -4.079315287856461 -7.929652282292125 -6.826861307290668 -15.57526515035319 -14.11975132981494 
-0.2310219260603436 -1.1501958684791793 -2.3086631875272077 5.567950814467977 18.748605978050836 21.542785962664922 8.463196741953606 -7.4311282666268745 -1.2421411962713882 9.593643938231217 14.180095184951995 
1.6472471167499367 3.795970461652115 3.2153848974256407 24.76001010046442 24.70401084335218 28.0937648316844 21.0792859662528 6.625938377436162 4.150880273681183 -1.5206762489292103 -0.6823620185442433 
4.469143812017656 4.190726821434664 4.045482539728703 -9.550081708027776 -8.255281556305789 6.048203880950233 11.566147092927986 1.5035602039165323 -5.658498585500092 1.821700151952254 5.699752734999436 
6.72958378748062 2.6233852993562414 -2.1802705099879836 -8.608483900565043 -14.986361207062146 -4.483961991003698 6.605599798308615 6.891074152632045 2.587364878347805 -1.3877815571272918 0.465056696659939 
-0.5911455338353209 -2.3863978044126712 -1.7866938283380485 1.9468718165179686 -0.3235372504099687 4.824566648559202 12.355534690181253 8.08352325673291 -3.801303447819013 -3.6821955812692564 1.3553151114737303 
2.255062411905043 3.128060947414392 2.1036219438442068 -0.820694816499927 7.683688712666699 7.050556459435493 12.535756387649624 11.267917176318663 -0.33362281041028496 -5.580965933666776 -1.3068301392778827 
3.179760266047084 0.6278591190207514 -2.6977246798406638 -0.3382978891459578 2.240096338038564 -6.119580656444299 -7.609720978930173 -3.5953093022829155 -2.586649131378231 2.734770506862392 4.82488220898083 
-1.0843108150851446 -0.5135273150198236 1.6860733538292516 -16.601926863275267 -23.656667174377727 -16.11645475356365 -12.23308497522101 -5.708991390374592 0.6515274424104294 1.5949806871973453 0.717694795866521 
-1.7710479327585091 0.06284528647302623 1.8207478530750612 2.3153100154034973 -8.271650135715944 -8.670289681867988 -15.439519275383848 -18.249151828234133 -9.876442478922666 1.6463869541263714 6.382956303608576 
