-226.89117199373672 -111.1306755617201 -70.1521016755602 -111.8878574379624 -228.896546892084 -363.7047204634169 -453.7889882640628 -569.3191024833982 -624.0054666017614 -556.1601249854151 -522.5713197502254 
-15.36159480482133 -76.6981959521444 -98.43240004787395 -88.28181207693743 -32.89142450036013 17.411693888783105 9.578679534161385 0.599229526810503 69.64860387473504 116.3729065107081 112.8677939152559 
-37.5084466665037 -42.403548183103986 -41.74541528611934 -28.181491592434348 -17.303154140624827 -10.786170911511935 -14.655545675724351 -32.32191017095562 13.733665860727537 63.59597388148522 67.48392354009957 
-49.08841092952127 3.541588476299318 29.55988484636123 31.05966061460565 13.385409591205526 11.032336290010285 16.32000485297002 -8.460158539303764 1.1105120783114497 41.085440807516406 41.389356446280814 
6.654485344682739 6.105104378114817 7.7088815125880545 -10.146590827492492 -16.577400184689836 -12.103576348768925 -5.512307949083095 -21.796448347571374 -1.4646095162468187 -3.4783977162214854 -4.2583726909487165 
-30.949297502841304 -24.973933194261956 -22.472696541978536 -30.92674894681466 -25.252651059374685 3.081011766174824 8.007486691394709 -1.389235827974358 0.3794448706346655 -0.6659881980015522 -5.317002661264711 
3.09240077622198 5.403957992073204 7.375111960503835 2.4527886205619747 -5.85916265000599 -6.945336852854318 3.6406610468010845 3.753955731601732 -16.264316829061688 -41.61813983573654 -41.52127716533401 
-28.912801950788655 -22.143094464424774 -13.937989955177876 -3.907816623833851 -1.2167387489410255 3.301100839902499 1.6699698281977287 -5.007670089521701 -44.67055497699081 -41.49737995039794 -33.25354024462563 
-21.94840230879776 -30.09525505882999 -34.503781690507864 -28.85176507969186 -23.566936762540543 -5.662006632433977 -5.425070651756311 -13.229151428597923 -41.651553131566516 -25.800824148806626 -19.37978263610777 
8.608531890558332 11.263135108197869 4.290366329202436 7.76132338880482 10.1226974942368 -1.921087677186963 5.176966299910119 10.701629884385913 -14.403831158760173 -28.938377190658077 -29.391774465374226 
9.998721645120785 4.753325551487841 -9.183944187046695 -17.429001340956294 -9.762691176062923 1.0236434002321457 8.744888648388606 12.717581132291599 -6.830368063313968 -12.74977333476328 -15.183112748500996 
34.32499591042625 36.51383977989251 30.660591811467956 17.273831724575555 10.806247559811707 2.835540944775152 1.9793880980573693 4.3752030730393106 -12.282172446945452 -0.7173255427272713 -1.6234451647729535 
16.742622300778645 17.04552814939328 24.16850753868451 23.088067111786174 13.97133870016065 -0.9551399762853434 -2.940203858681257 -0.2501322625277491 -15.11863322025929 -10.420948558636784 -7.288997004314865 
-14.955535506137878 -6.6780975272687035 11.659984320112084 28.590328146485746 20.181678918302264 2.2294602043135994 3.6438329621117354 0.17972047711578049 -11.079324016303334 -1.3433367979024435 0.7329472992592259 
-27.17244370239746 -30.281111243867727 -23.659661249613166 -5.386630016888904 7.304488374825743 -2.29919907611144 -6.098762328745998 -3.9579546239110472 -3.6058308638338517 -4.972101913325546 -3.1756173857804346 
-6.498413915650513 -13.676173491561912 -24.317995522655075 -27.30160673211141 -13.583618790137706 -0.07264388536907185 -0.5889991825035652 7.419294146560829 2.3450732564691887 -2.7163574698049944 -1.8837367860428809 
13.7532474571304 14.29057213704408 6.74658508536317 -7.272958370488145 -7.0848933720575715 2.8790304868331917 2.860176163366823 5.948614246413732 1.8543613685856744 5.868466538001437 4.85484763829923 
-0.7303636421310176 4.109105986152508 11.635694709207844 10.473233339251447 -0.4354067957228269 -1.6632449565844927 -4.12397745412365 -5.41862409920249 -1.3073484835873024 -6.877765338423536 -0.6716442163884988 
-39.55426607931679 -25.699933195786038 -10.12333775667119 11.44689542719763 11.55103833698212 5.436393516688748 10.057092536569403 7.891284176689469 6.98915937775401 13.778199430935064 15.79256386220563 
-6.738710418010372 -14.461404100185996 -21.708832118426077 -16.387264523742996 -2.821459026791807 4.555048931073859 3.135300607950156 8.183222212023637 5.8454564756236955 8.356439786289396 9.218998519696862 
