-679.433235300446 -662.5414366336563 -669.1296858845383 -527.0159698298417 -325.5411927745879 -207.24433314670782 -176.04866854787667 -194.90550874485564 -256.5992968729948 -279.78765507138456 -346.9774344355491 
74.12050424886104 79.6918272802674 78.16647646412885 117.06528445057216 84.82595447350648 25.289798279122344 -17.35012868964909 3.1856757577364503 38.59579504511039 32.63439676382859 16.791941716827047 
19.75691473260815 13.647506978565934 1.3812691500013508 34.3629181111813 22.95268942204477 -17.10753127799155 -41.83159682309598 -27.52823941635188 -2.4001889405799637 4.5575616793975655 -1.4247669435628134 
9.399723906138368 0.9025441774265949 -8.828495926034599 -97.47477475403451 -111.53165199410239 -93.43229565016239 -69.66533417445669 -35.302769193312514 -2.4900687344731747 4.197838482991999 -1.1356779164893531 
-15.289707744643536 -15.780166687733164 -16.268712200633047 -17.832621599130814 -13.342041208464689 2.2519221114736316 14.408674552331007 26.66039786333085 12.096178087908239 1.8878931765204352 -4.280130227246468 
-28.492963005717648 -28.800956008894428 -25.355484806684146 -40.31536716467564 -35.31044656709676 -33.73970975684328 -25.684342662969996 -15.391754013133662 -7.747619884384315 -0.950513022572922 5.1040492354529094 
-17.967628256346323 -19.3169373786033 -20.080618192414462 -7.536306984089918 -12.997677349666759 -29.7486196187537 -34.20266786781322 -26.707425476805135 -12.262583888425784 -5.190188863246647 -7.792671202261706 
-20.809987386536783 -21.600642272373953 -14.2747001572194 -11.841375627115962 -17.210925639827707 -15.112108050315456 -8.864325633918709 7.29260254847808 9.406068450865874 0.8846650146832029 -0.9780973607984956 
-9.702688723392178 -7.082497553099325 -10.661779457788176 -13.165939394015416 -14.014383981222036 -10.7369575086127 -8.204391751405918 3.2823123979425572 9.624644375273185 8.575981952886732 4.315116498916526 
-8.995764167000306 -4.570461472221376 -4.757500844240975 3.168334676276883 5.8546630306757095 -0.09510765824086298 -4.793213568527721 -1.6375023637553838 1.928943816576239 2.0084654453409096 -1.5553896549112607 
5.033580729714023 3.1452711340222788 -0.051175675628884365 -19.114843699319188 -15.66857892086444 -17.297355307344596 -15.071594111156847 -12.274280248678082 -3.9721716174632022 3.1975960164543618 -0.8203465140482255 
-9.617769596884935 -5.92887628483202 -1.8760682060067504 -7.991450405625903 -12.491264990307624 -12.551173079055925 -10.72191278472 -7.0739615309297825 -5.126718108351943 -4.028609866977483 -7.565924692639401 
2.443818531231919 0.5851763158342903 -0.6915848404182973 -13.77570323770007 -16.396267423277436 -8.2087105722284 -1.7948998348546983 5.524225885855937 5.507234927507631 -0.10730269042325831 3.466490494715969 
5.468594172626526 2.5006788053944997 1.102529661489717 5.0487297701303735 3.0954678077547575 -5.145039512830307 -9.059273258491654 -9.262680806510904 -4.969308543255583 -2.1137125342776097 5.031042436517391 
7.255894450050903 8.610916492044538 9.098218390716024 -9.100722880575058 -6.968914460435297 -3.856415042290667 -2.8889070950904214 -3.2598447456662862 -2.065418445907512 -3.45557907857763 -0.9111731599881396 
-3.754504016253498 -5.0359706140495994 -3.0038907566237087 -3.7987081438178545 -6.630674594664793 -12.687323077786317 -12.80187245738343 -14.363963977355905 -9.813659117977931 -1.8336443374909737 1.5132105355835943 
-12.06320940752131 -10.417456741039139 -6.446336049524037 -5.034492881483478 -5.5604149521049395 -3.511545140647894 -0.7443866597509674 -1.2199866995359643 1.3129719200058236 3.9498521181660937 8.072273986814839 
-5.167067669355067 -8.51279621670647 -5.403853926869723 3.179161491196303 -0.1832744084260194 -10.114093648288794 -11.049294628428257 -8.06369037151504 -3.4635339600099257 0.6121080709717146 -1.0563320921389172 
-1.4664388921578166 -4.511354509647578 -6.581958451618729 5.66039537951464 1.21451314524357 0.8365720755624207 -5.154976150812773 -3.723857831068334 -1.7728784062211538 4.500117023719869 3.2933400788403455 
-7.689792614116745 -5.011730877194047 -4.853293108487528 2.1809070099668295 -2.0821763990787776 -4.762414525006873 -12.476163215732322 -4.484731730443391 0.4462784384895585 0.8750789107149353 -1.0079492746767231 
