-360.93426047275403 -242.5976457088379 -120.74425785306961 -79.8436406599995 -97.36956124459324 -140.8812703822931 -184.36785202583914 -252.8527601646423 -338.6503967563065 -376.7091839049928 -393.2329676568296 
72.30113811923812 96.5700448304386 55.2695208672522 42.22253878513892 51.0877404380124 47.79519775615702 24.02966698090705 17.22372734630082 63.034948108510406 87.70530253614922 91.36097632085324 
46.80769148103047 7.901638569760542 -14.466538332143106 -30.750762037093203 -23.330678149100137 -14.093487976619695 -11.958620831716601 -17.882572526240196 2.8754514134115894 17.596213942979823 17.101102318866253 
39.132612280206786 -35.279287133814 -49.79170459550113 -49.822732706862276 -24.32407668069645 15.532069169115857 27.862889199186753 29.388966478972172 31.398714356721552 33.30373601274023 30.718901807516385 
1.073328298890284 24.235344008957362 27.413649239750818 27.108056880373617 19.12971000231017 -9.363814778322407 -11.90895882520552 -5.451584990443122 -1.3544611232438155 -4.149445385386939 0.5584777721116989 
-8.210810757741696 11.833256459932574 -0.8415757821343622 -9.924615828486765 -14.255599064511436 -5.356855612649858 -3.612207264169973 -0.3548333200363737 -1.0730565556676936 -12.789877090735644 -11.969792920003982 
-13.396845954391168 4.135161563292837 -0.42421263913206086 -9.77142187714572 -20.13495324591024 -26.23247938477655 -18.21240571278735 -16.472942068332586 -11.113592545513466 4.1264633696623125 -1.00456505064444 
-5.8591105281567115 -26.727924950980903 -24.820216946690365 -22.556189876650713 -20.542531483537857 -11.276275726321462 2.1214889449511314 3.9549579430158346 3.880742749150823 3.2537833153160074 0.07241104932174947 
-10.14675567931512 -17.176458252172687 -15.1669428172011 -15.615489453744257 -4.810655641170337 -7.018594047151282 -8.941051969943732 -9.407171312187955 -6.047696429956458 -12.41082958907458 -17.72183197193914 
-8.884824117592302 -23.547734537672987 -18.180920028279825 -14.432606059144312 -1.8006478130774972 4.152495912739836 2.3045481695210706 -7.5375188210592565 -8.483906836484238 -2.902928092297208 -6.5643888596278295 
-14.700136673583211 -10.482703337620048 -10.689859284308715 -15.890385672920283 -16.192501703479447 -3.6573401936651146 -0.7468707791816868 -9.65668978614557 -10.483397323955407 -10.298725378811167 -4.315851709214742 
-0.2799313572394977 10.292138263719258 8.996908842977902 0.1376304405492897 -11.97693288391259 -6.354862499924798 3.3525946864781684 -0.9834370350736445 -0.4281716573634081 -8.24485208338357 -6.379237540141316 
-10.2525298024874 7.377490064601678 14.445609087684062 16.02474268062148 7.0970552014973105 -1.6806931933339664 -2.317117042545041 -3.774408535690448 -4.31662156530999 -0.5181648531040205 -5.333772649996645 
4.49681021857819 17.87134833200116 27.210457273325197 35.16176716627827 32.06529931946425 22.19081977965816 9.493501277659004 -0.09230236255807212 -10.655894673987875 -12.639740805729325 -4.038335551265578 
-6.130488834510727 -14.508190505202755 -10.428710363686674 9.17611243569173 29.21843488178287 25.82650764387678 4.570696950373902 -5.131800234196152 -5.757046261550283 -6.275678137332428 -5.726606417115017 
0.04738243126041497 -23.298074243056895 -22.372932468581382 -14.004956253390795 0.5346273950590047 3.9464065547444793 1.941675835993811 -2.8194444324021593 -5.743176725651356 -11.280809171510118 -8.941348626928999 
-1.143615249541658 -17.054248015883275 -25.201590100337736 -29.004359873027564 -24.95975892442664 -12.581655567580222 0.7037452590365194 3.032011454123651 -1.15559335461642 -2.795469590878895 3.596188621337725 
3.325518578271842 12.149022210727562 4.099236969777135 -5.361358539750059 -17.096987113028657 -7.063428312847595 2.162357197200939 0.2927226197590014 1.9451347024678678 3.871014459636781 3.245317739340254 
-14.465641976252641 3.4848382204534567 15.326511721783394 22.938472272701134 18.164913715700564 4.69917488982132 -0.03998405177233788 3.0912132224795243 -0.7590875835479542 -6.766550717201779 -5.002135544094143 
-4.934787672988481 -17.074879912599233 -18.197644298792937 -7.7462487109229095 -0.37245799423226045 -2.9033194849855652 -1.0234146491946614 5.42995780162102 -1.5123263344521967 -6.549878977497054 -8.044568757073385 
