-323.79916980593026 -184.0969705774147 -131.98303405989736 -148.0849974303178 -210.12903723836604 -314.1544881475792 -465.81641070515343 -524.3025706559712 -501.6296606216862 -497.4447577483911 -533.0925467798622 
105.53306667694397 71.91859462289595 61.480672903238 46.372189487820094 34.76619161672782 33.444519976138864 39.6487879432468 42.490478917713695 47.15738596578993 48.73590884875992 49.887639879093825 
-15.90833759579421 -32.152506040871266 -28.837433286416033 -19.699300519179502 -9.307964874234077 -23.20280619646435 -64.59734387569392 -56.649663649824376 -67.47490888080085 -70.9405153867341 -44.61065898899617 
-90.58944694797614 -81.79064710017512 -51.73309053401702 -8.334307924882626 18.021328213727728 18.0374542165616 6.291037343270392 -14.66739457538409 -14.036049153528651 -13.086859350873981 -10.62013930118669 
3.606626970894022 10.696815965319697 14.703758455770462 11.13411276637204 -3.5904986363796594 -1.8033674875738408 14.77519232785859 12.766980813944237 16.202454489981815 19.095729990604493 17.099920299673318 
-3.533384888405128 1.7975057375574894 13.04696946344299 15.814283598240436 3.7594596816240813 4.912161461483225 18.412406206188 12.550650127836644 8.075332520582764 10.152011699550082 18.38374861435283 
-21.53949645935989 -27.657357584726192 -23.472143826530512 -22.8200561172846 -20.279118348407533 -16.74117450935372 -5.694027643679307 -11.158588834799069 -0.8205195532112828 1.2404547873469922 -12.04430888234634 
-10.950627585519552 -22.530165874698707 -24.883729111646915 -18.289953251846534 2.802699274807448 6.515561054832198 -10.518990314730196 -11.36914692057368 -8.405709315947298 -8.096771844889377 -11.819014100095234 
-34.42997849476677 -26.67522260302956 -18.48113759330867 -14.771808715139507 -9.365475369262713 -7.100247093085516 -11.982310624463132 -17.558982020458416 -28.49066405805687 -29.879005188563852 -24.351809830611167 
-15.45855124970162 -8.941633047724778 -1.196578110181869 3.2797365047670133 4.146048830831857 10.910268476883118 1.186872140075965 -16.916455875960686 -18.677546374343436 -15.819717100922139 -10.862756297434082 
0.7719512571770097 -8.440133386960513 -8.647745816750088 -5.084475941585422 -10.951725897278031 -8.801895594221596 6.49766653509274 3.9593873929461485 13.640971132023886 17.98701733103882 14.48891724437394 
-7.113775477237581 -17.428549782205486 -21.301429146359517 -13.219238509060666 -4.1751788789905175 3.2122803329714595 6.366198676360878 5.420952697546586 13.187445278789417 12.237207190942542 3.4261156177446317 
-4.737512634770768 -6.625415343544125 -7.88995881485086 -3.378307334405026 -3.0985176566345345 -12.467061373138371 -10.025041167944739 -1.1164898017816764 -3.7883623572785043 -0.9057640710488866 3.4672615406673613 
26.219442641225207 17.645248143671033 3.2481773968988827 -3.870445712856396 2.7428368725250083 -0.2263277379000571 -5.24716708491809 -9.358744758370953 -11.004754596593687 -11.943662757688637 -9.854902822355768 
30.87036022630592 31.698331109434314 24.40563535706759 9.75642716260559 6.31568450144124 6.007155760436398 -0.439201118220194 -5.71567749469439 -7.0253110921050475 -7.957363068517524 -11.639928997818528 
27.227528445627666 24.157991365134933 23.582699859475646 9.720409854512212 4.179641267514613 4.2844405893087165 2.5350545796011397 13.02589717622018 16.640979333248303 9.962904315281166 6.538824430715827 
12.100207938622972 34.437407209316376 44.13054844030064 32.337622581278424 10.57119976357167 5.182900178472661 13.291859220469462 8.421522630157428 6.683816183402781 5.4065846979527175 4.6077806138306086 
2.702234840620193 2.1931394317178436 10.424993425008207 17.34339186878532 9.931445459590083 1.1764577484346914 4.338112452873459 -3.5530508438913113 -4.308296692070804 -1.5496882558850853 1.6021659421129582 
-21.30880714921025 -15.205785990277235 -3.2078818699395857 4.318691401253161 6.685942848099765 2.5124550262745013 -2.919540965406674 -1.6841650108901165 1.686316129977309 0.4450241771677863 -2.089960948684153 
-17.839447814214562 -18.631493442489756 -15.574590343606584 -9.995572362908225 2.396522181655241 4.643511050630456 8.637076965539222 8.233735771010934 7.203320481955875 4.29755121536759 3.509535321556676 
