-463.57559654356925 -465.21910414286015 -381.7187998205311 -198.22727048274393 -94.43522053782308 -61.7326736129627 -117.5935789843581 -199.26347456169975 -255.82418795892278 -367.10872161168464 -474.0689745630283 
74.22151894964081 86.834966275011 118.16663700841713 53.15184653671217 37.407102567771126 70.04124843634834 94.71919810640144 107.6179058323295 96.55116543548581 97.37014462744833 94.20078036686397 
19.05700978940095 20.338005147433822 27.271863111557845 -19.398724885505906 -31.40562031994987 -2.8084007042287933 10.927039633165535 -8.05503196793842 -17.941337519753585 -4.35859455856569 25.845690244664155 
38.481166314028954 38.64328332925517 -12.902287465287294 -38.00284738235982 -15.092878738382252 24.260175367767825 42.074426262426925 33.53830803805858 26.020939652409936 41.054645041323134 45.61695543406326 
8.23439171860564 13.889172038287708 12.36476456766597 35.109300875511416 31.334434517037202 31.10778307897901 16.019484368084726 -0.6961729175010716 -9.425112371232888 -0.19794105340272816 22.947182842462276 
23.230397347482892 24.60042062690063 18.58800201494011 18.182994143705365 12.335024218324918 16.968821969984056 13.597624207012618 11.699045591434942 3.36277971977158 9.347132812987665 18.830188013457704 
-1.4195428721622678 4.647852895720957 11.27525025832453 -27.46589834710617 -41.165822843635254 -36.050298002327914 -21.28921108783799 1.7199277097530397 -4.066776280892629 -3.1579681134873496 9.682856055737304 
22.263492591105845 16.422111960879192 -6.295577049844264 8.742153139639104 28.539429683020053 42.57213410402727 44.23632945220281 27.084270550102925 18.106501959728412 13.521271595949333 11.381722947228205 
-2.1241509540589583 -0.4206984093940227 -14.150757648216182 -21.55707356297185 -21.894540980386097 -15.05597802511384 -5.586642943482348 -9.61998383625 -10.947878432329418 -2.775079839636179 8.35456531060537 
18.90487710146129 18.980689823964383 18.04396228766545 18.177479215046176 15.481987164580145 12.095786294579678 2.812562454720618 13.631512722211237 14.668003921694307 19.87450310134804 23.050257113634782 
9.253117455401735 4.911873194476003 -9.868300941138738 -15.600208219707662 1.3096257373902052 8.711253061173762 6.527347889480584 1.156867993587712 4.515266138444205 12.804372604367646 -0.6746997186543535 
-5.1110486119312055 -7.985004460384369 -9.311708383431025 -9.872417715042317 -10.354836672606703 0.03126884732709562 3.4425439960045674 8.1267790796424 4.37914463060139 5.8981511931632795 -3.896626725173044 
22.013321279447776 14.44231141919034 -22.347296214570203 -25.926490320392503 -30.203177633825824 -12.437725415682863 1.9312997407597285 2.470436590647996 -4.029201756454627 -0.5076747202220184 2.0569513508206843 
3.1182534895024836 1.3253031942434887 8.246637710188557 10.848429326547853 -4.943970422377266 -0.05919521519867017 5.012263591893248 8.835075064840673 7.340459521251361 7.552210870462057 1.3381801523213936 
1.6493803186112366 -0.8503867472513713 8.599662911897987 19.625117052477222 3.236096141908737 -4.667959569795407 1.1808900879347435 3.374359607815567 -1.9201276681446573 -2.668114975110364 -0.6516804116850289 
5.876405369599113 5.094144300714554 52.90216224652866 54.975766592819205 38.21020820684464 20.771607769179298 16.2128648980773 9.427528012126697 5.822737647188154 6.725223590344319 14.935897764437872 
-10.290368694944753 -6.15047523246626 22.81805030816392 36.34910403796813 31.934747863115945 5.919848778688411 -12.422847357616703 -2.528025961954932 -3.8853977608519665 -0.32486744314180527 -2.0556935623576047 
-1.0806802379459204 -1.3235815781516416 15.252579295334009 14.846534384900153 31.829730616467337 29.50786683174374 18.496028190969902 7.573095097598891 4.472384971047463 6.1234428697523064 4.623682985454073 
-0.997769333464833 -1.2668667973205836 -19.48804940860181 -20.756393306058797 -6.3900117990084055 -2.655231782595089 -3.8819569380258425 -0.7086862873560718 -2.7493251163236456 2.752513971210294 10.157692927564328 
8.665985794540559 6.433923724097367 -2.9171028895688624 4.598710995292651 17.345100605222413 23.91879370927189 23.78254912680307 7.662136913647624 5.135387281822686 8.02315954831983 4.398968042026862 
