-548.7702882024797 -551.4240196688837 -551.9449106055405 -449.9071754407941 -258.89491657585756 -183.52980533690885 -201.57532542828403 -233.10965410308657 -231.6555139296329 -273.711363953141 -386.2849056362449 
35.42468264073947 30.958267582353496 31.453660262925773 47.02873787484627 31.957127739841006 13.815182743722723 19.018393864019654 63.55643807675973 102.44415029196867 110.46925976946147 99.46517600216407 
-4.343276066452723 -0.946827393784142 -0.1621211151548716 17.5482709864524 -24.565676316171704 -40.034036809089486 -31.042811236044237 -30.67712884161439 -61.27683094679173 -69.59566128990129 -65.56175414452836 
-4.616852677069042 -2.737086165578587 -3.929375652173601 -82.65482793819422 -109.5186850796733 -95.94347456625518 -63.58848198619361 6.710363600265735 27.20192975689966 25.01416164403158 25.625387185293626 
-4.106563592534687 -4.727102198410892 -9.355651038519142 -28.84386908188321 34.96053287152277 48.858235787824825 60.329605064782285 14.806612064293365 -10.139656757243467 -18.6323806314996 -15.111846571306815 
-0.7175279353660577 -5.203545926693511 -4.420684865928714 -18.58328306770339 -24.59803673336384 -29.110913630893688 -21.299071367416413 -7.259423712776767 3.50855100841613 2.017329002046683 -2.4593056080810873 
-17.343582625879055 -18.695038854456946 -8.207517892913812 6.359647865316146 -31.749720773991072 -45.035711390666755 -41.35068217253465 -13.741638647894924 -17.554726419501296 -18.3896842477671 -15.683165870991083 
-18.451147140621476 -17.80288162291883 -11.52570554607507 -2.2292869128075967 -12.364474754100307 -4.928767869232608 9.691910752167615 10.943017324799612 8.480545123554194 9.432429538241301 11.458010855664643 
-7.002335917528475 -10.577598333126424 -11.465400896001961 -22.279255522498488 -8.002105709980903 -18.173177697011024 -17.054868918269122 -2.3982865896741012 -7.966869315382473 -12.788910738787482 -12.860304514025923 
4.938152359518871 2.5567077929422015 -1.9280086563786918 10.817021065685065 1.4730544047670004 -6.0881369761331605 -3.568991358014881 -2.829946589986009 4.415552892670361 6.847675193724049 6.69624650899776 
0.19807499796031292 2.462918828699613 6.854787020328011 -0.982057876271086 -16.39822154782688 -9.468601902149942 2.4797325405057142 6.012273980439128 1.809236157834424 1.1093559119276923 11.624833953769118 
-7.179813102375606 -2.3385425270077347 2.4771703919094454 10.838091158430878 -1.817158993900412 -7.758397146023786 -6.989309304567224 -16.63069294059506 -9.82884024431987 -10.167106486081192 -15.226186953804891 
-0.506272692766931 -2.192928388995809 -0.7893931572220362 -7.774088165781039 -3.8407475881733335 1.213761444011654 11.25635381738091 11.076433972458855 8.25458370025202 11.016857202441773 8.110464184435713 
0.4918595428972925 1.3414309249858507 4.212051935589713 4.779492714903219 -13.292374858766848 -14.21464651993399 -11.679002262761436 -17.92316390040841 -15.367208209245433 -17.13962264009384 -8.43405684974667 
1.769988267836367 2.0518275588939576 5.693331206530454 1.8408189192911857 9.653153345176204 12.045593208818348 13.956853700193326 11.289079891705867 1.130340416945657 0.22097935695105497 1.7811894798755414 
-0.5846146097433729 -0.294827232611097 1.3678181947426629 -2.9037919988935137 -10.538021148219448 -7.499351919152964 -1.1010523242117394 -6.27498935775981 -4.738329564452279 -4.6362922281574415 0.5453493616662592 
-1.6047515135838424 1.8088300981247452 1.5610431042173838 5.172823697069574 3.596821120936929 1.5737362643130284 4.641573147203099 -2.576019235225644 -6.900431468716894 -4.936505459384266 -5.969602727443403 
1.2915926066912018 2.609009647273734 2.697482729651163 -4.794719148639068 -13.641164800368953 -17.032205228785273 -11.312326622987005 -5.7129106010877395 -3.0225360480483348 -2.5894589831018964 -3.7358166885096598 
6.578189802156596 3.894597690466739 3.548667768045034 4.211807604887796 -7.081185390664583 -12.91329148520009 -5.447539991429386 2.2858984733650045 1.4502481500661808 2.0087219169545762 6.816849758372011 
6.9575742688538 5.305573963237756 6.3692628188126115 11.091061277164696 8.583626674635301 -1.6390194393436521 -5.734788223903646 -3.8545443383241844 -3.506784705908111 -6.957398579166763 -15.305547596859359 
