-520.0496513561419 -297.5006889355107 -183.2282258569909 -158.25112672488407 -193.04971585003662 -238.0126770034077 -328.8277758095901 -474.63224982356024 -495.8121479898545 -511.53353884236077 -523.7152876128341 
53.72058260410441 49.819168240974435 23.512586745008797 32.79469291763452 58.398850486587236 63.746836720998914 54.20317920126131 70.71955149808774 68.74455960749208 56.83726277268569 55.877023779954044 
-18.790931528302835 -1.5192323626551707 -6.546497227347713 0.11983306054524023 -18.877464526790668 -52.65221068228412 -58.88995762080289 -5.025022599626117 8.827382130800347 0.9861187608444859 1.818530013283874 
15.570329316279993 -77.77025901487201 -60.08233518278328 -30.62375182903645 1.5997100836588927 8.959656847681165 4.809453875038358 30.25976173293869 34.967847868793 32.7759823242651 39.253887338863805 
-15.177801635102536 46.813040873847385 43.83335598224358 38.05221989963435 21.94657434577688 14.823867592016686 14.154759357532082 17.966005840467215 9.841125353333274 3.198745986740101 2.6998790671805963 
-21.744772332809845 -0.40131092462586576 4.549770142523599 5.136053612043797 -0.6009116299409568 -0.6610197902750813 -1.3308603921952842 0.9980712585870817 -1.6239618523124086 -7.658726025195291 -14.68348091629981 
-0.9340946474348074 -18.99742138794045 -35.07811692969461 -29.511168623996973 -14.661668711468533 -7.631543825013699 -3.9997446726129597 9.67660981039444 13.991914338044813 10.503825612018524 8.90656070173586 
-6.321306936161724 -13.046770377428825 -6.162496194435626 2.1585091676147274 4.532859274802458 1.8848039583925786 2.793133603739338 -6.823348093470438 -2.1743052864683823 3.962934691706948 4.930936835530284 
-14.058578635084245 -10.53890257579625 -9.249882722591673 -8.641469861502486 -8.62851735202772 -9.582769939042244 -5.703058592177063 -11.352841533360944 -10.471863894029555 -3.7949371548519686 -2.9577825697327356 
-7.076673012089826 11.366131749298649 0.2152596237359291 -7.4767058853782835 -2.2366120124789575 11.212022205818661 9.313377486658492 -0.30898957517506365 -0.6620809966048774 -5.398832559535373 -2.605832716110333 
-9.613521246107624 -3.4019766188359273 -1.8225220768893453 -7.629357669860695 -9.167073462624309 -10.877237298833782 -9.614517242882416 -9.033149635564754 -7.565816941381267 -5.269344101574886 -5.865833547262633 
-4.164824349335268 -10.700049193315055 -17.476505347342822 -19.196878135531904 -9.429851162222157 8.22504692819794 7.453267368653305 -8.287350069767356 -9.497903051138048 -5.372784276658197 -7.273035158224667 
-5.6467422715152065 -19.68455624528069 -15.293753435705419 -8.672493796212859 1.1259620318351586 2.8999466074329527 1.203675917560811 -7.931678690315913 -6.653412571925864 -5.529113720890784 -4.754609969942438 
-7.032682494868041 -23.74855613790529 -21.949299055542426 -18.14168840533884 -13.965758800535536 3.6280220773668876 6.269054136962259 -10.880280436665721 -8.20474309291405 -1.946026132242225 -1.5579346473614955 
-0.7692854145895287 5.6351150882436665 5.7035422614101225 2.4513907815268103 2.7720369071200532 0.7321196697744115 -5.240296038507853 -12.807943945346892 -9.394575857018342 -6.027042656288886 -2.6921945563917555 
11.40236080902623 16.278887164987918 20.607531646142586 15.647928050258706 11.47589857464298 6.543542949634933 -2.066604157178358 -8.437573141536735 -6.904581060662223 -8.271028028384386 -5.788146893854121 
12.67318768265334 37.380616605239766 34.722846460722195 22.896959605790542 5.726295340595067 0.9864549004531713 -4.795328601563307 -4.632234760149981 -3.4830015251891835 1.865699870889899 3.5744002337040834 
11.233594664190576 28.59099442046187 28.234608954826605 22.439557251871562 11.962562568342634 4.906362223746893 2.609541881548521 -1.152085195910343 -7.37594849832905 -9.356988566298382 -4.083816603745017 
7.7169313305923435 5.4655356678261295 -0.294961222363501 -0.6284960045965378 3.1900987558965115 -0.4519642937518491 -4.784936499370436 -3.2990959506777457 -5.0343048156727255 -4.08876112293476 -2.2517379577780474 
2.558622542213005 -15.664603421453357 -13.706767482742483 -11.567813544501302 -3.4492217372295553 -6.459295256271761 -7.682654096675883 -5.821251126737582 -1.5997363904079793 2.862760167706801 2.5377648408815983 
