-421.4127092323864 -372.42459019165705 -266.5584313785195 -127.18859421024615 -83.91895784551443 -94.03891702730141 -120.40514263430394 -162.93004577475716 -236.31072353681543 -308.10122981160214 0.0 
71.6170570820069 110.42598790244203 90.32223584598259 9.279815466559654 -33.21218561423108 -45.18349192527645 -31.557488498474385 -8.701437200902216 34.10226338447911 83.05468317265738 0.0 
-0.39810201316336435 -6.8747101626014615 14.28305681231621 -10.893109633318446 -38.805960412265485 -60.509144482697025 -65.53361971831242 -72.52506883160105 -64.8889187082771 -44.98554251907886 0.0 
25.92615828929248 -17.78137271987412 -64.43228695874922 -54.925549902326374 -38.23121739540599 -27.79990100130898 -14.668729186125226 2.007318874752492 11.730514040757713 11.11964357201511 0.0 
5.40728873862146 -23.280280087839163 -36.04004827313005 -11.118493927136871 6.726999299822099 9.589085839145792 -4.21211662716865 -10.204687576984844 -9.357817239798875 4.008380917479271 0.0 
0.3345061755180222 -13.122029329143981 -23.746694050971612 -13.104586785732273 6.873487101338094 14.545138227975562 9.839204467872374 1.2964893585867945 -22.9577834986979 -43.39019924602616 0.0 
15.480200607684619 15.231954723778758 9.99000112686148 -22.77554002626605 -22.019952307504333 -22.27312523537031 -15.178090346924968 0.9433760991024436 14.80553458265422 6.978608078553433 0.0 
9.083550092877108 8.748145390057449 -0.5128525898056724 4.541555766998604 4.522515115166087 -3.8226018064733225 -18.47334638259685 -26.25734372566512 -23.670717880589386 -8.741212367665888 0.0 
10.43592067314721 1.4659760464902223 -0.4798628102781938 2.780307281487391 7.732863310774051 19.63988892927878 29.64416588111288 24.57916730019467 5.104971623360171 -19.257292961229684 0.0 
19.296692816874117 14.56426047805443 5.579753121098394 6.407633682737297 0.6004966666631405 -3.768425904214971 -1.7344171207959302 6.244860860816281 16.17813066272538 8.881247958932212 0.0 
7.635149598003113 6.527558038446202 1.2457795693098521 -15.606040530786315 -21.608919936606718 -11.81086154918334 2.4336433449809847 3.6697270659260406 -3.049230540856613 -0.13405907876873363 0.0 
0.30628511186752805 8.57179027171529 9.627338918633285 -9.196098375669319 -24.21551505285627 -30.10827853699721 -20.552412265181175 -10.131593566401133 -2.4822994661061406 -11.09702380411781 0.0 
9.53731316230942 25.567603410331564 13.846566074200286 9.294973059197222 5.135881652741377 -3.947134839356052 -7.066091512942708 -11.720004832132506 -9.796922621956968 -2.0663641587788115 0.0 
3.0616992943364174 23.46063798916039 37.24449241507472 38.253154664009884 38.558308377943845 21.444098146160442 6.007508502625882 4.970953822290602 13.416285837466338 17.4362944235365 0.0 
3.5410172586417588 8.165483177485346 24.060923709007092 30.22281071065469 34.98515807842704 24.74548215688708 -9.941521414296911 -22.870558874028845 -14.420087321905793 -2.924980724098029 0.0 
9.999087840945009 5.4978261554164245 13.190693252079843 23.01724742739755 36.66938453595688 53.468503343583905 36.504419937562986 9.030174130355052 -5.1524523599052205 1.7562261359962026 0.0 
8.558571059008539 -5.529990913971653 -1.2529459506136809 3.314731996020848 9.501777333185027 34.1939349066937 51.95528231233499 35.71185526159564 12.330964861479915 5.468437772620736 0.0 
5.507200157877447 2.9745991407935737 -1.1896575221920336 -4.868173975734762 -4.903757557581109 13.645356120211762 50.55859668506646 54.832451722859936 32.73452633213116 19.67440239042762 0.0 
12.58632352868036 8.671824851602903 10.55813670834953 -0.09573086159707656 -11.465668950879795 -14.295036560555467 18.428996337645955 46.51812743606416 47.16173718060375 33.92018635214636 0.0 
12.096575947723641 12.16122491484001 9.6670797736835 19.32338929959652 11.273701990245513 -9.32347211684113 -13.49409414514626 15.489943665549154 43.22717043223787 36.37951118667094 0.0 
