-240.00976928688442 -113.18099745098432 -63.964903514848 -87.00217231740749 -97.06351223910805 -85.61305955964298 -125.60110758313202 -189.69715413557023 -275.2579312065531 -420.8183130651886 -556.8908308517558 
32.384418462659994 65.6931830793778 43.64287972151989 17.716055419095643 19.00287673737455 -12.797671378561692 -13.90308414608146 18.505818720152924 34.10569437377612 38.51868237055378 51.277513987006536 
-63.72866013428158 -95.1307371279024 -99.35432447976767 -105.22726848496146 -121.38557596727557 -101.81608140557901 -67.26854041762724 -48.04292518059822 -52.55157366393175 -54.55208018037574 -15.24399917476109 
-28.079877971608177 -33.82886871247406 -26.38714929640248 -13.659024530298149 5.699597265501842 -9.988528804296513 -30.376679111178774 -60.32202316790932 -82.38015304765045 -67.36405337991495 -15.461374360254684 
-10.291043278722658 9.217418241027763 12.513667026817227 6.86190314951844 -27.721735999186535 -38.92089591195872 -45.649111255082495 -34.42203711230427 -1.8789188859543562 -9.055740502014991 -12.854048057391223 
-10.39656162678656 -32.83364407576639 -31.664420260990482 -8.536076451417152 26.265547194742723 39.09471401679211 43.97171899606551 24.379778060059536 -5.76325447572431 -13.719481640168487 -12.233118226066765 
-16.514443316601792 -8.644685595140585 -6.632721170239113 -1.346827582154675 -0.329785377225836 -14.26389897659001 -27.71869939428172 -34.339653222008195 -35.051193706372416 -26.16183830849174 -11.575944251610114 
-21.3273155839724 -26.150842677644462 -26.89146847979506 -17.372267980921862 -14.821796458354664 -19.37658044173795 -8.110304538150634 7.725591106708583 22.118517891363048 17.435066370818866 -6.607301789901249 
-27.99208025335441 -27.691221266080365 -29.521762418618366 -28.285246306551777 -25.17119350431021 -20.13642768280424 -20.03702385637399 -27.241551575259685 -28.32055455699905 -18.23140282616591 -10.496633814662253 
3.6557068039570737 4.851679389274619 15.23268354928429 19.9381638535235 17.945789304805277 7.822747826292243 -4.2139000620175615 -17.702083631092307 -15.789627645781522 -4.221319018837043 -12.31033858238487 
0.8028568835859529 4.348561000532683 -5.526904563027308 -11.248461589010855 -19.262609722182283 -14.493486874472401 -11.372969488923744 -6.592667507073388 -1.876442684295749 9.896837001063933 -5.228937788015398 
-13.465162608119801 -15.249803999831716 -12.730726827804848 -12.143018291808993 -5.807544891092694 -4.4421213318078 -9.498922375069927 -17.477276570624024 -18.284679345401035 -8.639834122596596 -0.16618906667615102 
-11.661241446753252 -8.894879978756627 -3.779404744621732 5.240235696182832 -7.698022734108881 -14.402680276987194 -13.576905137334148 -4.071109512280572 -7.106524673823062 -3.1698597443782823 2.788228991766532 
1.1430160995074954 3.1079353168574793 1.101214677983016 2.310823403555874 -4.489321715135864 -8.128165888188422 -7.0426685056094005 -11.709534550225339 -14.215550558364118 -11.413633260578756 -0.4362329000369136 
-2.1380800425556004 -0.9950100581666524 -0.4966852044156231 1.222224799100145 14.56697178933235 14.29134344719699 11.659867290840314 7.075714186015087 5.688516779607257 8.81850201378076 -5.352998629158037 
-2.5782078862376285 -5.185695387370795 -7.716687546258619 -10.699492256566435 -8.348530665163782 -5.559068062867043 -8.506406265769574 -7.685809965150133 -10.578484868557418 -4.684233966108353 -2.0512884993283436 
12.35795101389089 7.525211857457844 7.85719340995748 -0.4533117714164827 -0.1354092921600133 0.15399010703532895 -0.08472763393580796 -1.7596057002964227 2.776488345462657 4.073058156267903 5.023802580291996 
6.591143916346913 8.724784913165179 3.6817610902901268 -6.93209375728353 -16.861072615560406 -15.358433024353774 -9.753423176858066 -2.818022906025588 8.757728549715049 9.16474145781162 10.308342890853538 
5.181179171198568 6.714721777653512 8.495390781006764 2.850754198628783 0.014050346278567494 1.0589415550717791 4.019787162226347 7.326319983193876 8.085163521473842 4.959806718935117 -0.6408268583396336 
-4.740928433060797 4.533274750494271 9.161692427863208 15.81665097068157 0.2128812919341082 -13.853350433122024 -10.699238852188163 -3.067271404085383 -1.250578235537185 -4.037467096548446 -6.388888314126264 
