-682.7894430306237 -656.2007705837666 -440.1126825061466 -266.1642161771203 -216.03333437211998 -251.09717069213622 -276.7637705868474 -324.64406074365206 -446.7559956208656 -574.3420228488409 -608.7421296555348 
20.623997372091218 15.838394325986553 42.884077629401624 43.7841196087459 43.702019285233135 45.06757942910559 50.31661172614793 58.83522315306182 40.68189103034959 13.0006133108885 2.2134928077210043 
-3.951061321471584 -25.908755060112583 -66.05681755014831 -43.12433807698727 -37.33068162865636 -35.7785036217505 -33.5495647453362 -35.19252737423004 -19.201120259229548 0.5777904651429513 -9.407837318295613 
1.426603619895776 13.859239639240286 46.85910879672123 6.03120986815145 -36.963141873232104 -57.1447313339185 5.5582881626832465 35.99664922059819 33.98274729327671 5.040846904070687 12.517808205554726 
-18.05955223630722 -0.6612277026562075 -11.26903308543794 -0.04534338778582393 5.869435260813179 2.5712787375819595 -14.231317787177339 -25.583167629744615 -16.158780402751262 -26.01125839457147 -39.57685597680246 
-8.59636865159077 -9.825331069445058 -6.79329331960769 -3.7880926172946374 -6.600077917513744 -6.062359205745667 3.077857590312357 5.717226382645583 -0.6894602458006682 -1.4476273474217098 -3.0197265396716224 
-21.846104801058242 -21.641281059751464 -17.560187132071448 4.1620796477862125 14.225069222367392 10.49197967028756 5.283751103500249 -0.9407383579275149 -0.557945412526985 -7.579837016284043 -14.864337475753644 
-24.734314787434347 -21.855201127695622 -1.089060238315598 -15.615350483812254 -24.979672116327347 -31.80595452712888 -18.33806773608383 -0.0368201751004299 5.499719638776888 8.370213680628769 -1.95376001258419 
-5.6684804386904135 -4.465163410886638 -9.336270370184486 -19.625062293787135 -16.392312729092772 -6.0171593526980836 5.894816238230291 4.123554983130139 7.129433806975094 10.323223809860824 5.109758864902062 
8.353114074903063 9.940688489657973 4.405302890094668 -5.845300415907232 -10.330643421183982 -15.171751539250039 -3.6663631117433866 3.876548035119664 7.224395448379137 4.7414127310778635 -7.9631088526129385 
12.041779134020238 4.519335113202856 -4.4994502971493215 4.810557486881183 1.7448691155198022 -6.766443110451998 0.9215016029601842 1.4697443466873805 4.278187571535294 2.7264763308495876 0.6568017556169778 
3.8684746738755393 -4.859380597420132 2.481122180272425 15.45723619088325 21.84476387210799 23.73839269625113 10.823749110697218 7.957550373976262 1.2299371950916136 -2.7003889746555387 -5.396425981884409 
-13.806990642638652 -8.002269961473512 10.34282732370178 16.44212025398729 25.96074000447029 28.68222816409648 16.946890889855002 9.025965620866803 3.3446011030893192 -2.334015143927062 -2.3318530583084756 
-16.320032648193774 -12.637782867049314 3.519727287710678 -0.355645334492421 10.350795145860772 16.987774404723474 -0.31859793183300633 -2.943086417583684 -0.04195859744060759 0.27544566752070293 -1.048850601923446 
4.629646408946215 -0.5226975801214833 -4.211400092309767 -12.235238060462867 -16.07447632491814 -13.29101119787633 -8.349159700766412 -4.998927639996259 0.4991014436455472 1.7974974985938064 2.4372470566430464 
8.218570337888066 7.028583884601246 5.592649153165846 -3.7358295123274106 -7.98695768055515 -4.676343031118778 -1.3370048732904292 -0.12265415259876758 -1.1063230330968383 -3.007960882835917 -6.112554517149667 
-4.462288022918037 1.5264839427659846 4.909511875898323 4.418614632094796 -2.467554902741795 -3.517858489025179 -3.6726906481050503 0.1261822924419676 -2.038135892051939 -4.992909380783113 -4.5714558134726495 
-6.002238496180357 -1.3573523394623452 6.403227231355041 8.96064661878632 8.628885690719233 5.847466179971901 4.28128611220209 0.1430831031657568 -1.4533882908435518 -3.594698582700545 0.7204730659045431 
3.0071100185443607 2.4608288839138805 1.734019903038172 -6.919074397023807 -13.702269265570827 -13.531803675927126 -7.910639948176684 -9.362992748538563 -5.071584298792214 -2.8698778212795846 0.21380892164013898 
16.60783307603695 12.261959639999422 -2.9064951219255106 -9.828867158718744 -11.137574852426319 -12.559115200591416 -1.0087660728433154 0.09032673016789772 2.2544262770257135 -1.5151979324464282 0.008060291935953146 
