-564.0750040653919 -459.2902690148307 -236.83019342096912 -123.60300134517394 -98.16200403400143 -148.54518155395277 -160.47667952546706 -161.73466983691327 -219.75464972958935 -342.0695414720402 -616.1134130911983 
-0.9046163200981431 43.032825993220754 58.70679262769165 69.04687859691072 53.49902639947851 42.6702402623764 61.360468719413575 65.34648964118213 71.53873923203578 65.00535412769781 2.1493874739701466 
-15.950729364057842 -35.79984598329811 -44.11033509216297 -40.20097977506905 -27.826341382529613 -21.756065073717682 -22.548711352503428 -25.578189212716758 -31.21739523352386 -38.642922320970115 -1.926683082418676 
27.752133135867943 7.935392607694823 25.41343293764834 -14.523732679312939 -49.85559799848633 -57.64954568090924 10.032919919172189 28.1297518193093 21.6835520189314 8.576092093326594 -0.8859497023657709 
8.358522586656774 -7.494181935471105 -21.714421170844634 -24.980130877150195 -14.583734599373548 -13.037579859459951 -26.005321498859857 -26.206463677012934 -23.51071906277312 -19.344340733637907 2.147409648898382 
-1.3141102548965091 17.356225659911154 26.48897039424051 19.366108012455243 10.743708525581862 3.284147140766694 16.02448552115743 17.46324130362766 17.80563946391686 14.18697243750713 0.8803008024192249 
-7.775827152143975 -19.797556248905188 -22.032658786741575 -10.884950244557611 -14.205007505989737 -13.366257121016282 -2.561894636042489 -11.45294943681307 -14.234583797134428 -11.350169844806508 -3.017989014873977 
-6.879698921603315 -3.612407725538455 1.277919319081184 -11.607023459054197 -12.206806287465849 -9.261768334481294 9.252538070449138 17.084551134426675 18.275339171917192 20.57836607813634 -3.268360499557382 
3.473950437892952 -1.3836325253513544 -5.33284887421211 -9.824839082416613 -18.613314866393623 -19.19367965183534 -2.0122440742670498 -0.5845246506997129 -2.1631012657905253 1.8390778560454142 0.22916539868067812 
-2.781551672159759 -6.971120493431567 5.6515343023855475 -3.9089513969012177 -4.742355487224836 2.3785243573922106 1.7207912951460447 6.20613285103979 7.208619340453012 5.387853631871922 1.9034358481669005 
0.4092050549231006 8.743313920615815 2.534525684000998 9.74031714913697 5.099156365687856 3.1543935975956092 -5.406214223486112 -13.503212715491493 -12.016570281087207 -10.926279313633728 -0.11250926093217456 
2.45472688682767 2.0298727296542465 3.7199053773001785 -6.882484953992661 -9.004776376223752 -9.343122691100955 -2.700372545902548 0.67582182094436 3.4316189137798245 -3.308789167555146 -1.932240398638807 
-6.0465698945714985 3.29271895669165 4.059931939553603 -5.910249285717506 -11.39473377494122 -8.818675924159887 1.0047935024947967 3.5128224493877083 -4.009043657058669 -9.762303778696468 -0.7900304138694982 
1.9703292452710692 1.5869388705759295 -0.9739924873494084 -15.791664474404985 -17.510234671876553 -18.134773776874525 -11.346415848545178 -2.507918303915897 0.8159975900582485 2.258898516616936 1.226911937045882 
-1.6496572836282524 -0.04095361342822515 -3.1269962963328073 14.525764314846956 19.42379111105437 11.694961603683922 -3.4659191344011235 -1.3117806999174308 3.983294293760486 7.995793114001337 0.9927668703931679 
4.456499906207226 -0.7380911924723315 -4.65578455725197 12.910873583497533 18.275435192298147 22.192947726576307 6.6367809666866435 -1.8941456990361363 1.4904801283286224 3.0909178922160065 -1.2005423667123076 
-2.596417656145153 1.046212917730008 -3.752974308696778 21.685698527103124 31.332049358983365 36.929964327261196 12.911096880493307 4.302464719935386 3.0254378094239214 -1.6076138981871013 -2.2217444206876555 
2.986320639253592 4.4283822605360115 -1.6722504142190386 -2.695209837929573 -0.8106791125121493 -1.6835115876056528 -3.494539131830562 -1.8654903268512228 -7.013224606733697 -11.636548405259182 -0.381575607680791 
2.175058418233247 5.595278492966814 1.3836707614052446 -12.784362160581384 -17.521118057779553 -17.076863332751124 -10.123643071959625 1.3476469180096 0.20712430743181792 -0.17742104189078411 1.9333233740086988 
2.1696491122153674 0.18431104140330945 -4.057625577983499 -18.43931469988432 -24.074247196542185 -25.133449477832325 -5.036778814745725 3.5550663729697964 3.4327541335405787 2.231056628954942 1.3705683230988404 
