-519.6891203427754 -294.2344504864518 -128.78903225969916 -32.140467703902054 -26.151930297257753 -85.30161850490674 -109.73929019637588 -148.53787071270494 -278.0433308728263 -472.05355987545937 -542.4150568028941 
34.55568772465293 -5.716983196128922 3.8187052390645917 6.627607942329631 8.564509923713945 8.240859572767135 -1.3782703980538842 -10.680607287151993 -14.540465525173285 38.659730256064194 57.86723327612392 
2.368375826462774 -31.72018418409631 -55.007483785384316 -64.18947906132261 -63.88263930468941 -50.453785953084335 -37.02327158138869 -33.08376489442354 -21.377391205528994 15.030686258785881 5.983326107289006 
-1.8388331804641214 14.034729210952822 -12.420688103268354 -46.03678094435617 -53.366034300218885 -14.209000214686242 28.22325302105261 25.964053411588377 17.853706980199032 10.24221386893417 -7.299752061899746 
-39.02977237558595 -22.527672046851517 0.2988703506337602 18.762839136731692 23.48268016787076 8.370153727680808 -22.442099451441095 -29.29468472538653 -30.946948090223096 -28.73480947528566 -14.504619730710637 
-8.123884465824133 3.315999642761017 13.248087052348547 9.307457238412136 5.847354420770037 9.474936763437123 9.175759891667433 20.62238676324788 23.546583230317413 7.10763705881754 -2.4625530300280736 
-23.99771406945694 -5.793277179727804 -13.95715390306049 -24.290163795270196 -24.735314436249446 -23.270062089123705 -13.427084612233639 -12.027333796361336 -17.71026029150007 -24.32706282200963 -13.325627863743374 
-1.8002561245390354 21.02118875069717 2.8114192476265707 -6.090213211527075 -4.711978261745891 -1.8948000131290479 13.846660408112136 17.692771162814964 16.798374150388938 0.12431591812447926 -9.540326022815197 
-14.247663970539408 -5.961764556945646 -2.8083142238370282 -2.782936996947841 -7.281163158960449 -6.139113134716236 1.5721784929333134 0.9077479755640703 -7.46790020206438 -14.920990791226679 -15.585980541149038 
-13.576860927806262 -1.3924643031347057 5.664321298109554 11.957896904675149 11.378323930062045 5.494132885790761 0.6895580817030127 -0.13482201262836857 0.8794131441538156 -12.393814113578038 -11.014793619882303 
-15.854611416827488 -1.1226336394707102 -0.23592488064390035 -11.484962104729506 -19.735945955747386 -13.24292076961396 -16.153988520045115 -11.82997858487793 -2.2439561764952347 -5.698407513496907 -5.656467116060536 
-0.501184924341334 12.37822492945877 -2.4061180720304938 -0.11049785166917325 2.5693046428559505 9.240459313528614 6.366921606716599 3.9352613567884993 -2.5330635413639078 -6.474519249725347 -4.816335269488581 
-4.856593061539879 -0.07628279762358026 1.0656715933671284 8.13033576604456 9.134394894808754 9.618462437733282 -3.0222906461192527 -4.623574024389814 -5.101480425383113 -15.338807722184223 -9.686221210326746 
-0.38629441339404136 2.2696981604030384 -0.6797175308942023 -7.43013830007159 -12.314493498806927 -5.116478680662183 2.776837668658027 -1.3742620060322863 -2.2033597142747703 -2.2844912924566407 -14.280817136034976 
1.1334282122480988 -5.844279121836068 -4.383750809929483 -9.640633860161998 -13.413454148878266 -12.256435319583122 -1.8941410006789545 -2.83142252972878 -5.151020299741359 -11.198853190021927 -8.913139501298975 
-5.551994478569478 -1.6670593614343636 -7.71263215376155 -13.493011495742497 -17.937002365454124 -12.348487993843753 -0.46251130738252644 -2.254039680818451 -5.09914648746723 -8.655487653577188 -5.542881811957136 
4.397649131237793 -3.8548129016961603 -6.052953722611588 -0.8986087437352291 -3.495111785494878 0.0477440660564612 -1.2157740611004648 0.23392188448883622 2.7444258357795066 0.5148681777631642 1.0113342123426816 
6.348882799599094 3.2837591038672063 -9.31271150732676 -16.187198747740247 -16.27129525208739 -5.490523995594929 -0.05035295470293921 -2.001763974786484 -3.6681942633202578 -8.310551404047843 5.535367689725398 
5.847266240356102 9.677047291087497 1.165339488505916 -4.767256286755275 -8.721581447250179 -12.992597644806285 -2.960322577774771 0.9208747542174457 4.327499156937671 2.413020920588717 9.881808274078958 
4.378724973192637 7.392985590729689 8.094251122743291 9.114386155082139 4.276925555920207 -4.0282466693866095 0.8748922487511372 5.8519722059248505 9.884387436792654 -0.4213328512822015 6.034306785756479 
