-321.21214284710845 -309.5118398509854 -302.599502964547 -302.34169211231693 -281.2513248770061 -134.2410365358814 -44.16551025843937 -65.76671076546016 -196.0356250042251 -241.2096912844987 0.0 
66.72593098290206 66.14990000063858 62.77190173786728 57.49671467154882 37.61031973968382 13.161327983278841 -4.213028455906507 -4.69715851056333 13.161417595909366 24.786006309499292 0.0 
-19.619380212679907 -26.703274802327563 -30.762132006472974 -22.31317636011341 -2.763960971556293 -30.67439449533167 -41.27778822481641 -35.54295261368566 -1.322595396516121 12.504977063895545 0.0 
6.083560562926595 10.782487961467911 19.15622513377736 23.240936691606517 16.79562126659983 -21.43889924716386 -29.604827635007673 -24.71283574136158 -2.6622784737471896 8.217664122581446 0.0 
-19.192686841934844 -15.85475762101594 -3.759914922378717 7.150063223365048 14.030914214191942 36.1955584927632 34.93001036303943 37.30572787396879 29.398788174470575 6.168798667116835 0.0 
-15.908251128237891 -9.220683707136981 2.2920428351828024 3.912102524336109 1.7573387324108085 -13.518920932627399 -26.736603083080247 -29.33611436209892 -12.57894085589598 15.005037873060791 0.0 
7.9797729353019715 9.332853723417724 6.540882755272694 5.755115883602232 13.30870114617887 -14.296495307216 -17.94020519362325 -14.843927221951418 -3.3917639314423575 -3.6543727690523564 0.0 
32.42986694192794 34.577215644254046 32.99519846425798 26.9046765261594 12.93051086126131 12.230923556618993 10.559052465120573 12.264497630978308 27.668877197543026 21.811431202737516 0.0 
19.194776086183584 19.2457091158386 14.592301822080804 10.330259717671462 3.5676870914459067 13.307504087710624 7.513343528507817 1.1580798208148184 7.06590806542094 11.429210046494335 0.0 
14.55504885305815 12.69324815728464 15.370303214660204 15.213506761836399 10.585938513317629 25.053124610816752 16.754005089800565 3.678274545032547 -2.9797286895653783 3.446775736983332 0.0 
0.5390406548124487 -4.33492798833657 -8.984256337289008 -2.042581940730742 2.11007996662557 20.163245052770556 20.31049713640219 11.45009643468542 -0.5894234102303207 -3.963283052401027 0.0 
-12.671630576173788 -12.246735654813644 -15.474703992462143 -6.507237818083078 2.1094150238004703 29.69059946325611 37.84143258722513 37.231988756367436 17.083944119013385 6.518814346511135 0.0 
5.993786160731009 10.193864946958929 10.920721131142756 6.977563239657785 9.69873620424816 -7.40032992849755 1.4683673648476345 7.939352058101066 -1.4232246865839078 4.020280668645908 0.0 
-11.46183386590683 3.06126371088874 14.864717703608196 7.775165194145734 5.3982536840090845 -18.496308482885453 -8.5020008642466 2.5557577775177194 7.862181429287458 -8.403207575271821 0.0 
3.9632783314282687 3.5325644703961343 4.65325356080163 3.829481566621463 3.6787839959347135 -10.112720587656403 -7.987158004918237 -3.6397110408079048 9.731578860367307 6.191973486190484 0.0 
9.219553504163375 4.068758429179671 -7.849498674611528 -13.224645093876111 -3.045846883489572 6.864092596998843 4.821156259485123 2.2409282347624115 -6.013281591699572 -8.275106677669179 0.0 
26.754345997379016 29.154706388494596 27.13733993346454 19.755990140452198 8.628273944523496 -9.020765422593646 -8.00039087574422 -8.856512533313989 -8.865488999493358 -1.061718422973192 0.0 
-4.194417531205499 -7.164084900689451 -2.086343380925479 6.833392655863076 3.8356802001479613 -10.609779586494902 -10.360938144886234 -11.073192179675175 -3.329075614655121 -0.2703950139705927 0.0 
-12.02766137659161 -18.66421147940295 -23.48947084053929 -16.525122544722578 -9.708738829696353 0.1336807281751794 -2.6783737256109683 -4.550726165686382 2.167397942900939 3.643614834699558 0.0 
-5.943687974009597 -2.172209196191562 -4.789670921733881 -6.139036744253161 -5.251481746428545 8.019146617979233 -1.4471951395436116 -6.438745828917767 -11.568379553540037 -4.872878514706311 0.0 
