-425.16388759669314 -317.61759117665923 -240.42329979713477 -192.91859172573118 -228.05045156898424 -325.77309268836893 -308.40446435895575 -294.24414153279014 -324.8303171097215 -423.9343510616415 -671.0153159204847 
31.656004961383285 13.771449574204524 21.494731361449308 26.5300054929558 19.480380047604505 4.226721014719352 -17.365700740714807 -4.89733484011251 5.448696530505496 13.645446427408174 34.861739050973426 
28.600885915863074 26.98539350166022 24.313509995696595 24.337795732217373 31.717478906231456 16.759664553154913 12.583051959963173 21.14981861781003 31.458951248277458 55.40190277105108 95.86800459505262 
-37.710392677283814 -22.26126332725827 -30.91424124967947 -63.79524848600499 -87.51364643622497 -75.3179105693379 -38.86529686070725 -25.347740969721457 -22.243256220230677 -11.968489966444302 16.53968895781845 
31.345177001293834 21.27331210343246 15.034482494718844 5.644844872141572 2.666270221173429 -4.630804604822273 19.63006317028583 21.39351401378083 15.474892820749858 18.101408081554034 36.620613775916524 
-19.135484202968172 -10.701830179155065 -3.0687019482895477 2.899580785070524 9.22404645850556 12.743983220205063 14.13986110468419 10.848939504019913 9.069320630533669 15.004428794365335 20.988738300492063 
0.006266053445188102 -2.287363128469541 0.3242180109948841 -9.506279103797706 -16.47632330442577 -2.696708291053331 9.87373379506748 6.559798400184077 9.144538266805117 18.089482530095108 23.317451794007056 
7.184777973485848 9.761863866407683 7.928686339879318 6.103561891774353 10.103032903933883 -4.2041439205010604 8.682962524205147 17.642090717130976 10.443671736632382 11.253161634640804 22.17421759718896 
-2.155977847801534 -0.28707519567707407 -7.151704410262045 -12.18697444053725 -10.041832136607969 -4.402581335169419 7.765058665380952 12.126834959479051 7.666017179629845 11.801578365914615 9.959183404444794 
6.566806503112717 6.0229382443143935 -3.141412446356018 -13.60852040197285 -18.61800826915391 -8.034876856390174 13.97010864178721 14.08523939702719 12.444056888608994 17.3733659386637 23.833190529034358 
0.6062743463657309 -3.3516185936067626 -4.947348932740436 -0.35533682146977236 5.937498893683823 -7.8881491014748235 7.321656712568906 16.147148817335886 16.718636370172835 21.497343698745457 31.112672440718583 
18.74600512272071 10.203383171124603 10.545371604999728 3.6010370904060456 2.4486978795713727 17.3521441800953 25.498619678877205 16.071907120351277 6.362499280102876 7.137562829019567 8.060084551513636 
3.6352747998980415 6.8167954388149266 24.610449768225585 35.41990497487162 37.80889881499486 36.532399220707504 9.660791505808891 12.320670727822495 13.838904318896091 16.626057839532 23.004279327194578 
14.506672340448032 10.17994511607047 22.149336908636513 31.800122862874773 42.16694237794175 31.139644729378503 0.6573322531399577 4.642116173122353 7.023912673375275 4.906956580888355 -7.735539349321095 
4.274256251377602 -1.6620722217298276 4.684462664832238 17.206605259280874 30.416617813442983 38.020425818725506 7.940862050102693 3.8583770046563197 3.5663270482855958 2.305062384018293 6.792762768599085 
-4.785018815100274 -4.454846066402795 -3.247234346638438 0.3942716644773545 5.593663967815576 10.260680365062633 7.048172839476699 3.140838318166041 1.153470701573202 1.99235325585067 -3.473173692005664 
19.270927719083627 11.905301206744632 -0.5023888596407267 -12.577270054850963 -17.555948470953943 -16.640599571690203 9.655247464192644 4.969313454159381 1.8808946319804798 5.002554218419935 7.146200822300848 
-1.4902575285614326 -1.1798532966843105 -5.173696639494092 -5.097965116789373 -7.284802012407484 -3.9060345414730326 14.386205386416297 6.323871621065031 5.704306811415965 8.773918703490683 9.070541370993725 
7.397654945008362 4.031707948169422 8.42245249732841 13.56789897501234 18.12823852531259 4.78842200317669 8.53564347027429 3.7178127599421074 3.388994906117852 7.436577450800089 8.492825132621512 
2.811346975777178 0.10792165346392299 6.029121528040179 10.034796032709721 15.363688466001129 7.724281308464954 6.2870873418659725 5.327275452144724 8.54648198251913 11.73321392347772 10.492670887510464 
