-354.7989126931371 -310.97581775901625 -172.72807717254918 -141.59548464090489 -217.22157592106575 -272.08972687901434 -239.72712744432454 -236.80074578586817 -313.0817315443568 -517.4799337165529 -584.7591284315739 
-3.255576111712269 5.002925849467027 -9.322599862179725 -22.237185518720505 -21.642553410972766 -15.397721806556653 -5.299869790311638 2.220204238901895 4.250373039770949 54.42544488221756 95.8965436424161 
16.54046827812917 -10.869842808693338 -43.21703574713722 -53.70753848864584 -52.740155024125 6.740422760831656 19.101957433295105 8.647577397083236 -2.82255668227607 22.369205412455198 41.68786715510866 
20.07716534282972 -7.528197157036674 -51.28788093386644 -57.60399036126378 -50.752004327191585 2.86112405026965 7.689201874617499 16.470883241909693 20.67930375250424 10.715978775838373 9.240095071596194 
-30.471304986590834 -20.164563579446245 -0.6056107422608024 1.4167754296044812 9.52785030114038 -10.589439112422644 -12.454896016227494 -4.363195336184848 3.2778215512554625 3.568382283725433 -5.931905903957391 
5.421963133056716 14.569124953370249 -0.5223979365430594 -7.182494839407889 -4.153203450782353 14.308121349294492 -8.88674805422763 -19.082854168757585 -11.747576848978772 -7.491885279227838 -13.059498185127769 
8.4202827998422 -1.4719151463556126 -14.538882733449993 -22.04799817254053 -20.425207481609863 1.9626942164830905 -3.4586907731888297 -11.095451068866286 -17.118187810146075 -35.10000838343383 -14.069886692544461 
10.879292751339232 0.01328913810655985 -0.8640455816968955 -2.767031372627808 -0.7945237580810435 18.04658156672624 18.880563446971696 25.479234064528793 30.067888530398456 0.06242086001027869 -15.938187060401617 
-10.127339162440197 -7.855243978326781 5.657187716283987 3.978034648209882 2.2929499733527754 -14.556266015139958 -14.688530065238677 -9.341575052737902 -10.359413856174594 -26.216384398409357 -22.421114518341234 
17.11226149261205 16.598415231749897 10.350038026059687 2.6464926471360686 -4.448766256689372 19.058594187431293 18.168605216262236 14.280479544972511 12.355668052778265 -14.486303667355607 -22.786163526414246 
-3.7699824063507825 1.0228199316202113 6.689484889944726 8.457937597559681 3.5646190865791962 -6.70947459442789 -7.0078918430519925 -10.742842339334556 -14.213765983158059 -21.489920674233804 -11.132862617658578 
8.309395623208022 16.87268164063537 20.98388574470492 25.793566356501415 26.12333735864184 8.520934640677757 5.580475158250377 7.665562729252648 9.15912048966987 -6.3605831629509915 -6.316597127353342 
-11.527737847344753 -7.707495969126871 -2.6874222613354104 5.810686564298981 14.740869693658578 2.9743201634859733 -3.258133701319055 -4.6859137167815 -5.934579139452383 -3.620296430680031 -12.01307604935588 
13.30090665999259 -3.6567287507851827 -6.891182026512183 2.270356712276741 11.354580265839218 4.902556952060429 5.430143836513883 6.290841351725331 4.150970193887662 -4.084947146230764 0.03234722467989071 
6.494894537414728 -4.884063290037212 -19.823302510399948 -18.44903564938926 -13.016283613139244 -4.831733466082974 -10.79457354327241 -11.49988474068409 -14.503206600290694 -9.639762288634433 7.007437938821793 
6.067015237564769 7.195418075933608 3.626723115499137 5.82445478161671 8.325278208713485 5.605112598756936 6.102208165808076 6.888303987962552 5.955755157757446 4.826732398380427 2.119190868804134 
-7.888169450868526 0.6124050609426168 3.1223689480799486 3.368668528244063 0.7976165903073036 -5.45379051237851 2.54504300578241 8.594752719919432 6.353796687894136 0.42266119205968555 -7.5683996172754515 
3.6629220582397295 -3.1668546951285617 -6.547521897673011 -3.6127525113893375 -2.894669441362718 2.3633870581775125 12.876819752711024 16.56320904767739 15.61490332661435 0.3591474528203067 -5.081952391447754 
-3.179390789215155 -8.949531749326072 -10.303573184849427 -9.600023059118666 -10.024593732529503 -7.786529794633142 0.4694570272952314 3.0251176466666623 1.7162956215809855 -4.977868185238874 -7.760759912024706 
-4.779943909873143 6.563727944316717 10.216215640851187 8.010754534668083 3.8921993700914417 -3.128390657003531 7.913356901415998 7.1010581270389155 2.6540677284675818 -3.8120574025829486 3.6560527623690695 
