-438.63385530633514 -477.1102624572622 -565.5278109677822 -461.48004230425335 -310.28160700461063 -171.0859109923524 -114.13996874282188 -154.01181936125116 -227.7694912869577 -217.29564369711917 -281.5049813722461 
-17.271699902608958 -11.996707516509819 6.7461125042010455 15.04890696212976 14.194190180114198 1.6402468213091876 -9.817944592591058 -6.5048988768451395 5.164349451682529 1.6455305091166612 0.7647282684343666 
3.154058406618419 5.455863427163872 7.837129809318876 -23.691928725878654 -31.082031285327652 -42.732103214640425 -54.40988982839269 -55.38401905274979 -22.29589725001891 -25.238856415235748 -26.119358814343286 
5.204418448850154 1.0884160655203619 -13.523663801301947 19.96746864906143 11.194949901865696 -29.21541464257327 -36.15720905264688 -32.41253954227817 12.72439397738535 18.541373609322754 15.170092593817817 
7.1459145347303705 5.244315403897537 -2.044997812659392 0.6604657543911358 -8.152584808356835 4.65017485985987 6.36275466235067 7.935182522705011 -14.918925692202965 -13.779578763905583 -11.802482890687244 
0.9929073561814391 -2.2767192691887503 -11.763532508917317 0.3420454239209212 0.4687994649258855 -17.008816491156125 -28.99616801042076 -32.70070076113346 -1.3677631867692543 1.2639819724604449 -1.5073101815018002 
2.087243535389102 -2.6222286966894672 -22.982767286992214 -7.790016415455819 -2.9626718348011476 14.24900856714206 11.319968879447728 5.488486323814702 -8.285539864323825 -12.440050809479342 -10.336607549758938 
-5.923726594386487 -4.542316609257444 4.55077547564706 5.489861322557072 4.63487837134606 19.576460379680306 27.103632834819532 23.750734739796105 7.985702622099062 2.746475272210479 -0.3439287936996238 
-0.04734296888579682 1.0248947897342964 -6.305138634893252 0.8158074016303747 -0.5322761421528757 11.491421355226326 20.63417830041361 23.913607736630077 1.539160861281529 -6.686525563097676 -10.128695402007457 
-20.517993761044323 -14.290998721396583 6.069418842648311 1.7334284084641884 -7.012591279192494 -24.771483195846113 -16.541324144547552 -6.143223720798353 -2.629113250627517 2.525836204719954 4.928964556798439 
-7.843250220320009 -9.843476532230294 -18.116196581474036 -0.8603555047051085 -5.465399109786453 -27.343663977288514 -28.29701409184559 -18.105167201428557 -2.25529039241749 5.773155649496892 10.2916597999229 
-7.763332495054856 -9.054788444530821 -6.4022619555125875 5.92077949703129 3.069844662199464 -3.1286457070346887 -12.277687697630576 -11.795092954922552 -11.118078777413334 -6.334233537913964 -1.5522500412996936 
1.734416366775199 -3.4747749734387723 -9.494976542981796 4.185668442616069 9.763194391841331 10.004553168897614 0.7693947217185406 -5.733112085847002 -2.529833041145173 -0.9252294858559469 -2.349723825496115 
-10.125503548020994 -9.364583529172094 -5.969396651745808 4.520768913851198 7.67874949576208 8.907054149225452 6.431555521245272 1.9103561574886876 -1.7127555857724186 0.7544149961527047 1.9058265534880974 
-17.134577657720143 -17.025245645968003 -10.104425623299832 -2.941063577720194 -0.826619798702696 -6.569913836347155 -7.432490955345426 -3.61341849938478 4.627803791470001 4.489680493130729 4.000812459588622 
-3.2148097738298853 -2.3059297963067302 -2.4483367988365066 -9.158312560241818 -8.763511400927602 4.481872002939527 -0.9670786298483203 -1.6474217284955743 1.950698067456403 -3.945173143341817 -7.071021009900607 
-6.21286715940198 -4.926095781287636 -4.400265980391124 2.2575571748496612 -4.617046310663004 -3.644237781768874 1.6609438604090538 3.7019321958019695 7.649030496347493 1.172282056607251 -3.591373783950117 
-19.380857987813155 -12.844848590694472 7.970491274992298 0.866815154613815 -3.1379919226911483 -15.374336020066531 -9.814896223903823 -3.4681264327531176 1.4022178227949804 -0.5184955075264881 -4.71949254267078 
-4.226629271492285 -2.3443022225825834 -2.1219940167439937 0.016857884089625408 1.68522006716574 -10.739236544350097 -15.541476681428428 -15.886794032930208 -1.6033540706705423 -2.245480752741887 -3.731962254435867 
-3.0565753674534575 -3.6687201711045994 -0.27980239749949154 5.2362937922504 8.466255754944948 17.19168712582218 11.39954565140241 4.975876367760936 -4.858459672883968 -1.1209432144290445 1.996569179376499 
