-151.07704019496276 -177.87669048477397 -214.49124919953078 -133.7441885118578 -28.834880950751206 30.84072664412072 34.857032036763265 -28.880037750855497 0.12453978100497792 8.681175205987058 0.0 
97.93966697460425 109.05984066738591 104.58712097393254 70.38937268351697 40.05824577333483 36.775955352130495 45.6586974176024 74.77091548934791 63.45859936219718 59.80303833565309 0.0 
69.05245382627521 70.85526832927957 57.78481124397217 26.705218903445687 2.544308281852065 -8.776805988644218 -7.276601586581262 5.611038673210732 -6.114018095038528 -10.672375449360926 0.0 
39.99930288585351 44.16758819593471 40.32297844585866 42.7384768886467 33.30791090089228 4.1579575505506465 -6.387771168958629 10.76317155198888 24.588051087583274 25.813772034376576 0.0 
36.63175027866377 35.84490402060134 27.716397848980638 26.609037574828758 19.953567142552167 20.366176918536333 25.644795486852495 32.75744402307444 15.712074243452804 18.224552836546394 0.0 
15.133498414324757 9.862529543550016 23.191055684095303 18.99060908273234 16.584111404278346 26.562978230243964 35.102722388956096 38.03373626465556 24.770229524584376 26.533109896543202 0.0 
9.057653617051594 2.928502700758364 10.611132897858289 12.044809164535234 5.035095620220712 -2.5359957880095196 -8.1487134722775 -3.6097921878689707 1.4714380461407925 2.604201051037381 0.0 
14.30215907253826 14.524030176938933 19.48491178406234 14.22583758714303 14.309267875436444 11.323195037968933 12.600425419994579 15.25641623403055 17.803864693388 15.90250822220401 0.0 
23.06577888939345 16.841538238913806 9.498298803811355 13.763226498896106 16.86151558958405 19.310202497262082 16.954193659703297 6.348536108353594 4.4711560363833724 5.183650546483946 0.0 
7.687920218902491 9.131399728948672 9.054672449892513 8.062995932768327 15.777267168497389 37.30193933315854 37.312435159049414 21.267071743290636 10.841199657363267 8.723064437458955 0.0 
-7.44460410837059 -2.689956727363473 -0.7577315348443167 -5.529714333568979 -1.696828084688374 19.074555933065884 22.107779445579567 11.679358789448568 -2.9705890797887458 -12.821094865350139 0.0 
6.351942022256763 9.9047949055512 4.097105131976374 4.788337545081058 0.5253267160968315 1.119512341015968 4.60956858085558 4.403658653581852 7.016195935069509 -0.26287179010934514 0.0 
-1.8365008159652274 -3.2795276111974676 4.781655739674752 9.329396408868796 9.059825630754652 -2.2967586192803733 -2.8369197963692354 3.6330606192312356 7.811357797032073 4.0143638714195635 0.0 
7.818639649895115 3.7883879264361386 3.8979257499901796 9.660941353958414 12.813495251157722 1.4953459779527996 -4.8383667185059895 5.012183069516338 12.85062969984913 11.307320549739202 0.0 
7.516411176393989 8.824109244410497 2.575844209537651 4.804539398568366 5.4337767210660175 7.322534169051423 2.2243900075048693 5.601905966421571 8.389190082044538 3.184532911407546 0.0 
-0.5133197954906883 -0.7252676554382542 -1.5540068847255326 -3.033962939336033 -4.482302346098695 -0.12128936844413102 1.7176439069998652 0.7852827776562551 5.0595962153070255 -0.18950229188991236 0.0 
4.032643462418248 6.038115154435316 3.712769235736995 -2.4013821465131393 -1.885986773139109 -2.181433636669041 0.9966861878200884 5.110324039739034 2.6583194193907107 -0.25682061729614825 0.0 
-0.560927776756694 1.4759153336871567 -4.554044302849864 2.4073632981760897 5.3329116285582465 0.5095790355018665 -3.3833915709255664 -2.584126394523098 4.174001146523952 2.296309199643364 0.0 
2.780248941151625 2.6991689065335422 -2.2484194294517463 -0.8357242050556288 4.007712074376364 12.346283534132573 13.849334228791264 5.276714337928957 -4.473282333622523 -0.14939655899426887 0.0 
3.8490032087911437 3.393126783891811 5.666083247065594 -2.165927862071343 -3.7237581790513548 -3.6719742214012046 -4.805097727167059 -2.2756045676820333 -3.644816082058764 -3.6878117732806373 0.0 
