-750.6786022752976 -732.3200672251008 -326.3855678435916 -178.37781342593047 -123.28101569877634 -163.5509753677606 -238.69635585732124 -229.06237288390045 -221.58151520187562 -243.91898418698497 -270.9975797258857 
9.072348281797659 24.377077039680092 55.31620935585924 43.76595881904057 56.91240163337615 74.5947130536271 75.69744916385268 40.04027262681988 45.734067868573234 49.34583761560103 55.551089410589775 
-1.114692091999783 1.2484875987017232 -26.467851328663226 -28.466182584964677 -32.256015935327774 -19.497962222272356 -9.625366469738442 -33.229112098483654 -39.22834287342787 -35.39391365792771 -29.332499368072046 
-3.245898310203145 2.5047294299068357 28.82742681893292 11.643312701605264 -30.64604088727969 -77.08340941638353 -62.0619241647844 5.7939605652638155 13.356755411765011 30.165026826240826 28.915079609808775 
-5.824339612678319 4.369183361715914 6.266259575066929 5.82611035768301 -9.457429699567374 -12.990876527140301 -12.080904360156804 11.744014902154412 19.687267622724477 18.720835408748354 8.643526374588333 
-8.657072213588721 -5.27855232757498 -5.108607180085409 -13.905387418594655 -15.552313513061746 -11.177489160902924 -11.645585447138863 -13.852665792885384 -7.23426743325797 1.8932047025906915 -1.9488115572251865 
-6.082404582763335 -8.404177932465632 6.159335815489076 6.509271268709709 6.806842431801986 -0.29772121137805857 -3.637908946096113 -11.041563809717829 -6.362727070895776 -3.9224169909320312 -0.9856286280319395 
-1.116107363565513 -0.05570479842434099 7.456641692659815 5.26684522672068 5.94566581609215 2.090955484161829 3.1742196110616243 8.038042834779795 4.8806214826192384 3.512221376372902 3.963101470298854 
3.8436165638908806 5.01240830862881 -9.355963026078228 -8.523056788351742 -14.448812778468886 -27.153300744093244 -38.85713843490699 -7.087091412431884 -6.270536677078836 -9.912990760588126 -4.215063186661609 
6.251564241466769 3.3142050106915315 -4.07794371330203 -4.033191674274958 -1.9719409072579173 4.39244191521786 -3.037853054797331 -2.41267904761261 -4.340512811961612 0.9722157219815447 1.7142202102910247 
4.092916749610438 -0.3778198254170497 -7.471439077462265 -11.040449287208798 -9.16142711876276 -6.730570139476585 2.5068539000997 -5.6939795995205 -13.370812587297358 -9.930507214445093 -10.80157036432767 
4.41602711416423 1.3448337861082353 0.048479406050616375 11.14355091631669 16.91865412047614 15.73009376871149 12.740084328259968 -5.2791826781533775 -4.252051283689824 4.927282986456353 -4.030288525512404 
5.175060659056552 7.6083811275924536 -4.250904664471122 5.085741877228398 10.57591800691495 12.044904795265614 4.275537206901783 -1.361489677795765 -5.043588293867994 -1.7000760314964491 -4.1062298392282175 
-0.2633464614850491 6.925158160514924 3.4288780682335274 -1.6218691383376527 -7.73633015859495 -9.880282338915173 -2.850688135226384 -0.1621683576677881 1.3151277852104166 1.1828981296972048 0.5874818818453231 
-4.318654949787611 0.35675046408554667 2.366201644757804 -5.180484394229803 -7.073327834061513 -1.6586297119647597 1.695640909224089 0.28901442491948026 -2.012682309945812 -2.3815739664859947 0.1660759148031884 
-3.6602026064932556 -3.319781964632117 3.1786009544316234 -0.4377350413258745 -0.1090198489730656 3.5140515027139756 3.625567188137219 5.38735515598076 4.980974497662299 6.081243188607067 8.552170133533036 
-4.418838531899226 -1.3799035375774749 8.976175161893895 3.647944862825109 -2.7945786356498674 -9.164926772297793 -7.393686279177694 -3.077413509694657 -0.5793883062081053 -3.518262576077893 -4.453634873617046 
-1.7037824789472564 -1.6259530413660652 5.573899636162726 0.28005181553885705 -3.6159894346270454 -3.2989088528709583 -7.805692858194735 1.694421640688799 5.129955277422424 -2.7663502869827665 -7.720543009881522 
3.9468534864071447 -4.519540780944258 -11.586429200831166 -7.021781718431978 -11.419533427608595 -11.714463007705586 -9.715156657637511 -1.401410469386688 -1.152145889352211 -1.4746255058749849 -5.133302149296883 
4.085591323745879 -0.9721782802291015 -1.665464940230153 -5.473523191564423 -3.105218558662353 1.9608823020591633 2.454598611871628 -2.7544910379495238 -2.1754263425550806 1.5860234954472847 3.7129785600057414 
