-276.4507281182245 -208.9223466989464 -142.2045455585155 -161.62985711460067 -249.5506069379586 -297.7014534666786 -331.00776458981755 -447.92546256856417 -659.2186824532779 -788.7301084931587 -830.105278566433 
45.62761307303463 40.462382328348525 20.56323442088165 -4.627934254858678 -7.568413736719031 -2.2987352006466946 11.065688220768656 11.955078259137332 14.756056039414071 37.46289491603927 11.00380326314374 
-27.296808263149607 -40.50442353930601 -71.0199824800291 -84.65363562608039 -56.10846451738969 -15.469145146550844 -15.147255183889099 -26.390501835036176 -26.236638011338776 -4.425989962977088 3.93360671388056 
-0.4549297568622015 -20.084582904997927 -50.47111697263346 -69.21828933471336 -42.15179760010413 10.213392084979064 0.8628799348468377 -9.07605167099896 -17.733513742233434 -18.5764290291113 -3.814449508902367 
-7.269995674468339 -12.387915545378466 -1.4351940293812722 -0.21254615133068622 5.401931854375866 -12.472487443454007 -18.625845107479357 -28.231316427896495 -27.5869285886816 -28.0933854343264 -8.717697134661183 
1.5017503593654355 8.41821283803659 -11.532824833179792 -27.999350401863804 -7.816829553190841 4.206148654113576 -7.227698658311223 -22.281730888341173 -32.554011436821575 -25.160485001437287 -9.176255211725906 
-15.36838141540493 -11.603101713215997 -9.88994093459381 -15.104775531762707 -14.594546334750694 -12.336047923047825 -7.248483078277028 -7.403025533651455 -10.005393503679748 -10.466187029833529 -6.0773072481805395 
5.278467183439572 8.705540810614693 5.851981790196703 -1.401291539185679 -7.6044446334554685 2.6330058769184195 9.71091224410771 14.158204637002433 8.656352409370106 1.8407734041767403 -1.8424136177135688 
3.2864703045028563 12.052297100729504 19.346071393648515 14.507957008713635 7.296822950703941 4.674409211163255 1.4482187627175156 -1.1787319065080417 -2.116213185173023 10.927447486332476 1.2244770501988826 
13.593421086912505 12.888144966259588 12.707901727241035 12.653262262332728 -7.32007981207921 -2.5305209178016463 -2.0349947052902633 -6.176812234428097 -0.6826016544418693 9.02042216360977 2.1543435228189 
-1.0957666973899471 -5.145293201321789 2.3348745313620896 12.064383725918841 16.545689425082116 5.611949489067287 0.41783226318024314 -3.4608667126797807 0.291179475485595 -2.9098507449718864 1.450166952520332 
5.399582214232472 3.949556219081537 8.962145656648229 17.38024186534195 16.53256688205955 -8.017825219926745 -9.679916339356788 -12.260862961238885 -9.173393619463038 -9.280784417819712 0.323919899546934 
-12.575855643172806 -10.359579678319546 -11.118810497294266 -4.239064612992127 6.939917352747731 0.3713907800981682 -4.018127306516133 -6.601615405993311 -5.600395610623668 -3.9931184765256265 -0.25327965195278146 
2.4737055256331555 -3.884160816813155 -9.979960839355584 -8.106608418152058 -3.084514942578656 1.8965817368526703 -2.928226438446962 -4.683691549047026 -4.966115230198082 -0.875700454412782 -0.039103278818097276 
-3.112822515881465 -7.749680523636078 -11.113201111387701 -9.092258035385552 -11.33009305512222 -0.6143110819431605 1.0293359866277678 2.3117848500426703 14.46870329176925 2.916710503473502 0.6205539115449619 
-11.778200252873845 -7.859802567986563 -3.4549356363043424 -3.1606986687141965 -0.0161283478240129 0.681783656273313 2.805588739161573 -0.009476203553839158 11.452507505272628 4.9581215210775715 1.260293607659337 
-6.866577067286366 -6.37480923484875 -7.87125577879989 -6.51709069694782 -8.823536660741294 -0.9891868520815428 1.6530506584906093 2.290982237997187 9.390313470968396 6.084701070498445 1.6572278950148542 
0.1421476218372002 0.8242024147970325 2.0244335864746246 -2.529126792160121 -9.436428971683764 -3.8321777101892494 -1.601664687038519 -4.804961845264248 -8.670172061868051 4.891469468021579 1.8546460592615208 
-7.225499198964118 0.2917333294735875 4.684097201103137 2.7126230961705717 -4.436233495687295 3.166021172281409 2.704831153592405 5.324245198169976 8.118342255317646 -1.0746064115308425 1.9292294195911346 
-8.497548918219465 3.3671593349348146 13.514197867411662 12.94294397544297 2.238175390553849 -3.9402091975455193 -2.36384656962154 -1.105414252234493 -0.20018163875613426 -5.991416939641526 1.7668051720724152 
