-434.1639312360137 -223.4225859907948 -106.6227416917983 -31.629779275698958 -20.68238689416919 -78.7466094874456 -111.10189004337909 -147.23974765517016 -261.1895689633608 -556.6829043908567 -637.3941698265121 
62.43400887128452 41.969626506877795 52.68694598632318 49.83863573356546 45.48176168625899 44.28821499210522 40.6439027891356 33.867613494230596 31.503627246252364 35.197538229506165 31.285149457338598 
-8.93457684045544 -14.609976455613907 -14.699957101307248 -16.652751726056835 -16.6880537665505 -16.580505521591043 -27.386904982668028 -22.08068166877177 -18.71654275338657 -7.249843004997649 18.931486104722776 
3.214102945989983 5.7847338611969565 -9.011965352367211 -47.765223471099446 -57.32016409616679 -26.08841448838861 13.442993585886263 15.34271456616655 14.651918296680032 3.1831962024030283 3.668220317111739 
1.8828872366631513 3.073296959657506 -7.503305212043122 -3.68237570396188 1.3756865448352473 -3.7651093391171058 -7.934183974302345 -5.407849538437787 -9.04158636965146 -17.914178275493214 -9.359626358240302 
1.8858062490888126 9.310884509932032 2.7876627361470074 4.189775466115139 6.552831023491811 9.043964578047266 4.173216984153862 0.6137344569001418 -2.678078756974316 -1.7006474573262582 -16.86786984462025 
-11.371457758466974 -10.712726237839133 -9.906055858826452 -23.093670715348004 -30.695564217976923 -21.223921128323873 -7.340512409071419 -3.0915663849270523 -3.1149365546305097 -13.171120212012454 -18.446206905190206 
17.49666303584541 4.84909716782072 0.6293559875417317 -7.564831745464561 -8.287064169479484 -6.8900764541453405 -1.420943174310918 -2.577300684862564 -5.529352202773037 -12.270170343911477 -15.943936128929092 
-6.672988663291951 -8.742888571546477 -10.527088581530936 -19.944743442106294 -25.873691543969738 -19.71020891402344 -0.8296959387841273 0.4870396769944444 -4.179406195287847 -4.371202953853479 -11.911624748506622 
9.571346060222478 3.3152317962541193 -0.9808228597559348 -0.5389428607270801 -0.834601622087872 5.683801497309633 3.999612960562169 3.1253983900080233 4.916165562658101 -7.903853783203614 -8.19570599849189 
-1.3268501037379499 2.329001106606939 0.4317953750231226 -4.427538372003952 -12.307241257928927 -16.222996044079867 -11.193962506663752 -6.9278384457466275 2.3379438371293024 -4.4284962355616475 -5.420518951794207 
-4.045589307752984 -0.33720016532660224 -0.10010647775659115 -8.23695159731225 -15.744873394783879 -8.543919156829485 1.0396446600434857 4.284271026080628 9.706651655046787 1.5217902319887713 -3.346465308590542 
-4.0822596921481855 -3.6318123121331904 4.386468379096937 9.233389185747633 -0.6144660947620479 -12.33423371597151 -7.26960844305985 -5.561665956008383 -5.42595722002044 4.084610594841354 -1.5543157434020263 
-2.237185731269037 2.967246366293929 16.778470058979288 28.21570963989913 26.879844202055335 16.076959630826593 6.42792165827832 5.7701759238495045 5.619898335514042 5.242382730406957 0.10671182957639516 
-0.32075471828005264 4.036994460087254 12.608000457964282 26.723227377091515 26.61048421716417 16.68238290197869 -9.066244821891281 -9.60674709646301 -4.409638074205111 -0.3995221117173262 1.4941765217389416 
3.077814941689587 -2.0205522903849076 -3.749773049425425 3.4480158938703545 12.72652550084618 23.352594979600585 5.945096135042314 -0.25967668347409606 0.7412283272667102 0.2799589864038483 2.3875145595903837 
-9.468169770872084 -8.300567510869897 -14.411321673363087 -12.766034788368394 -1.7975807590364823 14.734035340236879 6.89983081817677 -2.1968258012339845 -3.9063175550976483 3.3134469597044283 2.673154707152733 
-3.320379267407396 -3.7489953847890334 -6.386281967926431 -10.184568683833518 -5.2161327957060655 1.0130177232631759 0.045007003345798824 -0.3502197619597487 1.7465871283362908 7.198679457264349 2.3932648776792593 
3.005322119943788 -2.5024311780414203 0.42040138291551354 -5.133359089516566 -7.2901892007884905 -5.13091180728747 4.024993229368867 11.35598299008559 11.468692469508825 6.049995070442017 1.725845252388857 
0.81421341653446 -4.0602397223936215 3.708790550627025 12.35869002837483 9.334105193166382 5.78826264574737 -3.541175362718137 1.598453728679495 3.526542270978466 -0.4158323235834058 0.9730301055652584 
