-372.9642466999872 -344.56193679132843 -288.8384072706743 -212.97633290119018 -186.87958481412227 -225.41763299805342 -321.8997514568777 -324.3538080674347 -313.1625976026699 -310.1166046218251 -311.99862711737563 
19.512460674107018 8.46178150345325 -10.503227476315232 0.9146087729087193 5.6998461879691735 7.379636827703476 16.439434227086764 -10.313623810622229 -17.973300782649506 13.565602549595146 42.765380405772156 
-25.40215031950577 -36.1028463593845 -33.36628948989687 -80.28969786196919 -109.76689830074255 -103.10058871280697 -62.13735446426555 -31.768998530432988 -22.113940382121235 -40.52188511389007 -52.20153172184416 
-19.350892049501013 -23.539188375019165 -24.727332591551978 -72.79537799169893 -92.39059308329138 -79.41631811684815 -47.877733859956635 -18.736086147700796 -14.974186899585588 -44.18773459211086 -55.494429212746994 
-16.35827925467099 -16.46977594746521 -16.92657540088135 -5.271443306589546 12.099521019658251 21.176354437061118 7.354096381568324 -11.160319909949092 -13.155941044658636 -37.48384511674857 -41.42509552741386 
-12.074446181416842 -15.176521665572821 -9.992988385133703 -12.333153058864958 -36.2700470328329 -33.960200675441136 -7.645785537099161 -0.7880869084413378 -0.10160860704552768 -15.912000153030494 -20.62528981537224 
-14.900410447874087 -7.9701158674145 -4.202372571511222 3.0745445280914065 5.799476397529917 -0.3988331675333714 -6.894188813706695 -10.219799535249386 -13.029172755779172 -4.492733353377098 -0.5039866798854108 
0.37591710395416156 3.394194856901572 7.27163332937039 4.639946176638796 -6.543210319195752 -17.668558568393806 -15.778916293262286 1.6520000044273826 1.04317321814385 14.255932803842539 15.344947961173489 
10.462892796640727 2.286365838894283 6.5296872283301415 22.093908822433097 20.887970287640993 17.82115252302654 10.29290860657283 11.745900558139994 7.329323166154936 12.796360663936536 11.670462945601237 
1.9160824222677644 -0.3852109051990016 0.7367871971932647 22.64161979252874 32.680783725675354 29.720003499704646 12.827322415988935 7.543912073231077 2.3534222365644673 3.761647411918965 1.896330054692763 
-2.737534860609039 4.898497542789088 -2.7868350168199933 -6.4132396636939895 7.093410477586394 23.418643204406386 15.241689664342108 5.604921946737962 6.02943527101828 7.096830105257327 0.8372645225768957 
2.759122162460584 4.005285516895942 -6.137563570782582 -27.33584528858585 -14.006999397181989 -2.468073683525877 0.7783274362617024 -4.149464098709251 -4.368676740844416 -6.479129220450626 -4.718697070742855 
7.249575687901407 9.888916940591526 5.52329793710169 -15.797975568715103 -16.97423573522319 -12.122553995969971 0.32291854435270473 14.030409303938239 13.254899882595751 6.092490644188821 -6.733373741734046 
3.681706022911053 4.745289153477661 7.302553030344332 9.357251847050085 -4.152927786168794 -12.221997087833762 -4.947932570470794 -3.4786884471222574 -6.597185366008922 -4.931136415380861 4.512181110346828 
7.097876007102782 2.7068456039323476 -2.671603460133386 1.4203512552872959 -3.79729256878488 -11.768498420734652 1.1972059685074317 1.099443146767479 3.045012329950395 0.8458319985356304 -4.511285181923408 
-1.3848125908952242 -4.097970245476716 -4.801014124151941 -2.2062175203683534 7.355027612070521 7.064052424471176 -0.19887790425004737 -2.4774062456720367 -4.177767439319748 -5.571627972111238 -5.75805017374277 
-4.53819281225986 -2.626321705784 -2.118711923444448 -5.748759611796763 -6.2640612560122175 -3.6009439449829808 -1.6635277527586496 -8.030978225615144 -7.835107301617425 -2.745103797256735 0.7742692125450837 
0.5718210192886354 -1.2694404168439348 1.3279038626140214 18.282351304443065 8.09617880319818 -3.223939059117458 -10.159728053565782 -0.7872211147855483 -0.6172864894748942 2.0918869543751075 8.343444336355905 
3.896910774510964 -1.7154970295382737 -1.1871321040890652 12.65683108331929 14.266747211738666 10.60859323881649 -0.7649437806744316 -1.615723089458418 -3.8595154290009113 4.923086743691794 16.091704290752922 
-4.558640193135001 -4.2765885020499805 -6.997068618325017 -5.706395794118061 4.169031864487044 8.108561324187106 3.328590604613268 5.211974599751776 3.911115168508796 5.422950739387158 5.328386915234588 
