-371.0028186880936 -411.1119333310451 -554.490997361457 -298.29619928441855 -136.3888523653546 -62.777594516425026 -87.37007265321893 -177.05295999094824 -225.17461471818456 -228.95453927896168 -301.91147482297254 
-55.625240533814825 -41.09302769984589 28.24043546890384 79.9655052232585 48.83312690185401 18.348937995783977 -2.9560346078490407 23.058582983962427 73.18864677497346 96.00580644085252 96.89764582971293 
-49.00616277354709 -39.84191187014887 -13.997188233516926 -38.20126831672374 -48.80087584408959 -77.3231325150975 -96.43780261022593 -62.63933172270472 -28.66243805066574 -55.27078955278629 -74.35667918801057 
-18.55052308969305 -12.27962772761034 10.658471894030559 32.29037114163397 1.72151161239253 -23.587670813825696 -39.33322331344782 -21.003545915777714 13.693566142265823 18.923694389758403 6.699512738036259 
24.297780041036418 25.41459956965284 12.111220979264273 -21.30289840338586 4.721400181667432 31.013006072212583 34.258496955858774 35.82959348928809 -12.03996605865358 -21.384965482474836 -22.457153309257755 
-1.2195774958379355 0.859481192417457 4.391925835956105 10.142545170405834 -2.0496999912573926 -22.94141524118148 -35.40249378110649 -18.93058744978103 7.952864218691779 21.263079175999366 27.33458939813285 
1.737044016826444 3.95749730213851 11.235337517488691 -2.818645239419355 -8.794783283150267 -13.92438429902634 -17.08439593778622 -11.758514322325905 -10.18980822059093 -16.827509046861184 -11.385258461347457 
1.738983679499157 2.5331835706062704 2.1572460206156645 7.892317127047061 -3.1912045704486216 -6.256688292948802 -14.339930482657746 -12.580021695670688 0.5282667730448347 1.9475234608864378 3.7311244586710464 
25.14701601664309 24.128121410170095 4.8932258192343285 3.414983146029078 12.360049946292026 18.3841884501732 13.331313363218293 3.6332578203612673 -5.742475707121712 -5.56899406876733 0.07297409305196839 
-1.5054641116776206 -1.2073667383387223 -4.493151058701889 0.3130511932028758 18.267286209864956 29.510185923868036 32.19428478223773 10.15826759277268 1.643156950133641 -2.47664510062821 -2.7311506947930693 
-9.24026098720115 -7.488591372546679 -3.9877362106212044 -2.697359994008951 -6.904189094737691 -6.614159179588033 -2.0425186621705542 -2.904116648024088 -3.974433569525047 -5.80369925451314 -8.89265234095405 
-5.389652394586816 -3.9293347023514666 -0.9946712161597224 -1.039213604219167 -8.54310085621271 -4.16779032410137 6.591202101753419 6.879682082336634 -5.8547397162530945 -4.4346633590042295 -6.469782912477064 
-7.894263721107023 -5.591115663924219 4.321256189343811 3.814779408004501 -9.930928851365845 -18.62413644669097 -15.460865513023872 3.7436351614164427 -0.14421423950151147 0.09247834929972032 2.8142852890009538 
-20.462143712108258 -18.586032747976525 -6.564187521948956 4.951605264047357 17.62270740162129 1.4691793483051723 -9.182235579473886 -5.98295684175434 -5.160585116903384 -6.595288710506335 -2.764818863500696 
-2.9716222217176766 -2.435770718163816 -3.760624114986819 1.7114517283728086 -5.086194273155989 -11.294740493979182 -18.56932408743933 -16.207876950311974 -4.494013898432476 -7.388920258676675 -10.750141342966216 
-8.98533220139511 -7.566995916550049 -1.396098169228371 -4.896263288780725 -5.07868558082888 4.6076715027425355 1.6960788290967521 5.580361357601957 5.339348211215171 -6.468341545872454 -11.329098565108808 
-4.302060559661401 -4.15176622445075 -5.325491366730435 -10.15226264633374 -16.069350395841184 -13.362831851431629 -7.523780633100403 -4.640480699661136 -5.140083602834376 -6.1510138920153 -12.043858980494381 
-2.2191793218663265 -2.742865799667316 -8.163894104408506 5.983511098953237 14.416622893526252 5.006366195068399 1.7136865922809126 1.091631109421638 6.371721914464048 5.702623082431532 1.8131820683835145 
-9.44412370458129 -8.947585324833689 -3.8283563279477693 -10.519719115934329 -5.529362302345211 -0.4801284020774401 -3.6764396711285396 -14.620450656407733 -5.895406483321834 -0.9143079760906798 0.20988582328479333 
-1.507292250533186 -0.7602080928617345 -0.7724973987766396 -4.6165408120501805 -10.350747743631983 1.6486875802163314 8.534430065882503 12.148877883532238 -2.5094226281483 -0.8607856434267938 -2.778653660518927 
