-398.67891197801185 -165.3152915060553 -55.74571041322164 -36.34412902861914 -46.64558017736438 -84.0184577983097 -107.32430990645639 -79.8302918130297 -95.34174172797115 -177.57815923442857 -308.5016384452931 
51.22460265017948 77.62747356641536 74.6710007943588 55.91772816198611 31.407997696755686 28.75303050683908 39.30003023307515 56.99710883247768 82.70134804109193 130.66259831453127 117.28540916508854 
15.625734632074302 -7.048655064491561 -11.61980267057991 -14.179711910992925 -8.144270945058508 -3.602282004198263 -6.170445291953611 -13.082901828192405 -8.440291554388162 7.5718205509344365 38.75546224729308 
36.115240607560416 33.28840982169657 26.836390930168804 13.596015189884262 -20.620168457575105 -53.076602601549595 5.194269574969809 37.07425430942026 33.26772221460686 22.827991233951654 20.006786989887473 
21.5399916457696 -7.2526233682362395 -13.2826713133774 -12.22268174840406 4.91480407250454 21.674171436551465 15.900979001140719 0.46298517711239645 4.0842778361938405 5.282991179973544 10.832411556381503 
14.446559918043551 27.256051743499278 18.172904640899468 12.949787193781042 15.956414535478832 21.756505327884206 15.980660358468558 17.17104418280332 18.90794583747055 15.867176550094108 0.008743050128067198 
8.087633924414408 -0.018482147078364042 -2.8542409237494994 -3.0814618641047664 -2.4598463973642395 -9.124149377214552 -1.0854462362035437 -1.9140256224656793 -9.294251290415549 -9.668459673436917 0.9830547215547382 
26.764021510878376 9.333542486894991 16.00420337575411 15.004807553993484 -0.9713679096686404 -1.8586541413315623 1.6674751295091306 13.350468870871278 5.800317738250867 -3.6716301972120107 6.341659077701209 
9.075810157782307 -4.830776563964111 -5.260219441826448 -1.3020178998074858 -3.072397849768495 -3.827909106791036 -6.887140531653935 -6.536309193447903 -1.3225307139878564 3.712480259156038 1.8107981565096427 
4.949474503277064 6.054443231031357 7.012458933431873 7.529801105920676 5.994998059691566 16.479110806840595 3.242925778229929 -4.127271055805566 6.8701485860433475 11.022811573435385 5.574510957778675 
10.051545552357705 3.066437535415079 1.6502306952946468 -0.4521344659651084 -4.334505388855966 -10.820143401329481 -3.7116576242088932 -3.930843440965534 1.750900212480032 2.0647400727018215 8.936952181475661 
3.5864218682056808 -1.7843602052954701 -2.0394450520906346 -2.3421015573868917 -7.142663739635587 -15.759815845700498 -10.899653342174101 0.3503091021371536 4.531480784873663 7.20722770958251 9.7489436217806 
-4.654325836987338 1.6528841673418901 -1.4598162526778125 1.4548432017659207 6.140181633510227 7.283713958697737 -4.091944906164815 -3.4077639101134807 0.2760107072956267 9.454388263597851 11.653057027109003 
-3.665254441408223 5.655618840124253 6.409219162804961 5.189465454269285 8.198733242497648 8.23130979442086 1.9070391180832411 -2.9173739128236837 -1.1196604576368645 1.6449947577267892 2.6949787180438545 
10.442816375065249 4.391394465924699 6.69215276953987 6.783965451331868 16.50707415301479 26.22511849864751 10.245653164234966 0.2246529265028141 6.04140236513855 7.19379568216809 7.026031919136687 
1.9458826461075944 -4.897225970883343 -4.129489059557544 -3.6912746520176314 -2.3565823501769083 12.11024499548214 4.910286571862281 5.8971781921516495 3.952650575901037 4.627678764391255 3.317817139011118 
-1.0076246488630265 -4.877236861125709 -1.9053891646586498 2.8818814639591706 3.266500833290845 14.054749754636596 5.61519748161102 1.9519921134776304 -0.6890121828663909 -0.2946166762623663 7.3411706445837215 
0.4791551742975675 -7.639726897501602 -5.464051440942956 -3.499804458307759 -8.91121364443505 0.136344837501773 4.385418350397011 3.9251229827142917 4.287251739085731 8.335403433784514 5.417145867680976 
3.3966334665167985 -0.652429505011173 -4.211787679324507 -3.025590336632584 -0.7840173686695968 4.150565134844647 9.597122999837248 4.316810190436997 8.7599108963697 12.788111939741377 9.601599179423305 
2.3792120505363066 -1.6686183809280695 1.7299480071752475 4.401182612472397 7.515607152416232 6.097814663934231 -2.2910549962683415 -0.5579629997943891 3.757719603073089 9.164507136338836 8.63008034974259 
