-471.7197660170247 -470.4473555776861 -469.46512987334705 -275.6535157997849 -134.9849657937849 -65.44049968517643 -80.7812228049032 -153.5614737104275 -186.02755465956722 -266.12843319300737 -401.8422840040346 
52.64065525376504 51.13473033877824 48.3309216866776 33.57119348334106 11.803433608454874 -3.1835925158487606 -3.9549083037063184 1.4514198209279707 7.14772773662399 24.25977625344096 98.33054277543863 
19.10581245401719 18.185284331788402 16.34849061001917 -43.90493257310763 -35.79671892335425 -27.509726130360278 -24.009683908778918 -33.498615260814745 -43.71872858017001 -23.363457098986565 17.498056351033775 
17.439104197405328 14.25188702008992 15.268848491036907 -0.11804301810015039 -33.61544077442718 -58.81991418559052 -55.6278892375454 -1.4566966907852785 13.155867293524896 20.792326063634867 1.519271765528565 
15.599070955016561 11.692598254105633 5.4151757688587026 -9.715118629964586 -7.043791720440051 0.42151242407305667 8.131574031528933 -0.8292190575564511 -3.8899513879422427 8.188662084748735 7.714952620904983 
12.442597724059155 13.34685230489448 13.132389306609362 -5.55077129721319 -5.283887247907497 0.9107149619370306 3.383774833848036 -1.6252872955744226 -0.02912773022943793 -0.09332413573675902 3.0881784447623355 
6.125565462555908 9.639926606593312 11.447592510406844 10.615223111551899 -6.9890579398709365 -25.71514402968505 -25.31056898085489 -0.26575411646047725 8.721689503843098 7.661247050929781 -0.7586746859619753 
-3.9207809608538 1.6350691610008716 5.089583674520602 4.958959412407044 -8.369951569045803 -11.879528293851038 -8.49132887104928 -0.3106158880624268 1.1509421070688244 2.5043379799878296 -3.1069778104209576 
6.900636541654162 3.7049735989754646 4.2983227946386044 16.381884780376396 3.782398648712058 -8.06198534815738 -14.11489876932054 -6.164187950329808 0.2751537447729496 1.7653706121509005 1.0696017210149058 
3.5925431358854314 1.0909724181465255 2.909293638837001 -4.644972709155615 1.474817504506405 0.6304190411682716 -0.7225601413770025 2.635946261736251 -3.195848088772579 1.43745626228424 5.731264435779736 
8.030587967109103 7.910894905141921 8.36987412912213 -4.102376193746597 13.62557395779012 11.521314879472781 2.8022225374339116 -3.0160916930267243 -0.901164838228046 6.250201846173178 9.960798988791886 
9.5364471846687 12.619969104534999 12.981959249658829 6.20073237530964 11.50193882583546 11.94191945785035 8.859038059438717 2.0461975047055603 -0.28064569216707014 7.081476666450046 -3.480669364808627 
4.932414784357467 10.578986637066027 9.681033693188128 9.988443028663086 13.077915988215585 23.851064619635878 26.76828938605361 5.900745949782234 4.264659932370505 4.172981487689542 -1.9755728282408584 
1.7765302762854351 6.615188126285501 5.9847016667913415 4.530884618602466 0.39966009064571906 11.215286737434592 19.59866558137864 9.094870463836491 -1.359645752415208 -6.197251988692257 -3.0725355640748253 
6.5666785450651055 4.761270356669792 1.5440522414904443 5.005370018039056 -4.73810466197651 -1.031522958160751 7.67941955139621 6.889405520504592 1.9375393625061663 -3.789481763803355 -5.200891650601195 
1.4702349227006932 -2.1930166251434904 -1.653023451985595 -3.1006396393639255 -3.172617341603386 -3.839508215575316 -0.41275086637473746 -1.1608026849479052 -4.4449693159392965 -2.819190354125273 -2.3546444143808336 
8.79277582803984 2.553096630772243 2.13643944675395 11.646239780211552 0.06936073355289327 -4.314919871129227 -2.676592070647243 1.7021762838836842 1.6371175910320757 6.6603294205530155 2.9498458527803773 
3.3794667855861134 4.548571985797851 6.623556884395059 11.476048237595345 8.084051733524118 8.817081915852484 8.491382549800456 -0.528422914878092 -4.4008614176036795 0.37863270253052944 3.2159268436537785 
0.21041984641868705 5.705626895869862 6.802033555043625 -2.555728437491625 -11.986887595476466 -5.739158809526935 -2.871589430687415 -2.1797542474214637 1.055256365021679 2.142155244249235 2.5622044572086073 
0.3742429622730241 3.943939818147455 4.3262013988989745 -4.4878098978609 -5.090982529510679 -7.550089992955467 -4.468015202452314 0.6905692531766197 -1.290743201270939 -4.325541662239143 -4.140856164432281 
