-696.3148637740165 -272.22967895457805 -116.599326800295 -40.48076694093855 -48.7262747347795 -64.91440098140625 -30.4265778194841 -19.57013438681167 -61.51550079333585 -172.56781215522858 -392.20500756742905 
-24.495822353065293 -25.341175536215673 -9.201812648719784 15.555809200592257 31.468681980884497 -8.416474819422543 -39.012591961455364 -40.25547384631534 -42.11985437026859 -41.028042229482395 -19.061316500041016 
4.947739624418931 -38.09223938790825 -41.44207616166217 -38.627863625509974 -21.64705861221104 -27.451374771848755 -13.235905612671521 -11.598845189827369 -15.644571074897272 -16.066355370630582 -8.90771492800935 
9.092758198173257 52.13480587403744 34.22440130379263 -13.212832407996249 -55.66931584525247 -14.570063106886959 27.852221951869236 32.26222099421286 31.41351825903798 26.086448438981698 16.376455028201846 
-30.249616400229563 -10.144432535254472 1.0240069011824655 -5.422088697609271 -8.045932986764099 -35.14231819216292 -25.72428271670772 -25.83541046921721 -25.75819596155565 -25.33588818709402 -20.8076297582854 
16.136614290460443 -4.453591573174429 -2.9819183517307426 1.8510295844732818 3.652642913369261 8.55849857110023 7.777769228572049 7.829350138826124 11.793888722889275 12.978300102081326 18.423206024050018 
-12.053863820738218 -5.397978450538515 -3.9047321787140232 -6.22564274218929 -11.80657986729793 -6.638592449929161 -8.493083860951955 -6.490103627005313 -5.449292610986013 -13.893985829100973 -18.605830283000518 
2.5836143623544854 13.605207665454007 11.543782986679759 0.6232698185331011 -5.765880502785393 -7.309499495404704 -1.4233890666076732 4.6503070109115265 6.543039171876428 5.404615432340007 3.086253599260964 
-6.049147131821615 -10.873666654282802 -1.4042524554686469 -5.797289298598347 -8.014320896750473 -1.789030003165827 2.152287947083177 5.977377004359948 7.095422230915153 1.1695083524799983 -9.864903563930872 
-9.456298533219892 -12.329575577193683 -6.481538138891073 4.2683306017746565 9.037329022109462 1.2324626734667739 -4.913401158240061 -6.209238960012854 -6.527790852177361 -2.678243500878855 -1.1568757714592957 
-1.8674962853289996 -1.6269086820060918 -1.872198095235454 1.4856058256869196 -2.686656547934816 7.733223131409385 3.06253519986423 -2.2631123985182797 -5.793384391365362 -6.274363367750663 -10.550310018840353 
3.660004847542045 8.22011161118618 6.344836884010131 4.392773950873235 3.0746230194170843 3.4994877218570837 10.874251023042014 14.406715178456523 12.014792099924415 4.4894719281233275 9.661618815845696 
6.19760053874304 0.5412573583027068 0.32989967288983624 -8.472476931225982 -12.266200077006744 -4.810659049367429 8.643005216431682 5.174186776342266 -1.8336785665731927 -6.432928086937032 -2.016975262009479 
10.94409886781381 -4.535556255855413 -2.6691187255232136 -4.913180398844417 -3.734976219524661 2.6760950622411204 4.5289782681993245 -4.379585215104739 -7.804537822456983 -2.61970792448835 9.46983327291431 
-8.416390931550541 -13.657664555317714 -6.185530689990352 0.3388261808961699 2.5244785819988307 3.28909632123495 0.012759334010631895 -3.3008818310603654 -5.025930929236125 -2.5574871410159807 7.057589718260786 
-1.6093875324180416 -4.4013166244176105 0.04054966083849687 -1.5140272595139388 -2.645949987154456 1.182803618201779 -2.0967224583730872 -4.5974972697495335 -3.2119417925162006 -0.7164258875460678 -7.071301557681982 
3.1530271151910085 5.792833754095397 7.385231744918015 7.274337980338029 2.945762012878874 0.8918419310547032 6.569256924508974 6.377435485167807 9.046546256422902 8.16327944386769 2.6600367471338595 
-2.6636821583501167 -2.2089351934223806 -2.6861942463975197 -6.820104248267917 -10.107703617996322 -6.382502148859645 6.37029779987869 3.6573459680913385 0.8122202812763475 0.9537531481703898 -0.8047405774057956 
6.67387419816741 4.85069706979794 4.19565035666256 11.933417034722122 8.55205965129468 -4.161133030161346 0.958155100028034 -0.5787605360146817 -2.7085310240282543 -1.7038298509057828 -3.4713736356684928 
-2.623312760029413 14.384361332099779 14.83213909702798 18.343773559070254 14.607793967165787 9.510388267083302 2.2841819602221847 -0.7144237270200378 -0.008936325327151773 -0.13525098373717614 -5.342757360448996 
