-308.6631589897517 -157.5927235102002 -32.76588656432917 -1.7056103345842086 -26.621977762653405 -97.8875482304351 -66.33702709698835 -30.164370477707678 -71.6270569938958 -211.08510856132864 -422.28597300045857 
37.549757502165185 48.83318464221638 49.29084133147268 46.49152526427146 19.888303737310196 -11.427069604959385 13.910122729454788 20.297059071689915 14.557359540510316 0.13105300310660994 23.789278494816443 
-16.86021033716569 -16.15914072325674 -25.261621249539676 -30.45266003017001 -21.340248710417413 -20.901958092724364 -39.05422446561745 -39.72449445455183 -32.96960882194257 -21.204470358370937 -10.287701477332535 
-4.256216715227368 -6.934915414783786 1.843568382409868 -0.5634149981730743 -32.30304226020083 -48.35375974795246 17.086835724442217 26.112131930066866 25.467699580943652 20.998982877781962 22.999431320924554 
-11.305162585067036 -10.183700536212505 -4.053600466443377 2.965228436513887 11.56402541139188 7.909724217341009 -5.154033019069608 -7.814100875506781 -13.427185086908441 -25.043945785776554 -10.313575481921488 
12.020445492898332 6.855648867433487 11.097017217750611 16.828889180150867 22.13577466088696 27.2705470272941 10.199324130373547 8.803943314168563 10.379646120992447 7.213856389957098 -3.0567604645058974 
-14.309612584557302 -8.275688716815258 -12.361422473798113 -20.52658577394495 -29.01510928475117 -29.105855766615633 -15.224342025751273 -12.285326646881972 -11.047955513464899 -4.8080128031459655 -7.345039026099982 
5.1923426401564114 9.024009845351543 1.2298491493736745 -4.354076572245203 -5.285045271268832 -6.778522160097654 -6.206875323130198 -6.639088179748827 -9.491699465860478 -6.451432744513214 -12.131593598459363 
-6.442554739504157 17.04548232249655 4.2680484610197436 -6.631173727997989 -17.067955776515312 -20.451317655852975 -8.99531342846781 -4.381761990839089 -0.7978728959730161 3.8024294022347265 -2.2555336262324235 
0.40726278581047276 8.021507257039417 7.490470511068953 6.66587586003314 9.03841050111447 15.21865946716262 2.3203824178793466 -1.1765248980674508 -0.3993533688661889 1.2917668398625797 10.869100127763842 
-6.166088979996716 -7.517157758564987 -11.513030198782786 -9.576475303013128 -3.2543003111017974 -1.039252961391095 -5.835158723981364 -8.5145192168433 -8.091079826360362 -4.945859495746028 -0.4991289277110491 
9.544977184627996 0.21343294998507512 0.3393788325317617 -2.041081725348084 -9.906409243272373 -8.036015404536405 7.111059843048817 5.826997054144698 7.009398098892931 5.518169511429338 -2.3060345431541336 
-6.19922579683086 -2.5229500143530363 -2.510668753427404 -1.4042588838537131 -5.469327912102507 -4.103609511783069 0.3731488217810074 -0.6492220080874261 -1.2399233812699177 -3.6039258081260876 -10.37776732081555 
6.402418386829697 3.1334432007484225 0.21450657262199702 -0.824944610126511 -6.424684094330945 -6.033755632500218 7.491761527390045 6.451835076312228 3.5491910597256617 5.793253845053596 -2.859969046506488 
-2.576452421721333 -7.028363326009098 -5.274567498233676 -2.3811790264998693 -4.130339509166699 -0.35346891321620433 1.7995591238613127 -0.603208207432738 -3.8338510017658365 -4.994949867380825 -7.521278444558388 
3.3106333374264114 -0.35988339833842964 0.5703602757629926 3.981271809883853 13.890601365697963 14.689590739975152 0.5204017608803158 0.22136786337550318 -0.19572269696542755 2.6409825119989323 0.2057345044248038 
-9.637368273028802 -10.145648952090438 -8.47588606535701 0.0288126913277027 11.03170822099236 13.8485678000191 0.40835329248304086 -4.060642932922004 -5.464710783154182 -4.6694013604906015 0.2331787205805385 
2.246519371022781 3.2228433989233984 2.7880973443114425 10.934814562054092 31.119628036158815 43.49543468063952 15.685886854494289 11.010629978462992 8.608105162418099 8.492091883268317 4.515556221680906 
-1.431870681168056 -15.71492431870052 -8.462156237097473 -3.0693215872533837 3.4136305155395252 16.317972418433047 2.0477995954006842 0.8339268659701704 1.214825550349663 -2.93552358231665 5.516168153369686 
-0.276769932253914 -4.94120502132128 1.6855146685846742 5.012224155522203 2.8350344667364045 3.463195776226064 10.6189914134077 7.86192602858228 6.0834960502911 -0.22067279008167606 0.8605222841824629 
