-412.4229926613422 -208.20151056067664 -84.2912364723591 -55.71998557905559 -88.16019432649496 -103.79991412522318 -144.00886239090946 -305.65606215531085 -455.25168021556885 -546.1118323935232 -589.5599450790852 
30.64543365740436 28.551600085513787 39.24738992776993 38.452047213915 42.82186196279581 30.345102482010052 19.687863542419336 11.892692631225906 23.232436606748927 51.92980323945912 62.86922422464471 
-56.789536962535756 -54.094702152533536 -68.96540235468865 -67.16064613297354 -60.370255145763366 -51.154784844555905 -44.111756349006896 -37.48543246916622 -51.753915941647946 -21.947878542397476 -14.111408197296832 
52.60252197822824 33.8539980391303 -9.205926864596933 -38.48607970087856 -31.841959552306868 16.856702599096128 29.89264083632637 32.12775747496048 15.100251822759844 -13.709650455283937 -22.373578433568213 
-43.66279988351826 -32.49055299381588 -30.47064316152067 -34.281031096942705 -37.16750923376139 -29.432728435918527 -27.859260259585575 -27.115787969920664 -36.30244726800736 -53.690104632322885 -44.08731818477882 
14.479424106226066 6.713362568702307 21.640873004735447 29.595666998039988 24.974632955788397 8.011293159379031 9.25638020685177 21.389079413750284 11.1254645618816 -9.941515783541396 -26.732091821122612 
4.455792974031665 6.7579933319736 -4.624658284090871 -20.949073754137462 -20.993782412680623 3.911640225253404 2.5343706163956994 -5.468666592763528 -9.476986410899228 -2.02480250293122 -3.755470957172494 
-17.390668026037776 -8.10865479913179 -11.745289725831032 -8.274088522843645 -4.066330812653915 -1.7418779611781299 -2.109866161842662 -1.7935956950940484 -4.8424883383111155 -8.771206628310313 -3.389999454938042 
4.085171932558168 -3.2978803071791463 -14.652139883229811 -15.220007291152314 -15.364108503244246 -0.2555138696300912 5.063605157407015 2.1890366677873923 -5.193712535949282 -2.925981221426416 -13.695811769113392 
-2.558983697765546 3.678327045524984 6.130348844022386 2.835252260211642 2.6318537111168476 -0.7714408535735099 -0.30453424434718335 0.8064155472847098 -6.9386246582151845 -6.93785187735038 -2.9889272138760816 
10.167171751850898 1.2492912873988802 7.430391281963047 5.862495475141912 1.7287208123234048 -2.7453400582390346 -1.9255679509537194 3.4254367715174308 -5.842424123872059 1.2627258369825554 -0.8852943946933821 
12.914069636477556 6.480346043987861 4.293720865982165 4.756782225403722 4.55975512345484 0.8039962738212678 3.0358554015979307 13.206457958732631 -0.27088003482891665 6.7848985465298846 3.3347847007866425 
-7.856160038782539 -6.8093692829416765 -8.598667680542864 -5.430245504421959 -2.1138359679436833 -6.948929652124825 -11.296759797544503 -7.677205915570527 2.507547437272568 -3.5288570990292065 5.124769849167599 
7.531004316177954 8.158667191130666 6.092244761838646 2.992812635520236 1.198571474717791 6.4486047842625895 9.698970539189688 9.68804644294545 2.9449443346047834 0.1352669075499422 -1.6861730134107957 
1.0699171514439545 -2.923711016710293 -3.0807495796995195 -1.184982623417877 1.2949772485880764 0.1990615551733993 -0.8784434460880826 -2.6623932625970292 6.917339156094843 0.8863871452535889 -9.711085164115275 
-1.2263305546933752 0.8144046780325236 4.606861211375601 3.663256557230424 -2.800225812264433 -4.095710642073088 -1.0149639841186122 0.9973140086749395 -0.3825190722378162 -1.9251786094961676 -5.640373889436336 
4.940843960334062 5.647507375178515 -6.902155168569916 -7.726555619715765 -8.193815346014233 -1.7978272001156086 0.23428759259238796 2.6198776162399 1.1126303810799385 -1.2001985834045001 -0.17489944734864116 
-0.8564021315888195 -4.778400282202771 -7.415671927800736 -4.930436978040467 -0.4510401896632463 2.633195796845251 5.50895485196374 4.228443873596957 -3.5436266117509976 -0.8671236967142064 6.478013064684627 
-3.0674073451442014 -6.419705059755254 -12.29384234834873 -13.280717154412173 -8.055851540711178 -2.5621389922163074 -1.2250114934374179 0.5329929921490485 -5.675909718331017 0.28260242749042985 7.418425922527299 
1.3459801135428242 7.232553906304567 9.311648429230106 4.843194115932974 0.15847891999008315 0.35916662994365134 -0.7125577859480654 3.531879537351642 4.343897150095319 -3.665219050657175 -1.300345856833236 
