-332.6456945538927 -338.1610424976403 -358.13116848285154 -351.10436656840426 -291.6842775728239 -202.07519919059953 -191.64382654069212 -215.29569716864535 -221.4611888239832 -247.58481808081368 -305.5677401007561 
92.35935571539054 97.51770947831513 100.75166786403554 92.97795657084544 75.32166238132756 92.71464949469203 113.09437562464284 100.34386927359074 50.04479051121115 46.151889636268336 60.07365018993999 
32.37958289556047 23.460473878586598 6.75037960479341 3.1545671284026806 -17.131988999450027 -52.95758304406515 -63.64464586668285 -51.761778646773024 -27.92707622633208 -20.10091417916079 -15.416932624327359 
23.929506595372363 24.157959556970226 22.92523255658515 24.47282244240445 22.51969025409787 -7.240883600749482 -19.196487154365563 -2.1596104417582693 28.578426670188776 34.75964069884681 35.91404078068952 
-8.408079493519091 -4.571914422622693 6.390654009014743 4.4642292484597 -11.915460302948983 -15.359317498759752 -1.2044883534900601 -3.1589965765394 -2.859946756266966 -7.7125042678083755 0.20460933701859246 
7.616307955401649 8.788744730519724 9.222833930408289 15.897315613997257 21.147485989220964 3.377688337373738 -9.320677438962612 3.217475659837117 14.36064837029948 21.02425888179528 21.168252063845177 
-10.398231436084728 -3.8489315515298124 4.96164586054465 5.939333413136696 -4.972048331287144 -9.23976347812589 1.6718778510894639 2.285657701475563 -0.5957760446172558 0.8517778297630543 -0.35441146935880563 
5.79719441924053 6.047102618880788 2.709645622436783 4.770048585886949 4.433675646821581 -1.4594549053842667 -7.256411066216158 -13.899534035873263 -5.801881986180005 5.002710903296415 5.128393217159782 
15.043784139961783 9.845696405324658 5.4951889952473145 9.151256255224009 10.373716967190589 9.796124691831878 3.9112419483517717 5.246960719266861 10.220258155617246 9.122424203866004 3.3974312847209323 
-5.57039871835809 -3.094702989222844 5.213786282640446 1.4582429439202431 5.734516448710458 16.80158841376305 17.513608420688676 2.962713789329212 1.0429693134131588 -0.30252284436650145 1.4053591512517416 
4.278500345606664 5.278494880453289 2.143085406729596 -0.03800853181453956 10.085710536079187 27.331587264624346 27.060899574349307 26.139621002732476 19.218428043842742 10.673888690342013 1.7479541327812238 
-12.618726984091316 -8.917222037845832 0.3310735950293684 1.811950821809665 4.607174622305877 13.730649768264376 21.098905754932687 23.034120973063725 2.9876846581515055 2.4202979129066007 0.05523500725604319 
-1.519276932804223 0.5583763987450263 3.046134833945904 5.541634207135374 4.7342476145488295 9.953635612521104 20.947180998436096 27.174964494683064 9.722931920038668 10.11977176675148 11.618202162066385 
-2.6571673683435977 -1.5316161509386876 1.0544777928357694 0.6981454591985742 -14.404026623041684 -21.643235832768447 -12.763048569815055 -6.372354874918521 -9.99598722992638 -7.989546586723559 -0.8773120363245215 
-2.7056146704895734 -1.6376802861241375 2.667691056497393 1.5743300981624846 -4.541728342009617 -18.421411487668507 -24.607942883316333 -16.867032936843234 7.385014279838935 9.15226268442611 7.962368632735168 
-0.8674110943375206 0.9003212706810431 1.2060607464209108 -3.834969909785727 -7.377534250474529 -3.6220802731517465 -6.30273120249309 -6.346075509332145 3.7577952383110214 0.18450300336176406 -0.4002518153075685 
1.3475356042112097 2.4647802792496183 -0.18871734960824263 -3.302814203730201 0.40445862925097287 7.814363226002776 7.8466793497510565 6.52771287552657 -2.9574044700353976 -1.4875618805285797 5.5533646345504675 
13.842712879484953 11.346004044468266 1.3409123987623914 0.9131111692525496 5.953487829153133 7.2703781315141125 10.32343774768059 9.349198990974152 -1.0438173170038378 -0.009096094255516274 5.317943700814816 
9.345111817959072 3.9629291939205857 0.6588706117437424 2.8754915851355785 -2.6229860056359913 -14.021476561135984 -18.112372356115806 -12.57367573068801 -2.7887429453505135 -3.2120108178680784 -1.1671454516629312 
5.088253547460044 1.3391363950289001 0.932095119210978 3.080126119751001 -0.4722310532166716 -6.232206360624353 -12.065230363565579 -11.45202653870291 2.1822062251399337 3.6089863583860295 3.5931437083234665 
