-733.343218804477 -677.870642035029 -384.5778679159667 -260.5316556793334 -160.40726029831654 -160.44594139961796 -199.28208640659076 -195.65807081059788 -211.89276138982237 -252.18395296122725 -336.6868773251007 
7.505029433343639 -8.382929897570992 -12.697034163869077 -7.495021267376313 18.991913910680353 36.731108831782535 10.08937542166665 -9.17013082793246 -13.066900109979485 -14.79775144132017 -14.88724798185349 
-2.064523942356365 2.6832259707813177 -7.640762155076976 -17.598606475760207 -42.16368395253727 -47.06976253279498 -38.58633392370682 -25.191219693027005 -19.061447647213104 -32.263134730453714 -33.20090284101523 
0.006826450311952392 3.032062518812846 8.75501874784189 -11.960278797786994 -74.42577874888924 -86.31176209401912 -49.59881528233538 3.5716163795666933 7.082836257636153 -9.804673119075463 -21.818475268203212 
-2.7855844503008176 -19.870243829550123 -22.63705919608544 -21.519643754552256 -9.326591036310038 0.6352694560699272 -10.516932874636693 -25.093537894246744 -32.22304316130108 -26.794226731398275 -18.441477416306647 
-1.5162950087046623 6.987138421938202 14.994019034854976 16.67924985237945 12.575270723596418 2.3275523070596 4.882108050004393 13.91950944084399 14.3616088090938 7.87082254800964 -9.321410339340947 
-3.408788998508593 -15.462768521699001 -22.14258655892491 -18.607957263744233 -8.898506410363115 1.089635612042133 -5.010018151890689 -14.96361739189187 -9.481637751730439 -6.9743609407324625 -14.740475118280662 
-4.620372536319521 13.444614037385547 19.257822688811345 12.790633848202548 -10.974184462160869 -26.73371059444856 -18.350383609001923 8.49986023479262 13.006560540602658 15.684216960601363 16.84284937580948 
-0.30750039843311705 -15.541241833849224 -30.890346198070805 -21.4322512330859 -1.694635699860749 3.5001716712552424 -7.6187582570026535 -12.993715979621914 -13.074465818819577 -3.7617149650559334 0.5193154921704906 
4.50012872461766 0.87401183395211 -2.2154740216073368 5.132203558677404 4.529179784898053 -0.13644887899977381 -1.6876777105207785 9.115110685442104 1.7419780017094686 6.102285495761655 9.033994987925187 
-0.20745838568938788 -8.205331369112738 -9.439708189203397 -3.562551822713794 7.534410687774295 6.855181938297217 14.379696879806117 -3.9409606864919167 -5.754510074907364 -2.3653928040342453 -3.703723707674941 
2.4762458237432563 -6.3292494998896505 7.300303870912845 1.1468649380311096 1.3629277909863857 8.896350405273074 20.331048372157195 6.332251996769509 3.239857638006658 2.8257661058932877 1.0266564126098678 
0.7746899269658925 3.530421746148786 -5.259380897306944 -0.036138950257385505 17.031058015559132 18.1563449439002 20.723278575407548 -5.693148952328711 -6.744303527699465 -5.00265709849716 -5.0401520296622255 
-2.70958270492387 -6.550798170139638 -3.190349029934902 4.274304928285278 2.70372644872628 4.227709359099524 3.5048837907916903 4.559918140434153 4.220911639563554 1.2457135109000037 -1.117534989710562 
0.38951869065437794 2.3537910751018405 -5.6724913031790365 -1.362852720717095 -5.1965668761986485 -5.3320184814481895 -6.837313360775214 -1.6361157311978527 -2.04763944946822 -3.860328804252292 -3.4225420381309335 
3.3058702588172766 -2.996394024349153 5.835174698159365 -0.48407012850477393 -11.91951737056084 -17.399240541160285 -24.402083856636345 -3.754707594766594 2.2342565060667825 -1.1130359382755846 -0.03980948673432816 
4.724176413146041 0.1577407837277655 3.11129980912979 -3.684635598168697 -1.9730544893330761 -0.7232070166296195 2.642471432618565 -0.6560958280810982 0.272452580642336 0.9319193763679771 0.8100516279530838 
2.629767545241772 6.984021954122085 6.210331629689765 1.2035110136866503 -2.883080617492822 1.2147971549994558 -8.69653283342133 -5.600831746283503 -2.994722178446771 -2.15365766203488 0.46941111092091203 
-0.3722089595529243 5.247537570526525 -3.8585385238141785 -0.6755426754991458 -14.469867274268278 -21.703610352117618 -15.398442589063723 -2.147887000434593 4.80149342154516 7.785328428164199 3.658663785338372 
-2.2447596396156477 -7.724588214797512 -9.878502773887375 -3.145609313709518 -4.04089787675105 -5.988496094927651 -9.892342408988467 -1.9806574251666935 -1.0345812599661213 2.121684140043574 2.0247767923347504 
