-545.3413173915554 -221.7718656005968 -64.64093663036017 -41.75909028109465 -63.35129303627774 -98.51785661562656 -172.43947306324498 -290.3340649879082 -394.3629401186218 -441.9016455106871 -484.85149107516355 
19.019503600158934 42.096353784490816 25.732577614761354 20.203347764488235 31.122134696537326 36.67516358183832 49.72693575702685 51.90173571840913 7.564116456133369 -15.53280636878888 -14.966365740305953 
-22.280264231199588 -2.342969040995541 1.4317112224839084 -2.5610256578134054 -11.324965221514487 -17.033118027329717 -13.013669368234854 -1.710865204069825 -8.067818514388675 -16.027221957410532 -14.892486868210685 
-5.357893574359409 -19.84601030110519 -48.183784273121844 -50.91069350372858 -18.699822079613583 9.701404794680865 11.765327851281524 5.525529816033661 3.543844651286613 -7.641583393874768 -15.831063847614523 
-22.88682921440205 4.998879150780608 -13.635049043705433 -19.948247650273316 -10.1361561112097 -1.3345582588876959 -2.1911459554183415 -15.700631966500065 -25.96350651873759 -37.77751180175456 -35.06617147288344 
-1.221039950984969 6.1503511241005695 -2.0639645842084766 -6.804177522205158 9.382258932258578 27.445060298046975 26.610318981657855 13.63560945215286 -10.995308145803946 -15.90135991457194 -11.559346492391372 
-15.7047232698033 8.463066631970086 12.962087179411599 10.545564913588095 5.814892805311786 1.1688607878592694 1.6650527140596618 -3.431890708956952 -7.379158406852634 0.20415244494827134 -1.2633975766568546 
-10.629333497101827 -6.893529096847133 -10.7488034524855 -10.32398634098223 2.3481285688538645 8.995942291075961 5.65031737558551 -2.359873655250691 1.9304544588198511 -1.1270246556719699 -3.694446552479829 
1.371248993557598 -15.938562895181686 -11.389846811596927 -11.860542517789408 -15.400114837088704 -16.034422017726595 -10.480138032174215 -1.6183135288071444 7.005769094563925 9.551160751610077 8.55651301118362 
-0.666795425607835 5.076312866682903 -0.43906027238258916 -5.479483743601721 -7.762829886408468 2.5422573954544587 6.43951915207003 1.7964235927805245 3.238430418358991 8.159835143751591 2.094359869201893 
-0.6428928847818676 -2.7057847703395335 -16.13473708453686 -18.43160114742848 -1.8348539997538824 5.615532028979409 4.983697522806178 2.6268597382820986 3.2571838101278225 1.217734475866325 -0.1891921635697562 
2.7617250819216195 7.955316444439605 12.916142200330933 8.538234913040071 -3.9785121613978154 -7.558214114627164 -9.69577917103225 -8.36509178302495 3.2268633798904895 0.9392324301715146 -3.423194653961903 
6.39343699510492 20.988306465253615 27.065499385898022 25.672682207389606 19.429779347713165 6.297496678248521 1.6677551586647397 -3.139277947372001 9.880122121195422 8.875705864047024 7.923448708698277 
4.052519972465227 3.0081789995064963 16.496303152455027 24.1001750330814 19.315461617997904 2.459575814685893 -3.3665642099002357 -4.520409757201062 6.823313765888655 4.1372341641401 11.88347781428497 
-6.117168151081534 -6.438513995262589 8.610413346269924 16.571409367676093 5.707123645223033 -9.932372597917514 -12.04602121649756 -6.845960615126227 -4.013999823924446 -5.668111099412333 -5.843020989785089 
-5.57502209282286 -11.883117644014169 -12.005962102866905 -8.050029859628062 0.6456672952585967 5.108434996992472 10.373747995859228 3.032379461071876 1.403059470196473 1.1685938206833533 -4.645750424817669 
2.9667100807433093 -2.764623960488883 -17.402821743502905 -18.65454099154268 -9.777947789838937 -5.055100404352472 -5.025448597823769 -4.287959516791075 -2.0172040572573273 2.7393209714820763 -1.3030081724521976 
-7.00959533449297 -2.043596981016411 -1.1623874225509245 -0.17260130977227922 -1.935090305210105 6.13346739479055 6.955998218120686 -0.39022658619912787 2.1282810208336778 0.2024580381909914 -4.619509747943432 
-0.46136211871445476 5.728311087744126 7.634937433944523 5.385465200334074 -3.7460308075150435 2.759988929830632 8.8834946005785 6.397973255501114 -1.4621277566788338 2.817783003674857 6.83987167546162 
5.589470912576937 -5.087247608715811 -9.95123332279853 -9.770842751084189 -4.88845090725682 -2.117735588263917 0.4910417648244495 2.3185706633381726 0.14918664600055276 1.4844014712754268 0.47644446709211086 
