-683.9304785928459 -681.7548928600936 -505.68072289708465 -317.0047370386894 -202.87226501112823 -113.4885135876401 -117.45246888133052 -201.79190953159426 -265.26821716004616 -272.6334268742838 -335.44916606496713 
66.01953123005282 67.0231026119327 11.291803935799292 17.814628780852324 25.810540038805502 27.88508928421586 25.967273519110485 38.23088995422191 5.5409278722858915 6.924378733903575 1.4462426303897262 
18.50579137020427 8.175084645158009 -10.619900443849367 -20.155802783237675 -20.933755363842135 -14.519990334174455 -17.078149375049705 -9.246866424953675 -6.870097450372247 -16.055873784443286 -13.399350521959578 
5.296288450342793 -0.556545481396329 -2.0624846867000115 -0.3932361294041796 -15.39873774121411 -68.64816208713395 -96.34107931343456 -83.37019343527245 -7.549813702246766 -6.5019578660965625 -3.0955272694893488 
-11.485790172069017 -12.384782546987669 1.3236537563025788 -11.824728588406458 -11.600014508336425 -7.4326170833229455 -12.423974708298534 -8.718099712840683 1.4146578414112962 -4.224276970924036 -13.623228798791988 
-24.22775521456382 -24.124331163402303 -4.3434195562844105 -0.6403512175608773 1.5039004663600208 -1.5330559766669731 -8.40243335561353 -3.484480446526974 -1.1216285164665005 3.2553208780606506 5.663928822609348 
-15.971849743581704 -14.384557696029196 -10.734676503088174 0.15565816251466486 -5.928245380128494 -8.049188361297373 -12.681938871660751 1.4091499827568823 -2.0496634921529098 -7.270077418632523 -6.515958194379688 
-8.616643721309464 -12.503665123032743 0.693164120215785 11.53320182876588 -1.906843638214436 -12.61307887167403 -17.404256397704234 -12.535746229850636 10.994937451437666 8.431847158176522 3.2792371346083855 
-14.108569718395534 -16.124918798821696 -1.703348811679362 -3.0850405101844625 -6.516983857558941 -20.15859615265186 -29.958129193404375 -24.875076889416576 -2.3452336023273634 -3.5574086838457903 -1.8573108575099588 
-9.194008614671063 -10.235217827641602 -3.914138639985325 0.7852576456782336 0.974141416564764 3.5916914834746367 0.4460951134777964 8.504015551332134 6.818480704902886 1.6973966648597318 0.7760313516821763 
-5.157857440766712 -5.528344062914075 1.4966019836603788 1.9837366852318525 4.5277163431555225 6.6564257312776896 4.696062473242639 6.808389863445331 1.5122174265324246 3.0234458852050428 5.924007702092912 
-4.1591003510199736 -6.59018900050619 1.8448057172055403 6.113747480786168 -8.545853219919088 -9.75634927891689 -11.293559826190547 -9.206071934978997 -6.9598589965180775 -11.013530733546013 -10.205013526875657 
-1.2201584578113382 -3.400856479512235 4.6766243047905744 10.592667110645305 2.5974538374127354 -10.762656779344693 -19.381684131958828 -16.66430087639002 7.633885370983647 4.481271498826841 5.703568927167028 
4.297996883635232 3.5905719175095765 -6.164284609334043 -2.8348025042048457 -7.865005068300013 -13.369953215632101 -14.775163222924967 -8.230808132492225 -2.7761022128089063 -3.181713874003309 -1.641753625057173 
6.696773971922118 7.885195852839802 -1.9093887396820628 3.314460360843564 6.0394529563574 12.082713859310587 13.690472811025595 7.235974926726919 0.33486661998762923 -2.3828432142259492 -3.735908786840351 
6.63968849396314 5.047062721903329 3.256843861451812 -4.5417370066176606 -6.410215871401677 -6.552901076604854 -10.259139811209678 -9.618870599910316 -7.605699096419395 -6.789154041158758 -0.36983140303210027 
-0.09054061639718353 0.7959085864391545 21.495691766245187 10.661630182312482 10.292081414650912 5.477251245269445 -3.546438880453506 -6.669228156360387 2.842301524578512 2.447677588490826 4.921901651330072 
-3.530936572859636 3.37594712344847 2.5559949288348855 2.692211697583268 2.6343840748499243 4.103582684860424 2.4548894998249087 -7.10934864404386 -2.683953349834291 -6.143395791416504 -6.37381208537609 
-5.273949332421484 0.7362923518965805 2.1877856017429136 -2.302885527498947 8.243061886948999 27.472552131256705 29.463010420638227 14.633997434664558 -6.836122998240638 -3.5340377110343173 -0.31386905544620813 
-5.646477082320015 -2.112146162606777 -1.6815109427172588 -3.7016380881895348 6.750705711404487 23.015710723548366 25.08406055058287 19.035879759839233 2.178066359323383 3.0693518053787856 5.705006267065894 
