-633.951327871671 -631.2168615764847 -604.6091933913909 -474.37818312327664 -268.5661649940788 -188.43834655655198 -213.45724793878048 -346.4102934756098 -447.9504989713292 -517.7720566905091 -535.5778578868182 
54.25368691370721 56.2886907859371 49.23506091495855 51.988855747200155 3.3014113710101096 -6.719698117997293 3.1272952389323154 19.811509473501353 -9.112078588609503 6.235590675227697 0.856076999667219 
26.825434068105032 22.923071460056583 -8.573417341006188 -39.72005623275457 -73.66418445912765 -87.27564127095673 -80.65070924646565 -56.856929321921385 -36.43845407207277 -17.02759256792464 -14.389689661380256 
33.8055260854192 27.99569292003168 13.717757084675803 -20.37739379648358 -68.70154013819875 -74.27665086786692 -68.09260394554332 -54.129237381703916 -13.597031571560143 -0.30660855630704553 5.105556430286429 
13.284025166602529 8.752441509711225 12.558239841585586 5.3198650851615366 -5.369954251088515 -5.578033263165759 3.434807760856459 3.65590832593839 3.0503842715139835 13.126993071458518 14.81298629078207 
10.63703634790642 8.500925749759284 10.25494390082504 -3.4920653076244523 -26.025024046258032 -36.51567817650586 -33.671208210376996 -15.438012201125645 6.442590039863067 7.1647742519017275 5.371160701798135 
-11.715899471495028 -15.424795971045477 -24.500868724852957 -5.849773768910082 12.328544407212236 -1.0235058260734164 -1.62943472463998 -2.5297251383931774 -6.28137072165222 0.15084967938327287 12.061996426370698 
5.4302986171958025 2.142650350381529 0.930662046732666 2.9817430586870137 -13.931650997105617 -27.87809699585036 -33.5618651265366 -24.4083397214604 -14.68027492656423 -11.164050726700243 -4.731240154642064 
12.402073835767428 11.272637977968266 12.085558720903276 30.66743901668124 21.54541796941445 7.574378569139686 -4.065105263067306 -4.636109643910319 0.7998530617055342 7.514645379569053 -1.3795938064885216 
1.1049162908987293 -3.2737234394873695 -15.434177117254933 7.799351418386115 34.46322841927501 26.577945337996894 12.438979083969752 -5.0547199614308145 3.8398154282376264 -0.8730069889090477 -4.832348645430942 
-9.208804222258298 -11.19946192342299 -16.756864767212512 -4.868257165861458 23.112736345996957 33.32092560716418 30.757075685307605 12.973317938310828 4.221041285936177 -5.383829332067847 -7.500259129000817 
3.580387232358384 2.687436735441994 -2.9011312295104577 -16.725519573025007 -14.373831914749578 2.7923782925264784 11.712823694107215 0.982954960730908 -6.64750279998683 -6.920286876879896 -7.948147868121939 
-9.361228750454178 -5.138539549113595 -4.833294815480408 -19.202356207606393 -30.51706222294436 -15.99046083848399 0.42815625576920047 12.827310559109977 -8.172820985404826 -11.226562269690884 -14.48868317185013 
-9.450937884409939 -6.628753409776513 -3.40805125975554 -5.45656688353206 -15.326669969590197 -15.578664046246114 -10.440432252773567 -3.8377007744935594 -10.864956938727776 -0.5504526773418065 3.6592886851120765 
-1.189993897397657 -3.2290825734645914 -6.842638698558494 -14.982322183440406 -11.638997810687691 -16.895772216969057 -20.895966218958556 -17.019952312935658 -14.352178395532162 -10.544124822132746 -2.5014708777336256 
-5.832050579016629 -10.213516653358933 -5.8945149917358854 -9.201122966971779 -1.3845061373729803 0.59793772589372 -5.453737129451553 -12.368371344848354 -3.5426569126066276 -3.249154198136238 -6.61141511511086 
-0.8310391638310872 -0.21253053516640863 2.681989736320632 -17.98589077417191 -31.118818067754326 -20.204423639332358 -16.188984331784585 -9.834098920663019 1.5541972494757976 2.585141454272979 -4.746673610943763 
-12.162859225053104 -8.116731693674815 -11.395864366251153 -4.375322827326658 -17.21987579216711 -18.932892103994625 -19.42694997432355 -14.124638437715106 -8.337220445283691 -8.972677849573769 -6.983980885138732 
-6.395906190584748 -5.980515482372917 -9.067414025574989 6.982923981962568 16.707907208979698 4.296806270465437 -3.508946596106486 -10.217614698912806 -6.213269245287524 -12.452516355481977 -10.984926527370373 
-11.769775202125604 -9.483725759231774 -9.189305939338702 0.5391220057322073 12.13882153069305 10.241162088269405 7.600129783093216 -4.2102771191344175 -5.01881354526669 -5.935571379944931 -3.852133469808453 
