-593.984521260438 -586.5483739199593 -353.36254910777586 -203.25349769880387 -157.47871808580086 -179.98420603633528 -200.04467759308517 -262.80454482107257 -401.8944328081622 -531.1761040562762 -556.1967854455809 
23.035676541129728 24.448570055460507 24.30445953226795 36.99736455449473 47.66258844394544 49.54492782381388 30.116485965209762 17.467467365589503 16.502507062043733 46.1253763339352 45.36615469806347 
-9.26391208649905 -8.407270722418732 -22.61939859171956 -20.987840213473913 -9.37803355071868 -1.4493458321422912 -11.161003241505028 -15.621155790658518 -11.339720704826387 -2.8961508583697757 -1.9219970814159533 
4.421394279388898 5.470886524351878 4.098377657403903 -15.615720621188974 -46.007405040315014 -56.25465621021805 -13.31474735234887 3.308226220864329 8.411032156690839 -0.1916953866795601 -1.66538329662349 
-2.4067336255089176 -4.986905331072224 -12.233957983191761 -9.486138676209542 2.701457395336387 3.581306305868054 -6.3638647553781205 -4.950518858922049 -8.126591922328675 -14.696316619553269 -8.268865948731062 
5.397515327875189 0.56114527954778 6.313890174162674 7.594182076771014 5.105390747256172 1.753426755083348 3.8452119339923474 6.721620716831847 0.35835095277794926 -5.150032430984306 1.7800489885595956 
-6.287904444282325 -5.584204436816147 -8.409645148641559 -15.845183215352332 -19.25701832951963 -19.11811760837126 -25.66143388266492 -19.179382326448646 -13.975195064973999 -3.4096329223733814 0.29281719612630314 
-2.6973749020503988 -3.5943449061263353 20.025407036520924 1.324281377064121 -15.480077943217157 -24.57090111805027 -15.780445939645034 -4.28415554128041 3.065125126254885 -2.994980636790192 1.2223839137959218 
-9.655979931802978 -8.402445446482679 0.9044154566624987 -9.253315092715937 -15.845565111117054 -18.738582579234034 -14.764042087315644 -9.844501628951027 -9.459268825873437 -7.75970137075908 2.1816718963975603 
-13.525716868731921 -9.359200791494878 0.8901294961295069 0.021947365637758787 -3.001418686171135 -1.8525665974101366 -2.4875601379537553 -3.5953443969568593 -6.886132744687401 -0.3658420130763128 11.846980925045596 
-3.7684239451123847 -3.9788227310674507 5.790196065124999 9.54401671740617 1.310474547826672 -8.156693054275665 -4.055260654780645 -3.162576847943983 -2.5550792193502962 4.788093243932799 8.15087470423828 
-7.401361273734043 -5.533942020537234 -6.521483217308528 -10.58120743756767 -15.457554806550707 -14.851688751338843 -0.03635066724731025 6.02293075546239 1.6886315850246292 1.7902838135145078 -6.001542890279276 
2.064707608265498 0.04034907690528966 3.78298239606162 6.628967934733405 3.4719239951142242 -3.979834630188154 1.9595138159754006 5.625432433812678 -0.07824004860240596 -9.925252936095383 -7.411302410701785 
5.7810762549797685 1.1751493360181242 0.6531441781205672 13.201772255218165 29.478525167379377 25.785695702902743 3.2257444692797943 -3.791937926722249 -0.8210909545869782 7.892382309524288 5.335262923531674 
2.999779763023256 -1.0630273946077657 -6.922457935670689 17.025867019185903 35.267117713803714 40.526150577012075 18.520453344260854 3.1113811008630288 3.1350968451489307 14.119093889066367 6.740505288866247 
4.472190832500897 4.586849724565777 -1.1234645603281919 4.599438839894837 14.348295139750011 25.172948102910276 21.14856593961884 6.996842186078931 10.575501571895131 6.011256227817027 1.876336844781679 
-8.34996305584971 -1.4920724859230716 1.778963352523849 -6.751535912132071 -9.148113447535321 -7.352869843401326 -2.3432862069629983 -1.0291542432092187 7.667375393400117 2.3255892986824604 2.1107314569437285 
-8.042714907721962 -0.6536088537683138 3.8950746824435147 -10.20076587979724 -18.621247693886307 -17.34292148462801 -3.9983178901753873 2.804748643123999 4.000231571647287 -0.36762582514562026 0.8732677589208141 
-9.20504680989164 -11.13244774930535 -4.4152356083351725 3.6879282087597165 3.85762767874192 3.9679103939364095 3.8378180668739814 5.566957410169845 2.628676395575272 -5.178590411135891 -2.5217584556502146 
-3.2759970784987305 -0.35031463512753896 -5.119929617931685 -3.2669617930574004 3.524983879426722 3.7450289114867923 -2.2039602548182 -0.6572734572087459 3.240703892844419 -0.03309941888391954 1.6005453739202515 
