-282.30059341638577 -159.06637981553044 -125.58464055913954 -190.35975010565915 -281.3333089585999 -296.9424027691956 -394.88685148272066 -529.2309911427303 -531.8207012907629 -524.2015111593312 -523.6152859350253 
-1.742924315977736 11.082368711121664 6.700677985100935 -1.6144586694553869 -3.8447813392708774 18.35767894455285 36.51746788706339 1.1857980024259265 -0.8008913749144017 -1.3489517198582297 1.1619213294540507 
-17.09284075490143 -39.04114492432658 -47.68611920434759 -43.58192492937706 -4.464572029656496 -0.7452879339990925 4.7037308652929966 5.837279515541384 2.372396205054536 5.603384431793098 4.878872178958543 
-11.82892533860402 -62.74237912291616 -77.94581321532779 -69.50601736442765 -5.982854992925416 -1.9149133638188602 8.497511087696198 7.948191332719532 4.651413731341464 1.4897535018925456 4.1557142557410565 
-10.894568726259916 8.639723850821424 17.245566813213394 21.88234674816941 -0.7487837094296974 -1.0042160320555045 -4.586769767393282 10.41090861771498 5.39861369881867 4.262574003371561 5.9976128004336315 
9.564649063846261 1.1008486613899704 -11.075227576802563 -5.101719555909625 10.17987500216078 -1.1565806854514755 2.2193847049578967 14.186538330952114 11.033273864463016 4.917789160245813 4.542294278019364 
-0.3182198914432637 -10.667010891624127 -17.8040226608881 -21.770397040818114 -9.024692070509726 -2.567302412845607 -1.9213236250033816 2.6115595942297536 2.5101703610622605 -2.353657051124229 0.2082696937688011 
-1.9308446853270786 -14.215486834503718 -15.472994277177204 -12.639163405634463 4.648064739243975 6.116414901550721 8.739596329748347 8.117341171521712 6.895411304937637 3.9293476114730628 2.6284098424619655 
-5.171046585741748 -1.5661479672777991 -2.4222403165412594 3.520612895093972 -4.992297736256239 -2.5937453062793026 11.923576673810043 5.333583025884932 1.343601935829751 -0.6250340008060145 -3.100757832834618 
3.7830661653327597 10.647434351852262 12.841433827834248 11.841087483168463 5.2788192954333955 4.395276402126213 2.8539448369788656 6.018555022816528 4.935707666531136 3.8411566253657554 4.656725272576993 
-3.733734647630362 -15.99859504985877 -18.033416805631617 -14.526416373945606 -2.5746778056869917 -9.08515868745171 -12.74293135083596 -6.065605158424453 -4.033094127010971 -11.374941566727573 -12.374414252429013 
3.847186774408258 -1.5660604506046232 -1.0322972305195668 -2.5629524078892474 -3.102671200124228 -1.5013354303523652 -1.643804671929264 7.152939887635391 5.725871497409525 5.857918884549427 7.6782200097575934 
-0.5351354630834498 0.7281376811362648 -0.6476414102922139 -4.108899729477855 -0.7196072271363748 -1.7192064178251494 -1.146199486710012 -2.314455895207167 -1.3036066225184175 1.3128717985142484 6.195862518845862 
4.040315303023457 16.24941544410917 12.535636149671454 5.517340466174327 5.74592944282144 4.797885853027477 3.2605686744672657 -3.7929171306637035 -7.3396207751955425 -6.4541538126542966 -2.6267990144433973 
1.7198801850604175 6.565787244356917 1.9305903401646847 -6.960398213278685 0.944817243191818 -2.085851847822879 -1.6176381309632355 0.16315968813326776 -1.5932722846990193 -3.7168008145282645 -6.524688412707689 
-0.28087781446560156 16.243122264318615 17.486862356648782 9.897068733315106 0.10216255029329221 -2.0737767324196685 -0.8117219556965273 5.062550914201399 2.208526896479403 4.039701461715588 0.4344418015391601 
-3.367034513243383 8.287741334012786 11.266608520409427 7.13656299596853 3.1007708261054034 3.2959186925052086 1.7104092273048874 6.205782255012515 4.337248630477348 -0.3373831502263045 -1.7175191592190568 
-2.2869443273593446 6.475668571803545 10.86791569478418 13.700472318615908 2.9466179687677494 4.715711652324805 6.1597603002582435 -4.816060318118832 -3.496043678979865 -5.497463567192691 -6.060086253585311 
3.810959310370803 3.1921675365265414 10.200083667299856 14.187261864016483 -1.3147690200175308 -0.277507825178266 1.664903466902687 2.530395788129609 1.586115824673822 1.1615480816064572 3.899747892666568 
-2.2618419792427273 -9.822223828379231 -7.60235248097705 -1.0287983162927565 -2.3613687557585923 -1.0973864778030267 3.9044922518704595 -1.6835272426954342 -0.28152403931770564 -1.1110761396303532 -0.8487270090620345 
