-272.30316616499266 -164.70547070489644 -161.4646779326779 -232.30485160828934 -251.86210296757613 -314.845079242981 -456.13510112013216 -523.1985886995033 -524.9329628944811 -526.0706828063769 -527.5089420250467 
27.566010816992346 -1.8000365425428764 -22.98877971080083 -13.11110435521706 11.70823105090172 27.133387533461153 21.40762919280994 4.678342794153646 0.10204217798715554 1.3546896206477625 2.9522457083071325 
-25.64732811919331 -35.23606264326544 -38.587957604744474 -6.622151524845077 -8.997820464351257 -16.628647093659502 1.8897638309573774 2.007633435163283 -1.2580830736632531 -2.3494863785721414 -3.3391078864846557 
-45.2563298023517 -73.81014153303978 -80.31066247024205 -38.67216727745408 0.8006662000406446 5.455113451679151 12.552702943840538 13.431415243095472 11.894506243360997 10.264424363692038 9.04419011389551 
10.615155158374593 18.52912726759447 15.268907829099557 15.595215830336436 -9.417299190639197 -3.8503410614077733 9.235606380475373 9.987884061002823 8.456816716854096 5.843540479618522 3.524779325553609 
13.494060839020243 4.163920647776977 0.45960035914726693 6.116064921047155 4.433294456447825 3.6697950638993615 13.909848487730123 20.199850534305412 21.161081690075594 15.658032433632858 13.529112376120619 
-3.0824684265536586 -16.5177452189691 -23.87572436346812 -15.016502662851757 -2.275735084689799 10.535608782792362 9.52498900477892 6.400856946016667 7.4953109129549595 5.864276490971388 5.294819437733783 
-12.514473610159644 -11.275908026643759 -13.785039085034319 -9.265299252043238 0.14610814595236576 -3.297412316030714 11.977178324882917 8.539263161967398 8.000743949865093 12.316419895953077 7.416395309175355 
-1.2315710010949363 -2.5489132687371177 -2.0258101917492 5.48346193922942 0.24897356916676916 6.376485897655763 2.739690624116929 2.8749201371308337 1.066234107529124 2.1860521694552633 4.121017882778039 
15.838218888451312 11.112246509576892 7.88910952351692 10.006401082165574 9.08757281007701 11.900972355648724 9.82741961886368 6.414915166421121 6.489823516125503 7.471234125450877 9.943715013245864 
-10.372280478553627 -8.1242583276667 -4.686209108169315 -4.194850706318787 -10.466135952062997 -7.067208332655717 2.1892810663168074 -3.7566903991799894 -3.8041648212263164 -1.174935459008027 -0.008280624365333056 
-1.1181357192963501 -4.448187842677991 -6.2400331871670005 0.655662752550886 6.326729557910815 5.668693754364351 5.235041478531993 2.979638253531206 4.511493295300749 -0.7344040129004628 2.5879336998102516 
-6.598574162475009 -8.989207428992934 -10.142239377314276 -5.672316148117115 -3.7242245004032806 -5.721147544853652 2.040387501372445 3.921186216159473 3.3885595121578254 -2.092813853510637 -1.1744838985902408 
6.139417923977587 7.3139098854673 6.730575434506049 3.7697359270984534 1.5465163202060266 3.199382295565444 -1.1767061910568242 -2.0494942297124035 -2.7427139785947485 -4.37419182127372 2.8963109501298363 
6.999959415409043 0.5826193487675255 -3.6342975443822207 -5.792272469262791 8.417316044715296 10.665183649112887 5.108400492384776 -2.893894580673263 -2.381771007218586 -0.32513105725894376 0.16198497475348206 
9.09474976527012 15.579415126658548 16.444420389202094 -0.2733538364570238 -0.7318648218596238 1.38439162671412 -1.8265994117695956 -1.8282491274164694 -0.9738735214165471 -1.8913291085246642 -3.618830652500578 
1.7689317050620872 8.276504427066937 10.497499030332445 -4.169362740443415 2.167430737244962 5.601490440530901 1.6129336347803431 2.4891061623234365 0.11584452464245926 1.7043429461965847 1.999673586721911 
-0.2620213059861156 11.011856325088031 17.307526671361835 6.98870287589467 -8.996541904414876 -4.204963004813202 0.8082363504207111 -3.3760948156409976 -2.8238204333253027 -0.14471992565033365 1.664812477841184 
1.536374885876368 8.008293029883987 12.316289396975915 4.032290551029094 -7.353157294729324 -6.923802878154657 2.174686321964317 3.726703606763219 -1.1886127418701664 -1.5547126531507294 3.324776125815773 
-8.670895968470706 -6.1572825312482 -2.086744360082716 3.083608287238283 2.6355970334606305 -0.35757982494631596 1.603007856392887 -0.5723619582532742 -0.7453229976334985 -2.1147149454897045 0.13602804965578796 
