-445.84106442767927 -343.6517998775287 -197.16687893055285 -119.40928582988626 -147.97630765958806 -237.23151087937737 -203.4494750409447 -229.2524851775375 -346.98856020832676 -452.4046819493216 -456.87284488984085 
36.969726913763864 36.88154963861714 17.58983558378496 4.503670073284512 2.515128206232767 17.26812745445232 39.40787253133206 52.61548010157948 49.364493424275935 40.60752113727402 40.13621291116307 
15.251910701950496 -12.83892536804952 -30.830586167161176 -43.58314437596728 -44.695458302219535 -19.764396609350108 -22.873762140191047 -21.999322638193753 -11.764155921225086 11.642884875324615 14.097927721073583 
24.0802777580668 22.085577700853744 -4.105224995077814 -18.77731544236855 -19.383729487427033 13.491375856445185 25.260055898893757 28.635767649349113 24.059456323078642 15.19609845786117 17.257812302406837 
14.913475289523497 -4.193466812584358 12.540359599881114 19.868297916044316 24.9953633241655 3.403430032114434 -9.153966616690807 -5.443577287247805 3.7744510964431823 7.071059461507036 3.66234524819297 
15.052031635224758 12.31683433519096 -7.836677418672798 -20.962196937765192 -23.22078709859376 3.1817922086769146 8.79453344727291 9.31876178547786 12.755007083003072 9.996006870489577 5.084570516657388 
5.3112249729324255 2.7782005440306046 -1.4993840098542628 -5.932319109693751 -8.490881253810446 -11.661872357568086 -11.653457312921315 -13.71676363817858 -9.364554607724422 9.456230876694415 10.429091003224547 
10.402829713583213 3.4666561398039883 1.8253189931006064 1.7666533554019763 0.9489659673367971 7.230088372058796 8.325358936421457 6.884756182843713 3.5724052697177653 11.267655871796231 6.484118118247495 
7.306815013817981 -2.421789809236177 0.44617114737573466 -2.2539588419287835 -3.841844023241058 7.2647019257264756 2.9534018757845093 3.7989186389490635 11.709956979657381 11.68544673008932 7.606814479071869 
3.6660151524115516 5.405590643002189 9.568866419934903 5.124919450042508 1.4960551010911374 -1.6980915635684952 8.721448706104269 12.443609500791306 11.26283766693351 7.050227634752391 6.613749319615336 
-1.307949241760435 1.735992693672376 -7.069261072042587 -10.051589166007787 -9.633802317021788 -4.16490285417888 -0.39305948877742614 -0.18116895504325328 2.033688073176 6.668435757515738 7.715708652869488 
1.3874773646463459 4.076183183000826 9.815743508017146 16.721624813871706 19.453273628797522 3.9841082184346184 2.162723605579236 3.398012488427361 3.4085458525101657 4.89318139254632 2.344717058599996 
10.251908003417249 13.580217506954288 14.983528038119323 18.342017301097215 21.31601375813723 6.386981929808055 3.9430124763640375 4.146008213206892 5.685909311868064 8.118685865274978 4.501357697972033 
2.850971469692523 2.6133227026106973 1.8099841069445028 5.576314097390223 10.946976579973587 4.198681856110678 1.8823591114307794 0.495402209982929 2.982036399075818 0.9937449506877503 8.723908731651752 
-0.3165737752019488 1.0310220423593126 -6.99405196060399 -6.852715354088046 -1.820831210937206 1.8814182070141376 1.1199838190807971 3.5527878506995787 10.027611501064118 1.2662854069643317 3.47692241212264 
-0.3383509640223705 -3.8567167254784707 -7.945897414865073 -6.368865700937842 -1.25429646770543 0.9936891459005117 -1.4941554929077518 -4.58643943412172 -4.749086685255581 0.3590995548820196 5.452562132595126 
0.7954754717900832 -2.0730511174053614 1.6857649768003111 1.9399047256264779 3.2549004417996033 2.5279337463563785 0.012573868507002484 -4.4552456812813235 -5.377677591829128 -3.231585421967895 1.599535286400279 
0.04741670616323823 3.668948563906606 -1.103637212252809 -3.2195185826876345 -0.455557605047742 2.9010575112898405 4.047244453418912 3.953748470643561 1.427813319035069 -1.2287921685385788 -1.0270620921473255 
2.7408958440677975 -2.288247145726095 -3.756042340554524 2.4107214114813518 8.273036420226344 5.316676908732742 0.5310582672244688 1.2879267994026273 2.619897933868379 2.539482895791159 0.2357231407550034 
-1.2425811736825008 -1.8866491679820268 -10.23117817475675 -9.588117318669578 -5.457477169850025 2.6726249448520267 3.328494485791323 6.219127488958641 8.88799880395997 4.89919463286597 3.8389378598152453 
