-240.24133925877155 -221.073565756372 -245.0023830108369 -278.95137736673445 -323.6278509571483 -366.43001052355163 -412.17406724540183 -526.5086670874311 -563.8082599183988 -565.5166402340096 -565.4913290328535 
-1.7713540887492591 -13.561315800784525 -15.56124196539692 12.158149003088344 34.035093369526955 20.439246671105444 10.520853760325116 56.55793977437935 73.34280623140597 75.68141622902084 76.26196685639226 
-55.590508892493006 -74.07619877732579 -81.29597078697762 -74.60458528703855 -51.625937957427865 0.9717705424816743 11.170126376835189 14.779729517499089 16.92646223964434 16.72640125108971 16.209590018589658 
-17.991248104756345 2.7707888872597963 27.551767119345932 26.74639932493279 6.457407524167106 -35.492578593715166 -27.474652373670637 -0.3506350292334457 10.45513273991315 10.412309816485266 15.36013190991319 
2.157533184202158 -4.742277250696283 -12.359953948752311 -18.574327144945123 -12.714088368275538 -0.7388678756560547 3.6224659542208117 14.427167185662466 4.9407971993039945 1.3185753037067653 4.974466267098705 
-28.05200028607471 -34.4556310119021 -38.016255675159805 -29.421996482169433 -23.89643335809025 -2.3288274291259983 4.531731397414413 0.8515016233256706 4.6692291150413805 4.0083216446275935 1.8485819369103516 
-20.570506735997284 -11.394151336669225 2.2567945768174256 -0.7730877733274698 -12.567883394532581 -11.43021395857187 -1.878221766592851 7.86581340320932 5.157095530774724 1.2781653736430831 -1.5729358716232054 
-8.51750762449446 -18.07412148868717 -26.75672005672799 -20.202257510515782 -6.692276829544561 -10.138157621346775 -11.901484261106168 -1.66193165930813 4.312405964632489 3.6384780791737867 -0.40128732877386963 
-4.801368070739331 -9.218713942738102 -11.216291783452633 -2.205867798881099 -8.914774576397281 -14.035939535677272 -15.792475643629995 -8.681984015155596 -1.515423599384694 -0.3264489936188427 -3.8229262347561335 
20.22735282779277 6.293322731816627 -23.983249080001485 -22.78460569102492 -8.69824298827311 12.996788621081032 16.683396930591563 3.280439920589473 -5.104903805140374 -6.566189777210152 -5.060282630928301 
40.3837589252753 45.7229784521642 28.74006485476141 13.939493101613243 6.123351799773982 -2.8532957974387756 -3.479900773707953 -13.869465692592767 -14.353539812048755 -14.580916936336308 -10.62905697655805 
9.93575911308742 19.016975214249687 16.41662540811367 -13.792638736438022 -10.399235150448053 -8.87064307612781 -13.100296647342237 -17.152329488598653 -13.76919279490719 -14.839280574808026 -16.01733788225371 
-3.37143541116963 13.34625242877678 31.34329356734096 5.058671031058953 -11.872951413141621 -23.7071077742254 -28.120335014148836 -11.196774312888728 -4.978853173662256 -5.7942047446623395 -7.191014430679977 
-26.68819901310698 -19.482996271245177 3.958346438416961 8.697111923728443 8.815476735967767 13.40915486404715 18.46291011390922 10.501690721381815 2.985208737916097 1.2363470974307211 -3.0887434279802894 
-15.205697528395937 -23.90590056154933 -25.0675683769486 -5.911892399617628 -8.374781268929798 3.164789716173498 11.979616521258253 7.327198599946321 3.0224953715824343 1.4904725795854716 1.522336089077346 
0.5280911451081005 -9.910068479162284 -22.85860131177156 -9.740376505568689 -2.865515685128953 -4.929073613338712 -1.2898384581514883 0.023416306759879157 2.5767184561042136 3.8373513804092183 6.261952733254015 
2.3372500944483647 9.749267856546362 2.832667000980764 -6.991827048850879 -7.604947157887793 -5.677783865398094 -4.838975816233223 3.3828234154718606 4.320082173730882 4.736290364050968 10.197921613503595 
-15.466133209211232 -9.366149720039738 1.952026094219816 -2.670666184046974 -8.074787911022764 -7.77512549011937 -8.697498324579374 -1.2696249926382266 2.8474645059306396 6.572801180055427 9.64540443016133 
-17.142720865640143 -17.39224665817834 -11.71266201191004 1.0044414936534642 -1.7376307482029767 2.7475012217975645 8.559943520109126 2.583114887911675 -0.6574786408862188 0.19411051054381606 2.0410288200018316 
9.485466805503624 -0.8533431182574032 -18.602477700733843 -11.141313931979354 -9.475831390328711 -6.523846315733646 -0.42623495650252546 -1.3767864435989452 -1.7222518134728988 0.11118437842791087 -3.0613394215269234 
