-188.12884186540413 -99.53995028930999 -58.823845468584196 -95.92322734449874 -229.44173174094274 -376.7345487238274 -506.48796999655923 -536.6308812708381 -528.2787222921594 -527.4275894165074 -541.1839334706655 
-17.421762014840255 -19.440679680746214 -11.607319213023946 -8.705996803364606 -17.9078970809583 -12.97420474552289 43.878364994123935 57.509422315555526 65.33542943255 66.2877884737916 61.46104122250903 
-116.52139132555457 -108.82791740881038 -110.19156736972678 -100.34416927623516 -50.214759444249424 -6.8679233811291915 7.443719661391743 -0.9386112759126721 6.233390672136548 7.0477607165839675 8.640108373974787 
22.515846070903564 36.67932102957383 43.06666019751746 38.39492552503454 19.02769349549301 8.296596429332999 2.3586606410443336 -7.368714074248583 -8.208827230672936 -0.0002807478130952834 0.4585213243746957 
-2.634491098926535 -2.843847909493379 -6.689937496285516 -8.450811285567426 -5.45448595803368 -3.9669285927478053 -21.95088385122557 -20.985303030859022 -20.003916245086202 -14.628976217543052 -10.174404904508126 
-45.62980215813005 -45.129586305511786 -39.683131215605 -33.648181414059806 -20.988422467641588 -6.062528854898746 -7.944409834994732 -14.473859614454597 -14.705224483172632 -14.38698814377003 -18.312983804851385 
-0.4520300523020536 7.720738269315194 16.321704861112295 11.530446142062221 -11.245782601553861 -19.592853683869613 -13.776348968525696 -8.607790683369531 -11.981683615104771 -10.042854916344297 -16.40304391951224 
-2.6775794151605723 -8.73490282703468 -12.371670562369207 -8.42417902744834 -6.064301049056598 -8.989585751806297 3.93734941555915 -5.920116649584454 -5.753347108241117 -3.029151913077512 -1.4676082936507782 
-5.647108581468553 -4.8728377851772535 -2.9973851225841255 -4.58718181416315 -12.002894393422462 -7.81669956384772 -10.546180093836114 -14.64951245946819 -17.45064172067257 -17.93529474863529 -14.757465396693874 
-0.8663730268567363 -4.494191433877528 -10.18069685090343 -7.806121004582432 -4.96212078666857 -8.79039018920683 -19.20655762427439 -12.2944132421372 -11.751158864943442 -21.632380868224182 -17.244797085171946 
-13.774139106335426 -10.113771875748593 -11.570850539087168 -15.38607960877248 -12.19616388787064 -12.649307105828392 -5.707704484280971 -9.722618820844403 -14.139699128671772 -16.490096362421035 -8.37307760519611 
16.695303699383167 13.919821163997941 12.546477815999019 14.779172989914034 11.642187093818638 1.3271409858695813 -5.799315881196675 -13.161011271358332 -11.446084130600038 -8.28005163361497 -1.4521673335615084 
2.027554769977814 0.4163681271980831 2.5562542105409296 -0.10681441393306534 -1.1045736953543903 -3.8682265015407893 -13.954388724819953 -8.41745087323677 -4.851866562131749 -5.254309505666957 -5.6016237587009226 
-34.90843667586227 -29.82546572063965 -21.457500979840674 -20.902970593556432 -11.19858906720662 -6.673130397265149 -4.423359833530078 -0.5807156997445688 -3.1692241819003066 -0.46820970148442376 -4.6026786973846825 
5.428154002516825 4.047516078099067 0.2658650232018598 -4.496634803639161 -7.987058486778212 -3.4411429098351594 -3.037355853108944 -2.274650014837683 0.39625732627756227 8.293493194881663 8.826855013148082 
4.378665440469832 2.0706375605464915 -2.1572128582924046 -6.751074035584164 -13.12538845419035 -1.9281884428365899 -5.481712384474464 -0.6163980903131587 0.4745275073755058 2.8748271619901877 3.983583679359892 
-19.944149139623406 -16.700808573258048 -14.529887318973348 -11.215643901033232 -4.521436996109976 9.129246402092463 9.898079275516977 3.276586655179372 0.21619586953061876 0.4473337977732611 5.586786715704889 
-6.772668588322251 -6.636767657468533 -2.8054826283612853 -3.5417486527122155 -0.5066781246363855 0.1062021287580841 5.441568150041641 7.939478952727056 10.689647377266624 14.898517853328908 15.716738008255888 
-12.4973684459802 -11.752160797372625 -8.553988657162236 -5.0330861493146015 0.4257373149206851 5.204886114127145 9.967012009954058 -0.12527720108266838 6.92768105391049 12.46194163267881 12.730713481758556 
-6.778550904251603 -6.276610570805769 -7.23952333438876 -8.222647369127474 -3.6276601051606976 0.6886467674761446 5.472872998615236 -3.440832837502138 -6.061163136247366 0.18911858705265788 3.560911706148579 
