-374.6777902364648 -359.18714503656554 -380.83699867483483 -403.91459828204546 -349.7893188459782 -165.52635416788704 -86.04115316314225 -81.28571549202822 -135.47901331451587 -217.36633378929605 -283.0780510920217 
71.37656882221336 64.41497756398698 63.39963864577027 61.39373350654483 55.097761449931895 17.130157933924313 8.880118549209815 14.260218677476892 19.091599894969015 4.403577257395857 -8.560185280270304 
17.88213997732594 12.250536877481933 7.649852975589258 -0.4946677248876461 -29.399755328465666 -74.03472697855446 -89.72490365834253 -95.10046003919015 -83.66911238518149 -28.3119175720532 -0.6009002187776725 
33.61765834536293 38.78200106474961 28.792522348930813 14.332587497456961 9.635058668158642 -2.3295522596203435 -9.253737455822295 -12.69477914943388 0.7496877515121565 10.676336796298301 7.077201379601403 
14.709060549361881 16.814846468922546 18.556850966388758 19.17992443651349 36.76789642093949 33.37835779518411 33.64383244361768 36.498213931827536 39.858593627934226 19.52228138508709 9.513292468878788 
14.555343821175793 20.24240586490791 18.33166582686897 12.688318177313562 6.077812691250568 -9.430535016560476 -15.412429045407148 -21.074428979996654 -18.994176637109767 -1.4774846046207148 10.704723070645482 
-3.7664817419222825 -7.422888531625501 -2.5660171615896075 5.708508939443583 -12.248796724689583 -20.287766229428684 -23.35966894101267 -21.587690143467952 -9.933153460334452 -5.586540622841094 -2.635273131935225 
-1.8031691099836153 -4.740942621909514 -3.725171158100869 8.839387762542911 20.10355565347162 23.115917340552176 19.397206487514385 14.855137481038414 12.593607759389638 12.505269116799138 7.277170225788215 
-0.6062457943088755 -3.291641507254359 -4.092429722562341 10.674383842083163 1.4724125170676572 -16.272087202795234 -18.28524932806933 -21.40104214759744 -11.954306121829427 -5.123379160884676 -4.014623399243304 
-8.577406975388573 -12.775190339047988 -10.244488599482363 5.1725313938755315 8.489769974737468 9.841271449438553 6.414885916193375 5.488831217522623 8.525713186702578 2.3626072943920757 -0.49625693036714 
-2.0999822281355653 -4.250991460303854 -6.246974311188493 0.9258678389970633 -4.669739932221374 -8.098435083800613 -3.0013669732009696 -0.8350045964838959 2.942788206454956 5.321292962512064 3.187502366752309 
-5.180886879820159 -7.901878558629203 -5.161112447712519 2.2810618424487927 -2.0327718231168497 -20.464613162337585 -22.095201167747916 -20.948171626627737 -12.718719365810582 -7.960641547618612 -4.212052504264731 
-7.693765669709883 -12.252100882457707 -10.875182429054512 0.15683989252670308 -1.722044682108801 -0.6153614243475425 -0.24730800774037037 3.398267308398222 5.5724642653078345 -0.8459662444039646 2.3102913320480853 
3.5218173985028542 -2.4027229222637607 -3.6220985733012845 1.9894402437860723 -5.5513892977258426 -14.17322727615802 -17.133248952714723 -18.479027196802754 -14.048673839013185 -4.487657599344272 -1.133084314633025 
10.439314577296535 4.920407754955659 -1.657795003695786 -0.029548530287196978 0.7967805235546559 -0.8960630168073371 -6.226893575087165 -9.827786176034232 -8.633842268017506 -9.12982030847927 -2.1056100125136807 
9.546523315117717 1.3025411759357688 -3.6449496680718196 -2.482960651008643 -6.255799763211973 -4.242663930472817 -11.904295559472882 -16.126599433747423 -10.832763563981665 -3.6368190320303553 -2.047415691712895 
5.291430527952245 1.307332416821038 -1.3016901225539705 -3.8387499324440233 11.243664261870146 29.52419985873623 23.138437093032895 11.96936100947594 6.327722534442877 5.368448050531438 5.770094815359674 
-1.6390916731549188 1.8612791981160706 2.0774130338183703 -2.374130873616247 2.0634371572163808 21.28583022905543 17.97011785384481 3.632766611023822 -7.922860063550424 -5.285227392934014 -6.40792821681384 
6.214304144119618 12.948248053084425 12.899712881049325 2.629763163120757 7.920916130920812 33.18159383550648 36.117379825261125 21.343324811868612 0.5916177400591357 1.6247410272147618 1.6539197037627948 
-3.508395044317422 -1.9463861343006639 3.6739026861055137 -4.33461009855283 -2.3190817302568174 14.545216547738665 31.090689111947214 30.79306928813403 13.821289591437587 3.178712819226517 -1.7129542671193234 
