-151.48829073187528 -140.73073925199805 -92.04247588075638 -19.086126088404566 0.5670651594818628 -27.092104043617987 -71.7261074868647 -99.76148528707785 0.0 0.0 0.0 
83.10802381358181 70.5766113180091 50.030431395629336 44.61521641545376 28.521321271194005 36.842846952373165 53.83584138380288 58.12336722179863 0.0 0.0 0.0 
45.98691433601357 39.355591148036645 8.40032659227039 -21.47689313660278 -25.502373455883017 -19.04700944490785 -0.6951149609914369 16.452255923215933 0.0 0.0 0.0 
29.35841308509289 29.263454827915268 44.971882099680165 47.84562942180179 40.00623445706543 37.423313173479755 27.50497447996383 22.570018720522484 0.0 0.0 0.0 
17.143342941799048 6.256776619460229 0.25729717957748877 3.491658323033245 2.078759632694818 5.102388484107383 11.143709627095383 22.32995005543956 0.0 0.0 0.0 
14.66767647913719 19.55041758376749 17.44153131442563 -2.6781952904111064 -9.064459383338605 -5.181192346178157 13.034519411846205 29.43821292055764 0.0 0.0 0.0 
7.9031694666282455 13.346724571362095 19.168050495442635 23.883509612164666 19.93429245053101 15.635755545222821 14.251996478898752 15.257536729185645 0.0 0.0 0.0 
17.886838607614735 23.048091834762083 17.926075687475077 1.1851757074700981 0.7297894110942558 1.8996095042257237 11.730629524829922 19.67524814123054 0.0 0.0 0.0 
19.373326355463107 24.071293799905092 17.65633559218243 5.752227725850476 -2.7577836271644904 -4.877819768141037 3.2868018914990293 13.482185083905044 0.0 0.0 0.0 
9.614169782731636 7.237768698929642 13.986913407012606 16.75833850518317 12.78918299427919 6.138623163232074 5.09887214627415 11.831535655821689 0.0 0.0 0.0 
-6.069849650518431 -2.199608406056936 8.776941758003439 12.292761031293512 5.91296645808342 5.080227231267552 8.52839278712276 8.90662287579866 0.0 0.0 0.0 
2.1272173589253995 0.9753600109164142 12.261720770793627 24.39882295422108 25.794237314823356 21.837479714230273 5.634936854990306 -3.7865838047078704 0.0 0.0 0.0 
1.9657672763102698 3.0046411497425827 10.459975227552327 17.782936953540755 22.202808109499614 26.15626658063381 15.80468317565337 5.148907107797207 0.0 0.0 0.0 
-1.6157707067441267 7.171331297806221 8.439556757946256 -2.0202012611524367 2.774946471979022 16.584020600334533 13.636257613614957 3.3984969590594227 0.0 0.0 0.0 
-1.0394236448788656 2.2746609658604138 7.065284490497497 -1.1199474979451236 -9.824912387231926 -5.392983413367345 0.5172023826306672 -4.51314157453937 0.0 0.0 0.0 
-6.205772633730755 -5.0013801599670415 2.3080725112623375 -7.567374287348318 -18.75099891028996 -23.214227977983 -12.282153397098462 -4.1063716493745925 0.0 0.0 0.0 
-11.91004154209222 -7.330265167596423 -0.6984439144929973 2.0435604984479685 4.185066743412866 0.12307830427305982 -9.554296266681607 -3.934310076660961 0.0 0.0 0.0 
-10.947000325368657 -8.312006039602963 -4.049551897614439 -6.940811183512366 -5.55258399939925 -1.572045625005809 -5.497434422793855 -7.5836096165668625 0.0 0.0 0.0 
-13.228275339902481 -12.322919620394584 -13.453205597957506 -17.733073888618925 -19.355622735232817 -11.58422097474014 -4.389064993673794 -2.32868757459799 0.0 0.0 0.0 
-3.549716301946242 -4.311982604511314 -11.39172397025854 -17.67158715076694 -26.38599611421518 -27.880612373740824 -15.45958151930432 -10.388529051674272 0.0 0.0 0.0 
