-746.7229866528563 -739.6353835266493 -726.5163244467209 -438.76730446277196 -211.43299701916314 -135.13505406822688 -127.37432864807555 -178.41163277680644 -322.2349116956856 -440.4112056378588 -553.756824265001 
53.50526076966466 65.30815662058195 68.80594755708769 17.25137242648156 12.72252769795034 10.1914939575673 14.625038493902904 13.738515766457546 -21.59160360744562 12.624505814826925 92.3043162760208 
11.192067026504319 17.54350284188181 7.566383362927304 -71.45468137541354 -83.05144162551899 -94.10887102874082 -101.77703744599842 -91.76075709778502 -51.037578690078064 39.851662618851755 51.39462240921799 
-6.715439612596097 -6.518153193459251 -5.814325394358404 44.282379947641836 34.564241387267636 33.3132573051068 29.11467290552377 17.01847954127648 1.2364620598646556 28.302267272596705 17.882302571214296 
-13.305683078018049 -13.325021766742669 -8.354851255049763 -37.827607770238075 -25.21558656552988 -18.641123776258212 -11.05459490489583 -4.822320994592167 -0.5734898284076272 -16.86842233596243 -17.929456749686604 
-17.984061455053954 -13.624312869548572 -16.474292755698883 -61.694951602335685 -31.348195390491746 -30.25333289801442 -33.91844377580126 -33.55711959205204 -16.067149970320905 -30.2552081250474 -30.563568051846925 
-18.215811426864914 -16.405376946761244 -18.27716987051013 6.195191291002335 17.09977155155175 15.875264185661363 11.849056612756366 9.225070008828869 8.20390182453086 -5.305821505846797 -15.573963580884527 
-18.765917706195943 -23.160247288756278 -22.947915380739577 1.2227419776176967 -4.250460607574324 -9.709604438956386 -20.01231649300894 -20.412917318010436 -13.773215657939089 -26.178782282502816 -25.560669243509935 
-10.1926714072758 -20.863808084185532 -28.598269593333583 3.982702056056173 -6.626425775917362 -7.4552059223661855 -10.31852081822864 -11.266948817299054 -22.242042346529644 -41.18003866425545 -26.210492066279098 
-2.3399418063772623 -11.68473989596654 -19.12830524707278 11.796350056246185 16.087057571387625 17.114461088615325 15.470632252031672 13.02280354767121 15.542074653991765 16.684826182673465 13.81895374396033 
0.8493397450952815 -5.158498452218291 -4.613422089982576 -14.48282953259909 -8.471157134965017 -12.429363273208068 -14.006668584195312 -7.992912889268521 -1.1086026496491068 -8.118206874033469 -18.081877063237307 
0.971395352855567 -2.0165894631188985 1.2802619838659477 24.930240610000975 22.526117189258713 24.567152652571153 25.4501495834835 20.349331921626998 -1.1395036260757623 -29.96256880069346 -29.48110896758903 
2.9437713639474166 0.3578455386682138 3.5218880215402377 2.046834422976298 -4.397380862016835 -4.72768542734112 -5.250034412157056 1.0908170828649237 5.599620621396441 -2.869845352107469 -3.0740996535143097 
1.7839420912558783 0.46898220404915725 0.3187207304949259 -4.691729737681088 -7.438487919159794 -9.30699025586414 -13.758376229117495 -17.030160318603684 -9.417369044640047 0.4188433522978173 7.442477469482792 
1.3081925587902912 0.6673204347133048 -3.536867024748214 14.703088088249121 16.144619727911405 11.302378865093335 4.868011177559144 2.5870030437703537 -1.3942481329638097 -0.7131189967695389 -2.237267546911134 
2.010762505015308 4.533576744782058 2.373643784867948 -10.105715007363667 -9.39417213790139 -8.883270195569143 -10.925049700324033 -11.321033556606686 -5.8769631374697 -9.215020129782538 -12.769430026563327 
1.035542779538958 8.25153307810543 10.239914934302359 -1.775327523508946 -2.8418007106688705 -1.0667946426389725 3.156878990354939 2.8793070549386606 1.747602575312754 -4.4389494587185006 -9.6342964513581 
-2.2542079905191796 5.67326273914942 9.354432951657554 -0.844370512799865 0.1883515885938184 -0.01408516850631977 1.6752786025071922 4.988372786764637 1.2370800446659844 -9.360839214463923 -6.771745922906323 
-1.438399203180884 0.720653446152568 1.2976937974279346 -3.4942959140498653 -3.238381702654387 -4.256858233574321 -3.505842251366377 -6.181104133934374 -0.42941677635449793 -0.5711915347397954 6.568168687692266 
1.6042506583745173 -1.78065565952183 -3.3855711739368135 -9.296291838871799 -9.159581627678884 -7.9991060951631265 -7.070985111856399 -1.6339598963864348 8.673842977275552 9.547647032422795 2.738360361689854 
