-258.9867881246387 -97.27310161826405 -44.56407436172828 -67.80019778082281 -137.91093206652525 -190.72821464729748 -304.4068811497081 -546.0023980981769 -651.299299110201 -704.9185030166162 -723.6929095629027 
7.625705539306617 -7.634089992936581 -13.005700770199775 8.608168439321537 30.8889574244776 20.995282445703644 0.3981424573464029 -2.2708902951027996 9.351972684343888 14.985815603100995 13.656144765919972 
-70.98457685295585 -68.69902365994355 -70.85555889344515 -47.92515298118504 -6.80247935477853 5.1286511932512635 6.038265718192786 -3.7523319813811247 -10.432705936322291 -2.2234795949865287 7.5914064226672195 
0.2956954086832629 -2.778161083074646 0.7046062044367807 15.576214739105593 7.963048451185863 2.430864857950093 3.276098328758327 3.2085487246951256 -4.199713946285139 -2.9283459362561013 3.7220817171456226 
-25.871467736694587 -21.62274595441832 -14.078700594539058 -0.6167593505187151 4.386516628455368 5.27628315538732 4.430232182090686 -9.185523000044096 -14.874293797041332 -9.529099779709913 -1.2473130744271532 
-48.07346898317385 -48.73080719667253 -46.139910866463666 -28.96970101391745 -8.171839776885475 -7.974866480162607 -9.281006592047238 -12.083370198715102 -0.25714893761879865 0.137255639249305 -3.2623175714193176 
22.479695761035607 13.9037221614884 12.440155156633898 18.626697746632075 17.471014552498147 13.949752060577717 7.340352855814801 1.5320657633254005 -6.712028512718865 -3.2562401508121246 -6.940355821992904 
-18.846458514720478 -20.462562780211307 -18.873690022950765 -5.143261465694353 1.314772387788024 -0.25341386583447045 -2.738778525181847 -15.208108417417481 -7.527079160005242 -8.014730437468051 -9.99410824768448 
1.206433783534903 -17.371730640427465 -18.7150044852553 -11.435828769216794 -4.7648268997495595 -1.3143849959478504 1.0032303510003793 -3.6482596920541064 -1.7216720816119064 -3.615556923795095 -6.869680955244854 
-9.812515279768 -9.914601844003768 -6.2276765579740925 0.0030451307588463816 2.819210517195141 7.277023009998554 18.83727493323144 3.5973303046564618 -7.89838812015279 -5.804136665239196 -5.433897020705253 
-1.536847767726085 -7.939081627859018 -10.608608512806471 -8.911603568011362 -10.329360710579806 -5.8440905246940815 -1.304809192849191 -11.862014276395106 -12.55524708333614 -7.322195727450407 -5.906086025477162 
21.71201671262982 -1.3535250143430786 -8.91141526753866 -7.12212745424449 -5.1798348531139276 -0.8105677951335146 3.0258717836665925 -8.796498547408909 -14.87916672800943 -6.579675627215328 -5.745866628519289 
13.585611642881048 1.514272261517002 -4.283230108534807 -2.4472429892032777 2.6788316398787195 3.301900145911688 1.6647405169567258 0.8644458125374449 -0.7459099653015588 -4.082684630032393 -5.784154269708209 
20.523447827812095 2.507135280506369 -4.708052304879524 -4.3286287633413805 2.522941395999348 -0.3681582598411036 -5.864918816320684 6.270536261387005 14.272886011124704 6.764122081070127 -1.9681824131214398 
1.519811910388825 -0.5554512711276507 -7.131330760014565 -15.355999385231508 -7.156241174788029 -5.220883419813609 -1.711886174739909 -2.076573318424282 3.1340577744984666 3.569522573188902 2.3208564855537617 
9.805941072375145 16.95946680213795 17.904674249457464 7.099136831938933 -0.7274480423354702 4.157126675352606 11.117587909203955 -0.6023529191277845 1.125266966663867 -0.9936721002040367 3.5170404792975636 
5.576419223188651 16.432659021131926 23.43129836731961 16.053695179874424 0.21491253151005163 -5.685121195126936 -2.385715441042209 -1.2380182526603014 5.892503306340913 2.175207479319037 4.098326066262285 
3.2370518263838943 9.744041565597634 19.83496078154929 18.433910404802155 5.570123492470611 2.0605846889607173 2.4177102675738134 -4.846360571910237 3.2676234112992377 -1.5495384866896187 4.054756939152226 
-4.076519810915302 -4.512691449903229 5.586441561106533 14.693587337915949 -0.5191802821315745 -3.6583730170335267 -2.761132291225671 4.8654005494302055 5.759677658019148 5.058248624351537 4.89681892376484 
-3.6282669533788683 -9.542561061402328 -4.508717575068233 7.218902322044916 3.0761485184888104 4.474797459714619 6.508844555151981 7.40899595611877 12.33020569498643 9.636612920200676 5.0364368546158795 
