-602.1309391157814 -590.632633817219 -490.69010725133893 -157.08930511795992 -39.28581261809217 -24.6859956185393 -93.64861553206183 -227.08117278575355 -314.29171526074146 -437.193024812437 -544.6028697538079 
7.174002138737496 -3.000151696577695 -25.40168340476246 -40.80428144622114 -38.98713853246775 -34.644656058254085 -19.79071825662873 -1.6614492488887669 -2.7093020357206488 -18.729725915456182 -34.221585050870104 
25.33672923844096 6.500647099372307 -56.33077097464377 -90.4546830701043 -86.395202879372 -76.97224495278228 -54.272026967789365 -22.97047297694275 -12.224057558300121 4.974924633313716 -0.13313895546110577 
7.936023061772831 19.044103732627704 34.13847370027488 32.072594095848615 24.234638963110154 27.379060135684277 41.2993312656628 19.381389049457532 2.3680395652122135 11.975306205491865 42.48789095680813 
-23.654076424107465 -26.273360441644808 -26.600129610497703 -33.57044592424768 -41.91491783302713 -42.157382420706156 -30.781038436679918 -11.290874043160624 -9.61772278265175 -14.643548174949185 -32.951709534690295 
9.681722011863522 1.3960264751228497 -8.983314871055956 -37.24782535382085 -42.94341209343651 -43.05948239876781 -32.1372074250376 -4.98662920379901 6.131414870255867 10.232954103176485 14.816678687791523 
-38.4673955941678 -31.303442176041365 -18.65058949400258 -18.51008633490489 -18.77085714638342 -15.795962968477323 -7.718386887662595 -2.142217984845911 -4.496374693242845 -18.282398272257762 -32.682090862677924 
0.8077209432288638 3.13633680746881 -9.599448865320255 -30.835213290323765 -37.80196797549007 -40.82963500926845 -34.61087133031983 -10.84172564904344 -1.6271952404072731 -14.582962404286143 9.35910753352841 
-16.850299097331707 -11.47871591046911 10.34762438299407 10.249224117959356 10.32835656786444 8.85370795551644 9.410160627263075 0.4925425803535083 2.824996958505908 -6.087780545144586 -5.8943851835045615 
-6.835886152077939 -4.431993790682867 -16.512046404909338 -24.435404380311898 -21.456277053254716 -18.861274463138688 -14.56095571599165 -9.230348108396782 -8.59160339417294 -8.133306559446916 -0.6569636119176541 
1.3706353565292766 0.6141656338808948 -6.152068230715651 -10.789541196840542 -8.410465864264534 -8.068360720878388 -9.542408140209808 -7.697132720799235 0.5529766443396182 -0.31560416925807905 -26.655708948603277 
-5.960744488853747 -21.15063768490783 -11.187392862183447 -12.69332697930159 -9.044364274657399 -7.264412608257345 -3.3055560870950096 -10.262977063006478 -4.4567514473486884 3.485157876270927 -3.095600019929048 
5.8171173910296785 7.4686199179172865 -7.985738499931108 -20.196779305337493 -15.09339133242698 -13.445068972954834 -10.483493212507522 -5.033530315274875 2.2840499531376173 1.9387760416710735 2.7326751803318814 
0.06798025095933585 1.281559719032112 -21.511012161553047 -18.215616402262253 -12.24706189038087 -8.357626868545601 -4.332394675220117 -2.5686921678894636 0.5597608807948558 -6.218248624205995 -3.042567018950654 
6.8157281271833945 -1.7314015252407167 -0.7367499581121899 -8.931929255483496 -5.322566604733964 -4.514037167565073 -4.001253255874209 5.51196628754556 4.965543045866296 -2.7234201904627464 -0.668974516569477 
-1.9304124045405862 -1.3856498623731697 -5.899767197905986 -16.268850540018683 -14.500418712308571 -7.466569095545003 4.363976120189841 -0.8234402306959763 2.2425883842812677 5.538664044814588 -9.105133202935736 
0.6108078906280507 -2.9260411806533924 9.987623066495054 17.81264019707949 -0.02219814432701206 -9.495092409678191 -10.189087681666216 0.41404761763813475 -6.565461164614493 -14.546078360734153 -10.2574806753817 
-0.6935753696322682 0.3835844519231666 2.435809652169893 16.245614170945395 7.1787695116807235 3.0887257067050955 2.0537552865763424 4.48243583294866 6.160079795309832 10.270220205146058 6.867725979394209 
-4.794212167668478 -1.641555734562526 8.583564771501807 37.99026875331721 19.908254981654544 3.166492370950558 -6.092835720522123 0.33087095250746756 0.17246809863051427 0.9586752482805472 -1.9782404070568569 
2.658416895770074 1.0046957796145777 -0.15965164096919177 32.6236422184949 28.805853414776678 18.76335447437703 9.283551561550343 5.694519169020209 5.290983608730769 3.9657832435455056 -11.612788132722013 
