-563.7835492384745 -325.88583021330754 -176.81456117046102 -158.89797264058498 -240.5911334333281 -345.8622416980841 -437.9564670567075 -555.9714372750038 -606.885337975077 -607.4087033152366 -613.1752627584501 
3.236407164128809 12.721335707242833 1.4249576991699393 2.3337571498727465 -7.266251729227981 -37.761295565239905 -41.78960316228717 -5.020039271883675 4.051705586245838 0.07591663178960584 -0.10656254779645002 
-31.276098337073194 -94.50084632751955 -94.80364940639707 -83.76201037063419 -57.758750299479274 -28.993517298718096 -32.14695638024153 -30.843451042488265 -16.281915936178027 -20.380754431129887 -21.227058445402804 
-10.96861331042614 -22.818169200615237 -16.153078733479884 -6.351328747545636 0.33626923766696926 -5.238859385411281 -13.201244250681654 -29.434011214180895 -34.76455915113543 -27.068433759726737 -24.899429364918483 
-4.921698190150123 -13.73060413605617 -9.71217040827285 -0.5254971328328947 6.872474590028202 -3.7514479821151836 -15.542411041683646 -16.747574661819996 -12.318594099923464 -11.222926149482735 -16.511320425284982 
-1.7896270611033793 -63.4115174272966 -64.91903063200047 -54.33549339541371 -29.048659621356897 -3.6614114183219764 -6.12807667781795 -8.822780139371485 -8.019172700859208 -10.114150309620339 -5.959165238702546 
-32.45882224677042 -19.1086610896779 -14.914827271305045 -14.897268077654914 -19.0607149916158 -19.86434205490785 -25.857775972042752 -21.84650550977031 -13.898022434160328 -17.525182776613125 -10.822739009700797 
-15.938845859582841 -20.88931189470407 -18.32908342265945 -16.48278586905376 -8.677701716936792 -5.479766003868271 -0.641850278774073 -11.61610492647927 -10.417351093746 -5.159442931069512 -8.186831493031097 
-2.4875322802386397 -9.388089968619523 -5.257319936671458 -5.260622900522077 -8.570627526238535 -14.464885326078921 -12.971193382402525 -4.359528159998627 1.6780147899746884 5.874403679584702 3.955278444444623 
3.5868708534204865 10.041476976582864 8.600995396693188 8.599222159206924 4.785627354998473 5.820099103213678 0.6370597842910646 -4.957656988663405 -4.723665613428623 -1.385720506300895 4.588777069032091 
-8.999346641809044 -15.38652477740624 -14.26529575964201 -14.41977454657657 -16.50613664109033 0.3637671264016238 5.068657751579892 -8.148529061025373 -16.332956454838282 -18.655286798049538 -21.301630679283143 
-19.266843389727278 -2.6999715392293364 -5.3854632474163076 -11.272152511600599 -23.839973930979646 -15.920158605252128 -13.072990913150884 -8.0985280035597 7.116530431302983 5.394238921573617 -2.454534979532515 
-5.469210558740164 18.60811197868108 17.36874573498165 13.152073346921267 4.578412340661494 0.44637405205468794 -4.161278521586279 4.935003310333331 6.5562195794104685 9.103886823415738 10.384261754622488 
13.488021396900091 5.591582028151855 6.176942689920544 5.120981354797625 3.6208688499137085 7.57336425948538 12.51261520725566 10.946101669792965 12.633917706736241 14.687122120732706 7.809865366448701 
13.058378227887957 1.3959931415877702 5.402353256849578 9.038432260007859 12.422501037924908 1.0781479503883504 -0.6692041366620556 2.318701440327847 -2.1862361039318454 3.465603702304483 3.98578130627803 
-1.4614247748907967 9.486902715024575 16.720326069570717 21.04890396656613 25.36037699155264 7.4948481008765935 -2.7076574156825117 4.337677824272742 5.444086450474359 1.8380590270095334 0.985494881557528 
-6.930812842755602 2.6120567338101877 8.801135460585927 13.457653466640577 15.101061900559648 1.227490528468053 -1.120042251870692 8.259356183282183 12.695289547540927 5.8514584131046945 5.002881926018006 
7.095742741822038 -10.536744499452654 -10.851218484781684 -9.462327828317548 -5.017386133798018 -11.88237298931006 -8.88597380069287 -3.1814077425345264 -10.16501059563224 -16.938578845236968 -21.7453741168859 
12.979746577847079 5.789933502562566 -0.9736476090003978 -3.8748943143260632 -10.31581671718498 -11.209481093641001 -4.8149867581179535 1.2512726045951341 -3.434542840972835 -6.059433606554898 -5.61669316601986 
1.079361116729654 -0.5625899850732283 -1.094168320557781 -2.2097640524310487 -4.3709807098386415 0.9663791936319523 1.8007303933942809 6.104150081164621 6.396306599280642 11.464084084406391 10.435235063089904 
