-545.5322837875423 -552.2110898027112 -563.8572937958241 -377.696948957784 -195.63662464003988 -171.57335990511228 -265.361001248793 -433.9615432298883 -485.9430200389667 -493.2431823516987 -524.5954466950735 
-36.24748310283828 -36.09904853002912 -38.710080061285154 -38.859199027034194 -27.326095204673635 -17.912471471143377 -6.317033350535434 -10.596553580380615 16.65346890155013 55.29119500312531 60.198800033002136 
-64.70135937939999 -59.996063648838785 -58.50400418161166 -73.49647313944833 -72.63038318925172 -65.34898010129427 -47.38680245413076 -14.404185648830396 -22.924012254812475 -11.595383415865111 -14.52718912099078 
-35.31790723067466 -37.48448523716162 -33.16624757834569 9.37242123651675 20.15090657555821 22.986211552324967 21.72342714331606 11.10478506615986 -16.326597951461817 -42.45168608163098 -53.954286056157585 
-22.84482658262924 -18.50655209740877 1.4199598087226983 -21.11219270651574 -11.354234039887842 -6.3663088014049665 0.68728517039354 -2.3737913384566545 -30.500786857600097 -40.55848102025031 -40.41895763236113 
7.388939272220785 6.158245345886132 3.7600670398602034 -60.7913190033261 -58.598389716298456 -55.375571922356016 -48.771622708041704 -25.362819150393655 3.679104609520307 11.711152238852787 12.587539311964928 
-38.723361666119914 -47.676727516769446 -49.90439011748069 -22.01891483515073 -13.613006228463274 -9.772145010738921 -5.854379000674091 -3.726013224079815 7.896205325529273 12.950862974600053 5.320428599789269 
10.512286648762057 18.199470906707866 29.86092321870559 -1.1889744499618347 1.0415808017438573 3.221901307902278 1.0756339756161335 -7.580925206874873 19.974026163588647 18.876585756385797 11.678149106871121 
12.254929241834283 4.804890122032418 -2.3825291343961084 -11.688174311454171 -7.0215572351459485 -7.025378920908157 -9.504975039703496 -13.910851730118505 3.570432015630498 -0.4486496937712059 -7.506214653985822 
0.3262877116341522 7.967351116090073 18.73971213852286 -2.0204364571759643 -1.878474966768639 -1.5598587184338077 -3.2976193474637103 -16.724310799557188 -16.780011559793934 -5.628525711531639 -1.161187122933821 
-15.406957432092312 -19.358007476503197 -24.593010626184125 -26.27390966878892 -25.257215613980403 -24.45212150689249 -19.83763491208385 -14.604974431151295 -17.614965842880487 -13.60055581111763 -9.453855268624665 
-1.8169776410918468 2.07008072273381 2.441102085016633 -5.807530319676885 -7.701421720823674 -8.459053634034934 -9.913278985505663 -11.098279693274527 -5.776014169261068 3.329683234656368 0.35070794504226743 
11.646814208089612 12.525003776644745 11.864692122832722 10.128444865418007 4.806787950710782 1.340336363282092 -1.994957010305061 -0.008713299402429042 4.304131180486263 -1.1025159099710888 4.371578077790745 
7.386425319991083 3.0685821216947233 -6.264914913498395 -5.908590421342415 -9.562556839564486 -14.588306375018352 -17.109575008717897 -10.193606791707696 12.098576532255409 9.204558617349687 6.77809958438589 
-2.422790551304181 1.1503192440722687 6.806312728286839 18.14296732710958 9.257065916593744 1.802797172174007 -6.856080207802492 -4.637926421082826 9.044487226411611 9.729812982708832 5.641609820098605 
7.342472653177186 2.587843786881184 3.4918764053611593 15.333032237417912 15.498819214833246 10.140837360160624 3.1229056394293186 9.996886842739576 3.4311676699518743 0.32028711340342486 -5.358673653492592 
-6.095538590685981 -2.420614127016682 4.201514439373299 20.610405141621058 25.511992855637082 25.414807851208998 17.67525215542927 12.290850752611851 -14.612321040113272 -19.64982261807073 -13.247975666883343 
13.124819200914821 12.69386831228475 7.656070365135972 10.287597155125336 15.694968234383254 20.33622712560318 23.321661027211785 16.192367183165892 -2.9609628311914205 -7.44870831803521 -6.293614620557965 
7.983382095422261 4.857666736815254 -0.6763757454170484 4.962019942919971 12.926163345416835 20.940191860746637 29.799042699092457 23.29866916552861 6.200644936990584 6.855709381820565 12.72881458267125 
7.147002435772035 6.319913227567925 5.1268502476334215 -6.0428964409737524 -11.638310050125513 -8.472150035491598 0.004464667512563608 4.0635224950474145 2.852866077273565 3.808731293240957 6.909600158433662 
