-481.2951697979503 -489.56273684465015 -500.8595925575604 -496.1756251324383 -350.3274962416154 -167.29433403171888 -89.68998611711879 -88.65733299490321 -152.1815443313 -294.0948066661584 -439.0594951008511 
39.19951858040702 23.538762033787943 7.704999938385277 11.131729047335412 52.70172530559773 68.2168674781453 69.07513169674849 59.750044020175274 47.08802466768584 34.7242730371041 4.663064879613633 
-11.464155718149444 -20.848717221038633 -23.755925982160626 -24.12191459378821 -84.3373486465824 -109.49598613644577 -118.42115331975862 -116.5456463347055 -99.74896182043855 -68.89839707672573 -27.753414860179547 
9.525994674286572 11.728803473010004 17.766240753627518 14.025470580993394 -4.727889261155038 -0.43915409679943185 2.5086309594913248 7.65473150896137 14.028758790372269 19.820635896126454 18.07319913271121 
-21.30709930816349 -18.032544736313636 -11.67962132192542 -20.02792486327175 36.333419126412 56.371645473837305 52.67476502160097 46.11333534065931 35.740158947342834 11.301325984144587 -16.50746288392079 
-8.940387905101225 -7.8720428913250995 -2.5382105986211076 -7.428343382317868 -33.46790531470393 -59.72564825418137 -60.083644239679415 -51.04975199717662 -43.55392638173693 -18.993951367495114 5.6000204111250635 
-4.790882326513192 -8.979014034979206 -14.49950065898475 -15.145179264595406 -47.69548289450697 -13.25493686533963 -6.105647576422128 -2.246478715338381 -2.380222309289084 -11.738673646780025 -5.740659059911605 
15.389607755928328 12.653604112426091 4.319997060062328 6.167446025919244 -1.1963668230444247 -5.050828381849204 -3.9307083816090387 0.5136594128144742 7.272808763406729 9.046152309891662 10.835444046612537 
8.527666231636083 4.200358593848765 -4.227989635337723 0.7057310689773506 9.24660491934859 -1.4752199727069877 2.0642773838433963 4.033141200107964 0.09823390837442114 -3.918983068266348 8.800786048761031 
-5.944246137770648 -7.331285252576746 -13.035860220028344 -12.38018653859871 -10.118057286756478 -2.2241723570145067 -1.6086719040696886 -6.0065383265532635 -12.66397932168792 -16.724487742268487 1.0701455358774488 
-1.701773976920181 -5.949660241775501 -10.711966661216593 -14.965958029922763 -11.576745779343451 -19.067650012359216 -16.960452542462235 -14.647857427463746 -14.810891229297832 -16.401535686935837 -13.17459512000054 
-13.621987759215738 -13.329654307777389 -15.55317624704286 -17.892927051690084 -10.97629830320805 -3.693419616753839 -1.014563810404942 2.6603103872581517 3.3375342368649203 -3.8307057429642377 -11.166920165000773 
-10.475928290832822 -12.490157278393474 -15.860422418161106 -14.624848947503692 -15.251022305125222 -9.088430121325919 -8.30057983083933 -9.110560270177563 -13.053709748228064 -18.02308855559376 -9.624266840375519 
-9.364241975365246 -10.653040608303158 -8.177999911621278 -7.011850896444933 -12.889190617817663 -19.517837032543476 -26.187669994368413 -25.993451405010113 -24.090279670134812 -20.992132615863476 -2.2860698039858423 
-12.436846898063546 -11.427944566828174 -9.509368633409803 -5.979154304041076 -7.337239944002032 -6.60784710805717 -1.3879788724651831 0.5129525068490031 -0.2478192505051093 -5.056051985984604 -4.387165023936097 
-1.0015989629347506 -0.29202000122467403 -2.1630752118033447 2.2813027519973805 3.681482211806152 -1.6767192920265468 -2.4123717995955207 -8.396313277319388 -11.7686390855729 -12.558291899400135 -9.032709725866802 
0.841499903586622 -4.726234437777794 -4.979505057136121 3.5893486774445513 0.744679693956779 -3.362069831421545 -6.9281935109348 -9.209159491613404 -6.334485376224444 -3.4541394538743146 -2.605272570050898 
-3.540355558524209 -6.099066112928892 -5.421699305947838 -4.5600512037713745 -10.666982467208328 -7.165246191575111 -10.768802741032601 -16.198616272205076 -11.468399931205816 -10.033233513025873 -2.0271333018992506 
-8.119465348978448 -5.805578158527031 1.0884600245266465 0.4326323116469149 16.03366966184522 20.85929336949632 8.60981845234607 -0.3242080073899173 0.04143813262472816 3.5570111021768938 1.7863242368282624 
-10.07092196622937 -7.551215334647828 -4.327579595634049 -7.169981976632581 16.53476096913053 17.307048492074685 7.584630496602095 -0.8586659449279425 -5.406334873553741 -1.237743026141927 -9.974643390418695 
