-402.25678921879336 -186.84275645087254 -122.23883366714986 -157.13739426515932 -287.0593007564572 -376.5725284705647 -485.4384748487569 -677.9438930231167 -701.786058024032 -690.0060758938465 -707.3267658924688 
82.9976899218011 66.79198908599088 70.24552873900686 51.798364839632654 3.4590115473262495 -4.182608758263099 15.801918256344837 54.25830774255716 61.224942335842655 67.8908971046908 60.32917632637192 
-83.22993764741705 -90.32564365670548 -81.25852058058408 -52.45021938924944 -4.662563406551823 -28.479673832146048 -28.117734323872668 1.5460887342229084 29.964063687921115 36.176449329254844 35.796689441809825 
17.8911428718611 20.62748476072822 24.68065646818571 19.729891040464622 16.4190324238103 -2.550183653225438 -5.485561056961039 8.704770785366307 16.540768226415455 22.40920651323088 20.266827589639856 
-26.84058830922169 -16.316223367916713 -6.940394288401009 1.0597756270727774 2.5173432309357198 8.701189553159548 8.337211250838578 -4.282735783565474 6.118284539876998 10.016034370761538 9.088820530569492 
-58.162914726663146 -51.20421246464827 -47.77422876050736 -41.46890959740508 -16.701871711166362 -3.8827394512502904 -0.9228320480241595 -8.384057567553281 6.822198601539553 10.982008891083588 10.135222525937786 
-12.985606193233622 -22.64657243954776 -21.04173584866419 -19.731994008594686 -13.351201086756607 -8.382332321866688 -7.174147127002438 4.600481410403636 6.814226219363492 11.365468032820388 12.727349374403758 
-14.869851498765115 -17.108965386427627 -19.91745726847128 -23.713248923865045 -18.605808345397044 -9.581949598855513 -9.369208475522038 -1.2313906356903335 1.2144370790215495 3.760018625962126 8.955975496591172 
-14.441603615661002 -18.250313450491788 -17.883847135746667 -13.92561825558807 -9.440284981400653 -5.666272494213363 -19.128877375022615 -16.21954470629297 -12.037027553330649 -15.04232344539204 -10.690752938067888 
-7.1201235474628755 -3.382505958292807 -5.344336869515416 -14.384519410474361 -13.484490364191611 -9.075117701551905 -11.45159375115653 -12.731685416156125 -8.07130633029045 -0.2677713568358095 3.2758193454953597 
-25.354993695059974 -33.16941780800294 -31.826223178967336 -24.685100106445006 -8.874246945526767 -1.968530567809524 -0.9288425947656386 -2.582496413663977 -10.25722903939998 -6.935713182091787 -9.607690972605226 
12.423217558163605 0.38033611069112 -3.85869493436889 -9.94806603487725 -15.196805294727929 -8.55285062034 -3.695354498722451 -0.20658480839993848 -8.953025117100617 -12.043151746076742 -15.783136210464672 
-0.8785099133120793 -8.97131050216321 -5.879177731263656 -1.3894477557829235 -9.997819075369906 1.58795195886308 9.80655945792501 1.7080189486080686 -4.403229795893235 -3.1376939002414908 -2.7924995096915777 
-2.435699378058372 -13.189957645948628 -13.490172088724083 -10.395542217191746 0.1346955694067864 5.796819579108126 1.7077139839117215 2.822585117180603 -5.927331756630029 -3.6129615283787953 -0.36027853612617744 
8.95612162821009 -6.128737030797139 -6.803376804451425 -5.368337365063381 -7.160682246433053 -11.429093548870682 -15.941654366011901 -5.0157288637653945 -4.185947728431907 -4.190801757659801 0.974842035439081 
21.803143567581763 7.9913778924833405 0.9987374333254614 -1.1313206762775998 -4.465641950192372 -7.5216884080448665 -17.338555347515907 -6.796115433438745 -6.308224354626781 -6.903654078725397 -6.294489669606838 
-2.507981998971893 -11.339479488546786 -16.56290832607243 -14.32429716018525 -0.9302521642859309 -7.014708594158844 -12.036225302130926 -4.983652825530406 -9.538008085277738 -3.31469064944295 -1.5886590172343098 
11.591661977258003 7.22635339739766 -2.8865275938674984 -9.535470840398943 -3.4555053661886443 -9.973138970073139 -14.165624570247164 -7.671553130631424 -9.579507497344311 -10.483055726344421 -11.1786077499242 
4.057234915761056 13.240789692341444 6.848461545407718 0.9406090834765668 -2.5136637513803173 -10.095482494358993 -13.33778100662838 -5.410127626492093 -2.833528512684995 1.139140988375868 -0.9687998724026309 
9.16958791486632 21.721606390421258 16.698862956646224 10.18046732611775 7.508141509406319 3.468549527571617 0.7457933372449506 4.282978495994051 -1.0253429446321165 -2.2707151442627937 -2.8729118196437886 
