-618.7687209232655 -609.1199775797844 -613.5693655239207 -614.5061417954016 -284.65813366796476 -110.1373943609701 -66.16234659046297 -119.21312466207219 -224.32954998254107 -299.07783445061006 -384.83235025505417 
23.188036309545488 29.625495336036863 27.692418141803895 31.482805153541936 -51.18406980969617 -52.574518580897724 -52.546969520564176 -49.495283238486685 -31.699017877110816 -16.445099133534825 -2.9968571131211257 
5.4614664731056575 6.129067279192219 10.352143058034576 8.290678020417399 -38.4304079968491 -27.104300338399636 -16.428141521234632 -10.59580307675007 -22.676855416526756 -7.969712365141563 -0.9863070875475771 
13.771860684302027 14.031573037202698 11.423082096300739 4.12640123384586 20.136626187474015 17.96833237202164 25.206962831835817 31.28880289984825 24.047739056041124 -0.5866056495370757 6.530020865655524 
9.418089967508587 8.8453154545696 4.6653107377797856 3.1286266790564525 -13.521960410482421 -15.911770562382854 -17.70376117441006 -19.021309675809732 -13.788234659975817 -2.5572881138255954 -1.5195578692833778 
1.7624193626597093 -1.018395200981892 -0.9939172948720703 7.274741644096158 6.720877992991758 1.2564398158198364 1.6897503266688016 -1.9806059658342254 -8.35992500837645 5.798750791924708 5.70722579171518 
-0.03001981067531223 -1.9771705880268517 -0.7022891076173349 8.274924920463027 33.873716609881555 24.45404387543232 19.267822005187732 13.783617774431102 6.947301972635394 5.942350793683004 4.106613388954997 
-6.26323494906911 -4.698696145816154 -0.13590151869294054 3.488825077828462 -11.5232948793263 -14.258760752742955 -16.508934984289322 -13.705362452782753 -3.858411081028083 0.6503829966089192 -0.9300400822862727 
-4.739659039651572 -7.0382445055955944 -5.548778028629261 5.2289280182168385 -4.744097240905934 -3.666054270248179 -2.5701318882614386 0.4415127942635385 5.523943832018372 6.545883990811436 7.031610668399594 
-2.0338490254842596 -1.1148452213122129 0.7456883943932295 3.273426420139767 6.348593704894296 10.062620381517297 13.77262147633822 16.190773424717783 9.379226271284617 -0.9748368535466602 -1.6483021655666983 
-4.747317728100664 0.058478496032822624 -0.07749304158289855 -1.8340993199622315 8.794696850606005 17.56257791274087 23.16420270068219 24.909766210290776 5.697764136678442 -5.1635440296237185 -1.9370529079186005 
1.0603494172945598 2.4717242753149353 0.6066236183932431 1.7088063113939551 -14.171481130121377 -7.701490112386615 -1.6320980539089502 5.294517325926113 4.792323893182308 -1.1236418395449022 2.5181294815204844 
5.63399044687066 5.151132063126307 3.0056345434002028 3.1000353403208436 -5.310535341973319 -5.361316530478193 -9.130402938964918 -11.899146512508967 -1.5787209133110043 5.033377193666748 5.9995150375172335 
2.6124888464825653 -2.393193449756466 -4.281175766297327 -0.578203453464168 -6.737827061265209 -6.711002750902747 -6.295263497166603 -8.060472677566493 -3.1065450990922394 4.717057439558582 0.5971152203333707 
2.8318208088823313 -4.81277492695418 -6.414396258010386 -1.2377714255399987 -11.300345615574823 -9.151121995400644 -7.571146160694569 -9.499905680615015 -10.848677600888443 1.38037838802077 2.888836673827134 
2.205417620598132 -1.8088813005408215 -3.7667239734861386 -2.1890852609430125 10.333527720632464 19.485905523191526 24.163715518712916 23.11630482233518 8.26451449660567 3.6074439887737975 2.6260336250959297 
0.9586030884212031 0.646437378005485 2.1039144805825822 -0.7660232468945112 -10.623920523411968 -14.590116648660429 -9.889473012955442 -3.06890599133443 2.308437937700311 2.149267498812212 -2.746366232040786 
2.67289111699803 4.039434274351965 3.0225483944631657 3.7935737420815485 -2.5949036421332026 -11.007855755237962 -18.122461723001848 -21.086121248680932 -15.15946793212654 1.000612790351879 1.097177242272168 
0.19283802548355752 3.5768879637226676 4.862800809532774 1.1287255321709546 21.29355517109584 22.456867493249305 20.540384808070158 12.240339656151006 1.667610876999829 -2.382978057193332 1.332783780512973 
-2.5823361429617755 1.358265270839802 3.689461150022515 -1.1644291198863117 9.525879021122979 20.86645500601371 30.759079632073718 36.44854223134169 19.664676721723396 -0.7988297416702799 -3.915028892626481 
