-418.9725097813762 -412.9136571077256 -412.84236171887505 -415.2414859566295 -415.7415696678191 -409.3945675632537 -403.9966282483258 -242.78576769515337 -155.60197097431725 -149.59630015489324 -217.6247023318744 
42.139411132816335 43.499796351900706 41.59365029559666 40.77364080115835 40.30681310182885 42.19912272388323 43.122772712108386 63.050125355371286 59.48089708239876 53.80096542281268 25.833530537704934 
16.719597919025027 15.376652561042688 14.065516673196212 19.306932674414476 21.364993453282636 12.203806278860359 5.870219653471903 -70.84537486863255 -75.68998300101906 -50.271952865741056 -3.1349917810094468 
8.869170648189392 11.381627926874714 12.12062429084658 9.929814012882549 13.976328965770655 9.349211449049232 6.782542499130823 -6.694334024223702 -4.992738457890783 7.2850362208411745 1.0694468206813141 
5.045542185333538 7.845922694812192 7.380941493899217 3.8893569325729693 7.104027568705343 6.7818950676962935 9.887318765604572 15.514010254219912 23.758323187775602 35.347341466454424 34.64262236654642 
6.397189673513351 5.91691232646049 7.802279920812086 9.825076231701406 10.656002735341016 11.527086204211969 12.52024078734379 -25.816953323548752 -26.658199584135083 -4.158693870363555 16.568712055730906 
1.254718810697399 3.0308071039585838 3.3014420334517016 4.185518431465582 5.561332542998155 6.182191996835215 6.796385756312348 -1.6547993196872095 3.8754327062237106 8.73391400534814 5.852207303538783 
10.762557533057715 9.016429496273773 4.582374599946662 2.9668256476078043 4.317003434065415 3.10938866477181 0.22547452572890606 -15.984724417019489 -18.228875091538164 -3.5442594773717615 9.116483403625203 
8.56078308469246 9.02895198665108 8.24734757499812 1.9145960203068402 0.9026418317305767 6.679844327075367 4.691553840002929 -4.918572963351306 -5.525706876529332 -2.2165081910053024 1.5403540395918318 
-0.9490636028914196 1.070177542465888 4.062327873274766 0.30985764260562765 0.6113012537361053 8.016711698833923 8.443652846147396 9.614603647890238 11.298396419642518 14.881395006659929 11.884962797376875 
-1.2375389710667168 2.5603738538601997 7.544427541585186 4.201262239677684 2.9260851983758527 6.896925180468218 8.469665624468783 -7.319658680861045 -7.977341638228857 0.5001327231589575 8.687253725587503 
0.45884472947043675 3.054758892851039 7.797380017472124 4.8741182889372645 -0.15886736893565123 1.0667482876834047 5.178893839819328 6.790362690728418 3.550921897301898 -1.601459355666182 -1.948585036697407 
2.3219759072570354 1.6021146973831901 3.0082087864212648 1.5004653930684113 1.358866866282739 -4.036626230095294 -3.3902522117408984 7.336970766150632 1.82510202769936 0.7146360568673606 -0.6320298846285146 
5.0750497641289325 1.5572775030706958 0.7862336433551227 2.762440477627744 2.0915427001339655 0.670315802911786 -0.6258469322162761 11.741430886139794 5.65597936652266 -3.7777422091380193 -0.32840984446736265 
-0.09404421391522044 1.4744691096348768 -0.3904733902827402 -0.756331810064188 -1.1341254006156483 -1.7840856764513269 -2.4700105267208476 6.505000867432551 2.606568651713654 -5.42310555539698 -6.662867338386183 
-4.122412687676524 0.3543802192372967 1.9735266540663057 1.922825914144148 3.8744528780031766 3.579148598659526 3.0128502318756802 20.149000843935255 19.045777057598958 9.953174771597054 5.649541032227529 
-3.1867153137569852 2.1569709780297357 4.744310272110514 0.40228764126719435 2.3426315996975533 4.097171098739793 2.3632168565090605 19.099079011220756 23.050291179761324 17.657036270956212 5.486601820690941 
2.308285810540415 6.762017728462008 2.9130990765936504 -0.6115193020201123 3.4828395762145057 2.6072336601145114 2.287327623065197 13.409278807185785 25.272958337991724 28.66054124906125 19.83947109292137 
5.205908850102157 1.6763553085463898 2.8910477029112807 2.017654584895381 0.26581562254358937 -2.3728699851793555 -1.8862763018381932 -4.6086094612164015 6.32327208888864 13.867394250354433 12.757405504523199 
6.788592762214563 1.3538516792233848 0.19785332289974028 0.36852489193569987 -1.1767352043374442 0.09721448239173278 -0.18101776604492276 -11.13418126836846 -9.06086768745209 -1.3669242386045832 4.305072136666533 
