-302.009521251079 -319.41556855462846 -379.2944773427686 -416.32489852290036 -409.1919102134556 -395.9820053426461 -259.55410091211456 -145.13749530452336 -119.5853430871517 -138.61390403469227 -193.60047939405243 
119.5090384476898 106.92557431257572 82.79068586815924 73.36476127641996 51.72621722073034 40.55609940156977 39.86558344634078 34.08697345882765 43.55354944131544 26.667811646867545 -15.035337732990158 
24.15573007943195 20.24254284689495 7.944002637512661 -4.685788497225559 5.642702089822086 10.81444215926226 -81.62786139775295 -107.88232850004285 -97.60578890171881 -64.2563384032928 -21.318577512732453 
38.99112680979508 38.76623846600774 20.232359629972997 14.59233617283969 39.535673257859045 44.86868955196414 41.43936642770849 27.051975668012506 23.18471326065638 4.4995405079548245 0.22033112431556923 
-18.367922167917783 -21.063196804489216 -16.053173588683237 -5.410137850220134 -13.531173363004132 -20.373550217663777 15.159307714821459 2.0759206437881685 -3.7630476848318866 0.1971405507833378 -2.4723371471529427 
-3.3468049587273905 -6.516736653926985 -0.9022250515677678 12.673020596495798 16.784593321710073 20.922913314690923 -14.383685691007464 -20.184047435887884 -15.08628241550538 -10.00125734571867 2.4805398217525907 
-3.2754022736401085 -4.8169715440909835 -1.3700710608897089 8.643964205311708 5.560363207269861 6.672648778930423 0.42162797980496003 3.0922520073784785 -2.4479105415932954 -6.946828336894554 -9.999442371581798 
-28.263714666051726 -29.014086718990214 -25.29597518631885 -7.813365566652489 -3.599599265899798 -2.1445621131584955 -18.405816786303266 -19.175419955974718 -21.122137673641 -22.801804616351795 -16.242684608506863 
-16.567271774390697 -16.190829365350705 -13.806115023127633 -13.556649360287965 -7.383777422791946 -4.206202128951782 3.7082017794393174 -4.031389661452616 -7.21415837123068 6.8873000893550165 21.432447317817505 
-9.758863653224683 -13.454893631821587 -17.033956031888575 -13.761407744201527 -17.08633815040986 -20.394918560616496 19.673944370187073 21.75408492809191 11.284773614186296 -0.269197688273383 -4.998231517641264 
-2.2396390148878034 -3.711508194797223 -6.956408936356243 -3.3882153797454215 -7.044578605565861 -11.224623632703253 -2.7293897525569855 2.7402457617705878 2.6662088505511896 15.136804575822493 18.02671507069971 
-5.321776169353895 -2.4125996436436474 -5.2751421250113255 -6.248345724048255 2.0612105988771674 0.58913544393417 18.02110168804474 28.433313018212857 22.78303674637669 15.513912578364566 9.308440778106252 
-2.2446153780752773 -1.95895435705013 5.1999459101862655 -8.130899237095944 -11.078624770756011 -7.170847412106173 -21.50237554226276 -10.313123667722174 -6.244271590944213 -9.930279515015496 -7.677663615189414 
-1.3404120664090917 -2.504558532362772 -0.17505960777170326 -1.6985885551808413 -6.446946490032607 -12.30465394548592 -37.38607315406365 -46.27909154513073 -53.725846583257635 -41.673050148418085 -16.311525326960233 
2.227965135215039 2.0173392456015904 -1.3914981382207778 -4.152090356272267 -5.541937589206926 -11.749771121421809 -0.6966142741460892 2.7383792510264025 -8.380316817955846 -27.190415491722387 -19.601911209676906 
15.23320107927443 11.821259223924878 -1.105145949862973 -16.164185739277663 -16.74580424996254 -11.219156268248131 -13.616432669551518 -13.517409697291551 -11.417492193422742 0.8557986534777948 0.8040178812421321 
0.9924956216877368 0.9401227293182697 -3.3718880957487034 -10.734963466110898 -10.46415534549 -8.56612727262832 -11.162704744659607 -1.1561572893258303 2.3341854954611696 -0.02500580638977179 -5.212778849788241 
4.642791108618971 2.446056496811586 3.5307303121666775 -0.9899663077133738 -4.201980236087846 -11.61164963641909 -10.277395104199206 -15.905490398470576 -19.469301098271195 -16.758295689564864 -8.047923046850311 
5.843454758118705 5.291651061718722 2.5810722893562503 -0.8474687198377289 0.5641369236342028 1.1960051626811543 5.472131245680046 5.231311162019376 -2.370516805177852 -2.6374038025978823 12.276332562612904 
0.07904588021591641 -0.42968569444051796 -3.3986994479290598 -5.857843906371693 -5.342201324537264 -0.7574983814886307 16.784296231931776 29.996093262839636 26.503263569434502 21.286776413396804 11.344141279405159 
