-611.11923358747 -418.4540526493473 -243.84445722889708 -189.68420774677864 -177.9509222261216 -210.2041307525346 -272.6376846443984 -397.1617457792865 -563.5919784590652 -567.2295646030672 -576.5995229999498 
32.99796264109394 68.91321125933625 71.78843772162222 71.59910123279782 66.52666618794711 31.216120406815584 7.811212309423059 4.413006958447107 38.073402702388876 42.05450298727619 39.014948469352646 
0.09995270926254962 -103.60195473332152 -130.26253848219648 -140.50699527451405 -117.30909214380748 -57.19218018829673 -25.289113445450873 -17.701722836108054 -2.128665873007332 -2.37053131309421 -0.0677141866434805 
-14.318382300603602 6.52985485281419 13.51179068673159 5.037117137396485 5.347440222121062 21.49452263658499 40.65198413441742 43.883354618615854 -1.149851780387494 -1.350444603940325 0.6663280615414303 
-22.128976204653014 -1.4763136719711114 -7.266419102950789 -6.036197539223927 -4.659888105202819 -17.44886210677573 -32.44890784942724 -34.48103338835931 -10.828488112414107 -6.40120232309938 -4.296435805857936 
-10.695488744347553 -44.93049621806748 -39.67139868990368 -36.16116230521904 -19.3245905594062 6.513962632015588 5.575271552751134 -5.481845609053686 -9.556842375139219 -8.387359948631758 -9.113827197784394 
-8.945903617120477 -17.299170238030005 -24.703070381415664 -28.53774569701428 -31.12306727448611 -17.711412592303333 -3.082240792317961 -12.201225645841209 -6.739583352866901 -8.383327478168821 -12.894625769129638 
-1.9534467067274122 -3.162027527557688 5.319630173476354 2.6946260359651326 -0.09284705788869038 -2.7745105246011037 -1.5538217891805768 -7.640406243197739 -11.950260193493573 -3.918409284890328 -3.6977236842519607 
4.444715189693557 -13.707761951794916 -30.70180329760303 -34.416598309397955 -21.20761945117762 2.806686237630576 5.035384622951687 5.884310598872697 -11.390665360095184 -5.173680311547207 -0.3948940365650522 
-2.33396722786046 14.38643802141753 21.153505792934155 15.4182362264198 -1.5842983556205268 -0.6163936865831262 2.7673648435521727 3.9779710345660293 -3.904215361626509 -6.459249299388637 1.8585624225949804 
-5.112577753741875 -5.9434151751678534 -12.45484250871457 -15.425702280432395 -0.8792216240342985 0.1707463277163898 -2.740955748556196 -1.2766909193531775 -2.5411206512591176 -0.6976063093087083 -0.5756399323081032 
-8.416788213537059 -2.6103281698183225 12.813541532905557 15.580128973272629 9.841426114965119 5.181714702508415 0.42746432269619555 -1.4041271629383183 -5.26528578200611 -7.62788031031813 -8.320836206303621 
-0.6592853977989526 7.766934347230302 4.6251888691150995 8.724837220437044 12.294877824297238 3.815736471451431 -2.110873691277861 -6.456106834926157 -3.3938662959422325 -5.065887788421444 -5.458552253444266 
-5.097883585933669 2.3605265429702724 2.6117496947708454 9.395124923555343 10.349687845083775 -1.4612407934239713 -3.258195698372748 -1.5680404905525933 -7.02804011459431 -8.158714329444543 -4.319254158442016 
-9.982362318910983 -2.082160603414386 -8.987434282071737 -11.504383093339 -6.307394699621577 2.657949145166607 0.968711283287494 -0.8207314237817744 -4.507709537110832 1.2078001600128156 1.8961435601805303 
-8.906249628057722 10.473170733213333 8.939654056113614 -1.6584616126729441 -10.326945268544016 -5.3273289417930165 -3.9594521131400726 -2.776269502372563 -1.2947996621007432 0.5802159255343124 -3.038327543976835 
-8.11193283605061 -4.604064341800799 2.841050137088747 -1.3949862024352777 1.0395334092401607 -0.8368582167512021 -2.0245348108840155 -1.1020176879163228 -0.9267800131709107 6.790543775194994 9.475216523695567 
2.4614754911825494 -9.004137147945697 -2.396849271433825 2.7993444390618842 2.303024466750143 -1.990493402073504 -1.6491614634129714 -1.9655097357702491 -5.091833491156493 2.909970246932742 3.6278317609647472 
2.2391906549989424 7.563085152012127 -1.4550991161771378 -3.273744698546149 -3.555688536594423 -1.5175004108146108 5.864057933777168 7.597928977793586 0.3742181770142363 -0.7492049922126376 -2.093401443657135 
5.095846616628888 -1.664979998422499 -16.31568872491784 -19.668998516577002 -8.29086459672033 3.307599387914005 4.7789001242154825 3.1497974352492717 -1.0690828222066118 1.4529920174638837 3.611386940955508 
