-177.6317852249088 -77.99151172417983 -48.909521291776315 -112.52352914774578 -248.419280119259 -372.1224778499897 -500.3426052179724 -562.0223834906574 -605.0315951744811 -642.6310882798143 -650.9167791623142 
49.41859650301022 53.71249040785317 59.07841545450748 47.5503826097775 9.695308007041824 4.68809848215484 27.90174215641766 45.62741600904957 51.4591258868672 41.334474814165084 41.454032727249796 
-96.87805183966515 -99.68432002967555 -99.74186721632574 -85.23648408361208 -45.739415886882156 -53.521833544052 -78.8396826567496 -55.94331440709549 -27.862708500024965 -9.021250020619537 -1.5226468382773133 
38.34795574301174 36.361002171249865 29.875438677048315 20.10435555598636 25.326771746464054 33.959999276356164 23.147205860413976 -6.228354550759695 -26.89293991966153 -30.127142210722837 -31.63491124949539 
-11.145266537687014 -3.0256838850229517 -6.031880229222118 -10.499850377991187 -6.766316237121319 -5.297689058638244 -25.69712999114647 -33.954669608575855 -38.686265998057976 -32.163268593027404 -35.02537689231037 
-52.70239607712138 -46.271665872476355 -44.94182320102109 -37.83903754179505 -22.84614699293991 -30.251289013574727 -58.4193753430165 -46.41818035410775 -25.793901897400932 -14.116857043271304 -18.209841491511753 
-3.7099026981060295 3.6356495070714963 0.04076062408038422 -9.138327910364389 -6.139729818955756 4.113061397982329 8.011250008911757 11.67323405154038 10.148341225945934 7.441896384688475 -1.2213014412092542 
2.2701456748625652 2.29913474137732 1.465200839121481 4.966022440741623 7.944960750861099 9.990302897663616 -1.231529701623544 -2.71635361965921 -2.5499290218179933 4.991257227366074 2.963143809273183 
6.8167175817819725 3.966556151059017 1.5142432671461055 -0.27302193797030744 -1.9094387982189422 -7.314063860796538 -16.079921396498015 -16.90735629640787 -10.712552943453318 -6.239176196969478 0.22177236259336885 
6.41413992552938 3.283196983012427 1.583931011825614 2.1891084555944307 4.360106010433424 2.839634988896335 -2.800308842295486 -1.3422285328577854 0.2765927395250688 -9.78165706573019 -0.7752230823964011 
-12.132779916969405 -7.6142107548226345 -5.864962656475447 -3.6209123468991016 2.722917500624563 -2.9859048095998793 -11.61927057456559 -4.304511847751311 -2.4607981617947168 -3.3882825344106244 3.409092604898098 
14.785488835054199 17.711316338144314 17.946584076073076 16.122105537823163 17.626724756843366 14.638505026622418 11.745949148640655 11.8623756446451 9.954887277047254 10.720165364309285 9.048785620117991 
-5.013579377469927 -2.864657212607403 -1.0021701336200155 2.2854390198603554 8.07031682574583 7.991270879450608 11.897736491487002 13.313811376666862 11.769420614231226 10.3680003357207 7.034749165478379 
-14.48480528056913 -13.658422640177823 -12.462713209228404 -10.770680171577286 -11.824636119047543 -6.6863447008167185 -11.783436509734205 -8.697413516539903 -8.363201692599361 -2.6554577337081384 -0.4970459492739879 
-3.684941325329441 -5.074723212491365 -4.22118133292147 -2.4594837243696386 -5.8589326442651215 -6.519649127642285 -10.117899555886034 -7.502179461880178 -5.830739844731351 -4.519504796789407 -5.088497366298887 
-0.44162201923897076 -5.878099361646788 -5.415295583080612 -2.4039950771124956 6.04397503419941 7.192326570038059 -0.18854683448742351 0.20847782608992976 -2.709087193851121 -4.393309627075508 -6.479251840616152 
-11.935550219663844 -15.544403601850696 -15.57826499523481 -12.115522996273166 -9.664568921211512 -12.20229825658135 -10.534847019534268 -7.957883373446217 -10.61701668878619 -7.639777076701252 -3.3458427999010563 
7.460714069339108 3.722600749198948 2.575025386488998 3.509706389768135 3.2952198403245694 1.9120419880640065 -0.17020865120692513 1.7335625259227836 1.9201585691330827 -1.1332914238624054 3.7784220708209517 
16.404729023366933 9.641247478899045 1.6802371979523707 -4.2397018283363685 5.015450600375701 2.234988951726007 1.9521522010725674 9.186332807544911 9.797499665665097 5.182188103532287 6.142382944459837 
23.60642379379263 19.164635360143727 10.96717136307452 1.907631498378699 -0.5996521179631125 0.7191791932838227 -2.584231509557765 -0.7223028833371524 1.696168441382294 3.932556742887908 3.188544038069928 
