-302.21368361210835 -300.638342429294 -305.3239378537481 -306.965692218588 -305.0542669777428 -211.15761020282525 -115.59070767182743 -104.04471364691672 -166.0898742492444 -248.540414496945 -278.47529614021715 
63.77183435841644 65.05818750797073 62.78158605467827 65.58950903259338 64.87243006384047 19.122678436034015 -22.69523366335799 -25.631139283604966 4.248205686736832 28.88517619221306 43.220487850224394 
27.376339073304663 25.321482369629834 22.24769200923496 22.963310543540345 17.736914759497203 -28.295687849099334 -49.3120448992551 -52.46852840685292 -34.09106907411283 8.041088084355184 24.04518514286437 
10.046765256527479 8.760704980746063 14.431718548790428 16.37610689364353 15.764830542570976 43.97693025617929 47.33473608036298 54.24869326981681 58.92068556015895 39.40371102213647 23.722124755922604 
10.339296083927668 6.107571879881032 2.573431255355785 3.5028046732391305 7.17872340342128 2.199600076677164 -12.430296125983894 -17.263228248040143 -21.65592693387481 -3.860240749891305 0.33991842240376735 
-7.360428322594594 -5.427259069755635 -1.4600453845172292 -0.14237854005641015 0.47618219861585886 -16.61917661261183 -18.827240313011067 -19.85356440434673 -20.290615638895815 -14.407026060582377 1.752136201129531 
-0.9192220355032547 0.8371800482377904 1.6756761154400586 1.58895628759557 2.5237063809384033 10.157042358422391 10.231486427916881 12.03061116196101 14.131220083073572 7.723456469440576 6.832200724654889 
7.776651283495033 6.936315146807346 11.131675376844731 11.39098610851979 9.384670237547287 13.791544245248499 5.516342332383195 3.760979764359364 3.7354957959656665 10.717018077523285 17.353793551534103 
14.739802364188117 8.988216810495025 9.270439245644834 10.07689208590374 8.132801027284676 2.6093453156213764 -3.508094946186594 -6.9630836470107225 -5.78007026023306 1.6769244989637393 12.056708834833945 
6.298437004557517 5.170520505685861 5.574587395384495 6.645393877036337 5.825138228795229 -3.232021197685738 -5.773214386037654 -9.460116505058318 -5.121741013138111 9.952684838062462 14.941445623615273 
8.077835895988397 7.060075705484628 7.746485935945629 7.667161503171574 5.590185341608349 13.199465778797768 18.638994124201666 14.738411911242554 8.672199317979034 4.747996962907617 2.6789998314570376 
5.454545078449289 6.006918728625065 6.43460306673726 7.668116114258698 2.9388556510428048 11.118743858007548 25.403953828767147 29.867288644060928 19.71907148408544 8.103229983856586 2.724416663816283 
3.0771295907736143 1.5541570899396686 -4.959182491142436 -1.1224334739597808 0.49108791752543435 -8.98304814870476 9.841244029062912 22.921422894538072 16.859298155889356 1.8170064617716541 -2.3347165863138013 
-7.419201911223274 -3.6488683850631904 -2.532242460387776 -5.91051603015087 -1.7550704300904658 -12.185854586112827 -9.762689316170626 3.993739651609966 13.34135826905223 0.16926254008801078 -6.216067485203697 
-0.13652062423775618 1.8156557231670525 -0.16988284645209384 -4.661456589536537 -5.057102230268294 -1.8947737895387926 -10.174592536116894 -9.649047329212113 -1.1056050452771806 -2.253068653022133 0.4437518491985022 
-0.4859835868936697 0.5574204403861229 1.7634647632365947 0.1158160189146733 -0.5963345001743333 -6.539294787418528 -15.705148210253773 -23.360827477038207 -25.209142207909366 -10.705192621839739 -2.8152476817228838 
2.4876833982966495 4.040237718471044 3.692141289229033 -1.654365045036037 -2.421603864346338 14.494703842940982 18.655493710527622 13.312124431210968 -0.8859736626322285 3.0655871785138302 2.7014517854599243 
-2.919335559176087 3.75189871188353 6.535155681718681 3.61586126751796 3.2636587058164626 -2.9630424600925434 1.8191909196984208 7.678781144680379 9.71777392327822 1.0899296988668077 -0.20166475039495807 
9.601156313054084 9.024412345549004 7.825615570593825 9.12002656183197 5.997731030986341 -12.175727028151208 -18.571565049810225 -12.489001399166305 3.934780132019617 4.839194605802078 6.245986257877063 
7.556037583119869 3.277208265779396 -1.1076388148662122 0.03383251162938139 -1.8663113664109974 2.470326655358282 -11.16826792762642 -17.119089532255593 -11.592063704298242 1.7187710760322745 11.325354678954344 
