-470.0555633544476 -470.1480763321374 -446.0142291533436 -444.3515300361626 -481.54455670134774 -374.779837915009 -260.13025989268533 -222.26433673709442 -236.10162440608642 -306.67362304832784 -410.17620964012934 
64.91242341252216 61.24482203015531 39.650075007254586 45.48670897260824 60.523122655507606 6.168211030983564 -46.79210914373948 -81.9227921934337 -75.26709794663283 -28.333257731910237 22.261844327167463 
18.461492405370063 17.923552480186626 15.379219546179172 13.043732850842169 10.366598045554746 -53.3007324750958 -67.67875285310635 -81.31419309108261 -70.49747415671557 -33.42140804722649 22.485860353765556 
14.191789627817549 10.427833497187885 -2.571822351351133 -5.6934530796023 1.4444359732359324 35.80139929090616 44.63262782891469 47.905628685646406 54.663892814527344 54.53734285384113 26.254688209827926 
-4.356906540878776 -1.032824681430842 9.834881645079042 6.788603373304332 1.0594341431158145 25.78293704752702 29.498459186849203 31.682162763726275 33.17460538168736 23.699664320450907 -5.378338317206589 
-4.036400435470146 -1.3691741321052393 3.967978966132639 0.7695031677239745 -1.7410902178585823 -33.158171644182694 -46.55321672768642 -49.55960827390641 -42.943526036984515 -32.61692596844432 -8.025350076819574 
0.81255610228954 -2.9226997123023475 -7.549433045259502 -9.46668912620478 -9.914183203320267 0.01440641489846295 1.567962273705625 -2.930457342869735 -1.158448938771746 0.4793391462862187 -6.78309091769915 
-16.044699448548116 -16.015936494346118 -21.19698679298582 -22.324728706183627 -15.208382783350457 -23.573047657164167 -22.390914855127512 -24.84238315979264 -24.74957435013512 -16.6285385207373 -1.9886356354396977 
-6.956799198494705 -6.556810959862535 -2.8329612739993135 -3.301919829066575 -5.8890604541466205 12.203001232852408 6.233257547504998 8.951558400800979 8.710434525281677 2.420031655374305 -11.341212043034027 
-1.3248448441556613 -4.550660240834099 -11.049427528700733 -4.441315861813668 3.1411013806634385 5.958585178685128 4.6737332677852175 2.9932344456071016 3.126987335232621 -3.27381323623994 -3.236785213274075 
-5.285596988465336 -6.743612677788006 -4.550385978967483 -1.145312953138671 -1.6977731535799598 -29.772561461749042 -33.63107651965885 -31.00047258961892 -21.918938587490494 -20.119951199847208 -3.7892099290671135 
-7.36022972137083 -5.2747836599052516 -9.176260435688011 -12.891105449178188 -12.013493162673235 -17.429321065891077 -18.48957673559199 -10.491678454527008 -0.8442047772956427 8.932418796225509 -1.464296896338315 
2.8974218663009443 2.947775247119921 0.6029276015556193 -1.3799509716666951 -4.970933484989693 8.7654664087242 7.210459927681903 11.718650361724857 11.094283550111765 12.519598752958911 2.362867419062704 
4.275186736957139 -0.23865204496558318 1.0203404866115386 -0.5699935383644589 -2.664027245319021 -13.296655721967227 -6.225062890880389 -4.011886922942599 -10.205196214236501 -14.97093428528903 -6.394185168950896 
-2.6339591714340482 0.4024551634883142 4.990370611322961 0.17531411816719955 -1.524485470602606 2.931199695080043 2.917351137964295 4.613238914501995 -0.27424026986205585 -0.9615436450703909 1.9077061576325252 
-0.2481012953456858 -1.1413508778908392 -0.8775421830781851 -1.4004839524657102 -1.9707045582049645 5.737146726984756 11.826163726169941 14.15956040251823 3.2976685699651465 -4.010428909897441 -2.0832890407636215 
-7.523676132980567 -5.242081479534729 -9.314861383926154 -8.557894198316458 -9.78192475568956 -3.475889437834752 -3.0728427705123655 -0.8334284396446086 -12.034911803977 -15.671380742076396 -13.294270757581007 
-4.313205191699658 -1.947792856746849 0.6762844071916773 3.0657988395574547 -1.7426053396724936 5.105717628052877 14.233137170770906 19.12947021211804 9.09857226957525 5.864935452383165 7.4111335277735275 
6.410645127501855 4.661172645109989 2.7522295313342386 0.12397615203037549 4.194809527684221 -1.8712421368653556 -5.525634738344108 -2.8758249014330106 -3.0247289429092987 -0.06968356172872436 0.6062249770293333 
-1.0973110722506372 0.1079123024918949 1.5379438691782283 -1.7931280941253045 -0.017600980966454294 -8.497410853724077 -14.938199237600003 -15.353381463902101 -12.217727199985676 -9.11121336047944 -8.327049802181993 
