-483.3941448762362 -482.8793655697148 -452.01403897975774 -360.349261998597 -257.7465163159475 -203.00948761765858 -206.77809044132675 -294.57665644309236 -409.85357562325765 -469.23254922564956 -478.98784025588736 
68.20758900124123 67.88054718258621 53.79714739564887 16.25874488126927 -31.672430431516872 -58.450067076865245 -42.533951700014086 -2.893339667488223 23.808578359297925 58.51656638926072 77.51112687275327 
28.55640054341235 22.98488995048627 40.044503580974094 -8.220531721321699 -50.753791871648986 -71.46300339011526 -67.35833003429464 -36.326411715229 24.61445471044732 29.738623529907002 31.249385577253513 
10.09566402774346 6.092265066118019 -10.215460111038842 25.67917234945176 43.56440603258753 42.943198463510065 45.62958177191481 48.142431407843546 21.48069734237187 12.67311762536984 11.784892332764846 
-12.045347861672209 -6.6905983709558825 2.455270564468562 24.485294418376157 25.517470160124823 24.339692426025017 26.3057546057407 25.894654941337286 5.0032353221791 -7.500981451469528 -2.417121986192037 
-1.6814151947416676 2.748273642087527 -1.4340964699910275 -24.47176161895131 -32.1796297893336 -41.874735269437 -39.361844268172845 -28.442203492904014 -7.8932021985882415 -1.861905516010873 -4.467417156393988 
0.2731876035785753 -5.125189397796914 -3.129929835685432 -2.1758426636098185 -3.4457637581464042 -9.787185635477007 -8.115447224592787 -4.309841977065499 0.9619363168797643 1.128295047091164 -3.784187088343268 
-1.6113640431696634 -10.50259399768075 -8.023421495095642 -3.9642929551297037 -5.912983713074228 -10.172985607261346 -9.64961962778155 -5.595219395235898 -11.353604700124432 -7.2823090094082215 -4.598800896405192 
-5.651395364797315 -8.408850848262412 -9.579752722279725 -4.235774505078591 -10.096032079651103 -11.924982976554242 -9.58681348694126 -10.22940690315301 -22.636559820497958 -5.711767686655517 -5.228035690639773 
-6.154773244102989 -0.07373664172969918 -0.9341037785704664 1.2400792159309206 9.177353957137505 10.742344001908005 11.432532378463142 5.262036968724431 2.563772593587874 -2.753523589192482 -10.679206085481892 
-6.5714726907627075 -5.071839127361384 -11.117469783460944 -19.534139856496957 -27.326098661799655 -27.740727651850776 -24.08260025650762 -16.551058395645043 -8.802424656151558 -7.967255450820424 -9.392298136359907 
-7.184733111097824 -7.05668363479931 -2.98900809657196 0.9547817957317957 -9.870514481152957 -13.925810820197752 -14.654144294543592 -13.942679919530523 -13.667178981785964 -5.001291189986918 -4.9822675362668125 
-1.5229915545101034 -3.5910671738766036 -9.375442481871236 -4.481664767934801 -3.9337560466246257 -2.5881169951117244 -0.5975741881739451 1.5055671527417172 -4.620936368233972 -0.2698780352713086 -2.9997218809867365 
-0.2898866475449315 2.9801157812762904 1.4066956233675572 -9.891354448648762 -14.794219212866285 -11.127073417891017 -12.06428041933066 -11.860135537644435 -5.30256680681094 -4.977763503797574 -1.2978479277459634 
-9.416426259701154 -2.447573833550652 -7.992168122095833 -9.528098797825084 2.329419869054977 9.854636820244732 8.11911575585976 4.687152018553615 3.7817980046431225 -2.294260242069068 3.1886815352810736 
4.486035089653234 -1.9781943792442582 -2.832554032619298 1.9235794850461172 12.345183530419213 12.928869906713388 2.5045381960573136 -4.80582423900672 3.542258108361482 1.6127419197641426 5.470863361943227 
4.527754548243957 4.456006452071094 -3.5206897434600375 -4.607612046950481 12.283130307489694 13.879212368497335 3.052160229857834 -11.507464622226255 -17.53723243547983 -10.383606645662859 -2.679543660736326 
0.2199017489660247 -0.16132663989721885 0.44945122579265023 5.113954437043525 0.19899333944537728 3.0923504187631545 2.351503436314753 7.227448352003927 1.719710293237308 -0.09040108731326107 -1.5245036065085804 
2.8785571782890687 2.371586085208781 3.0010790073685416 -1.3631840599324834 -9.403431183159798 -8.97785810405286 -4.169561605437437 2.04670506504413 0.5285302143895222 -2.052868330542452 -4.246365395819947 
-1.9714979902368257 -6.688649579358998 -8.380771262708357 -14.781090519473727 -18.634534455521724 -21.280240570430706 -19.15169276592445 -7.837089544158516 -3.6059975776253754 -1.9332370808471058 -3.8748595846726768 
