-536.1771266630287 -423.3129355201924 -164.13397020293655 -69.3360880129737 -55.57452584743424 -113.92444167459098 -240.1966249377962 -317.6651313161347 -438.106223293933 -517.9462536057653 -509.19170905564744 
33.34293200262792 56.4694400263745 39.4177982282789 31.289039030364 36.710861764525646 24.87170894510227 -31.40544775814027 -42.436578795303944 -23.51285758621843 21.674473582751617 19.450865871201337 
4.851536702886053 -65.21233056047693 -94.22416264253584 -94.15088788041982 -79.04265208677313 -42.55848034920456 2.165272065056007 0.5378750761097434 -3.9138208899364115 -17.573008040225993 -28.131223468192122 
18.05934734504453 1.4107629484437783 14.009699882500882 14.514013032021039 7.240060931737066 -4.447622368029843 10.474047668490766 13.627335038458288 17.154055460876084 11.929710848735507 4.519470406164708 
8.965209921016182 6.1760546836357335 -0.1794835356264124 2.3363672456827618 4.624084528303424 3.919440950793625 -6.9410463407353795 -7.804776980443522 -6.573332483725867 -6.643766188828246 -17.532230571511164 
-7.114641936291948 -31.446213949419676 -30.009135255074384 -24.595965958162637 -18.323230804366542 -3.9205790260536726 1.9210363392178103 7.458123190178964 8.0217756371497 -11.52714455864367 -14.243409033965253 
11.636466772068271 4.829477648660174 -1.5653055613289717 -5.459032275603196 -10.439125612855477 -10.767010856910272 -4.360946057789501 -2.2735013576086356 -9.56897767317836 6.194411335742803 7.67386267885172 
0.29974133772171707 7.32591101571873 11.447091426714945 6.754414629724442 -1.7525717325079349 -7.825826014265342 -0.8781244546516378 2.9593780853817413 4.81758745040944 5.225744818675197 4.974847770052246 
-12.648137418955326 -14.090010427051652 -15.047846586214337 -12.818388836900946 -12.614073892321137 -7.906679553284764 3.385922564917448 0.5733450179195368 3.3176121092942177 -1.749742311117867 -8.773562235473205 
-9.256384152415382 -12.992899834328448 -0.7565833056427316 2.6987268812443217 3.374168135462056 -1.4509746700768966 -6.406432213308429 -5.987651393871843 -4.247159388619739 -12.710876761716388 -18.84865822072132 
4.535091825398154 -17.258424534732043 -25.960084265029714 -22.51778313673504 -14.22598100334101 -4.9833020422860805 -11.747819447727805 -6.506085520824495 -6.180666248621147 0.1279095191962644 -0.707165687511991 
-14.082433475424091 -14.834412446655325 -2.623803374480709 -5.957201574706614 -11.956632663555963 -16.621643063028127 -13.955751359334577 -2.40171397143904 1.1020472134819599 -2.052689079422297 -6.57494500939929 
-13.831445166324038 -5.271199192250272 -9.918665091792963 -15.418644474580857 -20.58535855533313 -22.20270316729944 -11.731150065327665 -3.8668162835431485 -5.960133947320556 -14.753904542596644 -14.002847323145236 
-14.572205766116959 -2.0688956152174187 1.551376446278143 -3.6124033697208917 -10.84429192377304 -11.803232525636602 -1.4210784328656378 -2.6623387713958184 -5.485232756311353 -12.72392618910887 -3.2775863519591146 
-12.943934119927306 3.015146478061868 1.1850149763466216 -3.6032562603589637 -9.13340864006394 -10.847583810079822 -0.6268664131280585 -0.7485098532767647 -0.003274383130943831 -1.610288292112675 -5.6510054022235705 
-3.669814263292194 18.250562462271446 32.93986498474658 28.965935845147143 17.297811974376575 7.8587869474217635 4.865626877553102 0.7627622319157723 -0.32051980350406595 -1.8356351939168096 -6.289303568065941 
8.83819103148265 16.57201944597525 36.40730775200948 36.38479757184491 27.775516903986627 19.053429501405915 3.810352176453894 0.5525523412886016 -3.2082401639295273 0.5181299078582197 1.5277195207805958 
-11.26587420263095 -12.300809974638714 7.192861172959155 13.925496463242322 17.70166210119846 17.70218243985542 5.062687947765609 0.6504168585004847 -8.766941053908745 -7.4529426970526 -5.227352791049311 
2.6040690170381096 -6.694582544132102 1.4599339321901943 13.561267418326537 24.325819149689185 24.181540342838407 7.212628139804924 1.874499778628857 4.482242201899756 6.093149398423742 7.191468142368245 
-3.1905796838831852 -19.29814075013746 -19.391273656366977 -13.862606081014743 -1.9675525952792736 4.123366719255058 -3.153175498218453 0.9893158094725107 -0.010998103345725374 -3.0376835622147564 -2.6498473922890406 
