-591.1955320361114 -425.54774363085164 -155.17251218587145 -73.19020780387658 -92.08548702305913 -173.9421129644255 -255.07775683829297 -337.4390532522933 -386.4371552007069 -428.4854380496131 -469.70880356180265 
10.442020940229174 38.20423492638196 17.004533175457503 13.859731324989806 24.31255186572129 24.65098286026349 4.659700843089924 8.418504751729078 6.609875428792153 8.284420223239835 15.763613858939149 
-12.396737913939315 -97.07315708929025 -86.58831089050666 -77.90974663975567 -71.2852726672517 -29.936965769529778 -3.7077058546032156 -13.946591035692087 -26.303683557528494 -18.212825777544772 -6.4069875089805395 
-4.596467183576595 -10.003548342018814 -2.3959323812320483 0.4128762417874905 1.0213819320407893 -0.11380922367067645 -4.32389347870034 -3.393385364466001 -13.587771571627371 -10.657850525453087 -4.1859424009824835 
-51.44646218327361 -1.2083072836970699 -9.729805778103842 -15.117007673298735 -21.582500731397246 -22.76088315317265 -15.573633819127277 -28.18237267419328 -35.71198389070502 -37.59343485780303 -43.50629486367147 
-18.977937640759198 -33.86514893334103 -44.919672747709654 -43.44913451510588 -42.48983091775048 -23.73606543672716 -2.875771408512444 -10.072422750999674 -12.480391437893472 -18.902377524630168 -29.53531491540461 
-7.516201185121645 -36.72189095486665 -10.432573696785623 -3.208332906561192 1.7146896899469368 0.6919622248229857 0.015622864111147106 -4.506371247561043 -4.040857471530059 -4.174636001866277 -5.066017534763886 
7.860939457061129 2.3686240015768094 -13.22157512300084 -14.31226973718671 -15.64643800125267 -12.58024743985193 -8.486817264635736 3.753654961198397 2.417374456816528 -1.5769534999894026 7.205158650462208 
18.46758790644672 -0.7673013758187005 9.159122427963203 8.587077053680115 5.12732248666184 8.485363752008226 10.000967731001094 5.5809264045024065 0.4985170881121612 2.2869586124196304 11.155396992900402 
3.372776296374435 3.717444702343524 2.3485257158452444 3.9969184585690174 5.547756162482974 -3.3977016909220596 -8.072124452791185 -6.048983326850113 2.342605106627265 9.438024704124626 6.691047239199351 
-1.6704487837198592 -26.97705285067505 -34.124437406232495 -31.346789733005437 -27.256235414395903 -10.179738397565949 1.3921286623921048 4.073087263510515 3.9420701241687777 4.983491140446457 6.4050192653959925 
10.182994906289359 4.182979188486871 2.0733283658107835 -1.4668375688870112 -9.712133455974463 -15.764285626259383 0.7638087215828124 -0.7486404604774549 -3.38471066801873 -0.8269562702676282 2.085409950432567 
11.785885831047974 -11.5351594972209 0.575730533404115 2.8000939283465733 0.5981301802680153 -1.5946863019099384 0.7033072497138642 -7.190148890992704 -5.400463800310234 -6.509138776256789 -11.172047571309378 
0.34661293281408234 -17.332896075247877 -21.42527326059507 -14.463087875517427 -9.10151193947171 1.302792248759269 -0.706317258331683 1.4399474480108407 1.5653374120673036 2.632888410344102 -0.6821261373423461 
-1.7724987440938764 -1.1362463763281672 14.169215306789932 16.395564545311103 14.17835156809453 7.293291706424837 3.4615666507836784 3.061768439870273 5.195534074711206 7.1199349311829945 2.3591343936223677 
-6.557749687860031 4.566844567092161 8.179822389664153 11.936631325194156 10.171464277876414 11.338781289497227 5.337069889595384 -5.173369851962848 -3.4349672647072325 -5.577618583751155 -2.9040409738083794 
-9.059209541974578 26.56880818043154 39.63678367458472 40.1271025528118 40.3368237137783 27.601163054263445 7.025455539804178 3.7775755800981785 1.0814952618095344 -3.475111027636101 2.902308814514131 
-2.039747952346358 7.7935070025140245 5.794900914283304 9.87124862600098 19.674901127399664 18.783432586925123 -5.375488458352672 0.01655948145610686 4.772204464489976 3.5232630022797347 5.436263290606867 
7.786546069298489 10.427769520078957 0.22359053585572986 0.9291265994483459 6.240754458856237 7.383397482824071 4.28045907736636 2.144012388705171 8.422823302379276 9.352153047711585 0.0897360202155677 
8.588997399730427 -7.118339090164847 -20.96756005446642 -19.06976170966402 -16.264255540196164 -8.764230142865404 2.263750267441828 0.19365218104221793 -2.2912541491109826 -2.009148120386297 -5.420930519704847 
