-573.170149729632 -248.73016864920493 -81.33920801959093 -40.394765929431195 -70.33864877176906 -142.84420393115917 -282.54168925750116 -438.10385721359296 -579.1132340765666 -615.9741932010003 -642.4536537467977 
0.6674395227352239 -40.09788148697935 -38.65394263648382 -32.77140668853837 -7.693071440930286 19.479796182378514 16.009803479024992 24.006514326360666 48.840289337368006 40.010919930773206 30.679283600624338 
-85.10047584054072 -63.9397815583762 -70.52260856163875 -80.07265524565882 -76.32608893802089 -55.16112467624589 -9.357677948637962 -13.379600473154678 -21.348455505742045 -15.513970284617962 -4.947818803678244 
28.411367336145556 0.23187225051747304 -4.090585013722412 -4.867609780005406 4.647302631348253 10.439513315660665 -1.5940681993200458 -7.23117093742021 -25.91588990910198 -27.69286351376691 -26.599527047821347 
32.57495492481064 -25.352346106158258 -16.120870448975843 -7.109226413210699 1.0077940518777164 3.0645490443239685 5.0035800510040405 2.2462208637139813 -41.459062235309865 -32.75995627101334 -24.33823038964426 
-28.335582360144183 -38.63268868024821 -41.97009103413336 -44.76420492579346 -44.90456113503886 -26.314560490863677 4.256143643013482 5.797622338363523 -22.59470390214016 -16.245784377485265 -10.919756305821258 
-22.728694173529565 4.670468444606389 0.5331175734916513 2.8400945339756944 6.515107622116234 1.2348120078175997 0.1830935442568915 -5.177767764393856 2.3941488629847134 4.439073742927808 -2.1676557991972927 
-11.176454644747018 -7.63282348390109 -0.9849795214104051 3.140574616031155 1.3170196070372249 7.01209576963967 7.769446969675901 4.708691839921911 -5.181478411379565 -2.7664607948910573 -1.4568737607334414 
8.373654884550175 -18.58132902729193 -18.414031652325093 -17.348331457105374 -11.90972518850723 -7.183317488533802 -2.104117187229109 -5.522775323546892 -13.86335475278624 -10.100668340912872 -0.8277445820393364 
-0.8451868492066849 -14.239691430237887 -14.29784002197231 -14.926966670472202 -18.42392960283858 -17.871200305610664 1.26116551583986 4.80182603499415 -2.3233516829435543 -0.902199034218568 3.8363711427180576 
-10.431315469920552 -14.631983271779406 -11.227504977289971 -9.116712312601909 -7.056266675135154 -6.3023042640623625 -2.065806994300257 1.7072656662500858 8.888232743856776 9.440815927816306 6.867712283720653 
3.762217510803837 1.9539333694720136 5.628424489741381 4.966804283783073 6.4730318256578165 7.342468945470394 -1.4094011041268364 1.65949240406516 7.264494068341065 3.2029396975762783 3.91878144395561 
3.8872871128847963 -22.72599117464443 -16.47491765233761 -10.274872563303958 -1.4631309128178684 -3.5902780585290834 -4.369082184796518 -8.61733244530991 -13.102116093531315 -6.436048380441502 -0.35638498060998625 
1.5688390293215246 -18.683604770300388 -16.83707082377527 -15.838020024031323 -7.522397856316934 -4.93507426238431 -3.23276086801752 -4.898998051958081 -1.024965873664472 2.261758938451314 1.2818403784538543 
9.653853907896366 7.628495544076266 5.9825159432102435 2.158083422460234 4.5664260713222475 3.703073439888783 0.24929354490038202 6.217531314474796 8.654609090969487 8.604578806453492 7.538608854227511 
-0.44087336986325565 0.14321370747696954 -3.5905163874238095 -8.526684814831903 -8.869892379620461 -8.798705880196126 -5.705675503368157 0.8268709419484485 7.596701861672264 6.201845915774307 8.5619166339424 
2.903312743185491 23.58518916289375 21.296822250842723 13.741567627529761 6.747348056910564 9.163362160740801 1.7569084246156665 5.193156851354234 7.937944558759904 6.479012277354761 0.7583600249820031 
5.200305130582084 25.327035552635643 30.096748914395818 30.796675622276318 25.70004785688892 16.63883653574227 0.5453888891331667 -2.053876238966242 1.030713516498923 -1.460741986184909 -6.844589229444773 
2.5626225177256265 20.13194165667573 27.031511517413968 32.76580635244571 28.766243937844052 22.974651769885966 10.071663091771523 2.292090229069604 -9.062535032662776 -4.381928311242419 -6.889548141584436 
-4.644225757608804 9.769969921549285 12.329307309241191 20.946477780172103 25.144847775517057 16.235309991653914 4.566716155405374 -3.2699359838481863 -0.5394093002381861 0.5692667895752164 -3.0457780980214073 
