-407.0553391686675 -254.2462447322433 -127.60349074757043 -110.26430351877946 -185.41847582001876 -293.40390030331304 -396.9180448171156 -563.3700434079401 -679.4858927766296 -714.4171954824892 -752.2301700232052 
2.0537994120464065 -13.222527978500505 -10.550679047584357 -3.488672443426479 9.500981230413789 3.2731842037272996 7.254790038698275 26.178577131915247 44.207585548058645 47.46422590871178 36.827996048746755 
5.469144683147755 -57.04909953007358 -69.98533649179757 -72.4953402269188 -63.72938745326776 -17.269455003159877 -6.130053440968989 -19.093397077435718 -29.13287498820326 -23.069052024301175 -6.144054067241237 
25.519964209233436 10.948247814439881 6.689815868383869 -1.5639513202510038 -0.8527400309884419 2.1567597601754045 4.505026315432422 -4.6910987706153815 -29.791662172575972 -20.3905427399812 -15.43079284167063 
-52.31370396321746 -7.90455716568282 -3.177001927466815 -13.462692080386562 -16.83465400107012 -8.193324701693523 -2.2575881312262625 -5.74705606282979 -23.354171095447327 -23.160332153310744 -18.58703007585857 
19.77563509567895 -21.778225470824673 -35.47141409353287 -44.02917867747635 -40.02375321447487 -6.737487529721152 2.0851007395823595 3.024551579402896 -13.815950861742916 -23.946182209020456 -15.3658722152264 
-11.228238888215259 -2.549827038541168 2.131188333797232 2.2056036091261193 4.258320601817108 -1.3521148495418882 -2.8028705602104327 -0.6120591726250215 -8.259548999485004 -10.38027040726679 -3.882233427752829 
6.177459869644858 11.18063599857918 6.839149917816455 3.8864690226684835 5.822775977773253 13.208347411198808 11.4764869647759 10.649947028256188 -6.895852042639867 -4.981164568466632 -0.601680019328928 
0.08527537469011733 -3.7393410454696694 -4.551731985233612 -6.238623750266294 -6.869938452411642 -2.3486226879565573 -4.724796280658581 -7.750109924842446 -12.062839691782349 -2.6489272734496137 2.1755450183586884 
-7.325026496071594 -12.254611488529367 -8.752116003437958 -6.686752366747905 -2.586103397259638 1.9493660566713258 2.041737040527768 3.0526619779602 -0.9098397578115562 5.520287638569512 6.410386657381471 
7.39752986688039 2.551011772565479 -3.136544049764096 -5.741118817464551 -5.55930665872507 -3.21019363690907 -4.88168003035461 6.209877509840354 -1.6722888256835948 -1.9231009166558883 0.3546009544226424 
-17.871791798619334 0.8126322404369531 6.839840059034465 7.87332499934357 4.659754868089323 -0.6099366490785751 -0.47208732269592557 3.994576388610271 -2.024988047184243 -1.442888022939261 -3.3095408223040987 
21.58351393236201 -13.828748209597443 -15.856261358274079 -12.47273267608482 -8.077449735444826 2.7366473063998473 9.030376876741254 -2.443398192872083 -8.710051183115953 0.23848656866037793 2.192147024336601 
-9.340823442865904 -8.084894290989203 -7.40945202589224 -5.177451057320547 -5.6794755827969166 -1.6832675872327665 -1.7495390165580003 -1.6082887598016227 -1.7712450384674199 -0.2589315363824142 3.5389004621878284 
-1.1262514056559576 4.011650169405241 -0.3129655754419043 2.1331864264386238 0.5862111347513426 -4.697033166744301 -2.5895600139759507 8.827639203644774 9.227638323071197 4.437252921837251 4.047069150890672 
-1.1995948271777102 -1.9452295255357281 -10.068484936291105 -10.393814607077331 -11.398409326566078 -4.471568442413366 -1.2766229957729944 8.201933744671233 8.797260501895185 7.867690141422672 6.750478884326895 
8.088833819158916 17.720415980391625 16.65060934200165 5.989373256538591 -10.522687976629822 -4.221632599636308 -1.9869163319447383 -5.165137491876525 -1.2436381923400068 2.108803548325444 3.4184316482624393 
-5.678322266283047 21.021333030260486 25.08516741058508 14.670041831286854 -2.225017282594013 -2.8693710028334243 0.013290857452645466 -5.919779767198333 -5.3686402449531325 -6.5505780517426295 -0.2677592393910118 
4.608368755122118 21.11925214412774 31.07049320847062 23.117277658925403 5.482990072702023 1.2764754400877505 7.062870565025289 -2.6580811306608125 -3.917692031271777 -1.9711397465723546 1.8840988720788077 
-1.1328757699546999 0.43899080232347043 17.415999144021136 23.725688525906364 15.541706435122563 -2.3056204438555667 -5.509824290322047 -4.242854210985792 4.970274394883153 1.6999503264888571 1.493069683735969 
