-666.1675879516596 -642.6777369617977 -650.8534951785653 -316.6493727308307 -163.90615206834198 -124.27151555125268 -146.73564587787115 -234.5880416812253 -292.87897372381383 -387.1708467417688 -632.4980788386223 
2.647264815155209 3.7720629923312705 -17.352417696232678 26.65457346634369 11.705932842761555 13.968017378402216 17.14876863883269 -3.9161937882361446 -7.6431805977674285 -0.680758834601948 13.598392500524895 
-1.2978239678176307 -1.6730032155336292 5.133433120163875 -122.68987111102311 -122.85544597435108 -127.28630044526791 -104.52949392998768 -30.6227921543464 4.3995200684646605 -1.5622928326285999 10.647685156277682 
1.8499047816368854 3.1534136960926444 1.1394081872070403 -10.39774931618615 -10.413647969896644 -13.12556807490995 -6.085605851821087 6.335495343022069 4.7639936078843075 -16.90628605035766 -22.781489330518365 
-4.0767324040245345 -12.526273734813474 -0.766872301442246 -12.48121531889658 -9.17527549124046 -5.418528604295686 7.996751558761028 1.8075207069519112 -21.384965410361623 -32.60631568834253 -20.678676799060483 
-0.9430877467374812 -1.8796385533159041 -8.411629743417894 -57.19441593495677 -54.34876233582191 -45.08232388086178 -22.735512011126815 -5.076685009777816 -12.70666895305873 -19.829448543349173 -21.82610812867956 
-4.465193122376807 -7.672151227828875 -4.976564045509386 -1.1174652830315854 -7.994931872840981 -14.10163036944158 -11.07921126479824 -5.128731452002446 -4.117984451865841 -11.672564491680998 -11.497344359547114 
-3.008857546373611 -2.5488121650776745 9.740130752784303 13.48954383137238 10.505872493963388 0.7418067376812694 -2.8939166879053975 -1.3400424773101283 0.2657311156361742 1.623097282880973 10.403553731981106 
-1.731333000464058 -7.443012256762911 -15.162896247570918 -4.704868339684528 -5.32021223968575 -10.855620503685365 -12.143533036269453 6.379680384219456 8.46076789324764 8.325561974869442 7.5693075044904905 
-3.207622119497893 -2.738534748731709 8.130169768397346 16.655573020614526 13.904059459702449 4.409702998008728 -9.712173060577118 -3.4610871471574223 7.250111721528919 5.848061211343824 15.153872585824104 
1.141062324426972 1.5199243980911872 0.9739146769938476 11.778916805204691 15.3200425699984 10.6743956513914 1.2804222983685343 -1.7825965357039004 2.6458312121899383 -2.420865968635819 -3.647616564474714 
2.202607047383094 4.198487847946554 3.752000903965582 8.586029246008561 11.511235151418408 13.48597516677193 9.526015102167655 0.8786271576778364 -1.6701528486942454 -4.214071389843989 -2.507465963090807 
2.0319834981009084 3.136337066552739 -0.4586014641178944 31.56630901039761 41.76514501540336 50.36964342751221 39.7081872148097 15.255587826729787 -0.9623288819746698 -7.6242849864749225 -9.11121334864897 
-0.9284405401081975 -0.9624356208923146 -0.5078256519581374 -23.5734017396331 -14.92830545811709 6.417705211785934 23.990614116715058 15.926605687853154 0.7669864546760106 -1.6856649263487005 -3.1341116128041 
-2.45415056515819 -4.716985650900487 2.050021839555207 -0.6249183647861761 -0.8623416951334533 5.524064796857894 3.1576908342869094 4.966774391801842 5.12357891791171 5.130307724657683 -6.369579297023565 
-1.2100088079079787 -6.280272387512715 -9.79185476728428 -11.994716790816401 -17.323677858192838 -21.310020415585548 -18.36061552256236 -7.132636787425154 -0.8157968473102507 3.413640116910968 0.26695366657568376 
0.8443754791316891 4.550520392809265 6.882029825653508 10.550788501189443 9.975007288578169 4.50591789173839 -6.351992552640429 -4.683433467780969 -3.802357845383774 -4.736523244265404 -0.9392032083384 
1.003705290513861 5.982512753348268 -1.946650967606935 -3.755224508117806 1.4270285013721165 1.2793396573541933 -7.655587505628966 -6.4526466191190135 -5.214199850191603 -1.8269857744088365 2.245821504914394 
-0.6236690536607024 -1.161937397952787 2.982932527021826 -1.4509113338172202 1.9115682996842196 5.116065063160471 -3.8539188288490744 -1.2631066327773324 4.443729019533484 8.444913105992399 2.05796797707317 
2.300630791303605 -0.6811292255902694 -2.02966596833218 -7.163602725143242 -15.453270206238294 -19.554461679312123 -20.431274446648374 -13.070446307392757 -3.0864473896358104 3.536077566656573 4.757011353920726 
