-718.9494619139846 -593.4566369799394 -246.70731759908884 -143.03871427832962 -149.38684668109968 -236.09253197591795 -335.6183743590687 -453.4186886974528 -676.1281257818248 -716.7099500971284 -715.4014347660324 
-1.4143973823193332 2.9053077724453145 16.746933072208037 13.988336375887936 13.07027201490063 15.43860796817496 37.41737807104958 52.85795916876583 37.65607645201426 9.023864496559892 9.743910473451002 
-2.3055286856714856 -63.19899347302301 -168.30368915722002 -160.26699105792153 -142.32274027850784 -101.0928010618457 -68.00072164885285 -74.08992391001166 -17.639720804882202 -0.10218684173515338 0.8452892111309505 
0.4459592286493356 4.961114266725238 -18.39011847980776 -15.76672675022526 -14.639025527291501 -25.734689974149617 -69.47792387740608 -92.96179890539744 -41.65348237959576 -3.740586917827162 -2.576631694263899 
-2.7063482694629375 -0.8609535680412643 1.4095481884240955 -2.40540603123603 -1.0708243596715898 -1.35000596613092 -20.717485976382463 -22.44747476832235 -31.219674873446728 -3.9344544513920443 -2.5336221871119293 
1.2684836913674356 -7.988046243518821 -50.40417344648634 -47.34817038465887 -38.37132636310287 -23.223262974779878 5.704782905468457 18.672782677642658 -5.641708002231756 -0.85448592936897 -0.011007524779999098 
2.5238905186111156 5.638999373172371 0.5795976745261585 -5.985671091013977 -7.5542102437014345 -7.4132016505227565 1.2966954360195067 8.434118366045308 15.182304056257953 1.5066814347808917 1.0370586028928215 
-1.1366966687593398 20.719146395736587 7.967249660491832 -0.15891425328122566 -3.2458359455193566 -0.42725870370217156 11.979906786597835 17.452979119665383 17.93374438779618 -0.7806007816150767 -1.6771300426733813 
-2.4349175716588283 2.5806385951889235 -5.162923281226613 -17.085775854419364 -24.231322101035467 -20.59469212618693 -4.855184586134253 8.93119357689658 10.635847211737413 -3.0593275903005464 -4.153002826269141 
0.9582989421022486 -2.2932399533548122 6.792350349860629 -3.4047139918501634 -11.654293001666687 -18.111728154156232 -18.641012382387803 -3.4396543858746096 3.0692541382837373 -2.53373976310808 -3.5526679017818257 
0.16167937314912 2.168591694808292 6.074700357042984 -3.928001944039262 -11.200358560087054 -8.288724197859942 -9.421329126217817 -15.477070934408722 -5.764718682524915 -0.8470390575612478 -4.320929760620791 
1.472725842037225 9.772926008920432 11.868732970103029 2.414177910988649 -9.480740901586337 -13.44093930429423 -2.2459381153336184 -0.5663718708388646 -9.269742399796684 0.42058670566778555 -3.3400656632287475 
1.6491021458320867 -1.6582626812517973 27.829157396287027 35.587040102346876 32.935779611029844 13.685028184670967 5.776024145422136 2.2838115917693407 -6.6023926757496945 -0.6794538858077843 -0.15634275532194436 
-0.9339832715932965 -5.46814178867977 2.9814581128118673 18.95676891771663 31.58651500742904 27.955303314292927 8.565300631294223 -0.9828199604257633 -2.9561564985076654 -2.6129223527197643 -0.7698749945432962 
-2.1516834876547524 -7.037159619483114 -1.8383698260660504 13.888394102740826 32.118246731218704 36.62370512593632 8.882749283168497 -3.712064709168872 -4.4751661334024915 -3.4343635270209543 -1.4729431989986075 
-0.527647830013797 11.63909652868955 -12.21068504567949 -11.84334939611234 -2.521315512098111 10.678042533714375 3.781186978602587 0.09780626315441834 -4.624944754287316 -3.463102391509273 -2.3358120777996554 
-0.7850488218845124 -0.6987911760142911 5.601055185203 -1.3358437322514751 -6.6498539656978615 -3.800122396499626 6.866895873971215 8.655860204837897 1.747426492524921 -2.6185369052677254 -3.304332819185081 
0.6319797857817722 1.5124567386858903 -2.673078198048424 -1.1341346147036544 -4.054770545239138 -6.414552548433152 -2.4293666325665795 -1.7253228948889654 5.7697405045680075 -1.598714882483149 -0.6933817313146344 
1.2247570240137582 -2.3158133854435503 5.584427961046561 10.070908003482177 10.326096028723626 6.2204078819324735 1.8605209741510595 5.377134990191236 5.802027341499175 -0.24219175444050461 3.0150923385398363 
0.31010898836144685 6.889183248006031 -13.021584551893834 -8.825144896798555 -1.5178526123451233 1.7258025099060277 -3.687768983587747 3.8772046380818526 4.1738641351402475 2.7434047278405687 5.076924429533106 
