-388.78995944710107 -376.8644900786149 -378.9756324765884 -360.6387167031404 -350.9790796428733 -340.1724102264492 -344.67972199229104 -304.400288683732 -172.8854147446935 -103.56558436307883 -110.02571576612058 
97.20363966990593 95.96601242893301 86.69738088276497 88.12986589262351 90.41818615699529 105.11230852381293 100.10918982688952 73.58808675664142 63.445927754202586 62.1776999318533 72.53116028104927 
32.228178908651415 24.502869050255654 17.29409272516382 13.616130661166164 16.83815465298841 25.29708326682855 25.808415682577674 -62.978084571317545 -101.71384594394607 -87.99430204344071 -74.11184163288658 
36.815634244686635 28.09084328334454 25.122118887677928 28.069349969592174 25.344841008173486 27.486470895900528 25.579220562064414 25.475988486315806 17.446905069758166 18.548696527057878 21.0654082528045 
0.5889285714995042 -6.980404398350204 -21.71934911531212 -29.8916728767449 -29.202436279910934 -18.231635370593807 -16.457205491740787 2.728654869133338 2.0996896872974613 8.325112361167491 10.245542052905584 
-19.463916928586144 -25.38936382097615 -31.576811346512905 -25.634534881676053 -17.32013398482316 -8.249131096204552 -11.920211762289753 -17.49542206869325 -39.112214307815115 -34.840943197972905 -27.659065373964697 
-8.130534525511873 -14.214879893181049 -25.033649726665523 -23.489704411770823 -13.334668566123398 -3.2173904351852163 -6.92642873860304 -22.278041485437644 -7.702448939054622 -0.3347586033442314 -2.0038010473363643 
10.134954789502753 -1.9651865391817558 -13.244798462173886 -8.735967117093427 3.2175095928086064 7.937881831072833 4.13801922518468 -22.754242719128392 -30.08320697489246 -27.11114133471044 -28.85177389572955 
-12.589735088052631 -17.224935550009583 -14.765591950222287 -3.5101148193876663 3.153415050431829 -0.09349837450586507 -1.665104219832848 -4.778423686124087 -8.68110344733175 -7.608920106564321 -9.804913807234398 
1.782145382068677 3.2604210113552474 -6.8525821106355576 -15.664172979564473 -9.696565968316843 -10.830659616256092 -13.634700112353093 -5.124158494493557 -4.440230922647332 -2.817476678377957 -2.7094122348350904 
-1.5388925157120155 -4.983428403805906 -7.8294105596420165 -6.1874368489266764 -6.8368155237675285 -13.924650114225848 -10.73067228624652 -9.103467105370699 -17.638170463545453 -23.55415432908557 -25.88719798380438 
-7.721065968173624 -5.81030553266622 -6.19494940054085 -11.41740509288436 -5.313950451849577 -7.23322252295625 -6.660679841398073 13.290966457322476 12.118550536482982 6.404134307187141 -6.026753321357132 
-12.116359688380612 -4.624025087407733 -7.332223252138659 -16.049032712670826 -9.887083303028604 -4.393980758192283 -6.1456836084416375 21.821519499228557 34.60546734468324 35.072300704229065 26.31597745239113 
-3.2457813107759876 -2.953798472893227 -1.5619305575910445 -4.812110681236229 -3.091678406107227 2.6463051265437887 3.0482909060079244 -5.235223608641391 2.8540722867891426 16.34416060572628 21.673726261884966 
-4.26942012028946 -9.588880278337124 -10.055052866318192 -7.626000225831326 -3.3904853389180163 -5.000359172347019 -7.947111907976266 -23.592571121833785 -17.514927393234892 -5.103795892755292 16.819260215906674 
-11.854681747301875 -7.445942360497252 -6.792666278967206 -10.202772888752255 -8.699710761407342 -5.985284867896808 -3.639883337836208 -12.798599465008312 -29.59247402708568 -34.361963556981074 -24.88764237826677 
1.0334267583790153 5.493731997847727 6.375467388021772 0.04810700484490517 -1.2998956905370045 1.5458076243425793 0.6912257074803128 4.177515032720329 -7.466077732584932 -19.65188485431737 -27.471025676653078 
-2.500191230330473 -4.387571256731029 -1.7284616830352035 11.470390986136088 9.829242015008667 -3.3748755727634454 -2.8268906412384833 10.683302746241878 10.251515444839676 6.6915519372156 -5.940195718735406 
-10.603789123161032 -7.243085479410363 -7.1372900813557525 -9.355535091635442 -3.5328590973049754 -6.824403200453901 -7.572737336429546 -16.141084381650405 -2.026418555989486 12.627377939846387 20.863933556310123 
-2.5884894609775926 1.2945872563987966 3.7944245978745252 -4.341183711060742 -3.8367310090451094 -1.4523081418061081 -1.6771745195993848 -21.89809889169952 -36.2790091615715 -29.390136586789573 -8.217847890445626 
