-342.44473591775045 -206.5504977216418 -159.07796797676122 -203.6951623439313 -330.9994665850933 -466.1393963645957 -509.6308752628198 -516.8834638020883 -529.4134065406453 -546.194892488155 -557.8627060545625 
59.29215866788564 64.26806417774438 47.848319950295625 23.83185506680882 5.131521402237785 32.669859964472494 52.345787433176575 51.089973561347776 52.06924913790195 49.68112287148088 48.03763725894592 
-57.61099736723652 -84.82620196584938 -68.50839366975993 -35.55560236099711 13.737111354195509 25.882113429881386 15.570924290930142 14.57460278961205 12.739859931596763 9.403163754971954 6.1376968745817875 
-10.32451913021352 0.24453997607864386 1.8955350681435585 -0.6545862471995475 5.9158330072236645 9.011638431228697 14.034062755338041 14.106035790866418 20.80491779537813 18.326519574688106 10.530907895846227 
8.686616872037341 12.791149481928057 12.09352397665886 13.928947649389645 18.466668824902943 5.299281094761008 -7.459420837036419 -5.219385192037697 -7.058367286846421 -5.40177472638011 -2.2932753004354076 
-21.173815061987092 -27.19845615848192 -17.145718178530533 -3.071962795508022 -0.585066963942917 -4.908779614419344 -7.518568541772707 -5.539711147411953 -6.131092596309346 -0.8372709901415039 2.0870567785279426 
-27.800076885012484 -12.159578255799875 -16.32638370882198 -21.23480559298506 -20.91966360028525 -23.844644199518996 -30.855185406155535 -22.75319966260917 -18.311386807782696 -19.542543654853965 -19.5533332610184 
-33.446815793068495 -54.918590887308326 -52.40192918476322 -42.67247659313908 -17.808531646912947 -9.508797960766193 -1.2932943509702768 -2.009133734944553 -11.33057123432722 -16.924982559531962 -9.689772192409503 
-13.314275896897385 -6.620721990614769 -9.773905743407827 -11.144826996256075 -7.474173264112183 -11.972697985713094 -15.89648788228067 -13.40147848585739 -15.107157005714122 -13.02152557424169 -14.393365847706562 
1.406819843017974 -2.1350524636825314 -2.042680947710596 0.0007624692532044453 -6.334087383910933 -8.71848941150193 -9.557597790295553 -3.1326213471149424 1.6869244714062144 -3.4242029510425986 -11.726520898210783 
-18.109880261097576 -27.50493304853253 -28.311141248847775 -24.96360645314882 -18.031462057037174 -6.0334710912419025 -2.929452855195488 -5.47749643349433 -2.5858885115549923 -5.131048225710444 -3.6890033677746676 
1.4675862966724171 3.022504957799663 -5.972501101289022 -9.817942084075373 -10.674920282073028 -0.8238204254588435 -3.2561490379844673 -5.181306020939253 -0.892970183370903 -15.862128263499834 -18.794543398598563 
10.04220007144103 -2.4144970046630263 -4.522804894300865 0.3696287337918549 4.739512246814382 4.505697428504485 15.155968402784016 15.181918859087437 12.104420961181587 3.3438450870975447 3.2342223124687495 
15.387202571046283 10.180266800332848 -3.4124601145826112 -10.326281818070637 4.395896547921431 3.6887608925551927 -1.0861380907135154 -5.586673240056625 -8.795457509209832 -7.591862682611394 -0.6661963629550278 
28.952161318396218 20.234853989750146 14.237148850073858 4.701910518757818 2.1568646903337454 1.1592400813004964 4.759094027465489 8.177265905938029 9.017993227138021 10.995207890151192 15.369514456793532 
22.522143800952602 35.0211601027886 31.54842857464925 19.839513168585277 1.2688476569089608 -2.6820136250670688 -3.355354162763844 5.850206862868475 17.30040149468077 19.00554684445281 14.054485894594595 
12.956478400013651 31.004975974147598 35.28718240539082 29.084632553270268 12.604831941935814 11.179437666305933 8.707023388851631 6.024317168427094 10.96037656723258 7.640792390665214 5.331774451149441 
-8.805899995732661 8.858223933532457 20.543410008003036 23.456521877386805 15.44101557303398 3.858815660296863 5.023650330623305 11.244713845621432 9.344054788212228 8.032197250273978 10.761960952239843 
-24.34198582257322 -10.947543057572751 -0.7665980050029297 8.001782244938322 9.126104227675295 -0.7248430207783223 -1.2782958995914246 2.954928946828792 1.4749788064921647 -0.6378054054175997 -6.2654946936824905 
-5.406077825738586 -20.814474216959226 -19.066767249916154 -9.937033384997626 -1.016802773756472 5.440687481376454 2.792463021046359 -0.3693776511006684 1.8843095765989024 6.146168737560021 10.587061850439149 
