-312.03575534858186 -218.43099295508318 -194.40586967134413 -248.92088659223973 -392.1826484137779 -476.102145638556 -476.97576498284997 -528.6175528998225 -566.6999797541533 -566.0402463506962 -566.8573373647338 
57.516402231603294 55.16450251615689 45.874018196679806 32.017045049361776 19.67203030012379 16.350843156253553 2.830671569257545 3.6962434616434083 24.794911934379712 26.89200627337174 28.384714548045622 
-109.68422287215355 -107.54795350594132 -105.50686266831352 -111.83345677194448 -91.61087229933669 -31.4020608321129 -31.039535776939175 -13.130770563040315 6.6946713881027975 -2.046726360678044 -5.636984171397302 
17.920162309334508 16.17245469738568 16.86123076204514 17.61680878138823 32.33300610232699 14.81292365153815 14.640069544000006 8.230345554976676 -11.93654704988501 -22.702933024648793 -31.735774461039345 
38.68231560586941 41.23015152738548 33.43366260059935 15.934995262424108 3.585660735906737 -1.636534931402315 -7.083957487849851 -23.292457286321188 -21.920773995241767 -23.609189330141632 -26.93270928793584 
-49.54600622763739 -54.19556144463494 -57.58530498874502 -64.96005537184064 -54.14027824368614 -23.063896948261323 -11.20714020643219 -15.299035302338721 -8.908194612609773 -8.121964554842306 -2.1363531001034293 
6.028159009501784 9.245544519765497 3.514397870370029 -8.78362369417472 -2.119613813275696 4.223098660663406 9.286351641473374 -12.233781631279488 -24.68169651992826 -14.85934532101072 -5.4363808727919185 
3.9733860167385764 1.6981476558647337 -3.0284565885025496 -14.19759181364567 -15.07387344294866 -13.767443668333954 -10.69380002108916 -23.757850542548542 -25.666123828110173 -19.01812547731518 -9.184910552337566 
-21.748573186114385 -23.643357163195162 -24.46235424129462 -28.670806467652653 -19.973308789752203 -6.81563214465253 -0.224962533170606 -1.8992750429382013 -1.9985284561664347 -3.2612113179893196 -4.226153277076814 
13.111919532357138 15.36466670515274 12.197766085911798 -1.6152382052079697 -14.917748664388938 -3.337829121385356 -2.7527072816160727 0.4229532378050564 4.204440835899788 6.267662877788208 3.4546234391458577 
-16.38061420654266 -17.890024881282933 -15.616587728975652 -19.145369026568915 -16.231288408507204 11.672051296503803 10.202644604510848 7.841585584750278 3.75760421951185 1.699611541771871 -2.5559105568040414 
12.89814684143407 17.17282494893385 15.201745207320998 10.57135180272018 -5.022361028265925 -2.110603449609951 -9.95051793493488 -8.413209142226254 0.0932103900005894 -0.5929332778198342 -8.878229714881744 
7.532427263140696 7.531174055867263 7.341084936586034 4.896955037779197 -5.618672781456702 -4.422517326859383 0.0578735333787381 1.8916817940771078 -1.954601302088455 -1.9562908117987172 -3.086916706211123 
-12.042605400504225 -12.253608700575437 -13.146857192071314 -12.981473800626144 -9.408391729567107 -8.511835374239196 -9.3085315040742 1.3541065198658537 14.610767987830307 12.43839797051358 8.195446452326006 
1.4891885862393224 1.9584256484281632 6.34254162236072 14.05989155598111 19.789879561818257 15.982377001197783 11.290535886504816 16.610622999284328 22.749563697508577 21.00067555853547 18.07948607193815 
0.9252039686700669 -3.8882826018319854 -6.685745695301835 -5.3813467309203045 3.0042214001427827 1.6807857142091303 1.6593358157006446 3.8404878667987643 1.9041935949679136 6.942244245636718 5.411946798026122 
-2.720450720069474 -3.6589486752078813 -7.626425184228738 -6.647523072351851 -2.6723586603547673 -0.025065477257749658 7.6061511178023355 6.288883682391868 -4.586709048298584 -5.65819250007239 -2.63169891068831 
-9.212782755261962 -12.631995320216781 -16.02087495175985 -15.001808919434458 -3.8864494955662896 -4.206594691082607 -1.8938739108760858 3.110520359434838 3.107998215886318 1.9870058526723031 -1.8159258713398523 
3.9210512303795486 1.247565076762723 -1.3847164295557601 0.022188857431240244 -1.8897827896797585 3.78205571253571 -0.2857958817641082 -5.033049434798734 0.3595576974207977 8.096446271346197 5.963681246673834 
5.148700096402876 2.3361230806886017 -1.277861353369567 -0.5292573496823652 1.1920198111961056 -5.19215758366653 -9.356761136261003 -3.202062952148916 2.487236960124127 3.380568301152028 4.85228109136745 
