-419.2331219194736 -434.07456359963624 -476.80323740107144 -492.2507770578185 -422.7971533955511 -186.8453805678656 -91.85218469736407 -95.81658320846373 -162.90515091932195 -245.90385513308496 -287.0812555320743 
8.92974870283408 21.745378692577066 34.252717712483204 27.76329711052043 39.62943255404754 31.374456014702094 38.23193690870524 44.90254637327201 25.184599597834683 -12.645473492779079 -21.830831978870393 
14.329411038437996 9.4717710062279 0.4402781650025396 -3.640457603396037 -69.90418078599286 -114.46851944823266 -114.2531645665429 -101.61865783648463 -56.38861371342564 4.835883157395694 18.08623750549799 
-9.46871373913621 -12.910086058180038 -15.441641778670641 -12.17755689355253 5.636675591685442 -16.854514288840768 -24.642353344632582 -22.875909082792305 -7.209325676549696 16.69337398258584 22.465808894444955 
-9.02971500992383 -8.58700610876063 -7.370860052768737 -15.788390788545492 2.991752151602742 26.759139372912493 25.545296345949914 27.093624202358207 22.77253633806899 16.657544641694845 12.572254269242142 
-4.753531408190225 -3.6989739461869178 -6.515632715377573 -12.315034152632567 -34.22648166865738 -65.8122314434912 -61.35729381286065 -48.760348310661726 -16.897240860376215 6.8763588571483805 0.2756934169253766 
1.4063947650936302 -0.477593929198418 -10.586327471671947 -14.602858851454037 -1.5277557504473709 14.569022040369735 15.563046203942132 14.322212332799076 11.435392859844324 3.376630119675426 1.8071435169568328 
3.9593523231386265 1.8094681330652822 -1.3324667231070269 -6.095850704597396 6.28682656631263 -0.7001541790041051 3.012455859265539 9.738484344407413 20.45637954133848 5.078529158519405 3.8484068103003377 
2.1473362943886496 1.3183619481907736 -2.4471976583634083 3.319631280393553 4.441309943147316 -11.031489952114804 -14.336237770569854 -12.793496304216882 -2.1975976543278426 -0.3918879953483384 2.404473883848798 
-7.344619953362387 -1.505285709767354 4.245506555476766 -2.51956596877086 -25.190000856124 -9.066136539237714 -8.52104051140877 -6.875735032545771 -7.353574810480269 -5.2180183968478815 -6.2555539565239355 
-4.239602549191289 -5.452824938029632 -4.506997560386173 2.9556011106048894 -12.623954866050621 -16.238446234569345 -18.30976195660041 -13.360488491390736 -4.829665073889068 -1.346371666520664 2.5099634758719502 
-13.659475393866169 -10.015569396126255 -4.472296572695586 -6.885495003978748 -4.0884200436391716 -17.01043347088091 -19.627474650253305 -19.046721968695444 -14.729080128841609 3.256386246306203 1.3998804108751868 
2.8154028765117474 1.4728369337707679 -5.765346275909327 -12.461749662999413 -0.6994856263501948 2.659673860883698 4.450421219912972 4.223220686604181 -2.1884125727089287 -0.26668494320961483 1.4848460286677663 
-6.5524325930072145 -5.97813214319252 -5.185581647460762 1.649797719777373 -2.9196726566156226 -15.64121541898411 -7.253703626500277 3.0525489762814115 9.519920087621186 -5.207623582931215 0.6418826978439729 
10.022409479632248 8.270574429465531 1.9046772934217255 1.9997164436412482 -1.2968927429343595 -4.105335877737508 1.471420051332131 6.727028418187322 6.573873762770084 2.239738114752958 8.659554456455798 
-4.8485024822732115 0.6469286115445297 8.904423547879864 2.7977015012183304 5.097935766431876 -9.078898098066071 -6.182145983387465 -0.09366362126956329 -2.329794563654337 3.667857417844615 12.037875598454384 
2.9221331732547244 4.038445240360121 4.355536798259589 11.966719947606437 13.501283247243718 7.6925786431277485 7.824047234216519 11.041971386178165 12.485288027459747 7.365605460962716 12.792704132654698 
4.508979260556551 6.0635190119646 8.6378337976609 12.898455084292769 1.6898908733431517 -8.542678397198985 -8.665570572724818 -4.014276224083465 -0.5547274714811926 -1.0890967100536697 -0.23098156054722674 
2.001374516729283 1.5637560632327712 0.8529098362670102 7.4844683283218885 13.319723944313205 -4.741373456511711 -10.624927654946411 -8.91302072072462 -3.4473159495833174 1.4412122918387333 3.434151305041338 
2.6942397867661207 5.945593106540216 7.474724880358448 7.914630320381861 -0.2244483032859781 -5.9542254317566785 -3.6838559850399926 -0.7133582919655561 -1.7092850668922512 -1.954175816122636 -4.369999557352518 
