-594.1959500837779 -605.0136192786647 -618.9653410900295 -632.3004430658467 -469.1323366604263 -335.8995563187626 -286.2380226591568 -290.77436062141953 -337.2284371208546 -381.52367941384375 -402.007119074893 
-1.1139173412036671 0.08357100141906604 0.4731358581995274 -0.4443052756944695 -47.823711989797076 -72.49597054931147 -73.1050544553733 -44.06993777348177 -14.983649457897943 15.396075009942699 20.294064771042926 
-36.70366028093699 -28.923583560140433 -17.619092597090695 -7.846851899173733 -66.10749064776059 -95.00196949515279 -110.54297147045136 -94.00010651510256 -29.680132550093457 2.7832571696469763 12.149805473831112 
9.5994755216507 8.199950140135396 4.056919028262804 6.204933893431381 16.773107962687753 -2.8418651744649313 0.9733100364415401 19.123190366631007 31.08432516147529 23.762627245933476 18.989273668377948 
27.930390798063584 20.417870634788365 -2.0167876970866634 -5.677100171557404 -35.754407176030206 -47.04696582543323 -48.517940879598484 -36.51544406641099 -20.87163400154525 -6.695427245600966 0.2208321623795522 
-14.736742593656693 -14.56776681225039 -13.497590074432939 -10.678280034396852 -22.46413056954429 -40.192166002607415 -44.23159182289021 -26.347443121127423 -8.004971308920965 0.4456281843286826 1.5206404057915983 
-25.123783547159594 -21.2931276145736 -7.249183263272952 -6.961418636854978 21.352292552071788 17.585879377891946 18.009858055780875 28.126634691583718 25.386648656197924 7.74071290534153 3.4291436914158187 
10.923119262591356 8.032538241008613 3.26193126779178 -3.1104614451633488 -4.185046802772341 -14.049155702680725 -25.817266094334325 -23.4108203185736 -14.20415289873811 -3.054424863921706 -3.774373611658852 
1.6670983203611298 1.6756377415191566 -7.6996261666429415 -11.397137052059716 -0.2310525719001466 12.695644684778852 14.50348011447579 14.08928764466035 0.41296860635330934 -8.211876620286105 -1.1416691805615262 
-27.51391550936527 -16.274781871609704 -3.2722955563700316 -4.248133213807926 12.827284291404006 20.11409218448622 18.09734595672621 8.082151951006377 -2.3826822009930684 -1.9297461230506698 -5.918640048301592 
-13.902156240892031 -12.152413651936076 -6.798060583785542 -5.611675609595709 3.9437807857949325 14.283581625733063 17.57525537876095 14.82615484228161 0.8978913007223965 3.030814838997078 -1.035039261252146 
10.624378073050709 6.897683664908897 -3.844129929142377 -5.705321048921043 -15.334168755237497 -8.440542586696228 6.0398931163649365 10.792939425924263 2.6699690129154576 6.573741590555224 11.241487614684162 
15.465455138900897 8.87502098744649 2.0112163048701506 2.202528844768708 -7.902550891240988 -13.020922398534552 -8.47304627551751 2.884431456449457 11.30752749033914 3.7441870271935622 -2.948041241128051 
-10.521703887511714 -7.584581205062786 -0.7195181685292136 -0.4271617394308188 -7.847237953305957 -19.19535405514203 -23.469464091539265 -15.816117756302848 -6.302903820488295 -7.377638498396344 -5.600784441248778 
-11.263112491365256 -8.612382109061212 -6.4587696376021775 -2.760648364928482 -5.404799012337977 5.080953856768893 0.9612011185303524 -4.253262416855092 -2.9811685430288666 -7.01551891883075 -8.562367721111698 
2.001868838530718 5.65103429602887 1.3880400241214514 0.0699405345928405 -4.044881927703033 -0.8729996365434748 -0.49165555435392805 -2.8033618806409217 -1.9576053284461938 -2.508715087676407 -9.129324755816336 
8.915616988216122 8.28915010480953 5.057044356435588 5.467494776338945 12.487379932206647 1.7630379844992925 4.3541230304503165 2.820178910179946 1.1655132764780993 -3.304638993641081 -6.797262411154705 
0.634565331255466 2.3276870237921248 6.056079181835913 4.733973700785247 10.493137575000048 7.163251873967077 -1.124914064037838 -0.6050720480309608 5.108862689477684 7.06518428083249 9.500637931319073 
-0.38651937074768794 1.9088457851226035 2.0763100109075485 -0.31847160896447846 13.186226136477064 29.53045453248341 25.036391490852584 13.286797916635638 0.5321336458100661 0.7699872345956448 0.4653898097386009 
11.986529628778115 8.542436658878861 3.0552840526711686 1.6305569496727217 11.832837770794498 10.417085800851696 11.898574526916747 12.514571872990686 1.7303423858606948 -5.415236173199992 -3.559458584661451 
