-124.31040071284366 -136.04020863808606 -175.69215703408705 -120.41616767981365 -79.15717344928834 -76.60594887663854 -56.97939650920758 -51.29144391761121 -48.79976612151282 -72.08382665866976 -129.5848283512794 
50.64894592520744 49.27886723805225 31.889829730870353 3.8416634920930206 12.111126982715808 25.14482398650769 22.99199134549221 8.523353532463362 4.878880320340465 12.733354640377554 24.70950645145725 
-44.64067239639646 -43.537420752848234 -32.016204323491166 -34.12125233829879 -30.505368010802194 -47.20037818014595 -67.99345534135148 -84.66428721819764 -82.68524859794911 -71.1950678392783 -53.435232153455125 
5.022898831154161 10.758442352116917 -1.8852947637624613 -50.06118252514707 -61.65454996182392 -31.40861997016627 11.955263060034628 37.24217112976011 45.93681981577289 37.58904147499514 26.466780842105024 
4.8613072570126565 0.29480859978732243 -3.58453230168638 -1.365098862463666 -10.718800251344023 -7.2888981599903016 9.936896427611899 20.311249997553848 27.74966135863005 33.58069871009093 31.623028902804123 
-11.294625554353479 -11.756469441832854 -2.9577765395693776 19.843989905069442 19.22532224628552 9.186541834725539 -1.0863661598831815 -29.558712118543966 -36.068136871072106 -35.685545013453606 -30.69945392673356 
-25.594228699902608 -28.896793760049775 -40.292898502385896 -67.11578071477723 -68.27032299371213 -52.3654088468259 -50.83067839236489 -31.567367511401734 -20.232009615383305 -22.04785000714469 -26.599901104114206 
-18.793191924470392 -23.928022880133852 -14.518343874948343 -17.513573889393484 -27.242614138668117 -33.027212188539586 -45.23486967703208 -41.73746581434078 -35.210098298277146 -30.164549190113867 -20.340394996796434 
7.672286950592174 12.233666842135316 13.6343897682328 6.755254321583929 4.78872498674918 0.3482379807259345 4.4135847405845325 -2.6989702820993946 -17.002216551615934 -14.9489571087141 -11.350668758684463 
-20.165923283010862 -10.994554815485952 3.907931227118125 13.690357537443308 15.455666266377138 16.416770209336683 9.403015420513176 11.356652635428368 10.491482960163875 7.977349563285609 8.292448708007456 
-12.233318914941869 -7.694425808580498 -1.7148198823555523 2.8618141248315454 10.433741828494085 7.143397095984106 -6.253913176893347 -9.754079380156185 -16.235732938434467 -10.388795949983704 -5.181407211590015 
14.759893400768554 12.930936203208567 2.2890452647955253 0.30104115357555683 6.312648926631871 6.373037596578683 11.243648308890304 14.756812449544 19.066861949514525 11.078312657655388 6.33266117200434 
16.161797393613035 12.419926267042174 17.563927707511667 18.833840068950856 12.83729686640773 12.524038110421044 10.723629269103675 6.046290933815937 4.518871434341849 -0.8479822014624281 6.909064861422518 
19.391791279225306 16.35972167498374 9.659201085993026 10.07311074005355 5.4610033214257125 4.2194588940910585 16.970248486558848 18.59966776760026 16.755327001767068 8.014763112357446 6.55485066862061 
-3.272737775030264 -8.078740876997916 -2.032434394257909 4.377403096902824 4.526923606384955 -5.243335103033932 -4.699180031560951 2.869299991137453 11.214197092707522 7.342895966691154 3.838521110192606 
6.032327282795294 4.044462160000878 -3.1748054620935298 -11.73600288693319 -8.556761022245885 -9.473765102885258 -3.0644767835986757 5.307836583003426 12.86104066717973 14.258179453318323 11.825910769793332 
13.02266741750818 14.582960516411434 14.654361833542527 6.403066880230089 8.068832856695968 5.43384359684871 1.119145070074932 -2.5130413276809693 -3.4050021286168803 -1.2976160140746855 6.893038465566406 
11.583285713802608 15.24736063334224 17.588652562054538 0.736401468870866 0.960629215133806 0.5737527176801207 -2.9858086542372178 -4.6476434524817405 -2.1020447794789803 -0.08882314556841076 -1.9123178422258065 
7.280670949172761 7.458353407028923 5.761230283274227 2.9444396200501206 3.900017959257998 -0.5551584230115786 -3.835875103333246 3.6735324941881675 3.9966650100460064 0.6348709498619711 0.6909147510015583 
-12.345695103501459 -4.411488364323983 6.207436838727688 0.8181459166863944 -3.542117060590712 -7.220212602574619 -9.000732713766567 -8.835839260137998 -4.13770882564333 -3.7954834191878195 -4.189574859642093 
