-645.723244314228 -367.26294439956854 -115.96545840724048 -42.37795075756152 -79.28473076185061 -266.22107697371484 -269.14976772058026 -262.47255034838554 -380.50553462991235 -507.9499364905978 -530.3429395102154 
-42.86869580792536 15.72402458798463 10.387435317450686 10.817214019410725 18.09514696482765 35.69472066424447 -6.2548277749108 -6.825509669807266 1.8703477266279114 22.58571644224196 42.075454644429854 
27.729802826004082 -54.62655971360823 -63.655685378335214 -69.5543461208712 -72.19508759162387 -76.0830807245352 -67.64369371952068 -75.23821714330514 -89.44256992790451 -22.09194789770097 -15.825213092821471 
-10.89351825559605 -9.565307464791118 -2.5510331910416335 2.6724494059311588 6.817607344582669 7.6016189912616685 -24.952984719178538 -18.823939648420122 -1.7686093556574662 1.4413927513638145 3.048375561676824 
4.063669781537601 -28.388959485360694 -30.97899277975438 -22.97775017731793 -17.576511956535025 -9.49970445992292 -9.830358610906337 -12.506649627106203 -19.28504298041971 -25.941912155548764 -19.054764268216072 
-56.19195715102914 -28.79166924339046 -31.879017582380527 -37.24923360423175 -42.88650273555962 -41.134053115372964 12.286206859387082 17.822426331624893 25.06615776533203 -7.781015354521733 -8.091168610896798 
31.32264214352742 4.733222071804107 3.5031198408067405 4.745837922277442 3.6355611362856033 0.04349063740327064 5.611740272267182 3.481955686534135 -6.520767350693161 -9.39474241943407 -12.588281142688507 
-1.8143960753428046 -36.46312494113281 -23.33252964672123 -17.166186973975417 -14.861763191692866 -13.32173327478996 -19.177411060544006 -27.22619881514317 -39.17309337973983 2.4055721907224603 4.076199128161673 
-11.186084713521824 13.181262802215546 6.392130049956 5.5644969229109496 4.704870671983608 6.5971949417127345 10.793236278596904 12.91806879419456 12.357717594740109 4.5680628563046906 2.5834473682276693 
-13.589759902028533 -11.665679704063947 -9.878693616164302 -10.884475893874363 -11.812202186614543 -11.74510199590846 -12.84425012058847 -11.097460608756975 -8.300109151433958 0.4823446881097182 -1.595245603750319 
18.35238904221969 -3.8597401302059655 -4.666222182942416 -9.0835695050027 -14.643131959967185 -13.909726956156804 -16.642012846742254 -16.131516370680842 -12.13722571734745 -18.089412433853788 -17.60038485303231 
-20.708927026272537 9.083992660027041 9.959719513345032 11.39814035390277 10.263419437254953 3.4850136307638393 -13.357474534920005 -14.034782844709426 -10.155476339007283 -10.52696100006412 -10.912794881882975 
14.96430063225826 -12.642832382640819 -6.64001718172109 -5.82839903807138 -5.512522008255175 -8.33384749258845 -8.781521292950531 -10.23422944153262 -9.397794560124707 4.252868815043831 4.8726879849801845 
-1.5375105457015745 2.8136452175569033 -3.505270924755066 -9.141633782665817 -11.877788166105384 -13.345291082280156 11.495177680692452 14.820069908449963 16.04336331025628 -0.6466480973723983 3.6180231073278204 
-11.50456395772928 2.901439493639253 4.596822060915798 4.128646894854358 3.2070462997418954 2.8574049701639828 21.11149039927379 21.944226180427876 14.599968439317415 12.895309139442796 6.1736326999708675 
2.2970126915241953 -2.1367553244391084 -8.64312449368105 -8.962848184794648 -8.686024549516606 -5.293185242475998 13.24999528473891 10.97795369212151 2.8965167617973497 5.095103063898506 0.4131230457023055 
-16.66458221827251 11.450554003550671 3.84774213839249 -0.1390380970411385 -0.3378590469917346 1.8356323304823046 16.89373823079182 14.525210043141076 3.4792522087303666 0.053506353223751635 0.6216451534425477 
-7.248916995050199 0.43279747417043646 11.703850228523471 10.540820215376002 9.344101897804247 5.860480415825999 -1.5964264123883014 -2.4257803787005754 -5.257664067927225 -2.342226261263698 -4.847350208119462 
1.2234887262100287 -9.714024119615232 3.347221876507411 2.512136494487304 0.5208372615208529 1.68228029391495 -4.572597913285483 -1.220497051871542 0.7003054053358743 -10.411792382609391 -11.351047689385847 
-5.388667484195646 -2.491921675277921 14.158895433549475 10.864703104466862 4.342234923788168 1.5797716377768947 8.27829006273426 8.143623843901757 7.415492936256758 -1.5691133090721983 -2.0296416413395932 
