-514.7203236009497 -518.8036857870915 -407.54283740749776 -216.19910020477258 -176.96747058597 -247.48826364487812 -420.1672357962023 -455.75774923221513 -477.05582151815236 -527.6828447014253 -565.2733945554656 
65.70997427973879 48.98919215545369 -16.330696515340975 -38.01358270635531 -34.24297239433401 -15.285016689699951 -6.877031617584804 -33.55067657554495 -24.167045889038512 10.421691781695102 28.123706684747173 
15.710631628874346 10.79121312489896 -86.97997094076474 -103.11323686533525 -104.66921188365431 -101.30722141358008 -49.25636016868653 -18.173735704341272 -15.667013766582533 -28.28232166735613 -30.101735424711315 
-33.084395728113854 -31.337433910448603 7.539780253765683 4.117645599328464 0.3348341068330939 -4.402115864131934 -27.21614672959236 -16.84503304453608 -10.20107901562918 -3.9285039325537507 -17.657716430957873 
-21.09310922490529 -16.30511211372208 -27.31600246806278 -36.11873591705087 -38.802117850364965 -39.642160051273635 -6.905282453328892 -10.19638541458984 -28.30206442688985 -25.76249009847279 -12.70131519993981 
-36.090263864519954 -40.43345003886763 -43.01678464959638 -41.35828107988657 -38.75806458011907 -35.43129889129147 -31.880444611353674 -23.220447332664705 -7.915594456976396 -2.356586898760533 -19.399405792613738 
-25.088475419974266 -21.542460743100293 -13.986541485630621 -15.451498961508964 -14.342307926487813 -16.005660049371315 -14.450512389801377 -9.267616489131981 -21.105449531602822 -35.105927066679854 -24.1365938811583 
-5.708739850668521 -9.47529037859342 -16.180906823616915 -20.451612175909343 -19.747336910497594 -18.29914660661693 -17.150294609416882 -17.004993152193286 -19.445659726283843 -18.429150027631312 -16.80907048960236 
-13.700453112479952 -13.677571173792213 -25.080111280830007 -27.140391269138078 -28.565263535343547 -24.36863964118033 -17.16597438897599 -3.873492221398254 0.4039191965138783 -9.769509884107947 -17.79789617849946 
-8.677591934977812 -10.508836802307098 2.017673505994571 0.8384791834761843 -9.806493957886545 -19.57253139957303 -14.922930952522002 -16.606853460167248 -21.568055920331275 -14.134154101142162 -3.693675834299546 
-19.634542365903492 -16.842631770388227 21.437205314973447 28.526139368178562 20.35603126716407 13.030865279505928 3.2059234852838436 -6.743098875923298 -1.0965779773569622 -3.60496658619728 -8.838241368481444 
-9.306526808324907 -8.856300062973755 7.763241512114449 21.337848375426162 19.873678148802323 17.939767259620872 -0.49404136724211906 -12.455354688164238 -11.401917826864295 -7.011871996734052 -7.534843701012465 
-5.769525466963567 -10.230758287529909 -13.843832601589536 -3.139468661678377 1.6457893632266312 6.567277649532957 6.052209192691976 1.7920081658687976 0.02105178711667821 -6.095290720746359 -2.0667696125547326 
-6.073447379625331 -3.4719758128008604 -4.560489044890515 -7.297475161779914 -6.545409501001618 -4.950359941116588 -6.865770611108142 -3.3038852176922378 -5.228835978466776 -0.4987090916995738 0.23335588032861132 
-10.452387455307719 -11.934212409562392 -21.668656424801846 -33.68942794382032 -38.08097255767043 -37.47384396468579 -9.510827217620953 -1.2456106526734536 -1.493992834330796 0.24132696011762333 2.526774773984363 
0.2423380715636415 4.424375589358624 8.014450362817477 3.2045694035469836 -1.5059339779184544 -5.93397283151249 -10.027766651782466 3.7795361155122436 2.3006080073863604 4.118235739964322 0.016737585295054425 
1.256896034794839 -1.7621327866933556 2.0678518265073054 -0.2790681311441866 0.29120007492459465 2.9078620124525147 6.985349819442197 3.613643894223638 4.5032378962203845 1.4702796601325376 -5.89495395934158 
5.37608278465817 5.220397071252865 -8.75696012586119 -4.894370019118576 -3.331631116757008 -1.9262330296610202 -2.8631271953656885 -2.4191298694276564 -1.0856601257596978 -1.7808293700284958 0.15236958044450588 
-0.5137840026888439 1.2896318389977033 1.263902274383971 -4.635158948412522 -9.82110558687895 -17.59114811267079 -7.703711044463149 3.8027141157619915 6.156263454031401 2.2045352424010187 -0.03615887563533171 
-0.2772887840758494 -1.2545088457804092 17.70322092249325 18.405248617887537 14.42297876799568 7.252331719257875 -2.1398997705212626 -6.463812542862338 0.09542543580061291 -3.113440084075381 -2.698399622664793 
