-641.0691078591657 -556.7443434310774 -517.7790556707324 -159.97156322144698 -47.64301244564079 -43.0222806250093 -92.85860479334255 -164.8069095208379 -304.27013693836676 -600.0115374554057 -643.0081468975485 
2.3231397880133775 -7.896795403293571 -5.68501007156171 70.35792367674401 52.92769145820631 18.356391879923795 -6.605650191051621 29.325683123521976 60.34239007807006 35.55255958290687 0.7409553459808066 
0.3573944329924062 -73.18265997246951 -80.09333084911196 -109.55286168157568 -117.6456710469742 -107.83823628926771 -89.48132191688872 -54.937467343469784 -39.521889289909055 -3.917173728622605 0.5616034151585464 
-0.0698467863526 6.313354667232248 7.490750843105239 0.15095403035794647 14.143441113290454 17.22769711329812 7.127357128559491 -22.63419659188517 -31.82608218002122 -11.336852601276185 0.3200816386860908 
0.25308235978626503 23.665403312396002 15.062107152180321 -15.984526534743136 -19.920119736795257 -20.29815837063694 -10.590942446692228 -4.746483652776979 -6.725790110318664 -0.5902916836797485 0.08377783361295796 
-0.730891687980514 24.390932944197072 29.476264176542657 -23.348368206152273 -17.640188942166112 -10.651723714839193 -2.0767239172615133 1.3950492162127066 -4.842087226904802 -4.390637812550143 -0.08423921946215665 
-2.4232035650465855 -19.11625663109853 -16.239485345903827 -24.18732666984483 -25.522097437187043 -29.28728903368647 -28.65333122039312 -34.36753400513305 -29.87176974442859 -16.60306385117948 -0.14417421115723067 
-2.422688166941165 -26.406221603050778 -24.312589126841104 -29.50559389668298 -26.549882184716687 -19.41772527191292 -7.051759227572257 -10.788535136812477 -18.004998726095707 -13.18859471345663 -0.09080269257482128 
-0.6258715080937045 0.06400574805915565 -1.5051464259282292 7.9067852036125545 11.830272461281574 11.662253193979282 5.4380453665794946 -6.947434618976864 -17.17250837661652 -3.6170551236049566 0.04637215131370885 
0.5438862372713097 -0.9314462120907144 -5.713451054507749 3.2336993187885863 -3.4735072715992423 -11.821524333331311 -18.69412823918642 -10.279138053749865 -5.527204334774712 -2.8043321737231084 0.21398723621019183 
0.07275672448455284 14.087737887917072 9.339843887277889 -6.239345704162091 -2.6537125902961476 0.6614450805779255 0.44263083960453337 2.813168598900518 4.940681575892073 -5.367875681442992 0.3530517503409934 
-0.32756872279934346 -4.919807525958706 -9.847407148314858 3.5738868465554754 2.7376784920674595 -2.024453050699049 -13.0067715684991 -20.492834788419636 -20.245759340296367 -3.259894019368418 0.4185395926252261 
0.48640943102826983 -8.81268138004802 -5.696816688618291 9.836012320437124 6.424604970350787 0.4393692940376157 -11.269476992054196 -7.471702020957363 -7.179245123542598 -0.007395439905549195 0.3939478966576099 
1.0993991023945928 14.292719275527677 11.489085772445842 -6.868806650839623 -11.171795244979352 -14.646930628019614 -22.345144992969583 -19.822410980943566 -20.079839343594454 -2.07741396624491 0.2961122784276969 
0.14380554096416082 -7.184494103884451 -7.085939216588413 22.6476839876632 20.11047694831932 13.984080618563024 9.380745019588694 16.928559503519097 14.3714279897562 -1.183849579180214 0.16877786601570283 
-1.2357858713685754 -4.175928732326355 -5.9041874875139495 24.344814271370645 20.702139094798657 17.255286491441073 18.733591950416372 25.38303229550025 20.573256432288492 5.9406571694092385 0.06711301589848405 
-1.249362155047617 15.36461413181253 9.559308690088852 20.025069822688074 26.804425731509205 37.37420394767568 50.02300427928452 47.59220619329662 45.310165574083555 10.26448569993804 0.03832127351824037 
-0.26236870833375814 -5.623446106417005 -5.460743657697211 9.595680160362033 14.889482775995731 20.72928054291483 29.978931374662032 23.675799564689086 29.73873084607551 5.670803184497596 0.10479193538923988 
0.1418974409644293 -4.553524759352218 -6.164770658190118 -6.938128798977131 -7.4183869751539016 -1.5384243934811876 6.159428012997472 4.348030066614719 1.2667601213676871 -3.856976815661623 0.25541238349123785 
-0.1266205187222566 3.013173007225558 1.6217347424603972 -0.9762367077657548 -2.4200780310512537 -10.370978291982233 -14.798699142099752 -8.859382234949875 -8.1927492146487 -5.368438965376717 0.4480101365343657 
