-362.3748230824538 -353.5087215608275 -350.81196153466516 -352.16612363344353 -204.34669128372155 -109.58521971316536 -83.63436431018505 -101.51038893303722 -130.34253832250653 -190.3401340905145 -266.4199558741883 
70.88120994910437 73.54044882806717 78.83460378652 77.73562361721355 31.91614321172191 -7.68784798722847 -40.720887269251264 -50.75523347765396 -11.954765170199645 37.07240295151807 54.38750741482005 
-7.864578191850084 -9.167565468304106 -4.168745986514478 -1.788413101407923 -30.66952782947674 -38.51508622574852 -38.817931573109675 -31.823241911284146 -39.4835076010882 -35.19353772400432 -4.220041164668479 
19.238097315639024 17.77485359558755 18.555516254785385 16.460228223628718 28.037010091940356 41.12636565172508 37.666151765780214 32.69497122599985 9.765116625189933 2.191760188659419 21.59535405009293 
-6.154816911895091 -4.752034928391499 -6.366455204414762 -9.055955384339649 -3.4042067508127465 -19.48843855886663 -27.984053669605885 -15.690178415123533 14.868813344195543 27.738114109599792 4.247735986832419 
2.8564366002469104 7.107099806328595 10.90962158651905 8.046646326961698 -11.162984176339307 -1.4717294893929307 4.472520830621556 1.1163390328997522 -16.421251967730097 -14.002340151852513 14.20019592800038 
18.821280748236127 18.423646840917883 14.760076643319557 15.504572320560639 -5.719360853467393 -12.03368999021285 -13.36252156311242 -8.988120785837834 -16.78007620279628 -13.483992929102216 9.99816174465369 
22.458704256202125 20.034527806441805 19.274304323083875 14.776762105222138 9.356691770646073 0.323543495249705 -5.737618965846781 -3.8395318499689512 -2.3417864566371795 3.494379273737434 8.717219972172265 
6.115441766982697 6.299311561728098 9.07546361765624 6.907605927881297 2.6934873127227426 1.3500653668009515 -3.7955271273858937 -6.349757364867754 -0.7213907314070551 8.138055673447138 14.910094332962306 
3.9558652950062374 1.7089624087395325 3.4254040357128437 6.541585996518302 12.95561550446103 21.49850764999119 19.345595649962235 11.749376289625776 8.520902667468881 1.5799344712483192 7.2800074582779954 
9.63577718755325 7.465848675895738 4.2337041471901475 7.714224986699342 29.885141537451247 26.543560300530075 14.17532884245405 0.4076973836675064 7.640158426439406 12.533853281658576 -2.8620780981111196 
15.322284371191756 10.98613453056841 7.6900217302935 10.789845865979103 21.377699881827567 32.399505331233016 41.89921060006283 38.03794066086543 48.50358187618072 46.41409594910478 19.17406587855219 
4.717488781153729 4.773560249368611 7.002877930234069 5.526542554827978 19.96843147474689 26.185334919261997 39.09549526582961 38.31693231901324 32.74116701116746 18.757661669376184 4.986451031053078 
-1.1228883735805026 4.018264809150264 1.9314531567709032 -0.3133576991355733 -11.708961258561125 -17.968381784510502 -3.218811215320222 13.081318572648783 10.053984400442905 4.409598230385088 2.2413515827128707 
9.138787568938376 11.683330547843351 8.565826178402656 5.604515246912358 -9.021278407774114 -8.306445186256889 -3.385330155004425 11.931563226117746 2.0757759983837363 -11.239917429334948 -6.191285180397464 
-5.120779502873082 -4.377162843668476 -1.98400985080858 -2.1617852754931404 2.2304304581904972 -2.2145907752023843 -13.07984784745593 -12.82555489141814 -10.721410327504532 -8.437769032883002 -8.184727553757284 
0.8965692374188563 -4.528338311816899 -2.4788849313211747 1.0074794714934283 2.56995588130245 1.824686511760555 -8.679528498045357 -18.985025677186748 -16.902596926740344 -9.250021040533314 -3.08237169736658 
-2.3243901021478215 -6.007603480201384 -6.906494499561983 -2.9738085754796106 -12.357910570152598 -3.4126411568509987 2.719060919535479 -2.7246704405455975 -7.496996990648023 -6.583273205341151 -11.356912810573153 
0.802621964017624 4.811681283779152 6.331054473706875 7.350425573311674 -17.36061877117036 -25.356572032858722 -24.09075152752606 -14.924769983255013 -15.007220568500903 -17.698887043822246 -11.279875963805457 
6.397626108570355 6.96572354647976 4.461001846334563 3.473322120957559 8.209436222525968 4.783738639850333 -7.7134450704253155 -9.637774901130697 -8.805038337503042 -9.867283357512909 -3.967322833716902 
