-564.277555411766 -302.6290563187282 -209.13923278670688 -216.1126272716288 -192.3549784170621 -201.68199252424265 -309.7522279151282 -437.43599814240906 -505.3422378941777 -583.1356674683362 -622.7685704626276 
15.506760621586308 -20.70282538585863 -28.939611936306818 -34.94350596367944 -27.0372932323918 -11.02748821424202 8.39400919344041 -11.745892603369011 -34.21812157965913 5.14589768977614 20.427930770940254 
-21.74077188287319 -88.49828885537391 -79.2264843223782 -46.02528327724241 -57.991931435503375 -72.57812882804419 -70.42583344477147 -8.32967618688879 -1.6770798782704401 -15.442635635723372 -25.351585829338404 
-8.695093007123095 2.878123943174293 15.528354344851564 28.72727091003688 0.2502857819121286 -21.482889635798145 -33.32154440626729 -29.999353215515388 -22.653718044012365 -25.013597250295867 -25.180339681800337 
-20.58437745370422 -61.85472489911537 -56.53048068137234 -41.321827403518874 -11.766353249838046 -1.9288284950745433 10.370675187299039 -16.51073526299127 -14.692052641033062 -16.609427949747122 -24.12735429999288 
-14.658101935039442 -18.504467747658705 -10.241992825358945 -1.93092434258776 -10.738668954392498 -24.779862045333857 -34.49775685046335 -4.44599606941553 -2.93476375251947 -13.07703735437374 -17.995625251799 
-8.387103978691997 -13.338373056479522 -9.264282398874961 -4.467766170540001 -13.53713018830518 -17.68256369736404 -21.20256088122476 -15.521633437174032 -15.867290256751016 -15.126596253740955 -1.1477841400296112 
8.069136919557156 2.05577540297179 3.545943585763952 3.8056565957473922 -1.0476358937263648 -3.6092025467701125 0.32717595625726514 11.380706484512023 12.863738316770991 3.5619886783080115 4.928188224275542 
-10.964790455903263 -13.718202976323472 -16.421394614558707 -26.354040503657878 -29.709180492900707 -17.268525182084023 -2.322217985613544 -4.383413659914127 -19.396465743704933 -16.437439972242267 -3.9443062831685056 
19.941237428423108 13.229995759481799 7.050886192224975 -1.904714960601833 9.027798410294029 28.338158175296282 37.25709778547818 22.081613521393194 1.8731964225441156 -6.27017144033836 -8.413876459798459 
-4.689781391657109 13.344253663149864 11.65584326819324 -2.445679425523653 6.544168089269892 17.495045321556837 20.40234888890285 -4.763698087270228 -10.915246126888585 -10.663613768754562 -11.833321656484983 
14.268496186577984 25.782626264982895 29.444974843032945 26.872141029951468 32.44241655088304 27.670584674627115 8.657856802761879 -4.74180913172075 0.27816628336616955 -7.788554966053037 -6.006094828024528 
-5.541969173610521 20.105211642078856 34.60681350731995 39.94209648461451 23.43508690132607 2.32861808882246 -19.58661189893254 -15.086767495959371 -8.732763090561022 -7.736375237154013 -0.7567767222125166 
-8.218427140234493 -10.211798646987084 -3.44115566271064 5.910611084687757 -3.306150263940874 -15.812002362093368 -20.084063920704757 -5.539774776757077 -6.167445254739668 -6.185236271558957 -5.768287842228943 
-11.22439939998964 -18.279351426425674 -16.803532802436475 -12.70764553659777 -18.720813566839258 -22.645781615530165 -12.090796669592672 2.44453080325065 1.185765929166842 1.4527627246659067 -3.7924039037507544 
15.084339854457857 11.196672363308181 -0.730198102493254 -12.665063730161807 -11.965673510303887 -0.9959887976436861 16.0821787440525 3.399398397475447 7.700787122082863 7.075296967730648 13.64077977360105 
0.8563472320941977 1.5592138108552462 -4.573072899839576 -9.249958556111164 -0.380468598418088 5.57713918463889 5.618602113240398 2.6247377714616107 4.236895222085414 7.055646508314763 12.737819845342408 
-2.4889560774552297 11.694531332797533 16.699895967893287 20.807251945311094 14.417333050978414 13.805492660661642 13.01105650749494 30.198539121478436 16.56238371016189 6.878614028699639 11.52040124833013 
2.453732011847765 -6.7840703766243085 -2.878283276386445 6.5343273926393515 9.98658521225075 11.233013713814703 14.765343622559236 12.040378874569354 0.8110080343485362 4.9197944580599815 12.179627113287557 
9.018582151512911 1.3336806888579655 -6.757919040451126 -11.031532856285486 -3.980781171302728 -3.427805055957791 0.045565169531798344 -6.5999526256724 3.9821158853106646 12.13735013214861 14.74965029717993 
