-450.7620983647938 -315.1958269699436 -215.0968794717298 -173.14847654562388 -163.89000092858785 -191.22805690169582 -276.81482782315567 -412.60271361808674 -487.49183947085487 -495.1715784620887 -494.2187783975495 
54.52210661832568 11.2493314731894 -29.038007866543147 -58.294798943734 -63.73206359642104 -44.28545202488837 4.15236830467404 56.36323225696542 66.01149053157764 75.14034938470641 84.22867079290427 
-31.34759479712658 -63.94651465881573 -62.15950471184776 -51.941627376993466 -50.88427805113639 -44.25285688932102 -33.438142723469085 -36.60637390879906 -48.783344443560296 -56.042252837283286 -37.77047455613727 
6.303862231561581 -13.378093215675037 -19.637172084005584 -16.154177804586226 -31.146940257984646 -43.47857934663577 -36.870129047187 -12.462090405777975 -3.9986349168273136 -9.129536296592292 2.4835066227341698 
-49.55371803819387 -50.55913046272086 -57.24306776906627 -47.1041738514155 -35.662219392654876 -20.217892391368814 -10.992019877598352 -30.262082709080442 -52.924870605011904 -57.10411466221302 -55.010150081396844 
-14.915204556071917 -20.27263457706308 -23.824164022070438 -29.981368156306694 -25.89161688165931 -21.392926897087833 -17.444938829810283 -11.474467332071875 -23.03401153233319 -18.30174141471059 -11.288955451124774 
-16.195623342622685 -20.379008802308963 -24.68696649728522 -22.708340544906356 -23.604177587503976 -27.15389126142625 -23.836393527403533 -29.129479939857028 -37.93893220083637 -37.68281032969941 -28.9550546328748 
5.328657013802827 -8.80071383970944 -16.556520036237252 -13.610362454131165 -8.617495852232096 -1.1469558159409332 1.4682051095232183 -3.429767655083573 -13.945393060111037 -17.35920687829008 -6.036455509861191 
-1.8912015177788806 -11.95050226178046 -24.849580014719894 -40.92097586385226 -43.45350493397136 -35.97484139781866 -28.77958675154951 -22.552508645438586 -16.618015601604142 -0.47523565203728385 9.54141667348597 
-6.822393008388792 -2.6956439351384636 1.1262016514451978 -0.6490648470570684 -13.32707671653592 -19.77258930289992 -15.140007164668948 -12.261717656004118 -6.087614377268018 -9.232897310707887 1.9900706424529817 
-13.639013644241938 11.77281582741655 22.95789156249362 15.683676958558264 -4.558203761808022 -13.95034586319304 -15.486419464536775 -22.69941407455473 -31.84459870479971 -30.136815254066562 -19.599874766397615 
-11.155257843349766 1.7186540846008054 13.932561396200999 27.805870076313578 27.772324793951704 17.862856516266824 7.859732945371142 -2.9354653409989186 -22.444837228988362 -25.076523867766838 -23.835124657385073 
-6.2119453204107575 -10.75408715735485 9.24568185397003 25.52062406592585 37.14648832932386 30.74598248141473 21.898449571138123 14.997118437993878 3.6613370574262714 -6.516998433691231 -1.8422984124061534 
8.160028825897806 -12.165384038388908 -25.963396226548173 -29.847313624696636 -2.42576335179917 21.5597324443103 26.04596070550182 9.295010374898112 -3.75090221545726 -5.840580680965818 -6.135491921504442 
7.276329539919599 2.144193589509206 -6.810222143643984 -13.34867499667929 -7.0475305397733905 0.7096291288584142 1.647870894499409 6.657099623669129 10.177065236883712 8.922773096180297 12.60142564222706 
7.190769661433134 5.7520831876603715 4.584319568799561 -10.965925281289051 -29.446319302223813 -30.385652077978136 -32.31011751629464 -13.821194184906247 5.100324545821083 10.021702233004513 15.764624956173531 
7.87888759662786 4.171916775018273 7.053090128416981 11.944457871252428 -1.0977220544002153 -11.638900644573898 -11.78669032287485 -3.974662136924582 6.372642454673553 8.983613132846308 9.515328600364828 
-0.03640535934216654 -5.202748363827373 -6.8940432240326555 8.480663871459864 29.354241409602977 24.051151910640833 14.124989010847692 13.778490416526903 12.460358676410277 4.733512824924734 5.105152366242002 
4.603103014184645 11.664558103621848 -0.5861578355810448 -14.046337974404192 9.132786830628014 30.220897022403594 33.579905595852324 21.791930428687092 11.844414966878192 9.552274239528295 6.1772162748427295 
8.873007460403223 23.135816842139942 19.56020458625522 -2.2257502405895804 -26.573206297954105 -27.862049587702714 -19.211363024757638 -7.946001892788662 3.9259759985945366 7.933262258462133 6.51303860178167 
