-375.02977568142165 -376.5557619014584 -352.44674665615946 -219.289223757763 -93.36009156488045 -65.17576244714112 -113.97212271325695 -224.7664405091571 -335.15630798089427 -384.3075707031417 0.0 
26.28973978040764 30.2193892635039 36.491220778831746 37.93260954995239 29.005258573416505 12.19041431024464 9.905303685238838 50.756203448192196 72.71619104157449 48.186099397967965 0.0 
11.223448337364662 10.130765458677022 19.748244220428063 -21.864038916642762 -74.43252072627334 -88.52156123180333 -83.39374246088508 -40.14879024148004 -0.22233794414071006 15.770556759608667 0.0 
22.797402246046175 20.57250799429962 15.285267190244145 26.28388458811653 39.05587514459863 33.857131665880054 27.54168498902297 2.780098292233232 -1.9568709422198098 11.383627664927978 0.0 
4.461759819221308 6.814575307731684 6.9796590054642 14.41146023432648 2.503475557193646 -7.109005353977905 -3.065229642104143 10.845162601451031 5.252837628759972 3.7775055437869263 0.0 
13.174933846477746 13.713562818155616 17.2357581354131 -3.5909605039773655 -19.955604904869467 -19.031500376705708 -0.8779908701843006 14.841565397818108 13.209007683538108 9.903851797458241 0.0 
2.9638212403777073 5.074780572240991 5.713861444374032 -0.29654695096763106 2.190208957312119 -5.612041157678252 -9.952947027121215 -22.847641204246123 -4.678792885339543 -0.7207359568109463 0.0 
3.2024686321384666 5.9008687226385295 7.170156766251037 1.7055906078757268 -8.063181403988448 -8.041494275334465 3.4419278041219736 12.760415537834932 -4.72515562842291 2.7758368838181293 0.0 
-3.1744011700410626 -2.691544155526078 11.631339806193573 13.716445549375734 18.195207581405427 15.30513569517143 6.693872084064919 -1.6590512078797421 -1.7777644320296557 -0.1603174377894525 0.0 
-1.6997317207297251 -1.0050002155423359 6.67237643638258 -1.5255324569660287 -10.259037644989345 -19.019834691223032 -19.87844237049869 -10.725801708015775 -2.2193112021246346 -0.592890192545241 0.0 
1.8918755628428963 2.982986522322954 5.9320180757691965 -1.631912375058663 -0.8250932036296439 3.509894952955843 4.205292673782634 11.14753718397353 1.070121612297597 0.6836051645654513 0.0 
9.467195243296441 8.800839061876532 6.2386596087713055 15.270247878083259 15.390896750720968 4.83879488814971 -11.664460471674516 -8.815790304235286 1.2833469303177525 1.7517363017709 0.0 
4.997413254026011 6.446660788217745 1.3387659410489792 7.3162108538414845 5.475170812319137 0.552800384653837 -11.017407750112438 0.45136095925029573 2.9288321255369354 9.291066766593461 0.0 
-1.922678608391778 0.9004087450175193 -0.3635909106355383 6.472983248600302 20.539999889003987 20.00648727172718 -1.1274123801303508 -10.31233352846157 2.2225203094294144 9.785143098555853 0.0 
-5.3103184179929155 -4.454225483699872 4.597996091223826 25.180628923936844 36.457608456887726 35.08893228257097 11.673009444856929 -13.266115048251763 -9.171787444264247 -4.985049253878867 0.0 
3.873465850647718 4.53081816615536 6.87186024415791 4.980916779021278 15.850422834787729 37.24024589847808 41.35451332547089 17.05873275697097 3.0496482155589395 2.9864282837929776 0.0 
7.8393634846505575 6.200487004960133 3.9614508126886485 -5.337379801490856 2.1909000041552265 19.336470600378675 41.10312169505582 27.565758588697072 12.006443175885833 9.772864968860901 0.0 
2.6379154187935434 4.093715998309315 -0.9273615024273076 -9.668284297991857 -15.506565858370347 -2.350561485563736 32.0119268188257 43.2294567658043 20.337095548165102 9.24438140556611 0.0 
-3.8844640911734882 -1.5696636403380857 -0.6179379282195527 -5.076699669967171 -11.211632008488456 -15.707994066070206 2.97134303896779 33.56425640788592 25.303278026561063 8.803856836412471 0.0 
1.1619992156968793 0.8493656181456932 -2.3404862355968907 4.786392557142559 7.136784360564905 -1.3075798219512913 -7.743571558163241 10.921386553164655 17.67725327800266 5.468340705693581 0.0 
