-251.9477177089979 -162.07674877983408 -143.7272539283778 -179.78982136990865 -205.03999583587233 -259.0090972035813 -350.37820547028116 -492.32366708391726 -636.0370928404626 -715.690626412346 -754.8637220334188 
52.04502972158184 31.98856380510084 7.88829812127379 -17.81136033436703 -4.680185922704805 36.00675455698968 41.49311977263076 4.404341330919906 4.012140312747079 13.869385190418356 7.375140859748889 
-74.02349471586876 -68.7297905529586 -50.23767154110633 -23.374572850807823 -11.974085879789719 8.449194502646094 19.66903570026814 -4.982179407567559 -18.00600410091365 -4.504603160467689 2.8141490844326844 
4.483447092618398 1.5163819610050222 1.9751980179837556 12.983181874723622 -0.7015557008755533 -13.527764597594391 -7.671907120623279 -1.3959490919716764 -3.059250634290686 -3.774468726489153 -1.6545809384928125 
-25.427782098016813 -29.438657450157518 -27.819599198575055 -22.193970322521082 -15.248297806180314 -2.273391543361655 6.740598410473339 2.159070676649616 -13.777607999809 -14.266512756429659 -4.92464668520827 
-24.793212540660505 -31.39014519861047 -30.1840131509394 -20.031039199978327 -14.422934553525156 -5.970492989747404 -16.549278341988938 -11.149545845731453 -8.681170913268417 -9.639653110895932 -5.069863226795287 
3.5317040657632743 3.77956533871841 7.612088660757622 14.617777331569354 7.556940032253748 2.6643229330928895 12.252008054707813 8.976596872810644 -9.857918538521531 -6.943270149212392 -3.7190390959673096 
-33.38015987947184 -31.392668748555174 -19.72598357847444 -5.227947130763464 -4.64620412826331 -0.9550322954261352 -0.8634830638090363 3.32963767905891 -1.4360880413342532 -7.1172477204734115 -2.573956617209982 
5.309980199243419 -0.18826399378442304 -6.439263025805859 -9.88950796872916 -19.178772097971816 -18.13539623208774 -11.454661524254576 -4.030445176797529 -6.844610315179278 2.3669393515180177 -1.618878966772683 
-34.463744977432995 -32.34612620827512 -21.504548150352534 -11.790174361476772 -3.022543639588052 -0.8842547239014908 -6.742504931236688 4.365260427990084 9.368228999458669 2.9282474712543296 -1.454009271647413 
3.308675732313751 5.152296710802971 4.50773560123294 7.13671877535676 3.8644445978628443 -1.6985545463534553 5.538839386522578 10.975543033972523 2.1213101543653674 -2.5864579533751355 -0.7434805168528833 
-12.957873942327385 -15.4408882684471 -13.179424511840951 -15.94453711084996 -11.098043965994693 -9.374317323148846 -13.699884497672507 -18.247955124510042 -12.863434818391122 -2.756638490148912 0.7010252695807349 
1.2173882170555423 4.484953398800835 3.774284157505935 3.0121196022967958 5.739351034253084 4.400609776264551 -0.6486691158550263 7.005280396461762 2.952107032689825 -0.7514234850564596 1.410828368341065 
11.680056571714516 8.06670619502122 4.1213581983731356 -12.612821195878912 -19.6897251638242 -20.95905264024448 -8.037440222280352 -1.8720804061326048 7.568023997839748 7.442955920068559 2.0374294786723217 
1.1800507859837641 2.4405662057454762 -2.9951689222822155 -12.86285777392569 -10.536784507503121 -12.370204179407892 -11.479734408685081 -7.153076655347415 8.934313370958005 8.510393762104902 1.9222710461935262 
22.408073621763137 18.717955133337142 18.15154792846944 9.528963210813657 3.9197903418336764 3.19205144913935 5.381706663200374 3.453042678048723 1.658749654678957 -1.7987581472424765 0.7905825178120829 
14.165810368066204 21.414290702211304 27.09402249749825 30.092090702852303 23.879882836827797 7.5548554917058075 -7.211354827113129 -2.940528889979861 3.2115416259212473 0.9259606936519514 0.7171189561046836 
1.8168444677921807 5.329652005994674 15.789399104423708 32.55675256779192 33.138889358719716 23.751063366979785 6.694422873929199 -4.071346454450164 -2.0622946560168534 6.688141519952499 1.202700458825746 
0.03269657961644645 6.636187412709164 14.7743144270428 31.85052085890043 33.56570623886361 25.432359161539345 7.046807723212126 -8.230909297837316 1.9471844928973638 4.428832987852903 1.3682760344125207 
2.4912537531521624 9.841393465978769 14.558702606716444 19.662100152121685 23.37093879532511 21.518345290702584 9.935630056021363 -0.01926180716204423 9.439500668474812 -0.3003889819478709 1.5280523496894551 
