-171.02376632499738 -217.55723632680082 -293.7511729682377 -276.0918038696542 -125.49035317140897 -24.744039483849683 12.466847365616843 -12.800946337247508 -87.97515519372037 -152.68258734876815 -189.01870829597814 
41.810372041026696 43.66369462043834 37.93255033813278 33.29025125841014 13.814345954682885 -1.774718174438613 -6.714862232081273 -16.296203040529107 -10.651577823916849 17.01852802717375 16.383059036528312 
-12.366449109479571 -10.504763954664927 0.958835763663646 -8.83410172070261 -65.34763001491294 -70.82468749897156 -80.03560333837501 -78.24415440225627 -57.32880102381684 -35.70482087980298 -15.784033550038163 
-34.74012429149501 -30.771819633306272 -15.346059594556339 -10.178272095646177 3.0106398178397673 9.647024912950302 15.27721692252959 12.473747813164785 7.705356991797137 -11.764889120677436 -8.581633907394162 
-2.8619324255677565 -0.7025908933964669 3.035532981266092 7.7180575738187756 9.429391348095239 3.974098004035486 4.612921453157696 6.708759567643291 5.353048488632824 5.519225437279177 -0.07953507779850605 
4.629922940840265 0.5093107215067706 -1.6926541609144894 -5.635787382726971 -23.3535821038569 -23.766631917349624 -26.190835838606493 -22.935177206338402 -16.04839660778893 -1.336801995083822 3.864924327902637 
-17.322183260108012 -17.927568817827726 -13.311938772012226 -16.8979313688508 -14.108426527899336 -0.9298160294661368 -2.090157546063208 -12.54372470575936 -18.917166179453645 -18.511598595127833 -3.375522920354686 
-9.378767045515865 -9.445199639981649 -7.293674451153884 -6.313842073467588 -16.028069343859983 -6.743073606978861 0.5092268808559215 12.20975379424317 17.845153608221324 -3.5136374872530416 -11.73486942350975 
5.310082756427827 2.2517934018203163 -9.962145076611893 -10.999487840453085 5.7240922528684095 0.5757605177802222 -6.085926274495975 -15.204319401028584 -24.40674620431861 -16.53459544068045 -7.4078202466543255 
-3.2005665444472324 -4.806847097633947 -6.482692211838076 -9.715982269457134 4.230873183247204 -9.759594814150617 -19.136825295435706 -18.203607049606497 -8.60500768188081 1.129044611640023 5.136583533601193 
-14.017814937666746 -10.401072977724848 1.783968168902734 -2.3547573175669383 20.49148402283426 27.651860911020663 22.070687160615428 13.339003130478057 5.687922160549942 -6.16154989434737 -5.332122579909508 
-3.301966109030374 -6.802704453311233 -18.06592605487171 -11.181838895902214 13.507991852861347 21.619355232673477 16.475654517733915 4.433144501822961 -5.044003335124918 -1.081239017136682 3.4691808178036236 
-9.222893123242303 -10.001738590969644 -12.479614252729142 -12.042712298910676 -15.283254042539603 -0.3600520031001071 16.655237273810002 28.946941058901878 21.820456736980116 12.065978010879093 -2.748093596974641 
6.405288571442639 2.0250071416010162 -8.45219038474186 -9.913761551747486 -16.63215248130887 -7.304891222117136 10.33914907120954 25.888925105106928 28.512936610626532 18.831955413611578 0.9021881641355012 
8.759660743191397 8.923507798713125 8.306466323529897 3.249109746820306 -2.5150975326429923 -11.108023248234982 -8.224346533446347 11.527033127857035 26.219533517106427 15.090450512144745 1.7717763480644466 
-8.5075882332754 -7.442905855375053 -1.5906543668570257 -0.6726099572526096 -8.544354209410553 -13.365545497410276 -24.928250811474 -32.69274556008893 -23.62009859905595 -11.792185788832231 -2.024568783767557 
-8.026782482845247 -5.9621553798642 1.5327469861422163 3.4508185308178767 15.528391853589028 17.464928343840526 6.9140518167912415 -11.195939622759592 -22.864377663871206 -11.271348252214029 4.558620262842151 
7.2496948855820325 6.751926244162639 2.306173213910257 -1.5954271587093762 -13.678602740618963 -7.733571561380334 0.4269656406986263 -1.734647668898884 -13.304207769678467 -9.903829374706556 1.810968472531373 
-22.551847673307776 -14.899414529079781 3.887261869373496 0.906420917589328 -14.19974201591521 -14.823719244157129 -8.515248217511092 7.679220362167557 17.296863938114793 8.434796981132855 3.3430040064523103 
3.439769651931328 4.504544856317005 5.206563567676748 6.971068248266334 23.6811588271557 10.637993536278195 -8.18574125745971 -8.27851121278555 11.079426120313936 16.23747464064853 2.8679071790423474 
