-300.4983302193777 -200.54604539014966 -139.66983519550706 -136.52343096593708 -219.81087116317264 -401.84566779759297 -526.1725028034158 -573.9461212174919 -604.2713711871774 -634.3595795067159 -642.991286909973 
-18.299097103354566 -18.359617444052482 -16.432961765581567 3.929770186259162 22.78817223922775 30.92037147788094 20.693442536635466 33.74157374083531 47.0800463253004 56.423291389860665 47.4961523776663 
-58.256056333366026 -62.58467061344813 -47.090937877821275 -24.369711098842735 -8.732176106946843 3.9525134682385126 2.1333113269510737 -6.124285406621677 -6.514975949424257 -0.5061692475111261 3.628413842916828 
28.463341506376302 34.84129069704728 3.6777894245446374 -37.48578037316131 -61.30558405380323 -50.09800031336321 -21.560317485636965 -17.69565951393086 -22.927612811409965 -23.673789664080786 -16.382490274593998 
-35.532965239133524 -32.97020208488832 -23.98644642330281 -11.837195736772408 -6.790095514316752 -14.908634623952889 -35.2649749240308 -42.97226688899325 -31.808558009456682 -23.00585117238294 -18.861833323342637 
-57.66765002702023 -53.75280112545873 -41.450905963197556 -39.927731392670374 -32.5649211697944 -20.93139078339786 -19.68504200182492 -14.68019768690548 -11.590292796276636 -11.494365246431448 -9.631783482589327 
-5.410581544915502 -3.5868048731772797 -6.1938091381400735 -19.62984141292838 -22.573984903464726 -36.03527681919849 -23.008376662921684 -28.088393470441062 -30.8925037930974 -34.93830760318745 -35.154161829850956 
-15.336148231315441 -11.967011258788592 -7.774344899185371 -10.275020468000264 -15.394552018474855 -11.13660213839832 -0.10301601502542723 0.5821115923406145 -1.2680378098169107 -11.152142929124244 -12.464940096264204 
6.954189418468651 8.265714192079743 -3.9825254168279627 -11.411938221284741 -9.912270091800579 -12.956569596307373 -20.513535488009637 -15.623176862649988 -20.323740933376705 -16.278814185625727 -14.912580254361654 
-28.531902152057274 -28.517975041460645 -19.390821092372846 -11.417247729936387 -6.857320053000871 -1.4989218879109698 -10.869560066171498 -7.231829911562286 -8.398578686092083 -1.4446435722506705 7.029309266788322 
-14.815672380310104 -12.065304589732705 -9.237133502962239 -0.5501699014143608 5.402695056267683 13.01400044294311 4.228712935195732 -2.0042795882192226 -2.144146932266608 -8.409842239674012 -13.71555924345374 
-9.666746759216092 -10.677184309227055 -6.729998719972061 -4.4710422947686945 2.646275594874072 5.487110134862029 -1.5055288284813486 2.898241398332392 -4.535885921849503 -3.0585249381107555 0.55374817373292 
-4.826309487262316 -2.350731851756814 -6.035996133293404 -1.6940927022539174 4.33447602342849 10.207555975533186 -3.5137940263091014 -4.454011614797295 -3.942492444699284 0.5060988243819868 4.613272177012183 
1.763860889244053 1.4432925303370272 -1.5914751251218355 7.522961834361379 13.253886174514838 2.6194016818439323 -9.159914926830686 -10.63981049553044 -5.051040147036028 -1.9718348317116732 -2.2963128457972033 
4.557372172065795 4.882775009863734 3.1446098755432423 5.953246379355901 4.3226776997385254 -5.2861011559771764 8.474811935446166 12.317102861674005 12.735954272836139 10.755130682996114 10.325364224686894 
-5.768922073199068 -10.560753666550458 0.3955103025829041 8.711376716968182 9.653814751445102 -0.7681779071000198 -5.361889683053714 -0.6523538776659596 1.1730789242468633 2.504399825110612 4.1833394591962865 
5.817514880605517 4.078851630159425 10.920731206591869 9.552773968123757 1.2680213811646674 -7.465350715138667 -3.510503210796966 0.048262377160917524 0.49950574362084554 -1.0364088569471277 0.883291951950849 
10.175420521497134 8.544344487654662 14.998100886378207 10.78313297201018 5.232876966258766 6.443399198401844 4.2122843531033265 6.4922454300775225 7.915596367785643 11.621795923378198 13.236676193295857 
11.88956104288959 16.837655025000203 7.878692895294084 -3.8390704925490384 -3.7462617562933804 1.140188837449196 10.398769262379224 16.64437649646677 12.88703164859561 6.827361716149241 4.47665800961301 
18.721657724297366 25.381455433528494 18.54072947148382 6.928841869304046 1.239746207051327 2.0824874294362625 -3.4415727204003863 -1.33077245462774 2.7804765930117687 3.5481880060583437 -4.003944633111103 
