-535.2477531203905 -299.7108056357958 -141.8671057703652 -99.33942781079038 -130.38274128939145 -259.48197095589705 -421.26279728918644 -512.3917346519156 -601.7282162057359 -646.9960196161509 -681.0356947694413 
-66.72221023870563 -20.860521226146957 -31.617755638028598 -37.462977661493056 -15.49634277175581 14.020832293379936 -6.218354830288156 -14.317087631331173 9.194232284623013 20.313290048579056 30.387490538664508 
17.54933261604026 -45.37333925745049 -43.22832007525696 -25.155107735206375 -9.744663223542261 -6.802817966778966 -9.318719786637025 -19.037432102129067 -7.427235131052233 10.542000613780786 4.732080109050831 
7.320091254851824 7.148638100542708 18.050547680471155 12.61483062081087 -19.376440573437538 -57.19542362045691 -32.45390162440292 -7.350094379221688 -6.116345453268819 -13.84391001053753 -19.804207647047086 
0.6053303267156077 -36.27793928415409 -38.717327526924265 -30.354434936911282 -29.447235692967652 -20.68213639235033 -24.06566657855435 -31.231387196947374 -29.776400920934385 -20.542667996468307 -23.44515285095315 
-13.932516303963975 -39.39192303733764 -32.83525975492715 -20.314295713593985 -17.85754228210683 -23.231026833703762 -19.180106722062472 -31.936852460643557 -25.567744550771863 -35.12965531450632 -31.31561262758823 
30.952333340796066 -5.131478373011768 -4.985984087052395 -6.147142742196666 -10.368409863684187 -14.862036768314471 -25.764344651279785 -26.866286559680667 -16.818987078749224 -10.566601598946763 -14.934982411720878 
4.309219480298561 -10.59460412706565 -7.734137628285576 0.2343430027852026 0.0596008624521569 -7.242108552994459 2.470867579679152 15.179762090817261 -4.118338509149934 -10.780990732644224 -12.39425409631783 
-3.057801879407951 0.3001813047550097 5.365361528893908 3.3883180877690435 -2.5544349230824945 -9.727969972868205 -13.175334462718384 -4.061975863391838 -8.551526789119073 -4.509262560588772 3.677282189629987 
-3.269797206332734 -12.806462269444449 -15.321600749338392 -10.318551079658864 -4.507459458498669 -1.0783891580498843 -12.788722855672649 -18.121907962721117 -15.210065378986872 -8.883943011925709 7.015034540936677 
-4.632938665956796 -11.04732741172515 -7.918248614878408 -6.976201960911016 -1.7369052794267084 -1.4280779039651115 3.6680732312185094 -0.9510974895701655 -4.149393256548192 3.831835162165893 1.9494198827578924 
-0.5738608732450179 0.23796279082308802 -1.0500497463977485 -2.9556982432879857 -3.048659258565706 -0.918125232438607 -5.874416752376979 -9.512720844540986 -11.988801832288946 -8.173774415034925 1.236066951912328 
-4.1106080413584305 4.507016823005848 4.996121216507439 2.872169057854542 1.057096217356385 6.524392866147189 5.028315238020429 -1.5533603177578952 -0.47133234192405166 1.3721918282964154 5.867881860324697 
11.325779073297047 2.75691083291499 -0.930652439278268 -5.680189987177806 -1.0486149659071407 8.60457526949146 5.351486946897897 8.718826270825012 5.1967561893558525 3.763509999362398 7.047929229063822 
6.23711982855413 11.95728847310217 6.412688852232711 3.1432147797698877 7.648049665810748 5.164378257734059 0.9110505343386281 3.5423526900361977 3.692079961425538 -2.421740626534234 1.68593816380583 
3.5978306904105386 6.623578872036196 6.888764771994255 5.339970353104461 7.571395376624759 8.373035576720135 4.252692829554109 -0.00040513341431225314 1.970458852563106 0.015000252815403958 3.5930802646174618 
5.014794426449123 21.425982360310442 23.142357475681287 25.65378186536193 17.164500787363174 5.517406383566174 5.769043530257278 4.733857936922329 6.494149047078758 9.923312820568075 9.729031832935785 
6.0908578199780266 14.55648839347705 22.765123387095137 27.773013159252447 18.821994745916236 11.921164586259646 10.264548706680243 6.627643248416201 1.5797826541209627 -1.3427045683098897 3.4245322551778856 
-3.264519689185045 -0.5889402212612507 6.131563453559337 10.739998378645527 10.793811412213635 10.785013300318054 7.066364710045758 4.439844774829531 7.501519524063331 7.300489033458613 5.760892782011575 
4.4244648653221645 -0.7179681885052825 3.364670450846438 2.800935896000987 7.336862175861581 7.678925613683428 1.1238808532738909 -1.3695379324511823 3.1287636512691526 4.520649169590113 2.969681123646094 
