-435.06932578762945 -426.2437452460771 -146.02140312612732 -25.257049123240183 0.25004436373282884 -9.411863830427157 -59.55855521171243 -193.01037847577135 -344.07622371964794 -293.18625900314214 -209.14031637037266 
90.94689761234193 80.81255062793014 56.066025209001225 42.292888810493785 32.53431617777765 23.14356454209749 33.761500363297316 57.28706076211721 32.92487647072037 112.29915057089005 148.86437956332207 
14.662780015999125 0.68017237506855 -101.338205228871 -102.16534975404949 -90.07452074593702 -68.44397939999928 -58.8941116928235 -48.65504036893428 -26.94252999857771 -62.86971973315333 -83.79227112688353 
30.496227764147132 31.72790064360653 -27.47934724908986 -13.664685738961758 -3.564596790572248 -11.027607973949273 -38.20662885164495 -47.15938417645144 -0.8348331550258635 -21.641372607566936 -13.434299649384457 
-14.683668895294382 -9.608935024705783 22.221769668809017 16.565282885853406 10.877024558153117 16.377405276327867 24.37543936843159 22.850844923030603 7.219867218367877 -8.383301038949497 -6.713160601566406 
-17.575164637355112 -18.556449379921936 -19.916850310981324 -26.645472209183303 -21.37047693748916 -4.08259855488954 10.464525860214346 10.739081631595367 -4.009851673282696 -7.145692927331861 -7.347802581169493 
-18.20156908977122 -20.854485009258823 -22.10766122544628 -26.277374043898327 -32.492419114666845 -43.48311874086202 -46.94549356667356 -30.553427154841437 -5.866945342748561 -14.949757574812331 -13.951552008632898 
-11.612741089163615 -8.348181379511459 -21.7205277833292 -15.145296885633933 -10.958294369858317 -0.46532664333334683 10.330019379891677 10.146480402667034 -5.848646600631063 0.3840583092591656 7.195010174977694 
-14.69756323660457 -16.31211712321494 16.58693996408946 13.948981363833251 10.748136452790732 7.543332338751033 -2.118129900799528 -24.821456853641855 -27.307113808295476 6.565348175969913 3.0979357419635636 
-5.764480154788831 -8.336203353792394 -17.53614288698033 -20.83667198286167 -26.106724920004424 -28.474175625927757 -20.018579695917005 0.12557184556080953 -0.5111704105719925 5.1860185014081095 7.068909389393923 
-5.613658116085547 -9.487953295178102 -18.848594142883393 -14.589711516093825 -9.363923853627734 -3.7375162498959997 -3.181883838598131 -11.471119622567755 -4.085754439102852 -5.7921190641743046 -2.882885734964366 
5.0055524866152235 -3.1977124244957986 10.516409078507756 13.888192945170523 15.444392556366676 12.518490242289186 2.8764718276061174 -7.016061392624028 -11.18636380386797 -18.448485839101068 -24.078518349228453 
-11.947595091842997 -12.729048667622916 -20.382215991167648 -21.227056491863813 -20.434495441821973 -8.456313031832051 -8.714609765128284 -8.644573840647892 -4.646660555381577 -6.235408708424936 -0.7012570309844353 
-4.622221576777043 -3.4506693966634 -18.55518123828392 -17.112889512566394 -13.71946819799723 -9.224284519683957 -12.819227100259681 -20.13243081586898 -2.3759893074109604 -6.121203965505717 -7.888743078068789 
15.125503574671924 9.266539960107895 -1.781706125813849 -6.744615358410256 -9.160632380077057 -8.709980531450869 -17.843831639109915 -20.694324627334993 -9.762597443770316 -6.538501786128705 -10.19395577119902 
19.05579054773095 13.163850779310224 2.1203302675847047 -6.302321552628506 -7.583431510707626 -1.0286383707087585 0.5143443712621316 -0.7000354848599355 -0.5471770963636583 9.476583363416365 13.1663007951367 
8.034744345382187 5.339493911750402 7.6502563119001294 -2.740494045207058 -12.428455891517736 -9.386689814279224 -9.407462862547808 -12.214592235268194 -4.592645804454358 -6.749376040820643 -10.140528172520789 
8.079760300312927 6.3041440904012935 27.879632617213986 17.149463968589316 1.0343240254728399 -1.6772939254113342 -0.03585523409140695 6.0977434534226616 5.5751141433220575 -6.272743481010384 -7.347957924958324 
1.2251392313190363 -2.7416759871377328 20.198961005593425 24.2769934657253 13.566068487167634 -7.569748032122469 -13.119682978327054 -12.863388282745401 -5.478454940960122 -9.637704182378497 -7.834390804166495 
-19.507560581167947 -12.802616406279068 26.948027712142174 34.2061838277166 27.42322721642791 5.78617709163367 1.4216896733393392 5.068106853812267 0.39784972017300646 -8.118864484845888 -12.064077393525293 
