-493.0258394283751 -490.7568963652746 -441.7477297895419 -165.36285730477792 -76.80651659731255 -79.97373881350894 -82.66281301732202 -97.38901663882075 -195.22082892978307 -360.2860212758512 -456.3338464256358 
9.175133785153207 7.812974439859191 27.411292391964068 63.59640701528808 47.282794657860606 30.395153421696676 26.359023329875352 45.85780601922471 72.26597380324846 72.11182461241562 16.709315356548263 
-26.46294945221788 -25.4603661445358 -61.57068585117594 -90.45641701315387 -86.37628574912128 -87.81077227431922 -97.52711124789812 -97.22729070697423 -77.71992001539692 -51.93719579940053 -30.97147109339374 
7.989637144588944 10.274842360041248 -3.1725582971604247 -5.902191341488482 3.6782599615949954 8.579604709202778 4.09624642944701 -19.649670230853296 -48.80895779008924 -30.653758015431613 21.80361828030253 
-31.10291417794371 -33.1407482497177 -4.078012520461536 57.5360985529451 58.29393918655755 53.5307952406661 42.04773002632145 33.88835179240821 24.841200100349724 -10.025979224057439 -13.913772247015828 
-3.1054246642912124 -8.72115509542476 -0.026910749627437447 -43.03415724180529 -46.4541474077171 -44.10987381726383 -28.987842607355056 -12.603481175041061 4.736051663686184 14.413845995962987 -5.521883765236341 
-6.6024179880719736 -13.740004588804922 -42.810365649961774 -20.61692282856241 -9.94076903544865 -4.59873920005447 -13.80854599262402 -26.681183948670306 -37.282584584854305 -22.876767848856844 -18.457709313203033 
10.492032605482894 7.072423471711671 -15.192453966816387 -22.675683394047596 -14.240606313943887 -6.748164823761623 4.289686446471718 18.06442007936241 25.96947019885493 2.5641947354561863 10.950008875798765 
5.572549768416025 7.32151758619783 6.9348076422338885 2.06232670118779 6.007665654709166 10.024255695442335 6.93976577280068 -1.2957530792567746 -11.019403561685667 0.6958399823808448 4.050143870506913 
-11.355602483027388 -6.680996656845894 -6.2330469517941856 -10.110388613437761 -10.314904752694908 -19.630769108720205 -24.445417165297613 -19.130520292121936 -10.07051039913982 -0.006127084717491793 -9.76414155785803 
-10.86402082381851 -11.196587643319182 -16.922781327588396 -21.650035918400008 -24.71502889251951 -20.047853300804665 -2.690331090168003 7.81981621085916 3.8380545450629944 -1.6485735391363168 -3.529856722626559 
-16.1004691747457 -13.1575881261691 -13.342909314197358 6.007716458055659 7.020739276631753 10.13930649276961 4.0786686301416575 -3.9127745272339003 -6.308633170330393 -2.3852608695156965 -2.3020073801590843 
-11.676918746197082 -13.28912435059679 -7.622369414290292 -7.245462040436022 -8.527149127768116 -15.644498617513316 -17.1739283698346 -15.251593209087822 -17.553774912317056 -20.43390182572748 -10.786110381712152 
-7.81161483342953 -8.096751060595862 -12.615249917927258 -11.474837776115852 -12.586304044298142 -11.57235600351175 -15.380282252246822 -24.041103052660716 -21.98170266929751 -20.705867424938972 -9.079412970472692 
-10.208197629146945 -7.805300010686086 -8.985517980269291 6.202442090718845 10.70071993735247 5.013482508238102 0.22347043669669342 -6.307877842288962 -16.489445300802497 -12.71027557675854 -5.496096982034016 
-5.288049466774882 -4.3286080664043665 3.6457591873748223 -11.866588858729564 -17.215424285048808 -20.095960953895208 -11.195602460497255 -5.19299051271906 2.603779588794919 1.4192402029191644 -4.032438585358575 
-12.161170183703991 -5.832439966706412 -0.699387929695388 -3.134201144790979 -4.772440059553238 -5.609461885046366 -9.966462999475235 -10.57224152432073 -10.991443689499917 -8.068559609363316 -9.887099617229797 
-2.032957028466618 -2.7956926612145923 -8.68155065534933 2.9544507171152237 -0.30603211896218696 -6.411641116958666 -9.64858668560439 -3.1719677305586913 0.6575843555894128 -7.18065997510217 -5.921354336235124 
-7.675113656722494 -5.225588196093641 0.3475508518101314 15.464936645375118 10.085055494149088 4.274718988306115 -8.869490192662479 -14.68965836232794 -17.25596361494947 -7.799414596310879 -2.5616498937449537 
-10.628696452519161 -10.371918143583933 -3.2818364021394917 24.367971009890375 29.92165532566512 24.58699285012335 4.165891830101593 1.8975713806772196 4.691357555878904 -0.26675375668511914 -2.546522718654052 
