-474.7850783976808 -192.64605421832755 -103.85134634933706 -90.92652892696817 -110.3050787107452 -143.36994159233137 -247.10564190845156 -383.3344752599326 -455.7607464049309 -512.7035522763621 -520.1771380776776 
57.376287102887645 46.43159089618584 27.908259837376942 27.732848919028292 36.45406241503912 44.055497190699384 68.37418495950908 49.644616069829155 27.356099412910666 49.963073147451155 42.83929077343322 
-70.76453865372633 -86.01116655016347 -89.51888414220642 -101.43022779459577 -91.92550812967139 -73.44456690264903 -54.708168231709074 -19.170875773965363 -2.5995757037031844 -13.096404407339413 -22.766553834607343 
3.273372840517993 5.625855768977853 16.35219930318787 16.204023994813397 17.926209334499315 -3.2420924479392816 -42.426814908122225 -28.235095249625346 2.2789848928970464 23.82227343098735 25.306595478507923 
27.961190942699623 36.91560035445056 29.757510067128173 23.73307230594188 19.92915186016962 21.053402808273205 25.794288908196272 5.513484228160268 -1.9248195836056516 -21.849660366045427 -27.488014109743347 
-4.075558663184179 -36.43062627406562 -40.19572131474822 -37.12988265444149 -26.29632198937881 -13.033498587241915 0.8468611834385684 -6.814540190142333 -18.968990188884767 -10.595749298350118 -15.693645169780169 
-31.001323791766517 -12.061814400390796 -13.783652010283404 -13.782248494752485 -17.47321754291604 -32.155388062898666 -42.83557470388904 -9.279221382645433 -16.447440726581284 -18.11889552470135 -23.09673000023541 
-22.261560570660052 -26.671011638347416 -19.464961730431313 -15.56325008972595 -9.59852517761124 0.7542032144514936 7.311332750370607 -7.871803938490348 -7.811739250077925 -13.996831519991108 -12.327420798939077 
3.437773880461843 7.607897730925163 8.371671647254782 8.448699131266718 13.835620463158879 11.361973196274356 -9.420294268763854 -28.31655878176837 -15.398393763658373 -12.71953556148851 -13.330615614629028 
-16.116805287590584 -1.1679014483571049 -5.525781320195081 -12.526110284918348 -28.5585313012297 -28.95608521132784 -14.641496884274856 -8.250346013006038 -10.443499370159415 -16.43001992380572 -14.548155609385844 
-18.133380237968346 -27.13014476314639 -25.749239866342787 -19.931394176387336 -10.613554824027853 -12.254306070428601 -15.511023988231642 -6.060773733347634 -7.958981368721406 2.9088786866711365 0.7185444283657203 
1.0264862214450035 8.369683531375852 13.42388093644374 18.73488916307131 19.12181197723141 15.818339411571444 12.873330632439082 1.8659376426028698 0.7180725459450882 -1.722440234260822 -3.2060341151880962 
6.794708085025023 -4.538873052093372 -10.678147933144313 -16.394185985974744 -17.25959914569328 -14.513043430870834 -7.200555988381158 -2.9768101916583447 -3.446076814756811 -8.441737330955682 -6.221319925124771 
-6.8478127838244855 -14.540603110574136 -17.527511500343707 -16.496749985119383 -9.855385857710909 -1.5468732041343367 1.1561769857540478 -6.480227839466815 -6.630982302020522 -13.826480074647657 -12.155206265937291 
0.16848236359779256 -4.803318457476955 -1.462152280032947 0.20459769269843944 2.309714014903258 -1.4695111465436903 -13.840305800936818 -4.207491647298381 -4.740773126480165 -6.941586754128085 -12.539118159507481 
0.5239352033321851 -6.360363435101649 -4.878555873721547 -5.7627659111932115 -2.8664013064014493 1.8292967635923998 4.779187604895986 -0.1795963219321993 2.02685144687342 0.79831137702676 -4.521805340453607 
-8.105467956517966 -12.265232161232834 -17.594938386591885 -17.651102298447654 -11.82050416352708 -10.857439289582128 -14.838147321322257 -16.029753737107068 -10.774736046900012 -6.670752586756688 -4.705950663779627 
-1.802231638909034 2.1441390578658255 -1.3900620911728627 -6.052944257049852 -7.241640656060372 -3.6734469345995766 -3.7756572374811466 10.851443989571756 17.51571427556898 1.6780787392514345 -1.6054193781199388 
-4.769632776104476 2.121711305239527 2.5009755837240455 -4.939251496469586 -10.556950516658386 -8.732939809839976 -8.048086545102084 -11.375102223472041 -6.456241462292608 -3.326955060980376 -3.096795687898562 
2.230921485615044 19.344490074943913 17.78234252577007 9.096676553070658 -3.503568286556935 0.08548163947417953 4.0880249220428535 1.458730336276136 -2.8648870019982433 -7.962398275891578 -5.324515837236905 
