-315.12832249853903 -312.42775744618064 -305.9905672080684 -309.45604129675644 -263.9394594713564 -119.78415625263418 -69.52659172867195 -51.973187952938815 -71.51819549185596 -132.49384441689554 -198.38975770545 
42.890195993109245 40.671091522028235 34.17578104978364 34.609777319074496 27.799910888628506 51.68301226607871 51.694739030017544 31.902655579640978 30.563706272131903 43.29507749165553 34.30992727428199 
11.840097734989051 12.140897112832304 10.97403015453029 6.390905682191697 3.1306493514391716 -39.54497735717618 -57.377756990254724 -60.55588569198203 -56.77891837598624 -32.81061933682574 -9.282000249116155 
8.97383747394763 5.250177787571675 3.325799624423744 4.805667536775806 0.7738577769697625 -0.8397140930028447 9.042155538961225 3.064117534114378 -16.90796372985778 -22.80846672545227 -6.617356998397874 
5.05108141328855 3.393221341704112 1.3520900269921574 3.6171825949938747 9.419875394125022 0.40661224006494384 -11.393690651873834 -9.381582108163109 4.846781749458014 14.714259372058844 8.571776803958508 
5.628666657188859 7.240493897318416 3.334499327704202 4.79136682456218 4.66839576037354 -15.498154354860624 -15.27322374314566 -7.698009431841849 0.11324260789019341 3.696165588186689 2.5053257151323276 
6.779560464528094 6.613102016136915 1.1197343785058147 -0.6560255337254792 -9.085534053206912 -30.56727338266355 -33.30054869764762 -39.95297423613371 -40.31314881705064 -31.98888273005315 -17.241127680654852 
9.120038777505238 6.473966081531583 3.283405187844114 0.16365954313255943 0.0020909965969392874 -23.549963696486717 -20.218808472080852 -0.09972023402937594 5.10404283472159 -1.6989354338733476 -0.19971980946750734 
9.808576760626705 2.3923216307613107 -2.2364706412591477 0.9179665785208784 -0.06251756741426459 -9.955029168302229 -14.300237185435794 -9.366397933992264 -10.261020911561657 -10.926524006869766 -6.906633435887224 
8.840502648729808 3.6924743874842827 -0.09479224535226827 0.5268254094673424 0.14603496623165907 -11.418254807778204 -12.471065420265791 -6.2141790851458785 -6.107476168458058 -1.2347146045157609 -0.35440404690477606 
4.277575091294155 -0.9755699123290288 -7.370283524584668 -5.919905659877713 -0.14144369526491446 -12.12900817256364 -16.96392555362687 -15.569756131467196 -12.314648563698617 -5.451742895052142 5.26008149044153 
1.6093872859120892 -0.03353963031629226 0.12986084360555167 1.0999561033801746 -2.4300929548488845 9.113544370133733 11.282631379923135 9.262783481703703 2.3689226785158812 -7.8867032851544625 -11.249049232138159 
-3.4779553138433883 0.15028078913322834 2.450964749165259 1.7495669882023703 0.16489581003017284 -0.7631018120590143 -11.275790120715518 -17.0825240901599 -9.176812181175102 4.073017223807821 7.30720776064449 
-2.162337306310542 -1.1012373344136108 0.9096368694671391 -1.4143749167917834 -1.6710736135843725 -5.020379107249266 1.1743756114649073 0.7285604992270298 1.0845851602729755 1.4944314847410631 3.7153624146055546 
-3.8162766051269204 -4.45938264914037 -3.472794239603507 -4.4521323284493635 -2.63000990562065 -8.280111556543996 -13.100872475462694 -14.303441861708075 -10.192538334177698 -3.091957295725721 -0.7743949229421221 
-4.731700656977441 -6.183483301100819 -0.4011286799279584 1.617380402898681 -2.1266414198665657 -16.2217770021796 -15.701604686558657 -13.09270104285103 -17.25724026609447 -16.24709988663951 -12.828757672992861 
-4.522978691650835 -6.459936815071343 -4.534014649295761 -0.7853561419104311 0.4192824024330881 -2.818379977267514 -7.209337553157534 -13.320295555905176 -16.230617862552243 -12.629475634614337 -8.63503906871356 
-4.587907934641578 -3.660521333998232 -1.3432142584903801 -1.729126528749573 3.9837172123358786 5.414464238044255 -0.43794520118890656 0.7575696227499678 -0.445727153714001 6.107601336454259 5.722464628603676 
-6.665931039822352 -6.646702222985285 -7.638900962537952 -5.972973289576215 -2.2286309398191877 11.17135994779499 9.34903122231444 -6.732026416016586 -16.556039514807345 -6.340866773200384 -5.48748368481284 
-7.400695133266851 -8.355803831333802 -9.022510396319426 -7.933337657470991 -3.8363921624180155 21.42176836528406 21.175374978581797 7.527066305078469 -8.056853311327263 -11.60280078390857 -7.77357873511399 
