-497.1064451465895 -486.6103529674711 -482.8503208078028 -486.8495065871079 -482.8705476585786 -482.7854395352551 -480.3851077927115 -492.4378084624602 -494.7021919108828 -479.2638265401331 -474.3461236525156 
66.7510285178928 72.08702098824409 74.75148005905163 72.84280717175304 73.53913493618822 72.17392368695391 73.6052130280826 63.148073490484784 55.92647593849111 56.256139655734565 71.21443042596826 
33.66122481158493 38.26534952865512 41.52908936689798 40.50973188785876 43.61720895905414 41.163684351783786 42.22085556720691 34.03195272177028 32.32845156853828 39.674393715889266 42.759131394425935 
25.757133621320087 27.971555570905615 29.75901371261363 28.797329908325136 29.247203966674515 26.986324056047593 28.176975448699842 26.054150506687346 22.596237673168037 19.403102915141744 26.96678344526683 
19.31248011985586 17.91999025730646 18.358799922191945 16.23250542384579 17.579315608601668 16.590433967159335 17.882600363844674 17.132438976456413 16.255703869743407 20.78334253312121 23.072717771404406 
23.8879649271044 23.544996149376715 23.69536625123908 23.76297299443666 23.40445086090417 23.8138058237844 23.962193516315956 23.142839938132056 20.649867594237918 19.24823995968236 22.67848723264503 
17.99636551689545 13.618837158608084 11.878889723186886 13.73367078251804 13.809788080877404 14.009858629706756 13.14291334188102 15.453919500475617 15.386384571372199 15.386134729312424 12.979159003983646 
15.587823759245117 14.976652570141567 14.502937110227293 15.167693569969401 13.267431610604792 10.335164767962887 10.618613413889037 14.107537753154121 12.260688484804025 11.151696637703704 9.667366619731844 
19.121303709641246 15.331144179770003 13.558814121906353 12.556828750833745 12.632666850600115 12.856303020247573 13.427574382112851 15.07310927310182 13.290473899149175 13.146901758986603 12.08026951046191 
22.86609076250527 17.150073470926348 15.07588804732729 14.629443129154698 15.283903466758222 16.05492749515585 16.422692157510035 18.146861806269023 18.533151553039467 15.13289193094215 13.56786504801385 
17.868010992947728 16.030574789326177 15.511846200725696 16.42160618470537 17.37327707898963 18.6128142395527 18.717178887453482 17.13188584823073 17.727182256774206 16.529740187617634 15.49230649125574 
9.108173952965084 8.074018768136707 8.2538815158603 5.6064518388135305 4.350161658109055 5.982369242643936 7.218292453282999 10.177642996356628 13.565900193396416 8.513673298682676 5.332137465616858 
7.345197871501275 2.105597560681477 2.5494779349266916 3.2501913181217166 2.8269124038429476 2.676804834992245 1.3350140508295327 3.530336439139556 5.821328206093784 4.600935353241109 -2.375227192491158 
17.997385725858408 9.554174733685556 8.002991688966505 10.571242388428391 10.381393824518105 9.097812819592505 7.99667077016797 10.21883754572862 8.571731571803376 4.354041503402677 0.6059521452716483 
3.6419075069676605 -1.482921067084341 -3.034442177833426 -0.4242832179132636 0.7301274973487033 0.03134414943064223 0.538584866649611 1.5041994195368977 4.2112081862855115 2.2221775095299527 -3.0138618482907287 
6.246161582965535 0.1268886177416988 -1.197380196835009 -2.8897941892468273 -3.096210371051497 -1.4066905167302943 -1.5858902578669278 3.6257779108067902 8.659139087000757 6.248559153298293 0.05925658055497324 
6.727546166073838 1.0212806872139968 -2.03852117098325 -0.5817525188255768 -2.227747087794241 -2.2222967846320674 -2.825761568713476 3.7083906949211283 4.324656771375091 2.584955697573414 -1.4993327966382242 
-0.24364499464066391 -2.1367905955307736 -2.8551674342442492 -1.9737588242397692 -2.606043338752115 -2.748207823111125 -3.158001030030795 0.9026476474111491 1.746285217970434 -1.1906917068445853 -3.717946265790576 
3.1679569585442184 2.540929031495018 4.29498368135335 1.925698256453107 2.081027602982327 2.4945984821386897 2.815622051514316 -0.18002858173774272 1.95834073325354 0.4416946104926884 5.517363642748148 
3.0520726341748636 2.906209334985525 3.0041090594547852 2.4671231367909274 3.832555597415663 2.1134575646336646 4.318839061264597 -1.4263886423557817 -0.7093391139427307 -0.18334359536837241 2.6236445322433952 
