-633.306580059476 -629.5446764444426 -639.0749832134258 -644.0478586954115 -232.76961530740715 -86.81354424046866 -55.436405848515435 -117.94124774704831 -228.78629812454554 -322.3902576865497 -440.6317076789249 
36.13168719701887 31.306388250533114 31.28479798291171 40.226152349785856 -51.95744313886782 -61.6665092820904 -65.68052625823125 -62.57300758512368 -39.334294500469305 1.2946523251064432 9.79852439967571 
6.603391665484802 6.233359129641098 7.16528333917447 9.015075563249521 -35.183168162092954 -20.828890824486727 -13.683292807077137 -3.3896824361365456 -8.647615662528956 -9.282698978931471 -7.865216560815609 
18.16891906024796 18.27236243840269 9.9160230047804 5.790597933659862 33.31659960104629 42.71749269001913 41.94179203273979 26.262346113945156 5.45539538723964 5.811869170673091 3.144864559213588 
5.894546082882345 3.9142371311500153 -0.1124636635759575 5.0819713157939574 -0.752546563304053 -6.259400291540944 -6.312663211885859 -5.263406158858077 7.348498261906699 7.681545628678778 10.204977773400618 
-1.694867777120748 0.18787381242678514 0.17163486159247276 3.795082368008919 -11.46768808481039 -13.828021545495869 -11.044103913108152 -6.666829027070001 -19.088167614430922 -10.086869085577753 5.520462137036672 
-0.7502415886272629 -1.5029331383681037 -2.7870439118845844 0.040198735792057017 -14.38437243973529 -6.020232209161274 -2.6844937376971445 -3.548497113097982 -13.712173756190667 -7.852391280321407 1.7603677062683347 
2.8002178404872877 5.659827264210256 3.5182544650548278 -1.6436561011653124 23.392187786290698 18.464256896353195 16.524074649113018 8.387563258037183 -3.4767426320664137 -6.806419793140384 -9.929999500822596 
-1.318374307445594 -1.2623396493908015 1.565669928667084 1.557340331299348 4.300007273019231 -2.56373712301552 -11.57987059062604 -13.253776673369298 -4.997828903975324 -0.9682169850869593 -2.2720657642012267 
-13.622450556311408 -9.903351792981507 -2.125872545887235 0.37819263579534756 14.386894338151773 18.920586015452052 17.43851144316829 18.906689998451647 18.61723491907405 6.792301883325502 1.9099861941923828 
-1.9811543896312 -2.165628727316008 -2.966027997246415 -0.9502359999932458 32.08666226175731 29.891254716685182 29.646803137888618 24.18587845294713 18.802937187463574 3.2584514861828793 -4.6515318492695386 
6.393297719322582 2.655036734186587 -3.113514615243412 -0.9190037047189619 -14.426074410601702 -10.79337167843551 0.9340156211066085 13.450019722758967 26.65629907577433 20.663262437313236 12.288232339958679 
-4.858507038495869 -2.1395615106116757 -0.3433408478343429 -2.8437025160108194 4.538536562193311 2.71910371425525 2.7404674711527046 7.059358879525886 -7.760331598814624 -5.2708705474798005 0.4673234293143216 
-5.7539337654744545 -3.142294218173041 -0.11815902185996818 -3.395654827241073 -3.4585411690839463 -10.636325159760819 -21.109617630735258 -25.3154062027804 -23.482125986621128 -10.406024876821597 0.5342247344594332 
1.0497318316204525 -0.8049522231416872 0.5586126045440055 -1.374127628426447 13.277637987764049 14.28728206892286 7.462265397494559 -9.362532306122365 -15.59004403975942 -6.056415807058487 0.34358244084278766 
3.2033641327856555 3.701161860157601 2.764373094479347 -1.324395830206703 -8.067552117659943 -5.55658238250642 1.205205020882511 1.9358865857085685 3.241471680637826 2.107980853091621 4.258273531112236 
0.9349583769420093 -0.22184803310710932 -1.5657591391570675 -1.567699522089966 -7.609933888938785 -5.450511031757518 3.0742065102329557 13.20760746904319 10.39666327836817 -0.35868607751215664 -5.799596782681517 
4.382107235385048 0.5194763703131167 0.5636254771384708 1.0721619038730483 6.6251813336035745 4.777422645871692 -7.493313709258036 -21.44225523614279 -15.237309001021083 -4.034054707153867 -1.1906202678248394 
0.46141480085612313 0.088089593916513 1.7613368530875066 -0.3799836490790715 20.679677654831757 21.550022721323767 11.797920816450375 -7.81562260263549 -10.768071403885322 -3.7991302300163605 -2.0458213020194727 
-5.274378450738243 -3.878158319971623 -1.259386270098816 -2.6420102182406677 8.200992992838227 21.14873918615385 29.695306464202403 34.05264480669264 25.400959771537998 8.747803629376422 -4.122361242720679 
