-333.4278088774515 -331.6182084066901 -336.6245786977888 -335.188518561308 -327.8056879705344 -248.54394381975223 -156.94139558657125 -134.35782430202403 -153.18703252902156 -198.48942403192245 0.0 
72.0956106609375 70.02998164626516 69.1177326093129 68.58231010323655 68.9658052531586 55.591560443991895 19.418700168775025 3.825347408640683 22.90211239533852 54.91012377401104 0.0 
10.931776825494605 10.640878452701982 10.144259653225411 9.652304460345182 6.662681331817341 -21.3660407508427 -39.39228894981346 -32.31685316406611 -17.43606602362503 -10.324059697637193 0.0 
25.509424628879643 29.857403447453514 30.41341620802834 31.02580975698403 32.69020050463886 46.88371743362925 49.32671193780601 43.22807987768214 20.8321725705639 6.607462932912963 0.0 
-2.0966431314320686 -0.9442522400824622 3.902012184717335 6.025868521019039 3.0048796955656183 -14.788782665939056 -17.6627429516357 -10.945738563694245 -3.6539223010539956 3.862197482246464 0.0 
-1.4171422420907038 0.7221423086718063 -0.8138440874116295 -2.3417481788507826 -4.7330308821764335 -23.81489007521686 -30.010508556406023 -26.641693542285505 -21.58714879464962 -21.811729518412267 0.0 
-9.95432516265295 -5.072925264183203 -4.590517220623987 -10.031591449078924 -11.005522342485031 -3.274684682849383 -0.9539767318416684 -4.479548220669986 -10.00492822318338 -13.11658865886697 0.0 
-1.6746725581254118 5.4683661440050075 3.6755198128387496 1.0537980591183351 0.361164672246705 -6.6850934026405495 -7.790879377380088 -0.9170017489813158 1.2467992103963716 3.9258775360690112 0.0 
-9.058793318657084 -4.868137892880016 -1.457871874528157 -5.259571419522347 -5.177391217031455 -0.34933537860496167 -5.377137466870551 -10.747485274922639 -16.92275005933051 -12.896775955691332 0.0 
-3.4180782893868384 -5.682766016652025 -7.820232954374788 -7.0944035375213605 -8.805711543631006 -12.46568135207566 -18.66523133490452 -18.841222939309908 -15.384916147451976 -12.630487735704587 0.0 
-7.509076542431213 -8.284899114131594 -5.82332921156369 -2.413326693910987 -2.2053095593022736 -13.041082300449924 -15.981381942826573 -14.742648087356596 -12.308654806346334 -15.838761494324375 0.0 
-17.194939523112083 -10.82509086809696 -6.013993569421718 -6.857962955836662 -6.829196044671194 -4.511405922054686 -6.058279381463009 -10.947957842338646 -13.13448731647381 -12.919534920262677 0.0 
-9.14209310465941 -6.182492900250718 0.9417994325001271 0.19324610168825618 -4.299867286454823 -3.377642923547109 -7.889296930813819 -12.030968894021996 -15.053575071704568 -12.132174599465117 0.0 
-2.6659675924868442 1.466873975852808 3.34340438076367 1.6297861159195286 -1.0827808210037815 7.08023921718767 15.037779498552307 1.661905518548194 -15.883697433409722 -11.895916230837305 0.0 
-5.445738040100792 -1.1640278749611415 -3.0151729621156287 -2.3023156562040596 0.6200995625259786 12.39668166102042 24.90823279912652 18.76311516875096 -1.042033824461038 -5.198537957429068 0.0 
-1.990022781278529 -0.039666194987867 -2.606400805033865 -1.326709398947029 6.948443512867415 22.554656394079846 36.36857421782114 34.025084057664365 13.550572133761847 3.316480669767602 0.0 
5.319672026771001 5.177417114311861 2.242476484150286 2.1914712202717093 8.038675648973754 16.920829650691346 27.456712750156868 37.10973420666207 28.952072883841574 17.550420011402178 0.0 
-2.723117977651759 0.30543919359653093 1.208427185456993 0.5211947837860245 -0.4952344454717964 -15.340834913638673 -17.263609325616585 -2.5843798483621683 23.375906216392096 22.67631210120507 0.0 
-6.536548164618324 -4.818273045761842 1.6914296538093545 2.9852094411615777 0.27591946359557984 -9.360343759619704 -19.276727540744115 -18.50693000831227 12.765095670424863 27.283862711472366 0.0 
-2.664277555734727 -4.663436522859519 -1.3104946547983776 0.7616647062173724 -4.115522542658319 0.6233343409224781 -5.789721613691363 -17.258139812052757 -9.708769719522248 -1.2463475230535 0.0 
