-459.11381435825456 -434.10670756313317 -443.9748276913271 -490.27258978581915 -486.0703666809473 -412.8317854581065 -216.3617672150238 -145.48679238428122 -143.17363380785972 -170.08844070528602 -249.84702468074434 
105.33030326655137 94.69781099373458 87.45766607711593 82.80140669900939 76.62201377047246 56.39198534077667 40.31594078855231 19.188943776961715 3.0328605397349677 15.541543983899462 55.08145921020707 
42.99709768535644 41.584807006187695 33.64997185554457 22.270026295936137 25.6543605673637 1.7434047297482416 -66.17243554616395 -68.40312276036269 -63.49560311784994 -55.13495076014725 -27.342443574452926 
38.185486686845465 28.68387684819217 26.782651525667596 29.598372358258366 26.337507593357316 19.351369740197903 28.219752640188197 28.46882291392084 24.028145801417875 16.91281076483405 12.866671939772228 
26.60980060113176 33.00835806752658 27.424206416740027 9.829764495735567 10.099831626125617 21.22407258127304 1.0108996985757335 -6.785413269638633 -9.423629245479727 3.3309388349258597 21.740686961513 
17.279855013225955 28.340831904554413 24.62201587191558 6.4489508392045645 3.768779198573037 8.366685285989393 -5.517430977737229 -15.35900771169855 -14.078671658557191 0.5798735644428341 16.57475543057683 
16.72239037208042 13.649164442915858 7.254810711359326 0.18314863246925717 3.483668417376039 -6.815215831029633 -11.86163695167295 -12.68185584882221 -15.438720346269381 -20.166085312495298 -21.85711482315954 
20.717750021500486 23.638229138635207 23.38901015577766 15.529766882588927 14.14485292502814 6.667408876755334 -11.145488752477597 -13.179105789963351 -6.461678965508199 3.9308634670574394 9.409841511098097 
10.67368369491431 4.702821101788823 1.4642980872872027 3.6660977572024964 4.606606609348691 13.96694110628475 12.693609789141737 6.130307040350651 1.1560336208468236 0.8927208966849746 -4.552947717170232 
8.813765786397315 10.682990278255023 9.401799999652113 7.9187740274775855 6.1215187503953405 3.238358463412803 -14.441795421759615 -18.55718428818878 -22.180447693325736 -18.772173339913934 -8.266806355748898 
1.2671337444837871 -1.6949144032806778 -1.644750197157355 1.442166259639286 4.470862681234271 -0.7156257338367221 -5.198195745085425 2.521363031193215 6.0683767047839945 5.339763136767624 0.6993418860590123 
-1.1860510143473642 -0.9439682496125251 1.2077927339517849 1.3387279281498543 2.152763088115849 6.9703299292886935 4.698001221027079 3.3496165166728384 2.7240191467094528 -0.8953480086527839 -9.570014424404558 
3.041076632238343 6.572513366389469 8.077234484030981 7.807453937733278 4.344718084400084 4.405333012310026 -11.788850986324316 -12.980086717830318 -10.287448752186318 -3.5397716586369246 0.35830535528251084 
-2.6322418971768817 -0.7120458651219053 1.9456653125114522 5.387612828703022 5.445003051727964 2.0371101809623617 -1.716534706926892 -2.4505940713105208 -5.079628360640148 -5.683988339867661 -9.651841810704273 
0.40613098865935837 -4.209503785859548 -1.159906132926087 5.749945834131192 6.14845915277319 6.500097012390974 0.4211027040088814 -3.748565498729209 -9.402463198586332 -8.180011925671371 -6.92850738877334 
-0.358632944156561 0.8609499605051337 4.492364907442902 9.921926898146705 9.54090498696555 6.86782018692553 3.8040617936222265 -2.420662859374948 -7.152000804604134 -5.302672369343266 0.4154133434364108 
1.9072106435326728 0.7005719306803235 5.0217372309966315 11.821759130267242 9.363285717001208 11.19458096891616 9.696722291094378 3.2021241106964418 -7.018992238297684 -13.221525273835917 -13.2998534729489 
5.617293170997069 4.896258174608173 1.8075877207731061 3.331744871443103 1.092762820954561 5.420940311108673 16.458773538289037 7.6195364997285795 -3.203529934893714 -5.186305576108088 0.5273180580679715 
3.3436355267263886 6.3026982595328676 2.4768333083147254 1.3775271969102063 4.217184454480709 8.880137917717995 20.12836165468106 16.827509857767808 -0.11231780703718092 -11.519674077643522 -10.027054211477607 
3.1798311655561022 1.9986738363008507 1.0847007758300347 2.2702871063240257 7.638965599750433 3.7740614595617634 20.3964543518684 27.112326253810405 15.375687373125306 -1.8332551263006924 6.041092572997227 
