-743.6335219220762 -730.0630303850392 -357.25491301790333 -183.03291854769753 -140.86377410290217 -168.9558225889317 -216.94575299942306 -331.3832444119016 -547.9125592888967 -654.482774202129 -672.8010300322641 
28.947681071132166 30.866626132137228 25.997365187074273 -18.675328763738676 -29.612072631823978 -42.72812712583372 -46.23554213383298 -26.443428342029392 23.01633583783909 32.806192333197885 30.84546125965331 
10.103453900901899 13.641449459366722 -65.56217010755154 -62.877373723656255 -45.05452245877825 -30.250106503859563 -35.07926186594945 -33.67467657523444 -17.995041686428088 10.876721667508743 15.172691613451093 
-8.716725501636116 -3.3869602453404615 9.807930332406215 6.8130399479097825 18.287649583337966 25.420426333438094 11.259963521684803 -20.565477142490803 -22.74526372180948 -10.225820106735732 -4.754013444713525 
-5.255431003289718 -4.882846795337752 -3.4208017863440254 -13.751646102076124 -12.355342767849962 -5.280808531706099 5.076311475579355 2.498103072264091 4.712505711278314 -12.207637932473391 -8.914296176856146 
-10.564745867029771 -9.581728393687348 -45.16286026441332 -46.366344680873105 -40.20111627402012 -29.535202567455734 -21.15981976257632 -26.23322420540041 -16.051853721482985 -17.045573467040256 -17.83101279417486 
-9.631844453532569 -5.319001199823103 -25.02500024657097 -23.171154794551832 -11.387085826672607 -2.230378557361607 -21.634164929614975 -41.97746771144503 -29.183736219431864 -11.926299858178803 -8.895616090128595 
-11.109455640439048 -5.223087276278038 -14.191504194307608 -7.588256494601618 -2.624470748397372 2.108646913439437 -0.11006670693923717 -9.766885797908596 -13.742674012180212 -10.483431587971385 -5.147035984945861 
-1.4691926070563452 -1.119401032530734 3.633403840457195 -5.488663732765046 -5.484299745437724 1.9062846775486626 -2.2087973383847364 -12.87327469300135 -14.11611782803142 -7.684741803979576 -3.375737472015672 
-6.253333499198647 -2.2915970039248506 3.7081736071251568 3.997255010317055 5.613018284731434 8.188181456791462 3.742186133686446 -5.7406893194671795 -5.699824764007355 -2.372032289909551 -2.7274944108396353 
1.0123735257869488 5.814633591114884 1.444629129732701 0.8141437261928246 3.0221093008471316 10.684840973300691 11.694764493536564 4.434861518539073 2.993465700394495 -3.2754136687134037 0.34334623996340996 
0.4479819242604034 4.730957208017362 8.097172891017516 5.656901663624005 1.3531200321433312 2.2258638819365295 1.240630728009559 -9.29552037007403 -9.821713089425149 -0.19268349782704036 4.69264217062117 
-3.051738108353847 -1.5899878934105554 -0.5437986024448977 0.16377772758045728 -4.981277852279197 -5.619429478325216 -1.7172846220520603 3.797543082995598 2.8808186577766612 0.25380174032136393 -1.092315357922728 
2.3659733224103148 0.7034058047487365 -4.39181630631078 -5.759847257485125 -8.70786072495127 -4.673072846608559 -0.686955807373488 -3.3422933217185284 -3.1063748554399755 -1.0838220185206238 -2.734669858844227 
-5.807371555035584 -0.3649833822102441 22.334240531558805 21.379496445726787 8.949259113173067 -1.7087340990213402 -0.7612115525459462 -1.1590795871620765 3.0722957328104306 -7.179693665536354 -5.600932734132417 
-7.347590846741844 -4.586571239245492 5.54632716371791 -4.647756993576843 -18.742712861342135 -28.739321841365886 -19.96336970814884 -11.588341897703128 -8.970171033988557 -10.273981362358196 -11.296004664902403 
-0.7953088832663514 -6.018558389814219 32.17189087128597 34.09316097530791 24.023803938343406 1.0372627570865054 -7.663445840404281 -3.123901922176433 -7.939085651809823 -3.8806472740564444 0.1541070746723806 
2.605943802636891 -0.7205555273786226 35.402890990254406 41.20118298110529 32.843854416112364 8.666453382719926 -3.2902347773597356 -0.9598495186327518 2.0674862588503293 1.961548343345409 4.4909966111355955 
1.2598539652767091 0.8668299825119736 -4.5909886030098335 15.380811622537308 20.86500648064525 5.83865769628737 -16.418791632355685 -16.7399318183473 -4.455816812866388 2.073741573923928 0.5885218385043358 
2.341331503693234 -1.6903611360157067 -5.498067764944674 2.3150431877647204 15.563178496840633 23.258759031611355 3.7258093573212614 -1.9830604252482136 0.44204098269458725 -0.653460466484217 -2.636368616688189 
