-102.22694528393873 -68.48409032903011 -88.97849702913713 -153.76850863998672 -242.1057933083014 -372.21239588531336 -480.7440231508233 -507.76387668698476 -482.7247861273574 -513.2339308933628 -610.7829267292127 
-114.90415830489334 -122.23758014331668 -128.38540928288316 -86.71098111849517 -14.071397866114761 32.18577685998846 12.900593580961557 113.28996453553529 136.50781248705403 108.8328897961242 45.843992322759625 
-67.69227897146811 -61.67533913901039 -44.144015805014305 -26.917215497940063 -23.592874101108052 -13.001933974578575 -18.585325838753384 34.004324866060166 28.625833772734797 20.789440386745106 15.809032989626939 
37.38171979962047 38.97174875690145 34.722863340962135 2.9556260125556912 -24.706901043680507 -5.661151359847574 2.0150642572797173 30.233847370093358 19.651438426373144 24.55897665017917 6.033853391421864 
-56.4314515808761 -44.66211292862587 -28.73969781384683 -1.29622093471956 13.14365976836351 -9.086936937681454 -30.30986777575795 -3.804119255386622 11.358597672644976 8.238272043018565 -3.3299092436034297 
-24.040657040533297 -18.773262694825334 -13.622708108178395 -6.09584873090261 -15.45949479001274 -15.121147275150157 -19.37424400513089 -9.139401806163443 -18.25863100771699 -18.585272256902606 -19.521284308900082 
-19.012603132302942 -13.400468769491718 -3.2864249314616796 5.046040256383688 0.638715736944212 -12.274388776303859 -19.21121059990952 -26.87162089499846 -36.06472801634919 -40.60716802859345 -35.89110629307974 
-8.111170907478638 -11.464172410195275 -13.562388398379131 -20.03283260157974 -26.351057319532845 -14.002652614829447 -23.685232730813482 -47.50158614177666 -41.1788960433619 -41.16574172456585 -31.845246547904896 
-4.353287316625275 -13.965141281375272 -21.37067777922927 -21.612772335072723 -15.58807413921168 -10.439132110214008 -5.935632584753582 -34.51665733095339 -38.880224021907495 -33.34458165292963 -14.814742733392382 
42.51485633637965 33.489047220556145 16.98113492938462 6.077496465815123 -2.887397601203404 2.3540453085606736 -3.842863664216164 -34.976870039496546 -32.3226471908955 -26.49710714834064 -0.7129601690134282 
37.40393894025291 28.10158154795175 5.749979603744508 -11.674902101149756 -10.97202984651786 -8.97474693721236 -8.282061857476158 -21.471305090304867 -14.533211196684341 -8.451219757306554 4.278524052593991 
20.20742160065365 35.20442504501759 40.517071119615586 24.621037589811884 13.992829041669872 15.276846808497854 18.75988626493092 2.0451678182990682 -4.4848279473849075 -7.126384326195372 2.380443169649157 
-2.907202585208628 12.902442988889815 38.023384952932375 37.0013896224834 25.94770871941295 9.921899998310916 3.991389317176412 -1.1097686229151225 -2.0804775728914993 1.4227641587275697 8.219704057712594 
-39.677320972298105 -37.51529510675076 -7.793549764367764 21.85589088693852 21.091069239819156 12.77803106282401 1.45531492852901 5.971424283386362 12.090005293258027 6.332495710397814 8.684064092345544 
1.6168428091260423 -17.25144028155369 -25.665338113665044 -1.594245266127909 -1.5738421134378138 -2.9634890309303556 -1.9461599498778743 -6.066402882454626 -11.110955746398904 -8.959794988241427 2.761089647319677 
12.207146526381448 -1.0819675791409795 -21.483798568127142 -20.61727437303133 -16.484157833338823 -9.984105345654552 -6.064811619716212 -4.909603613151019 -5.97654624783665 -8.126020810516398 2.4008445682688286 
-9.943978025442338 4.334452929136699 8.937714707552946 -4.902801853039954 -7.889963648634163 -2.5772643179682166 -0.44094338143476874 2.8088778617656738 -2.52441180110063 -5.974963265381451 -1.230839702029153 
-19.790283743709885 -6.5460165208057735 11.605554118845795 14.561369550015435 16.48960798660698 2.6652575747221174 -4.233107022033472 -5.154920076078282 -2.2751879940951225 0.1511727557268504 -1.6589477608581416 
6.92252320617498 -4.4554714157347854 -13.011407045300743 -1.7053494286188338 0.7200226435605122 3.139343833414869 6.626159271130829 1.7175521090418293 5.138224231119226 7.382172789844823 4.6387473906449 
22.26473611844058 4.873563783701666 -23.874647741979082 -31.032288806706447 -24.962577790898678 -5.694759452271481 2.5429584516963986 3.78655051380405 3.960650781586815 5.939732199475091 6.460874693283371 
