-686.4960257759902 -680.6685479856521 -691.1563977258788 -620.9156338771764 -320.18780707178314 -159.56871206544614 -128.88275589315026 -177.4492786640241 -224.24546007606386 -313.88149546896904 -433.78898907292864 
80.95161889195671 83.36989273705507 83.08275793481693 20.496975814155682 24.667509353884988 9.993046047479183 -8.11965884575515 -41.52734915129081 -14.537956985606687 24.021872969322544 1.0393472457281048 
12.20738066408039 15.619760039351627 10.414681907450486 9.600148438680355 -66.04993731076218 -84.36195471812977 -87.76577328813399 -70.22348379092503 -40.019153521332036 -25.45528609614253 7.248524934296842 
1.2288224044332363 7.305000010110376 8.547024165056866 14.52717921989726 12.842588299263143 16.168627296459643 15.704113916499747 19.72311191958879 -6.089681042638578 -27.097825760455365 -8.963747675955824 
-16.40977314191823 -13.435601906158716 -9.838606485824958 -26.3254152111287 -20.876333080635103 -23.573882406945884 -28.565235971763766 -25.6135094863246 -20.71389320626062 -6.631424328290498 -8.994390593331255 
-21.43492990070014 -21.96957821581637 -21.387611064775033 -10.075702560189104 -34.0242749231749 -41.104102745522255 -40.413965502481474 -30.485213439613787 -19.998535240384168 -15.33786947880415 -5.402212555160172 
-13.090473128847869 -10.787363757303561 -14.174041156635543 -17.00131929908555 -26.502245978865723 -22.390241375919302 -24.168415127742325 -26.95396173203839 -36.988310322161865 -38.55948779145392 -22.451176080816765 
-14.091305872315612 -15.224666485898624 -13.957450551965637 -16.423498465326695 -24.871412415360826 -30.951112199480377 -28.27247797262534 -13.48386826452927 -1.7413347627964546 0.396104569599031 -6.213672484490509 
-7.04551009164935 -11.813951867451562 -13.842244420462976 -10.088812446414739 10.04412655787197 10.85195341937003 7.29045976368453 1.0676846879472337 -6.863117872989829 -11.183804770814973 -8.54785531114802 
-7.074848113068316 -9.90728869390448 -13.635647478682058 -20.357933189117535 -21.408382027906917 -27.76693495128964 -32.63409194847986 -33.62245339898004 -21.360613915533712 -6.9584739969122555 -1.8218307464060681 
-4.441228522229723 -5.196424761053878 -6.692072511245003 1.8147963733618104 -10.874847440323073 -7.883900939481884 -3.7244320214742848 -2.0393282040965333 -2.9426904042694217 -4.49117360435859 7.351416230568157 
-1.8942411697924206 -5.844385422555269 -8.308440363116837 -14.752933189708674 -1.6660742569683582 1.1017369447524503 -1.6869111132559174 -5.04386371199036 -12.884172107302373 -17.113879069831526 -27.469857292857615 
2.461079091080756 -0.46825902515811846 -2.816838796261194 -9.413933458373572 -13.3041342420066 -15.690710239696717 -16.008938220401927 -13.424565194387778 -9.50526059137568 -4.536736151602698 -6.115664561395714 
3.653454357109044 -0.2888501802874632 1.0772737433633524 8.463514778118462 -12.241442286016719 -10.254334049785161 -8.136168724393407 -2.412882034393699 1.279368796531632 -3.826371318354325 5.4618174886446536 
11.455993989332356 8.650203919018836 6.7425819326106105 -4.494320003030271 -5.031913615513934 -7.599395186066094 -10.597195716938469 -13.383062503758214 -13.993861972786156 -13.668766654118468 -14.541598649538958 
0.3286290593734138 1.0488035665581126 3.9431952052469743 5.1047383340083705 -4.617006028582496 -8.72327313051321 -12.450883141502054 -9.066159789801052 -0.5120167318452991 -1.6910058296498538 0.7878133376024106 
-6.189119657379898 -2.8702320539595836 -1.1468881533340867 4.559541095627052 1.286910495958506 1.3537047771757074 0.0901062428333208 -5.835591281639269 -8.962585486949067 -8.40307609562703 -2.3512933385848083 
-0.9350292077980904 -3.9989009731370855 -5.425469348691011 2.8456599753967677 4.232614586451979 1.1908507289700838 -1.3360211600180243 -2.8677302376596305 0.7362149311879116 4.3460179988294065 7.380927661130757 
-0.3066073126655007 -2.089065581065343 -1.8639585015003741 -2.9119824137328676 -2.9574410984605586 -1.9578417836568722 -3.489458618802059 -10.657292981618799 -10.334280168140463 -12.217492542881986 -10.378266651233837 
-8.67337974543507 -9.872429024749692 -7.400461205131237 -1.6686455482903497 6.444957856107106 4.255188029367101 -0.6788181952184454 -9.54164724071233 -8.866711025583681 -6.978862731421687 -9.405488073866437 
