-200.05747656001188 -67.35419209740745 -32.50546850651567 -83.4731125626212 -179.27078058936615 -280.47973360664145 -313.7760097202323 -301.9931102040519 -269.10196818581784 -275.00047647049973 -315.2372304687821 
76.05769472851229 52.81027568355381 42.02147778726351 59.424043022945135 102.50079645430432 114.88554708921212 115.28725413765348 146.6262324794907 174.29895274216847 163.12333805384986 142.4219515336979 
-68.46754641101666 -53.148978628952484 -34.1031909306837 -4.109454648259247 16.402167606561616 22.2522746953351 35.07085307151045 27.99725980615248 23.672606784031245 22.352774570140074 39.07610935560381 
21.996859808587544 29.95678231881612 15.92130141427888 -14.363603468953933 -37.67588141472814 4.499530266200222 33.66529895172877 16.135923428664213 2.1187180912503023 12.821858585746728 43.42030042764347 
9.677844978322717 19.02497219294424 25.23922746485802 25.174784430418235 27.186321852536828 -6.895285468437768 -6.662100670595106 -15.061788645766924 -16.577217253042733 -11.688952477425435 -10.390204586462428 
-13.559906312549662 -14.275939371026048 -20.096910131458756 -27.603558832444367 -24.927940540750477 -24.539423712081692 -25.810000578033225 -13.174855494785591 -3.1653546989065235 -5.5740234537321784 -24.863625516185593 
-11.88278738875557 -15.315916684431814 -19.018552957698653 -13.783693622962948 -8.574327767128416 -20.38578009086975 -18.662273778365954 -7.0906309994207 6.053622445644636 6.134609073181993 -10.292917363561648 
-23.10137556799121 -18.44284018614212 -15.908583192588733 -12.068448614812773 -17.20904866441019 -14.435624307875045 -11.435118773341271 -4.520263740691726 -6.073312860089759 -5.249359855871187 -3.4196185297179467 
10.575823521804667 -0.5532815261073519 -3.934557552737534 -9.351137614357377 -7.201890545755937 -8.32377825100256 -16.486325789900615 -22.497664647906035 -33.37743399106999 -30.177588845754716 -16.836758572940113 
-20.521271956040096 -28.337444099621894 -22.9675394828297 -11.50465646519238 3.006104294842281 2.694571998625569 -9.497931499188436 -12.152240667887249 -16.073641255597735 -14.597416417463393 -13.464429766566251 
-5.678555184899254 -11.167034894099679 -15.530066243921471 -14.685860773460478 -20.315253952986907 -1.8629927477354618 1.1502375834871144 -2.0368628849555814 -4.454025455860432 -7.14803121873932 -7.058638119379595 
3.4332493825436288 -1.5073033414382544 -5.8473982922741445 -13.186680694087846 -18.927719549373066 -18.276021998806836 -11.771784985702993 -9.832242088747023 -10.318634113600226 -10.894645397960709 -8.752154778712672 
17.44118762929304 24.947277016814034 21.197333132069325 8.508553876032211 1.002094549494764 2.706760281540517 -1.5206982428449813 -6.159466048659699 -8.623670998086666 -0.9584119916096723 2.7809266548602007 
15.395976046843998 22.282848685900795 26.85460971282302 25.667991895357403 25.128976872790474 19.664385036787586 2.8189616280646397 2.3576490749298253 -0.415609907228939 -4.224118178551619 -3.1783143787169634 
-11.26453957000741 -1.7580263365136235 7.38384530863341 25.4263109123671 29.850860734304415 14.285427920965805 -13.478885903777055 -14.13273428672299 -9.543924524738244 -7.315635991542827 -3.635039830486103 
-23.863070256052296 -23.16062643574856 -19.151605358901428 -1.5308977815277103 11.259549345010413 6.6226476799347935 -7.667499747217982 -14.767511971232562 -15.682376081209906 -10.768010425115056 -1.6414966047112773 
-14.456562650777746 -22.52662455276081 -28.98746356157907 -36.36976010151783 -25.984773979768388 -7.87907588236985 -0.47101925158217817 -7.16426267712389 -9.699812380992983 -8.573285903768088 2.844658422365388 
-3.9608567556333343 -5.7986631865149505 -10.259389942493327 -20.934703468990353 -19.60605998344404 -9.613571664823553 -1.2988791052363233 -3.5220462742035723 -9.10453477129503 -8.133399884996578 -2.7766373706532708 
1.8230665216812778 2.46189878968699 10.5182080059252 12.412291542015886 6.840360981759238 3.9687748950701343 -5.2225977928463365 -4.14544052683099 -2.4735760021954962 -0.32551229055699205 3.575463865809989 
-6.796180800272106 -1.7712493135222318 5.476245752282521 16.98072947701285 14.254873757642503 2.3498279637941843 -5.11866368043946 -3.385535679438888 -0.09063502571930371 0.7040702816521258 -2.2759400423143306 
