-365.12262164308544 -155.70055504066494 -60.61903130026902 -58.601516677527385 -142.91271863884043 -226.02183015897444 -280.1302757590418 -334.0865830753749 -350.31282084724126 -352.38865772269384 -365.25287978594264 
69.55405841468054 24.080253976488493 9.346472077520037 38.40985059026535 99.15229090530832 137.79211928543538 124.04543935001479 88.0764928507221 81.47252975944352 75.83305518011824 69.65225672644166 
0.1611258784101453 -93.24091053293743 -86.21225309514918 -50.38973370998753 -2.3836530156781657 21.20271009185763 22.3031192720105 -2.919805342533159 -1.7793859081940415 5.81086810585554 6.85603132559848 
30.611578859920407 19.994109650179215 11.572639596269276 14.016367310060959 -5.370227001485937 8.62877196823468 37.54614802640421 36.132170246574084 35.289811655575875 34.319080374066246 31.762266951477542 
-15.524629397188296 -2.3446380660920747 0.9317753864331381 8.779861706031214 11.367558083959334 -0.21924674165697977 -6.599633621232314 -3.5144934456982204 -3.5442325952218914 -6.097101809260144 -11.737834551999937 
-20.35704122424451 -23.310104886519554 -22.323991914556483 -18.960694432909044 -14.893827171240964 -15.018637047304084 -26.96943356956136 -21.093278711632436 -24.514214930184345 -22.83775085308475 -29.672414840944548 
-13.713668119141094 -17.76146214736166 -21.862842076191328 -20.33163764856444 -18.48217634673728 -16.433474881097112 -17.836143121902573 -13.071719472279018 -11.215712370690827 -14.445454229331402 -21.905202141223192 
-8.183271121692563 -22.647004582698486 -20.414834232594565 -16.865792941920596 -17.734063265521723 -18.459626564608794 -6.65159748161985 2.316451332812794 6.826109775363929 5.525452583837627 -5.700197050023211 
-15.722907144987904 -10.125671797041246 -9.926653170972436 -6.6543548897468 -0.9163953479280224 -8.312385185089365 -7.6959920866966165 0.883373940206664 -2.8473327686722083 -6.915309771043788 -14.000974673852333 
-0.0029849153402863315 -14.551911074436514 -15.874317829241061 -16.685942874191596 -12.691791698294963 -7.071217936954012 -7.487342746063613 -6.994391800519257 -10.106368929754462 -8.556969072432526 -1.1325855980175732 
-7.98097500128069 -12.672003006635018 -10.856663606142003 -12.840884660701395 -8.505612394961735 -7.163439815989887 -9.018015458806232 -7.744006968847176 -9.860807677149666 0.22126723793967368 8.903160721064246 
-11.45349424212964 10.500907614861063 1.5393407142276772 -15.526842351229446 -27.306420423003274 -25.82772805235036 -9.91334593927634 -7.5872113249634445 -6.5652916771162175 3.190726846310299 11.253550697513806 
-2.678911248039302 26.042977965380167 28.700619041656314 18.00811020701853 3.5727541884647653 -6.229054619862671 -8.691408359339494 -3.25818885167841 3.6845434682037697 -0.09778652273839378 0.6700315376008252 
-2.5526954855684725 19.582606834221444 26.64405943591923 25.395649859144697 13.522606519916836 11.08916458313471 2.3964649564335785 7.102696236205274 4.149773487560841 0.8921993906342234 2.9117307007121713 
3.366537374344443 -6.638367211631772 6.422218115079676 18.477412924488483 22.052451283063633 12.324464595626768 -3.6978883584193865 -6.365002459687794 -8.320188567146015 -9.263700851668048 -7.430381641601763 
-9.979005568020288 -18.09318784698439 -15.000749103565493 -6.336347497627318 4.924451582644069 -8.086238384371809 -8.964477729414737 -5.488525551129826 -6.321387952238708 -5.248066475910399 -7.197476465520295 
-2.589444816615332 -18.68712655009413 -26.59641731203878 -30.77355460965967 -29.653566946551415 -19.855333414719755 -2.7775616452822858 4.828808658289021 -4.011145305747048 -7.981100384827918 -1.4351267161181491 
0.13451350458315986 -6.94371339319351 -13.022040379306414 -17.330957562444926 -22.743854331242567 -14.57092741232708 -8.460662467522331 -6.240715788555317 -7.296834868706828 -8.026021144543652 -7.536217323620878 
-4.646445666913755 1.166769172812671 9.35498343997039 15.90703091652451 8.895149226804376 5.246368859643367 1.896381525531949 0.38110224884049926 -6.836628499705163 -9.36597221100665 -6.790376090497357 
-1.0841730293047886 2.628800775206226 7.987671772892951 17.111420845351148 21.687842274429045 10.06439553353427 6.084206057561741 4.287782349100038 1.5836471340542841 -1.6394446270250778 -1.2993354328151945 
