-83.25647692295364 -19.550275264897103 -23.688754043019244 -88.14196791709827 -172.35189008788726 -266.5864134364378 -337.9345272517067 -359.53009016122894 -355.99267764197896 -362.846144984418 -387.4655389053806 
23.318584005193973 -1.743931419361593 -5.554988250130072 33.5340166510576 86.3714002419297 104.38441608626226 97.74127347908265 99.96911727219336 112.3464298019916 108.98448486198157 91.73135267733213 
-96.8564177556978 -86.39988493471199 -61.762899715836696 -16.187527140982027 11.998827099745652 37.79245983948689 28.616983670695063 19.892177623954254 31.892425229733878 28.48750549766838 16.21474448626048 
10.254422626984319 3.9015918768744964 -10.899503652342093 -39.94432069018744 -40.18687691089458 11.272186091200119 34.625387035969986 36.90186992828653 44.803761679448314 44.20579392979404 35.98579308221732 
4.403614193854473 9.097417622869065 12.194793550446787 11.502977047251882 11.392123267832247 -4.438661737523665 -3.0381140642043025 -1.0312337624049044 0.11150028958814473 -7.21998627085847 -14.809689248338293 
-10.1123005428188 -9.93661646027631 -14.349263069907646 -19.174494298066755 -16.001127245346254 -10.68419871182719 -14.30447862421953 -11.681958723731896 -10.503763452404549 -17.246748854113058 -18.274189790638715 
-20.937685580576936 -25.121029191288827 -22.431647924271804 -15.361393749990658 -13.741020582062788 -19.823426341449352 -12.919575200698112 -1.9959446131755343 -3.0287232187646262 -3.563470637442949 -4.553873426428011 
-35.586375429177636 -31.219135469795194 -21.53930064588922 -21.47253947429309 -24.607923769343827 -10.181802962412885 4.35892491343336 7.170749903692078 2.413849086506511 -1.4660464612234232 -2.5653740913944736 
-4.332475855818962 -11.104089667746962 -9.224637362429576 -10.71739944161395 -17.513516992203847 -17.833522397010427 -9.149958038682534 -8.264332812105451 -9.53057889832511 -11.914313720943909 -12.357503067886888 
-19.870818407476452 -21.652839820911794 -18.857069277863015 -3.097696502658839 -3.97026230153899 -17.636094798202016 -7.692489198129073 -9.129872916969742 -15.91744808619812 -13.289424041243713 -10.746898053011833 
-2.354515743791217 -7.506376096306962 -16.916890139744673 -21.72740875236665 -17.64330864895243 -8.7388037119966 -1.6459265491332655 -0.17775666580059835 -1.8080363928942513 -0.9484680382306507 2.0853530405239384 
22.834901611330306 20.835035173270267 9.917398595959721 -5.7205983480318 -6.313258564974966 6.742698848382489 2.528560876678648 -5.061627283758612 -3.065180797101124 -2.1172012396189164 -4.115241239443529 
21.438054685407202 29.268697556415297 29.838838809448823 15.026601121031975 6.9779421827650125 8.622408475716352 -0.1312572351997675 -4.230783206557804 -2.9891708336033282 -5.487688101699045 -0.9549706796684011 
-0.3393669247565866 12.453424245782962 28.144787826631315 33.11116262322818 27.899002467845968 6.384748641761682 -1.488653155745074 0.14555957465848415 1.3368285043630503 -0.4981692847305428 1.2165280224639692 
-30.183956613853248 -19.487512886386213 -2.298135711457961 20.43342842372358 21.875960908085382 -0.9710588737389261 -9.99483260743838 -9.946450082472627 -9.168978293975357 -8.466793169171964 -5.5014876540488835 
-15.307037878764334 -20.162959827193745 -18.71055074829532 -9.943400201111467 1.3669186878045334 -4.411311788164158 -5.256630305415113 -6.561958374787587 -14.111828933514284 -14.47262621403648 -1.4774130420098215 
-14.380758950426383 -17.702987552977138 -21.390426514081486 -29.109662630796045 -26.922156446824452 -5.290412702849941 -1.9157433543244378 -1.8796874515729494 -5.056746946377713 -6.181991792628357 -3.417360605931246 
-12.035466740285376 -9.23961501110384 -1.6284593168448926 -6.477723660473936 -7.81544613689667 -2.214448190664821 -0.4472208274002114 1.8078110084402257 -4.140353972917225 -9.092250339274838 -8.01935498598834 
-10.36243942607505 -0.046659041948778346 14.591498842637568 16.684519366459767 12.805217650571237 2.1941884447810995 -2.199441709372123 -2.801047210677293 -4.448643762432418 -3.725299681523588 0.995836112356831 
-13.167802305380345 -13.685848013606062 -6.12024232051021 8.0327831883834 7.572955648857338 -5.622208749013509 -4.826825388987183 -5.629300996237868 -3.3496508126680666 0.06494526147479218 -0.4061208118238717 
