-574.266748933894 -537.1708978496133 -296.35642030084756 -173.95170729510212 -143.2301388862028 -175.2439707027379 -263.17588003071893 -420.8964190804479 -501.28907593075206 -531.9469889976314 -534.349010942062 
31.111393603982744 15.486785589274216 29.691909946416843 37.65452772554303 32.471027885282794 24.97236536811959 41.030190809627285 53.97751189191709 32.18168414356411 55.9893479472056 65.96511214099046 
10.032905261802021 15.30033513476986 -36.49703493725448 -61.67913615825673 -65.7915174889293 -45.9753188224176 -20.01066030479928 27.731371215021362 28.52016742251304 20.591474322584865 24.207724315897636 
5.5986874527881945 -0.8162619146716865 -6.928310322242415 1.6088876024142293 2.357683365362325 -0.16556942581814565 -12.198590546702363 -13.184475343175443 -4.896045951750818 12.841883659544695 9.362707420049688 
-6.401516533287557 6.380459744487485 14.435726786212244 13.281480390464736 11.937689826347121 13.297027003835534 16.796358783998777 5.947597770354719 1.407128267366278 0.6135314674598058 -7.3173146613475595 
12.092242402579716 2.49891322696108 -12.805941786332438 -16.224825800667627 -14.669030152777879 -9.270498552508421 -1.6511308523090675 -8.524296877452342 -8.684694216794844 -0.14086324963683805 -5.177092013207084 
-1.6189549596586321 2.6251759899277545 -26.159863085004346 -18.86584942426243 -19.957283294031235 -22.871462970453194 -26.075461068193967 -25.03415210789156 -11.146174632221218 -4.504253371231929 -6.272645497952531 
-15.09242405678781 -7.451574180263064 -26.54708789608822 -33.33236760331184 -32.496285253609784 -26.748117519362985 -21.057173658390003 -18.69510738110571 -7.052991710397616 -0.1800536080290028 1.627625112568568 
-3.622721661517743 -2.743598953603961 -1.9804232751658266 7.645015571619587 10.226490989122828 -0.4649574475742213 -10.527239480989577 -15.994572281572836 -16.051689511078532 -11.68384944483244 -5.743016205026411 
-8.173545146646326 -11.360278855692517 -27.90379283833923 -31.679824254167073 -31.73566727991868 -29.53217958905067 -19.579212574541934 -11.332122848004309 -8.847950178790907 -0.7880248139788048 -4.32343493277918 
-8.27424204143242 1.5150317684576378 -5.010050421622902 -6.25177195002914 -2.567016026098873 -4.023160192970914 -4.957134793038792 -9.849521161667973 -7.357607968951613 1.7914987857008944 -0.7102487138784479 
-12.74998985874916 -4.46211391078465 1.752770019214418 3.197960110412704 -3.548471015188999 -12.499555508035431 -11.187815816500983 -14.09096644632333 -2.1025114644524248 3.845704822614398 2.887691766955404 
4.521220952970119 4.087604791483986 4.455589381758464 -3.863426437536131 -10.653135290829084 -14.45440031088587 -7.1862049271814215 1.3438395239986303 3.0919454903564683 3.018304998010934 4.098305309441322 
-5.868126675070422 -5.6175614810002035 26.404455059259845 30.801185241466072 23.970391396333262 3.7412216818721986 -4.746389697274383 -5.6232075333746625 -4.959102574815917 3.6694337599831917 0.2958441111510679 
-6.26832563578658 -0.036322503362992975 35.931080927070006 40.763052828255695 35.24353004985068 13.010656746590174 1.0014421812172796 7.827008650763499 10.913967958634702 6.380830961694073 4.683819706974896 
6.204614831332027 -0.28450689335898277 12.741048548502746 22.232712955138386 33.97985850392196 28.90219511365462 10.784579376863437 -1.9525566095626858 -4.101791543592716 4.119425203270307 6.768406500089087 
-7.485330814216029 -2.138000081732989 -1.0709044229009326 10.616469504829952 29.853002361911283 45.27915001636382 30.7526777619988 18.784824198009257 14.276005299322872 15.552581935248103 17.324956085727898 
-0.9232565004198348 -0.8305048467209792 -26.104213540354138 -29.752154565297097 -13.572298178780361 14.364403666056338 10.369119612732662 4.328452386836755 4.669548412518748 11.951858835673182 16.76781503664935 
-1.8204518016718532 -3.052889071648251 -16.46234550737436 -19.98312395009866 -17.317173865324754 3.0069658000145516 18.64114250613486 12.927096668162019 10.991990861813864 7.794871722724133 5.779159996623063 
1.847365773453513 -2.7867747853694516 2.6955776732785885 -7.066430629349256 -16.631511216787864 -17.272398878886875 -2.4760906219819634 2.4136104685721556 -6.214710865786759 0.33721906754708253 6.687059207156894 
