-381.86757012234085 -386.702756994102 -402.59001322230756 -400.1739097906153 -217.7559997821386 -75.61290422185691 -47.160866280025694 -47.29612111432146 -99.77042333487061 -253.7832582720391 -382.6934739560345 
29.28096896042898 28.371779299452786 24.521670670207797 34.3464308020153 19.941839087162194 -5.679857672775883 -14.503936130340229 1.0034122535947472 21.906606148837863 36.7879121263367 41.93110328012831 
-40.248767262863865 -33.90219038239117 -25.3506698144087 -20.08845058096442 -53.367296327099226 -50.75523610688981 -47.752136835568365 -44.17107479992282 -29.980229836391494 -18.27984570654951 -30.789468666131185 
3.619309352248703 8.116005183405758 14.363364928652711 19.99988753927936 12.147776776490986 19.640782447964856 23.169549478399865 -7.424462177517523 -37.54974012747449 -31.115120274670602 -0.2797157357973267 
-27.24598362823053 -19.796844308960452 -13.656902451169795 -12.588315045295909 8.744598613214954 7.814025086290701 1.5740358900060138 -1.4031827655560098 15.691261641277224 7.490650099073829 -18.87733213603048 
-20.220720522660176 -15.027977210074255 -12.695018204738005 -19.551161940283865 -38.280599114127725 -40.70450572403316 -35.99248101799159 -19.86921656485688 -13.80212469135942 -9.365167032046312 -23.691565408544747 
-0.9616556845322276 -0.4080795832073877 -2.8035141272788167 -6.520890921293184 -5.749396005961342 -4.073256830750115 -7.85838333242511 -28.16443180886693 -46.0836213976916 -32.38321151137231 -0.3742475749960766 
-16.703997241503636 -14.693919060331808 -13.303887600591537 -11.878403159008268 -28.370793820798923 -26.358096116362894 -23.566427634456872 -15.13598772248939 -2.3091125390548823 -15.224565952125348 -6.395594459061873 
-14.21031961656941 -11.562230952219478 -10.596303745347342 -9.301238942217534 29.423646919085186 23.76627275105608 15.943342422218723 5.384494628741939 1.3190693617619824 -4.6085541786347015 -18.84216522477986 
1.5892691575610844 -0.8229895407380179 -4.983919139476063 -3.5701997818795728 -27.608012610620708 -26.002646861662665 -27.91382513192203 -20.855607136994678 -17.629177373005206 -4.39365008027263 1.2272141658523688 
-11.400646778484493 -11.173039193420816 -9.019047709048909 -5.170684197825684 -14.40433494067695 -7.377897392596537 4.0422921926628135 4.107496493383109 2.085372435644093 -4.060587083208379 -3.50121643018746 
-14.69535529656843 -10.878259656246687 -5.534689018495496 -5.585203709947132 9.766585441581476 4.304330414525553 -4.30948946103546 -22.086926411766918 -23.68122845045681 -16.032029693333374 0.49012779232264464 
2.3919207677762113 4.958307382087004 1.2357349350919968 0.13035436742401535 -13.850607987018773 -18.69797017862505 -24.61302895083106 -24.684359387398565 -15.652183561490254 -0.5772200222418473 -1.4172386706201918 
-5.7448327952659195 -3.4624506953090872 -2.9809360949418373 -1.6723914657042525 -10.894430404303137 -7.9773950429542655 -8.57829027046293 -5.507833718344575 -1.8272872797216242 7.926488973365783 -5.30821637077962 
-9.129293177156239 -6.682511710416838 -3.859218210376602 -1.3322838173782727 11.772942919590886 7.709162008633474 -3.2221503021592057 -6.519012171971979 -3.869579466929733 3.0932295853103358 -3.0037694470143155 
-4.986597418899689 -1.7939705684240037 -2.7516167308370334 -2.767715093536654 7.019814511915801 3.7805115901212427 -3.2963617147876025 6.831684097332934 23.223607157260908 27.50569661592418 -0.5327813574770305 
-8.961675304351163 -4.355649792518943 -0.5425939590084481 3.0148728523640753 19.970568527845888 21.40167243935454 12.210252656141485 18.21333267654572 19.86188153043682 16.252897487733527 8.35843654417818 
-12.146650720285027 -6.240687106358434 -0.7687801964288118 -1.0453349219982189 41.79816144571056 42.01296692662914 34.70659970863477 30.907088587384493 29.89874129452032 22.05172454573276 -2.0501519776989134 
-2.512778173514306 -2.4826125956551257 -0.07690681423630641 -2.466086219463574 11.412172489932422 19.577540351292132 25.032777450107314 6.805146460519486 -6.947771963222593 -24.016304907766674 -0.19369951497535642 
0.6561194911544959 0.4257020368434537 1.5089793191871994 1.7162259905989767 -0.0612443846064914 5.826772817032754 17.82579487813016 9.074715218440229 -4.405716038768329 -13.161055533991366 -1.812111094861624 
