-280.0816247139291 -308.696788714194 -363.1867014112039 -395.6783512310108 -325.1938940209035 -195.4703552537918 -138.85539967909372 -132.3467089213852 -159.63861801691814 -243.68458618305652 -349.7716446727035 
70.6700059696372 67.382419112535 16.519338519951642 8.512041667799878 -10.2877729585019 -29.837372822177628 -45.91164112187465 -64.68102484771464 -47.470986994157286 2.7579872287445095 32.498387594092755 
-22.15281149413984 -30.968167838923943 -56.16998526724329 -56.109938225804655 -98.02649579255433 -127.74004624631539 -124.13948830768621 -117.76450897835556 -117.21447458445701 -104.35719243461627 -63.711754548961764 
-32.78796601298936 -40.01501835124996 -54.1423153538875 -43.20636835609719 -12.778875610570717 -8.493671224581924 -3.0070002554472515 -4.511014146611961 -16.19470303029451 -23.556917167195877 -25.91108131783266 
-13.176985383702803 -16.53867087051899 -14.189066486258264 -11.103200286220034 -36.60680821473562 -55.341350421844865 -56.29998936304954 -38.94164500577474 -19.643534786986674 -6.75945180427222 6.2403418237186505 
6.899663439200429 -0.526619335166971 -19.579957216687458 -14.464221841554735 -44.86137873768566 -43.886315475150276 -35.66052893942613 -29.549296930760732 -38.64726523278512 -42.263993915825246 -25.92530590294626 
-17.785115675735625 -23.434882153017668 -53.84261736874465 -49.747594620886304 -15.055595293081195 -20.469351320986476 -19.811581150843033 -21.21717309333692 -31.541736351412503 -36.316407088089 -37.32550267143222 
9.884630304376318 19.39469478681401 21.97859478865151 12.68977328795254 -2.143343730112935 -9.82821480058465 -5.1330443100695256 0.5163428235986922 3.8480362930855025 -0.23704860311323872 -7.437459388127865 
4.646147819304859 -0.5076800396834417 -22.080763033836 -20.656973962058615 -18.1332702725664 -17.17165635393466 -21.869164097324102 -22.770099409295657 -22.42755866283605 -22.13062991214037 -3.6233867673933187 
9.056238484892729 9.717514448932317 1.982342158094396 -2.1966602948057883 -6.783012076427372 -10.287811151916195 -7.676296633863801 -2.158145773847898 -3.6076503112777476 -4.941365063205554 -2.8783987817195196 
-12.18482488335044 -10.70574232542159 -12.266911564184877 -11.256801893638702 4.113283916834591 5.126858000550169 -10.297826473291456 -20.619226905388167 -19.543416765091706 -14.248455385868986 -8.663588367237756 
-1.171662913959056 2.969361204784664 -2.6112246747097867 -5.261640372957989 5.873730239466576 1.0965962996975964 -7.4233298759576325 -12.7202100506303 -11.69997100570679 -7.7519984905026265 -3.626679965270335 
-5.30177644474962 -3.735435748609711 -1.0058719389218662 0.14596510988138728 9.967060514941952 21.384336737389706 17.250854041639535 3.2156832522121674 -7.565386894953612 -6.753974184186661 4.788363664231348 
10.722253243455647 1.312454694796092 -10.008897378305752 -5.670683149785397 8.132992871755562 7.829604478056301 13.072797008664864 9.937926477916864 -0.40173069397770683 -4.124677308559445 0.8347883175839286 
6.988643070441936 5.718090108317337 6.589583484432827 7.915298444183707 -8.688914839647659 5.291746986741874 24.572757639829657 33.10469681731209 27.592974267962504 12.495254548550088 3.4040402110853427 
-14.292837727048084 -12.515848258341581 -3.060815323800866 2.2867643066605385 2.05044960109628 -3.279463733212123 6.008605952679618 29.1350612302488 39.26050564086751 29.867235062902672 4.187126932454129 
3.093604548670901 6.721078619133975 3.423602627705061 -0.4933603483384579 5.4224381602255525 -3.856277281310402 -6.67253577130038 12.031397489518335 29.05571534854186 26.12730905805241 10.933504595886394 
17.13012985156605 14.441221777369297 13.064449878963513 9.434915009935658 8.118129340357141 2.4563028833401255 -12.263442257005075 -19.267727923439892 -13.909216375041058 -8.0223956495699 8.747862729163131 
-14.547546993923689 -6.0464122637692785 -0.32100647926285275 -3.2496436553989216 1.3002882448547644 10.515222751896985 5.484637172238003 -9.919410932898415 -14.578731735591576 -11.29108358285453 -5.649814435445258 
-0.3604386518016608 0.940325833189662 -0.6659915778045526 -2.9418659900454185 -11.39444697337276 -7.627507700160011 -2.3870128410336195 -6.252884179062379 -16.756357031058144 -21.777024820012713 -10.134012554749184 
