-466.0458372564362 -459.4083669040442 -453.0366125210302 -244.11054482001208 -90.25650708895769 -62.33390450465421 -96.79830024884117 -151.56766920453927 -233.21489813330652 -354.0010056515341 -462.6307752720557 
59.47398909594181 51.20205248243251 31.26719777018318 24.28414009721947 35.281493022978594 38.52347618151867 14.287002379792348 18.806481927516014 42.963001340471884 23.25553955861843 49.420552474055356 
-2.6464699659096036 -9.314316286414158 -3.731749133726173 -31.658132927636764 -57.141511076809444 -60.74849908285996 -37.9005641250393 -12.641307727242879 9.218752697658132 3.3788627050203988 7.714665406824363 
-8.019064844908685 -11.480685973672742 -9.870718165093823 5.406876283433032 8.987116756722761 6.762043780987911 -15.702319827232042 -56.615434919530585 -70.12534948726677 -33.8632329271651 5.218702444095723 
-13.388049697279683 -19.181449255840093 -14.807699475516321 -8.676125396189494 -13.848925809937569 -20.407277725772218 -22.10744389208306 -21.030838114730223 -25.652302110730467 -21.98777027689637 -10.691481619650812 
-3.6589824915914417 -10.434594669106787 -12.262804306015848 -28.750765921664204 -41.403281054646385 -42.79223434278907 -38.461550171251915 -23.175457623538307 -9.711856763613508 -4.789905418118401 -7.0783512034915965 
-5.621259460932439 -12.095193025017288 -14.795056216282346 6.177469170278905 5.886628053232862 6.436972973514148 5.493803744180201 8.967720601808534 16.908334705602726 9.341023794464798 -1.505450198551071 
1.821166760201088 -3.1880322067522786 -8.289415582661917 5.7692661826628395 -5.022564898026347 -5.919641185171109 -3.604432805806451 -1.9915816580453787 3.596001732308663 4.268246787796285 0.1492211979246578 
-1.6502413733086052 1.168434389556467 4.895263024277039 3.288362774246485 0.09549350031891884 -1.5379912079305385 0.5625899056845571 7.049122996240442 3.635921234897591 -1.2280577748169503 -8.777461221260921 
-10.879909573951796 -3.5434238305795525 -0.3495148049370772 -20.979814846858176 -18.710966854946953 -19.29893109055135 -16.370397799170895 -12.251303460204252 -12.067907409776726 -11.980919854946418 -4.818030073847817 
-8.490631569203888 -2.050535083798126 7.870164476099667 -16.271478591635027 -20.8510197977427 -23.75784696133762 -19.69667559521411 -19.560274832225332 -14.551719558470978 -3.5544292319952486 0.633100397521814 
-3.631435732269527 -0.6561500929946594 -4.427555118837544 -2.341073035310714 0.29211072355630363 1.0964296293046134 5.0270956028829135 1.5062653582412504 -4.999998904269287 -3.6591734320648643 -9.15539360466065 
-8.156740395764231 -3.6640219584186973 0.9258090556280805 1.5826144561831907 1.6251657144699587 2.8612999421171117 3.958762588257506 0.014323562313412475 3.9643734585349426 10.312797284006201 -5.4755077731986415 
7.630077282059652 6.818646997984056 6.101011718198814 -13.779570117660251 -15.312418986697127 -10.445123833657473 -0.1545709889707384 5.621858623482678 9.393935561323097 -1.73854441492403 -5.368725342852774 
12.846054926276992 4.592494284042532 4.288624618128458 13.948598111337844 17.73026536365928 18.902252558568442 19.618807882590602 21.17308116360818 12.261079812913856 4.927530389644308 -1.8902840118297544 
-2.099858242975327 0.6876249056050525 4.311828844245263 2.0004122021614514 -3.797977492439884 -7.248111033007051 -3.6313464594307434 10.147188820445185 13.619197347712976 1.0697346982244307 -2.4028961625725316 
6.494338586028428 5.802248196686945 10.617247748656322 0.3612499833542122 -2.56637079331849 -6.8928546122919325 -13.15684051748504 0.8572479745685491 6.838808373412551 8.851094797692337 14.915554762488128 
14.067203302828187 8.149028680285586 5.326536972302659 4.587819671133209 4.256722157386326 1.2128177844892223 0.6365228551952085 9.224097098002122 13.211981863720057 13.626628593402641 11.970070288972572 
3.9680784357257766 5.165927024693702 9.27033672979045 8.394522867766913 4.869926519163498 4.144478583152908 -1.6682995203957773 1.2315225457518837 5.135987194390612 8.399608951268576 4.928198885148475 
4.975062676623743 4.533561970293894 3.0220766316474927 -2.0610515708159594 -3.098971837825494 -2.69761589385954 3.532491180830486 4.855123558388047 6.158515866985509 1.208773312161223 4.056214770965951 
