-462.0356332527885 -469.20695625569255 -400.42415436396027 -312.36225102365603 -306.2293084466061 -339.5916636260958 -331.4779898753834 -355.05083692067734 0.0 0.0 0.0 
6.323751139508738 12.598788346612274 -19.549836006559246 -54.073735944072325 -61.525425861871774 -30.24711091035463 -14.756704544397012 -5.501012065634603 0.0 0.0 0.0 
36.430374960330454 33.02755818541358 15.257996391905909 -0.49321494421909606 1.0277404671473471 4.0348540859644695 -15.840848208069866 -5.202248012137874 0.0 0.0 0.0 
9.75308810506766 16.49907829657232 41.602485325660204 42.692538435348794 43.532825930781996 21.85982427823553 4.713536241293632 -3.5827285401764417 0.0 0.0 0.0 
-2.6611820074522714 5.691929415122457 4.284718961783253 -0.5937250891038265 4.988671956053862 5.70305514626197 -5.266289201576344 -4.827796208934231 0.0 0.0 0.0 
4.611662095762482 10.696503243795142 -6.0365821404287185 -17.343864838665972 -14.362561588118247 1.6266639776607938 -8.734848657954103 -9.89770643729496 0.0 0.0 0.0 
4.482430765220263 7.0130741583662815 14.516178570541472 3.6757698299821318 -10.421664286137133 -22.3598787658473 -8.358665884506014 7.348900263503959 0.0 0.0 0.0 
15.908945329426498 14.940871738597199 27.769534607877592 35.716088411356424 35.59115856425707 30.177869148797292 33.13694877610567 44.66310695298086 0.0 0.0 0.0 
-1.6752219018138157 6.066620104991282 4.8838007957809095 -0.16608427099885298 -4.659294475321085 2.2478704241178793 17.386570906721722 22.92044697780164 0.0 0.0 0.0 
9.955285682253756 7.556982375967479 17.6191360366063 34.188795976966446 37.27391217973508 38.62383482362009 41.8448160256835 36.70568560612502 0.0 0.0 0.0 
7.314298198397619 5.6322874586045 -10.561728821129002 -8.050962196170298 3.3252129136962596 15.887188920398868 14.113450957000987 -12.319458593342052 0.0 0.0 0.0 
4.933666326946659 9.437421961465972 20.08704294666903 21.830627760081434 28.945109874124526 24.13978979410156 -3.856237823066179 -19.006539100790548 0.0 0.0 0.0 
0.32705541862803456 2.5296045312879336 -14.058555222230176 -29.076924251896287 -26.759756888770674 -10.612906353000483 -11.322364926697025 -6.886321806641455 0.0 0.0 0.0 
-0.9002032903899366 2.853802735127733 -2.1003951025638514 -9.388731085614845 -17.447335000152336 -23.168957916520966 -15.900701031125745 4.213659800955625 0.0 0.0 0.0 
0.8207743579161813 2.3082894897885966 14.05501810128311 16.929721489314964 13.796456657321867 8.464618563703818 21.84648803949722 24.511418546102814 0.0 0.0 0.0 
3.377143758624248 2.8908361791398693 4.312315867903852 7.650907021679446 12.039114837121927 12.636686694325046 2.5271475366322065 -7.379000850850618 0.0 0.0 0.0 
-0.5790580733710533 -0.9944982129537523 -4.206841895945825 -6.711221436848998 -8.600720955707676 -5.659463518248393 -4.978860207452193 2.8529345039101464 0.0 0.0 0.0 
4.495637424222714 2.358584744010642 6.323712340894307 7.517557364059355 -3.227593822414074 -13.934449295623459 2.915184848373178 8.741319164624876 0.0 0.0 0.0 
1.0215030961067937 -0.9621530608111266 2.6952842398927315 13.506728225826372 13.922622780575015 14.321009853031839 13.77932440622927 1.5837026967517067 0.0 0.0 0.0 
3.5583294763132174 0.6383194174771749 0.16110814844218413 13.35884211053983 22.17537915189896 23.947274699635475 8.46431892966128 -3.947609189019973 0.0 0.0 0.0 
