-354.7188070433183 -356.3485970108097 -355.81057317768455 -337.71192185429004 -225.8163653784523 -147.97651003200258 -122.90790024215946 -112.4345505939133 -146.91992566801687 -236.6203398117702 -296.549638773851 
93.39768662842833 86.77523228091104 91.76613798053063 101.83002899096735 92.50530413668093 75.72093416993796 71.61258704774883 76.81865538713865 88.91093861939717 97.7072846088054 83.27029277697287 
-77.01404182553614 -80.11165584056373 -73.88196917529466 -70.40681237495896 -119.19651889817754 -103.62595896426916 -100.77098248348685 -99.63186139328249 -69.04120289521606 -25.83341632903456 -34.856592275138176 
-9.360272388232573 -11.195359684853416 -3.899558394465843 4.648557038528682 26.287680911032503 32.24776791501077 34.709607650669014 28.62681397471679 17.229445885153734 0.8623630547523313 5.324780322783862 
-28.14725268489113 -28.52782593939869 -27.954790810502026 -34.58811028983488 -36.97989847443837 -20.727226326471357 -15.072662410882959 -28.469565709805707 -35.359294123855776 -29.04295822316716 -22.565561951939205 
-25.45587493451672 -20.84971935693104 -23.584064529001047 -33.42684506748417 -43.50173223895431 -39.40121463959031 -34.16071636776669 -30.67653870576067 -17.508820862656023 -12.957563206563933 -20.959582117600434 
-12.03184640445755 -14.286092923044885 -22.654931931334623 -26.819375584164572 -5.842352921120391 4.923273381604307 8.796329246253247 -0.25013570068150365 -9.9644538877101 -15.018441578639102 -24.194852810386617 
-4.227225699324989 -9.832332349296369 -21.04877065970905 -22.38130234175882 -29.118270582571355 -28.34992858649352 -29.346825562004433 -35.09882329211783 -31.107639199384707 -28.086627504500463 -28.319069590288432 
-10.771182760505367 -8.577364181705088 -4.11779149148999 -0.5924194781739617 10.274457018493191 19.577869179188735 30.289782669834242 25.291941493788727 11.892308053886278 -7.084032271217373 -12.367650724626069 
0.034012841084832386 -1.136682532448976 -4.14363848510185 -5.563605335808953 -9.189484259088244 -19.221425159705937 -23.4460359684436 -27.211307900796868 -26.142733342711942 -22.696635100969104 -10.20577208628129 
11.675141211286657 9.860012863294838 6.526320191539231 0.8707307460132292 -26.68914588595465 -16.784216403751568 -13.89292338423634 -16.629747546766115 -20.213489375702704 -10.598952257194918 -11.749783025763463 
-0.9749288869655224 -4.03103994216169 3.7341623389191496 13.901113428590925 15.207575894961206 3.3968519700464737 -10.881616647688919 -11.619560800138274 -13.154596146252603 -15.762955972461672 -7.823697205761276 
4.814670530654594 4.838535559906949 5.206327986468779 0.48624760593974725 7.045405138639607 19.103804892385465 10.348442366539132 -0.9500688499237473 -1.8758888517445236 4.789190801867589 -5.4302141619357185 
6.568460213939689 3.0592039984494357 -1.016801363405366 2.5029456460573405 14.675748254559196 15.684855332829763 7.912717866750153 -5.864369379988425 -22.381257523994115 -25.234692891046336 -17.75683597606843 
-0.4140438464414683 3.4004079028525194 4.059449698561781 0.9108313035916982 18.623961774394928 26.165709149015434 21.74721212253199 11.41806880797569 4.171845710695388 -1.061708955687295 3.4965865075828066 
6.880062363692359 3.601958914305168 0.6232666918842683 4.80757401937756 18.357921927090057 24.519465601404725 43.494072802019566 42.32782334440587 16.79342021097763 2.7152544127518095 5.789914940017745 
-5.083779983736321 -4.407779345838308 -7.079283506849185 -4.784326767398426 -11.527223210417569 -8.7105229172996 11.423131274864273 35.50807991007295 38.13097898081736 14.126910389008854 0.5120660956768869 
-4.118047661419401 -1.1385742894709179 3.4409519054963074 10.972529522691424 -19.09201132285236 -24.784631908181268 -15.53426750280726 10.505053136882013 25.659805582956235 23.84843483134369 21.116552326474093 
-8.1874892516945 -7.677576473453734 2.5292778320773452 6.457446578637564 -3.1276449961445563 -5.1024730626797 -16.068082069975567 -9.531521626482927 13.198943748225924 26.117362547374384 10.565580321038336 
4.866206845954522 3.6550949692511745 -3.834630637573661 0.39045599418837584 7.8466321792845095 7.089886877232392 -5.427022769182043 -12.531141134789312 -0.32895300659369164 17.63299330913719 11.54293237320611 
