-464.46747732319545 -410.8318964765258 -204.7285542252801 -81.4894633114931 -52.44345590616559 -83.35471451728517 -211.24888506198664 -432.96505150919944 -648.6215802015721 -663.9752198597321 -665.3849507411841 
79.06950703226235 85.66421181038271 92.28841994369836 81.86121661976438 75.41383617292043 93.13649660052549 115.52275678580892 120.53623363930744 21.11711609917021 5.92968817675334 3.4904704453330577 
-100.09847677145376 -99.88983798362523 -131.60838075314797 -136.24742198419688 -140.27838302789672 -130.8906034769323 -89.7465049150951 -47.032188832610615 5.091389757547695 3.570037414697463 0.3406789492043075 
-45.43539053153109 -43.45715510734959 -8.390629795966897 -14.303837698225 -15.250511979272204 -16.97649180312058 -35.787923626099165 -30.1119535356163 -6.906369157672424 0.9570455510216975 -2.2910063239271556 
8.087192179803125 10.864147024673745 15.757641315999702 13.52237351262334 4.4290978121261455 -20.003091234299887 -48.974212431920186 -38.77743519630655 -8.480098258942736 -0.8320597336051332 -2.7266378489964698 
-10.222473171399614 -12.169039830370167 -40.16045895966923 -36.02523065437478 -26.86679885664439 -21.61141230538562 -5.383424450981138 -4.597953284390314 -3.89037000482155 -1.4224514045267114 -1.1450448722786506 
9.577607623834098 13.165758558393762 -12.894014377324527 -15.71574830275371 -11.177015547657728 -11.593911503871908 0.9021283741270348 0.894849666420805 -1.0064597921618055 -1.2268409211100553 0.7361820962757814 
-18.547486422839178 -21.40497621752408 -17.233962844535643 -15.019030911993823 -18.898460690021174 -26.627008551393914 -32.46073003510633 -31.851594816165456 -2.3070188693008378 -0.9829635511459534 1.2082267022364896 
-4.59420559480694 -3.7970881842237123 -12.560415592218398 -12.520888916639084 -11.143595260596914 -15.459170987425502 -19.482839913848025 -25.155720491896485 -4.158884812806933 -1.1358396301794524 -0.020847552476013886 
-0.42483321749070835 0.9345371202312611 12.441192376144382 12.770332279846588 8.837715650125359 -2.9972186865518085 -10.760135058253892 -7.655684295055687 -3.27840808713242 -1.5401050055841714 -1.7247624462543647 
-0.06800206238478246 -1.0043186991607584 -14.428925220180323 -9.202286091814221 -8.084381944865044 -13.277501259856177 -13.992312592278612 -3.0884388629861266 -0.994562600330011 -1.6749093327193212 -2.344177678766348 
-7.840536533977131 -6.072968446541617 -14.59540204745157 -10.814884041203165 -13.28848402480918 -14.40442106036917 -10.158797509415567 -9.196616006507107 -0.3717943150233195 -1.1522289912999972 -1.3452881913734283 
-8.284911807258867 -8.567270747955284 -7.565693667784356 -9.008070351585237 -9.080739390232237 -4.962129561946374 -7.322454917563531 -12.610703969646423 -1.2526706076113654 -0.08529879428113507 0.4190849520982266 
-4.162551078701378 -4.1542228847041756 3.5362505679563263 -2.748835781547986 -9.919844285943228 -8.807953128284822 -12.272525624694183 0.32818782218927856 -0.4731321512901845 0.9760282518292459 1.5604524365086436 
4.81438440832016 6.65043227773541 -6.097504275698887 -9.485570930111173 -12.279782739722512 -0.31273489341703775 9.568570189445463 22.60274276106281 3.1675008815063275 1.4713279641372163 1.368937955911572 
-9.48909889562113 -10.24724835059904 15.110937727883002 4.213036265850332 -6.949394436888162 -2.366104976919254 12.253078298368827 26.725518988331487 6.266990657223981 1.2572718361993465 0.3094832307230366 
2.3157253571493848 3.7648900903505105 30.06500007885217 23.25788900186147 12.511105135752151 20.716968183471536 36.15412466488187 29.785033424577676 4.500422027701224 0.6922786867317219 -0.5479252709099622 
1.8993674075157387 2.0810709328660355 22.05263374988776 29.585541880729906 21.60085786263863 16.079023656752785 13.187461025130945 -10.851683624578735 -1.7931917886696418 0.3254825094591759 -0.5419515954804786 
-7.975077073921626 -8.462147920725485 4.046844481330381 22.64321068627856 28.195082427019358 16.86256065676456 6.094194409975214 -24.9767617521006 -7.187882521912824 0.45809237522545676 0.07025078607934376 
-0.23818909132424565 0.6883693472158301 -9.47091912065445 10.197989123671935 26.14378749473883 13.130095670796873 1.272867288876901 -7.0765197759258704 -6.701559236793647 0.9339824299089765 0.5036557757223007 
