-307.61330648919426 -302.59022333417533 -245.94880364579447 -127.98442076354233 -66.36841919970135 -63.82186695839474 -91.25348056387729 -168.32373662370395 0.0 0.0 0.0 
79.81391065854424 83.003163143232 54.114682766913404 8.569481017467218 -15.249890286932976 -28.23182069911762 11.003830615280592 65.3099407369126 0.0 0.0 0.0 
-1.184845320410377 -3.9551849927080935 -23.680285853859004 -41.45958778545284 -51.00130015602056 -41.234452735594914 -19.752417292631304 -15.558160171303808 0.0 0.0 0.0 
18.933410614794234 17.84723361999967 38.61432441401841 41.02122206373899 42.247623378651426 38.44534472454106 6.083954664344823 -22.79045000484871 0.0 0.0 0.0 
-14.02709758482861 -9.44308163831562 -23.079524779598557 -30.09440658408262 -32.01735244330748 -23.57010671396368 -18.4200441424451 15.508746158160157 0.0 0.0 0.0 
18.175072641285027 15.838528076131468 16.075938894533095 7.971231426092949 5.656907124481505 11.728748868967955 12.932296396170099 1.1964552164058366 0.0 0.0 0.0 
14.153137573395707 6.696400388743729 8.534353878530734 5.002503885813256 -3.5069620014659377 -9.372049757182978 -16.707123251504186 -17.853881301070448 0.0 0.0 0.0 
8.921175954721129 13.063815825008742 -0.6763181010995584 -8.081424378384476 -12.137072418005154 -7.439621731072066 -9.16197326397648 4.133749299330504 0.0 0.0 0.0 
-1.845526554908356 1.2083183264406248 16.565359141460085 19.055140043501588 8.238508568566123 2.6170894107240756 2.069691900625608 -5.181103741698906 0.0 0.0 0.0 
2.539263729339071 4.799840708731962 2.8915786563024053 -3.698565415728557 -13.687813694454062 -12.10170348535971 9.173866621451488 19.298598399124025 0.0 0.0 0.0 
9.10229385682855 11.554315170968914 4.778697482154979 12.094633105992738 7.017281308845483 2.3683479881256027 22.201143956817003 39.54669755541745 0.0 0.0 0.0 
3.6233170937979358 4.612978536368547 15.95028403066054 26.366901504924186 23.929068948963042 18.49846007097623 24.6267744809887 26.235442651004497 0.0 0.0 0.0 
-5.0369957888182135 -2.273052308695897 10.046307419017923 16.4218982798366 26.747534356912286 29.248228310822707 24.968530595593315 26.811023133929936 0.0 0.0 0.0 
-13.609753537386558 -7.436918001474719 -9.030813317712273 -6.260013576237036 15.76739888625075 19.742092589107006 -0.46437368748272156 -13.307608869807659 0.0 0.0 0.0 
1.2665012702828933 3.972522980763597 -2.9803708958719604 -14.360229567635256 -1.8528596889865392 17.063062151179803 8.055204923747892 -5.6319488463004515 0.0 0.0 0.0 
2.3756787374237374 -2.4541444858331465 -0.5200815390609598 -5.067776397729059 -4.3707474354977585 6.8020930844374625 1.4380775599360058 -11.553240166425283 0.0 0.0 0.0 
1.9423429779011003 -3.31497506027463 -8.380484342242344 -14.656186232380634 -23.19826586559688 -22.286551231966158 -16.66034018548487 -7.2835285294093755 0.0 0.0 0.0 
-5.229974198787526 -9.350291472463965 -8.481900078119327 -5.3462635332470665 -7.814488978749804 -15.076254663185129 -12.743870348751617 -11.094857943134608 0.0 0.0 0.0 
4.815742173752419 2.0948416869050535 -1.438627964520887 -9.075161166222214 -7.270028812026747 -7.700421267159892 -15.127782045931461 -18.797974261909076 0.0 0.0 0.0 
-4.978311727881355 -4.381735704826304 -6.7899980589434525 -19.93718842464618 -22.043455017133287 -14.808075069139448 -17.81903186194917 -6.590406638460052 0.0 0.0 0.0 
