-339.40288139169087 -178.00121057198936 -130.07489749449894 -154.4446347451535 -176.46038386707536 -241.0299357457926 -396.78325057344324 -556.9886173190073 -664.4336609739391 -722.1071894137499 -743.3716939862984 
77.33482188423274 47.51541031516176 29.0860087835637 -0.04380640108454903 9.599505441285741 48.2916774701153 76.78962736393868 44.89917086741029 18.641673018949696 7.935603716892911 0.9107724878574536 
-64.93852081953308 -72.57997227071004 -68.91419058074294 -54.96052537004445 -35.900131804465495 -27.17621685435225 4.2462052500005525 25.444989633002557 4.283323729665024 0.440806212197416 0.4969095864608559 
1.121710559182107 0.7849534288868454 9.530868401367286 22.143854583180303 6.790623896634722 -7.863882209670434 -27.106371312640057 -19.59881923891291 -14.29423750945842 -6.226198902429786 0.04558926377094752 
-22.011234609613556 -29.715683625351858 -28.80881744355471 -32.60974722500084 -54.21522867545386 -58.6491972325278 -43.57023430935391 -27.602252507155416 -12.99066974492428 -7.991156955171981 -0.25674761373498994 
-62.51470640090188 -46.78396487914789 -37.650402870146436 -21.818268681739184 -13.192281770998381 0.5766948117508686 1.9734913517424812 -14.042577766010114 -0.4059934547594939 2.833366422185202 -0.3601852876841704 
30.98027515701722 19.536585321272515 24.536028356199978 29.546220197127383 12.071641980936661 -3.8989227951045944 -8.04315548479013 -6.757318743016908 -0.4344051543397502 -0.061540031257055205 -0.3585325356943542 
-49.05071025268333 -48.73637620569794 -44.72165297542311 -37.691715245490435 -32.5148934105914 -23.689849064104507 -22.058449205593448 -17.510436939365356 -14.707829019341904 -4.913442545873665 -0.39046484386880853 
2.2522554789018803 -0.029732067932762618 0.6499129162001549 5.851711867415254 3.9790518397364343 -3.426702962313715 -6.36097291321763 -15.612503058450903 -11.586961193569396 -6.284316099106205 -0.515865224155498 
-25.495779732297777 -23.848495598038745 -18.87758687430911 -13.101647738158935 -16.980597344610175 -19.27471421482182 -19.231088949631193 -17.302393610037754 -7.508986801133687 -8.19974108655645 -0.6642834813315119 
-1.7394690043297798 -0.3845644984905088 -3.0968608907632165 -1.32676734886941 6.377584475045097 11.918933313975021 5.622952193737836 0.03663451470701379 5.31709772609135 -4.119136328961799 -0.69331711398435 
14.27062131583001 -3.305311237998155 -5.367854247836336 -6.545858622288989 -5.791409965613072 -13.407778398362076 -18.221439802023678 -12.753660300517009 1.8074567183783943 -3.687395844606067 -0.5081030674215142 
3.3694005539082066 4.443524607815303 1.7972523016722675 -7.559301034915937 -3.6890325926219028 -2.1872860204518996 -0.887670761523158 -5.100539851105822 2.456179060525474 0.420877691045357 -0.14642552471558593 
17.977623621345572 -3.5920478962115245 -9.646823184579222 -12.383625631497704 -7.914495236221974 -6.059546491234558 -12.84465069584951 -3.8884737200081263 8.74356359430358 1.9157183849135344 0.23771446620455042 
6.3531120355528135 4.202570603716028 -2.7596225173995794 -19.29674851314013 -14.84427499466182 -14.578540828454996 -11.839339209278915 -0.12123055039334707 2.3176084219341293 -0.594275063228849 0.47943540497286596 
17.242896426546377 23.176824368450838 22.58532461470638 17.62505893969164 20.674914534274368 20.89128705841393 20.699233444879283 15.074887845442614 6.135687397160468 2.579281995364878 0.5160296024001244 
-0.21075682584318156 10.221392248688817 14.509134500326756 17.07134716131867 14.820985211296279 19.048223969041153 20.668252314416883 9.534326143015381 4.425230354421044 3.214937595940228 0.42176238528106025 
-0.8400199309269005 19.878259896574836 29.59434993399603 39.046513659045516 30.267215838431753 27.93560516627433 32.498536707254075 19.947485545820786 9.987651957497114 8.68054065554639 0.3397043620785991 
-15.495442336181553 1.3581071838317709 13.972672465334805 29.350844900772657 25.513039581686527 26.651715870054936 33.58389036711139 19.78955142245319 9.688030524135332 9.034013711557186 0.3647976137032067 
14.627060056321817 14.470386279266222 17.876420598172842 21.725379069647715 20.4125071516702 15.32659462837723 9.561691472680566 8.304763061105616 -0.05442877258649481 -1.218542755162062 0.4683024463906309 
