-270.478978824973 -272.8830647101252 -279.61113664745955 -229.9907698553582 -81.73694814451035 2.158768848038817 17.176827034479043 -24.267765519221758 -117.60464008292328 -191.38796317631187 0.0 
55.20254046368006 56.03256167409175 59.48313808605439 73.53383528131482 58.69234469775181 37.13884901027026 25.666776409047465 40.402977905211074 63.95339620052653 61.291243002900636 0.0 
-2.0619571482936205 -6.056114954869647 -9.106953238397553 -37.25110914879788 -85.20882505522286 -94.8467029199171 -88.43861563270102 -61.19257051069007 -30.09236760042547 -21.911494590397382 0.0 
7.515929361999951 4.058883933313479 -0.8341636438639075 7.7767626079772985 2.007266581091594 2.0500274794193643 4.28241838039186 3.2229559583460574 1.885909132255853 17.88042921811052 0.0 
-6.117652433648338 -8.35195907946737 -11.607357942947468 -0.3714902251783089 -0.9148794741858638 -15.439786080524044 -27.630813489570116 -31.64889680298773 -19.164799186679822 -14.87775626301807 0.0 
-8.902425519971583 -9.66391084695913 -7.797461265093004 -32.69382443825543 -55.196213872120936 -55.3334273271334 -37.83109726533851 -25.027162505898403 -21.08074622183806 -17.07095954582647 0.0 
-11.204604595219074 -8.752290180126774 -7.328535901731662 -23.51718873429249 -32.46180950811412 -30.426864185536335 -23.74480908242458 -23.456166191213576 -26.24564308191667 -15.620123862365944 0.0 
-11.680845336433393 -5.164205828217961 -4.1505030133235685 3.0398133490804513 3.2234489193755484 -8.723622079436488 -14.090945207977446 -19.00272906111492 -13.782749436350342 -2.530104988047725 0.0 
1.884047206535903 -1.4434358232357987 -4.263824008899594 -14.097729788667024 -28.022686587994777 -31.930748288538446 -21.07912972539159 -11.258629900330092 -11.259728280165346 -7.573804091281307 0.0 
5.550184325632747 0.8717306844790281 0.12324162568977914 -10.215249852824705 -1.1009486935204322 -2.103789345766137 -7.260188321049336 -16.640512783042666 -23.553382596805168 -16.784101556996074 0.0 
-5.820844787013644 -10.901554322403967 -8.953826559786387 -1.7786226362701654 -8.302841597292222 -20.03266614464998 -18.986623684304803 -14.382531977040072 -0.7187422006067392 -4.032854021540429 0.0 
-2.371029861627072 -5.335173341433556 -7.18873197827311 -2.036060784992648 0.09016415832333824 -5.7444205022825265 -9.433551514341147 -9.952468209013663 -13.873474378244417 -5.564845727898261 0.0 
-11.871764596509554 -6.402961423118686 -3.365731461337055 -4.810433674955866 -7.498719880146423 -19.089796006210968 -25.971400188088758 -21.896008644130873 -21.60311208826858 -20.903625107151008 0.0 
14.570044496224934 8.990087720456032 2.5453480913411424 8.633762031005546 17.068669001575394 2.3275379842364927 -10.358374903888583 -15.949375308744745 -7.40059925489987 -1.8791492659194737 0.0 
3.99849761432218 3.4567434221937656 3.3579123226145957 12.53860211408406 28.191451451882607 23.82096657072094 6.173165650798554 -9.872995025008194 -5.1656280327889394 -2.961805816796321 0.0 
-7.734284638354039 -6.57498972268054 -5.989168463248463 8.340305413104021 22.447861540509468 32.746100359271296 22.860608249401267 -2.770272853332033 -13.965749209881238 -12.108288456370921 0.0 
-8.316788285138392 -5.565118684708478 -7.363660939545071 -6.202070359239833 3.2623364375358332 27.004949180892993 33.74942914514088 4.110741345068252 -15.319144745027257 -7.155572458224979 0.0 
-13.10443396544851 -9.576053587395368 -2.7960234108013955 -10.39633098916972 -23.886407770544032 -0.6988233512157092 24.635618756238497 15.964724143507828 -6.59629828550643 -4.110571836372996 0.0 
-6.6103242530521005 -3.3166760047363018 -4.99576955977131 -9.672795581861383 -17.124808515060153 -9.611188665525008 19.252613176195094 29.502093826701945 7.886159012084859 -5.521433530246862 0.0 
2.302061632433338 0.23462820015203315 -3.9225437881723852 -0.7270047964579638 -8.114138642432165 -16.890591806454232 -3.5615183256007694 20.63715304531995 25.42946908954891 7.43904621707016 0.0 
