-590.6437213546218 -585.8758605707285 -592.865994019148 -312.4793040079731 -170.41479069839087 -137.2849653040646 -194.28970605753454 -334.5319397317719 -424.98022860800205 -456.8757469521991 -485.37826472247673 
-2.219306275777545 -7.0251401449686055 -1.662958960175307 -6.523683756115382 -32.724728814415656 -26.980230740234404 -3.8234874054171364 28.975933775488006 -8.823127889696359 -10.768282331167677 -2.000285947594685 
-5.805786292059445 -1.0286734975466856 -12.011562409369487 -77.3984267893738 -69.12107716061674 -62.11524109021757 -55.675687931279896 -42.28569002441334 -28.25374451346441 -24.221868368393864 -24.760363276996788 
-23.94249698287343 -34.58742526540679 -56.18715735878283 3.1292098717374355 5.760442655261464 -6.893631157811811 -23.555104148654173 -24.141087633461403 -2.7240435475621316 3.351303115545037 -3.0637549764509946 
-18.272952498910705 -22.629754736433526 -28.853627769873313 -31.84836956016622 -34.201471806943324 -41.52441982071194 -49.28623642739101 -50.464585746013036 -19.95189605990378 -9.61413368088474 -6.527207137782231 
6.28167620028651 -2.5185165037773496 -12.524846358898486 -56.44377111404404 -43.370335919944175 -34.850787711537755 -27.963228233152996 -14.325574118175956 15.504585064530694 25.801318902809356 20.410048621735378 
-27.984011555280837 -20.924099117446847 -12.873695618780417 -26.67102951610966 -22.1110516360016 -14.899086519806328 -9.17827452339385 -13.458247718054992 -18.27490979652452 -8.426274880775019 -3.800980949792094 
28.561834922949593 22.483714548775424 17.077697832674247 -2.427871985870589 -6.167138763233201 -4.835388702155267 -5.673425830295524 3.1862261142950317 -0.4756758045668791 9.788810991806468 5.381614993652939 
-35.24243028917344 -30.233425526577292 -19.30850372334679 -1.7261178236496901 7.739692515734692 8.710181140479307 2.9681385514656986 -5.7657398659831625 1.0095985593740797 8.991491246713366 3.1802395526936036 
3.239146494518687 2.2917488735840155 -0.4768925947086422 9.500402403153611 -1.8366123560671432 -13.344353241067278 -20.178122620468677 -14.760685530170594 -2.8516378641768414 0.17884228336094735 4.139080512415475 
-26.34092735316241 -20.8736638509926 -18.342635006171836 -28.08029736877166 -17.511498080301703 -16.030014705423877 -11.143471538991456 -10.370392697053823 -3.3529576476112632 -9.558900876104474 -6.601283903411677 
5.169305134496801 7.560630838615622 5.395090301327866 6.118517678126492 4.635133375196231 0.3299426657629315 -2.316097015620111 2.0558560750167834 7.204713281978163 0.6676929258314486 0.9545390649260219 
7.10604904583052 10.540664577199765 6.4516585646427975 7.404759401445109 5.367190551157391 10.187688686513379 18.226896370023375 17.035892755109558 4.45841330195698 -0.3786989505092363 -7.208046869692087 
0.4864491474807947 -1.9997504856436499 -0.4815628496704916 -3.9759522633493978 -3.62932487980615 7.6898703538057624 20.226193781956606 20.76446833688877 6.041501679593637 -0.7514612017578575 0.28416149999396084 
9.323652283506082 -2.5212022014456235 -7.865000982925656 12.578647978806872 13.416968970776452 24.454867654582333 28.49205415702764 13.097801961324954 -2.071176638445298 -6.427517062326697 -10.13030232010702 
6.546178430005655 8.783014307892646 7.858798983607559 4.823493299782168 11.177244446519591 21.062913728790782 16.194047516699975 8.547522531827683 -0.4840127375153237 -1.4237985436301366 2.495672865548073 
-2.32484405779462 0.18355898728092312 2.3090215842305826 9.016086875817368 17.942634311563836 19.86475288027917 10.727279332048822 -2.9111108131878463 0.014709720505634932 7.9451818173593844 13.07700569286991 
-3.7232202646966632 8.261155345241919 13.273718786725201 3.657445062759235 4.565207834702866 1.0577552833648927 -3.058240750423195 -12.218912178071005 -3.293376615003308 4.881646144000049 0.5727816045064502 
13.062598592783676 12.309223456820192 10.158484909600867 8.618836883214609 9.11220056424936 -0.7617385152472289 -4.827412616425731 1.0960812618064995 2.9225560940312656 11.089687334105339 5.435874989150243 
14.115856746379135 15.197303699259429 12.939922192313215 0.43698736855725656 -5.355094941042729 -14.112595082689356 -16.486065075949348 -9.814038975920027 -10.05878915508983 -0.3835876103374161 5.2057915096856 
