-424.5837362956305 -278.07246425706904 -109.7530734515719 -65.56886662947419 -102.03562540098132 -108.15815421625133 -185.8589534593324 -379.2462771563824 -568.6219449162343 -643.1852230536193 -655.3803749789814 
-9.655521190820298 44.40054438641996 39.59093865687852 15.517670924924161 -5.8121762265397265 34.24314321269654 73.92069112587626 113.2144625351606 78.3802032663987 17.128209921997005 4.012563846079258 
-45.190451048369255 -73.32579102393478 -90.68004295472801 -83.12937765140362 -61.13534221541218 -57.59906199267273 -55.17571838782768 -21.28768628043848 11.432542579519911 7.839984477907366 3.1455553168776493 
25.039693943870482 22.147791141362767 27.251605974338016 31.470199485854486 37.11151703309748 10.272092045165774 -1.0598700840071522 -16.485045961620116 -23.05832675878049 -1.2476034014299886 1.9046196110492952 
-30.439129417073183 -60.63982753267801 -48.452637605534434 -43.287453100318885 -45.01673742116207 -63.576020154960815 -66.19371813829108 -67.48549385163399 -46.71224725383965 -7.196042624936137 0.5329400778313229 
25.20272778935918 -19.01864752067826 -38.46899340316256 -35.5227019818124 -15.407300248804967 -4.046276121111701 1.473963082207185 -6.227654484015796 -30.137527452890573 -7.774892335194002 -0.7319089269184345 
-18.849032285035513 -31.233816277643918 -14.148056826744833 -11.157899194618956 -8.82933210324812 -28.181051236623542 -34.563376667616176 -10.128318496733055 -6.583538814521093 -6.561747867992352 -1.7164920453919885 
20.967670094502488 -2.0792836365396288 -15.54386935800146 -14.017773507897822 -10.725991426005901 -10.815157956743537 -6.352707797950276 -14.355122033777405 -18.138165104028573 -7.20859343988057 -2.343250812228499 
-13.642442989421287 -27.01356693851512 -12.781908111828718 -11.543066218668676 -8.828138959028408 -10.496482086163592 -14.684241147776298 -27.18925612144018 -20.592773412555076 -8.109513250072714 -2.6283197239057126 
12.410133273501136 1.4028463655664516 -5.936183148801266 -4.283801581640159 -12.640262834219527 -20.33714526174115 -17.568828937138314 2.4177796373639504 -12.298017338848577 -8.384373259984645 -2.651046527005067 
-2.759666856202507 -5.086284233139983 -4.698977911779118 -6.950111733899554 -10.244251855472207 -5.082154038058237 -3.6449932440694504 -7.984026088093815 -12.222297259406059 -6.3914404980680946 -2.5101703448599633 
4.210638470974359 9.515167177698853 5.659109271640014 0.17120953779754944 -5.248870448736105 -2.7166732305135532 -0.15248530101040203 0.6107089429888501 -1.9876301590803185 -0.9856563264449075 -2.2842333998900486 
-4.676905722290771 6.548141558473052 2.3181322093006247 -1.7187508338181923 -10.191343555254532 -1.5811181738806193 4.384637608062498 17.55783140953521 12.3970951820982 3.4316521062738654 -2.0094988641106952 
-1.5653638014182936 14.894014248407448 17.321749070732878 13.946384150731179 16.0333190459804 40.18512608306793 47.63310611204263 39.58653459246667 18.79497570239182 4.504960987915287 -1.6800321842674637 
-0.16191051600106363 26.113252696958273 37.38602490273692 39.19551559265206 32.91322909194413 31.80569908012535 25.323558398235207 22.03854778957152 16.89390965315495 3.4869499135403075 -1.2656809187155091 
-5.178821978342768 -2.2273996756196173 11.164365061275987 22.038798327795927 29.329073836201026 21.795982304467543 14.839379625936873 3.0168743837960155 6.772013547846723 0.941447822757944 -0.7379687213173818 
5.24292057176263 0.31993269842285127 15.880299948753814 28.60408881557192 44.598009888617746 29.801596503410348 11.096513411616368 -1.8510887835458965 -0.8585101301330247 0.15551742946664773 -0.09299876898535092 
-2.8147195883636904 -12.075449446823033 -11.47912689202196 -3.945892815469986 4.789920641219892 -9.199487880451894 -15.695132143323239 -9.400472852144498 -2.351492686565037 2.336032718952673 0.6363309469304268 
5.042038532806577 -1.4012827340055782 -3.2963866225438627 -5.981549533332862 -0.4859307770517045 0.0880141418434055 2.5263491635950057 1.7110545601703613 -2.4692322506322224 3.6277074786361925 1.3813704241201017 
-0.5401918213783334 -2.788194363155621 -13.624173032202163 -23.14437267178279 -33.964018937186275 -28.220824483854166 -24.484958868057014 -11.195314096464216 -3.4646222983743815 3.054631350140172 2.049974209563993 
