-354.79119604782915 -391.44387900269356 -144.25548097216532 -58.08361900043393 -73.89245927701688 -97.93362815929444 -142.99036555310934 -277.35292341023097 -456.11523080755353 -595.8984096483773 -626.3021195131897 
102.5875458030182 94.4785722435768 52.117590388133806 33.17366036380731 5.749966683238793 15.809292310424048 57.50764311509724 102.26425948364627 109.21621669547326 46.4002460232556 17.407954851682018 
-68.98703945853364 -61.403598603671526 -81.84288099798226 -78.97470703209544 -65.33980363665583 -50.28189197394089 -44.18951750410304 -23.536052090188946 6.468988281526183 17.091457202004197 9.617912975553875 
18.884878828082435 20.613664613912388 26.809469669841498 29.40479583750485 37.24619664087159 17.767003207502505 -6.778465036096938 -19.77299151822278 -18.52722913704857 -6.59528745943924 0.3885959311215224 
-20.734113852588248 -24.931774347712913 -36.438469995516975 -33.993169969456254 -31.736885593234888 -47.52335369612242 -58.40725628398992 -63.26232139326918 -63.31548973273377 -26.136158628368054 -7.986595692781945 
1.9662722593227049 -11.795720714230509 -41.560402401048435 -40.49142964014246 -28.737682762075213 -3.019036988658713 0.9254598199166746 -1.0926909104886566 -19.709294812833036 -25.864162570139612 -12.006130968532695 
-7.793965188004622 -7.06420888499734 -6.379970293929997 -5.5019662766712365 -4.399336715846737 -4.8509011039804895 -18.328729835243934 -25.32295754544505 -1.656060265621883 -14.254316327154534 -11.228170470546692 
-4.911288496499845 -14.63669145184276 -18.774226559198937 -18.742543718240448 -15.313516341577163 -8.108648194115235 -12.711899149079347 -4.6772802831651985 -16.712512716956365 -15.115330935935614 -8.071829941328497 
9.377874374196448 2.168682649276013 -17.4330177345538 -18.438019222023563 -15.69044340506007 -11.473521846132805 -11.789268424745462 -23.191441683104642 -21.290595175151175 -15.387433427415466 -3.569799574617989 
-8.240039849292659 -4.052089319084418 -0.009003741203556959 -2.446207065018619 -4.358027038424186 -15.409293154704475 -18.565334745347222 -6.994856399312649 2.3685732068138505 -9.84653197768733 0.2884126307082728 
7.476566584607649 3.359170458344498 -9.57908367928147 -13.337848414161552 -16.55033680458569 -16.769524518809877 -9.839571497784501 -8.855379280228181 -9.418890860088776 -9.436608162080027 1.4200157584103317 
-2.2653919174225923 1.2262944356210415 10.159937662418884 6.366129870777328 -0.04988246224373283 -3.3887562318142987 -0.6844397276705869 -0.3146171337611732 -3.805825769402163 -0.8447908283112707 1.0918724816674024 
-4.058219648609754 1.5697753602812208 7.9099647186607935 1.6633132966461268 -7.406658314930418 -0.9019798853258851 6.65155935860753 12.179310155994687 22.07839680410971 11.649641140164713 0.05817591005653455 
3.0190159389699702 4.958754512127791 21.795874426473684 20.215740459301692 18.780609868060665 34.46116536291342 48.03689869720852 53.45721006520782 36.810150847093766 8.622436524194672 -1.8316707521716702 
-1.4084190432565944 3.6821856437742264 25.11927065095769 29.636263103709823 32.6526912963282 38.069048966245276 37.007445208043066 24.159572718419234 23.468975963012994 4.367296907340716 -2.7410030353633665 
-0.45667364158745904 2.415091991853317 0.7798947656818049 14.74739226849529 29.396147577140542 30.54183107620228 18.206569081184885 10.755093560148044 1.3162612987594726 3.9230216656724703 -2.4660772424365867 
-2.8841883290261334 -1.627196843464718 -5.630400373663091 3.3751865254763347 23.149424237510548 29.8342402731973 10.251978264378026 -14.350781502356437 -12.175300661053758 -3.716935674241782 -2.1413477653820516 
5.208119191325732 4.737440837033945 -22.82700311906504 -20.22157289874668 -14.48155999885763 -13.52643293295561 -17.75722320272535 -17.165654672032705 -8.244236602089059 -3.5254977055894163 -0.8306490750186712 
2.4108346722064606 5.557581138657438 0.7664269016390353 -6.739731458952949 -10.25488222468317 -8.094851130958377 -2.5233978176692196 8.031007891043618 8.540266103038352 3.709870486291174 1.0546213256890216 
5.588829502237312 3.2710969837538837 -9.357701414653365 -14.930402855369703 -26.10026246850304 -32.55177836782067 -23.12800964803963 -10.451817866541038 -10.903270401462816 -0.02106463670961317 2.075601275710609 
