-340.481480179266 -230.32206995457406 -192.75300179026544 -198.538110356492 -195.1799976577838 -239.46384574643312 -311.2941520410532 -346.44748103738954 -366.7073380243715 -364.093596751279 -362.1785516506963 
-0.45031203249863544 -33.13217544376131 -44.581573336195895 -50.49848869243796 -41.226301019845835 -16.833636469302046 21.514153981753125 22.959850005314586 14.875375279068564 21.310629298665837 22.687680782278314 
-53.737152082843394 -98.6251691059818 -96.04613871434859 -83.68218610341562 -86.68514610278291 -79.78878172011204 -58.75321800726229 -41.23066750372024 -32.552254513186895 -31.08054418104722 -34.434634808884326 
0.3653035789996881 13.336020240215905 11.65123578253595 2.2254496621605857 -14.578675264402417 -33.981368419691506 -42.60471530255069 -38.081153042252716 -24.230868673947523 -24.92829140298982 -31.532672087629162 
-14.278455326757939 -20.39223154618623 -20.598159436768086 -19.57744925020515 -14.950977817372445 -9.69570971555171 -14.98509972933396 -24.41368099920347 -18.973804684205433 -18.4975105026148 -16.654078789657284 
-25.0118094241084 -45.371027752715364 -43.82001806265909 -40.103091426465284 -32.79523916173062 -19.66390609132072 -16.4110061050688 -17.72722214251783 -13.221459813345312 -12.490597817077802 -13.002702663666454 
2.885625986729842 7.016106143342483 7.807826360798213 -2.8529313642140774 -9.423937149257338 -6.372691174297039 -6.309469043453724 -8.115810060199937 -8.10372953791152 -7.102322932346309 -3.951683252417167 
0.02035367895373963 -3.1722436487826924 -1.9454699739902135 -2.585121094975344 -3.9784078554158926 -3.918701294525141 -5.911609834492323 -6.313798612745762 -0.9226988947412877 2.2803423236726017 4.165753708800205 
0.6861623334089433 18.763393602132503 22.896755860448437 18.27901938887677 10.182539441888443 7.2452856913479575 6.287552695001136 4.0224118864937966 1.3813701253762067 1.707241417339771 2.5474283164455573 
6.474338839845945 18.430736966675127 21.026802375814956 25.323081626498567 23.773503329195936 20.94286520753342 22.509529361848926 20.169087594353954 6.368561666031623 7.027144632608826 4.886054361060236 
12.753980295220504 13.602097859552188 17.36794106578798 37.23489754934013 43.78531947371968 33.200382958861724 34.382034160481574 27.308472639920346 14.795280380177799 10.112671415155235 10.23102221932573 
0.8702706726643556 -3.6339643202756613 -4.7543288771209244 1.2734196346067763 18.39771036673551 24.679675660270867 19.204262803638652 12.626319495145777 9.57538995140402 5.8727418181869435 4.319371360656177 
-11.316253466822724 -25.34357389563806 -27.896166911540732 -32.36158216866076 -24.42335760028267 -10.70273398322049 -7.708923599076469 -3.605191758203192 1.9359495781447205 -2.0530161685880515 -1.4095139503392495 
4.798928742292759 8.088371887803458 6.429094352194306 -10.278666165142573 -29.728398422308096 -28.826388335701324 -22.9670564602746 -6.107518610560836 3.5871337193420687 1.3134776886708774 -0.4627993500475992 
8.292215484487718 4.806892045919348 3.386604793967142 5.080351318906898 -4.057314760747034 -12.326891661122978 -10.16993978696114 -1.2839355617629356 1.5820019745816254 -0.7052825401351828 0.28405026236194764 
-6.586091693125419 -14.507291840347259 -12.977114979255575 1.298897710180446 16.971772332841468 16.767011632583586 6.391328062235968 -1.7202658932224182 -3.1891582205671885 -4.843514103381134 -3.4377411744461686 
-7.506368894105383 -8.480379627006116 -12.941630557851036 -26.612170380634954 -19.83364877557289 -6.629653889574721 -3.5039624832357976 -6.759928111820788 -5.143502325459314 -3.4843207544120443 -3.6191165461572496 
4.2864396336652 11.450013315650923 14.03524566230617 0.2812292816091226 -23.15627509711574 -32.1985304786849 -25.682959250303107 -10.28329816000309 -3.422713410137873 -1.2818047933400798 4.638743865633673 
8.396673189901595 24.52141643122392 28.679364899659067 40.35317429877996 28.69699865402382 10.726597517568099 3.9298618206069955 4.5876145359257725 0.16686339267686007 0.42824998140725523 2.790171320441998 
-7.826684786199815 -10.572029473326705 -9.01899979650063 14.152544831457066 34.071752499449744 35.864152440716914 31.30150562048152 13.085858363083055 -0.45236589927636617 -0.9756953818455756 0.78133285302182 
