-469.6380468356381 -194.6450323881577 -83.68959330790621 -64.10561128962172 -99.89458882234034 -159.53045347383355 -260.5319904576762 -390.53027246932174 -456.12232729135076 -454.75240135657134 -449.392664864191 
15.780077675665986 58.859435457257206 45.868172999368426 41.44991496027803 57.65998784886243 91.58178710007192 113.80821519474715 72.30394001839943 2.1338864376569915 8.772834707600436 16.637441162719185 
-31.629797166597534 -74.83557037227254 -79.49495160995144 -85.8360116550842 -85.78829081433227 -69.46457821967981 -40.66277425275649 2.090797120235924 -26.69443335542491 -24.45492992952323 -15.278085282792908 
8.597937414398519 -29.376166936653597 -20.712998505471106 -13.353877890860938 -7.45246780604288 -4.884705605353297 -14.095404812626475 7.7623230712307745 15.074705431028221 13.615472790749054 15.362148120655053 
-21.56106956026605 29.52167719813624 30.242341726826588 24.538695782532564 8.457668083533058 -4.3004685721145455 -13.829515083439201 -37.12672337695339 -23.592508452317716 -24.45215195332792 -25.515095751120736 
-12.743116554133305 -61.330630236551 -58.36350446655457 -52.92851763992853 -35.73658935607043 -23.995245120033246 -17.81982846756754 -21.312953350513077 -14.79863531677795 -6.614820598640915 -4.337289655715659 
-28.649923103430858 -16.96135628461633 -7.904095566231367 -8.968666288857463 -19.57354455535632 -34.93116780333093 -33.47381776417583 -21.32540327645618 -22.184344712099218 -21.458690973566114 -18.479233075542318 
3.168070389101275 -3.911135490134147 -7.936542080767501 -8.916219916626492 -8.706337188067351 0.8570473790355877 -0.46144539738782064 -5.031127604508052 10.504459121851685 1.011219943233532 -3.676942108160396 
7.058592849437975 15.157891141773149 12.397132495510132 10.866884114555344 8.43049560540401 4.051373126609427 -0.966391425653352 -3.5005670676757843 5.968037483844181 1.9337264428432699 -2.027587437653748 
-17.80852806424349 -11.203338247609288 -8.654841629766903 -13.624226395702507 -23.579846200777236 -24.768825071041924 -19.963513781740694 -7.393893211267576 -8.455700694898207 -7.517432862577852 -4.985554631249567 
-19.959790670287326 -19.355670696033116 -20.382672994896872 -21.231822232017056 -15.251563498889789 -8.100214665396347 -5.339605851511633 -4.007093760017474 -18.339967765019036 -18.193382319976354 -13.518025452656264 
-8.915161991834275 6.780172939958483 9.012262311776501 9.888897785804568 9.617642167858481 2.4501531004946417 -2.1777595141552717 -6.842049105878008 -17.964527652950604 -15.405316949197061 -17.349331447637745 
-7.890579131539345 -12.317873551537383 -11.229802404523038 -9.771054768335357 -1.3321488462072435 10.171610122550895 12.207603642557299 -0.4220665335834364 -6.971517208137841 -5.83125115277206 -3.9743695107737067 
-6.996904844311233 -5.0925063790832805 -15.670313415216715 -22.376027320544964 -24.013442709419103 -21.097210911718822 -13.291834175972488 -0.16096517399556076 -7.740595412682255 -13.413569735556916 -16.671940279615065 
-9.49415693102185 -10.77914688583446 -7.97164525525635 -10.868666818354917 -13.405765226330837 -13.684113251251372 -19.404808047935234 -8.17689715015186 -12.99631673143813 -14.858894243055804 -15.949448426379542 
-3.5113943309402496 0.9796372166281098 -3.0907101868453775 -9.09664994227692 -11.686065900412421 -12.532489212651754 -11.154473782432795 -2.9539147702949435 -5.284650586751527 -5.248517757610675 -3.4289832384402987 
-9.845745352449407 -3.7177432749083628 -1.5987878701664782 -6.382954855071914 -6.233159592042135 4.394726597356437 5.009996971687361 -0.6657105379835647 -0.4845305151121829 -8.611785821003988 -10.333374376126429 
-10.271855482736814 8.718202134994339 11.900228411441939 1.6751249528776722 -13.429967987850251 -11.053983764433676 -1.4956093759935427 -6.89796408381412 -5.3926521544716115 -8.870012648876639 -17.34299334390377 
-1.5217295835460454 30.574014987702682 32.010889065590774 24.995338402437433 2.564602980928803 -4.882696367774315 -1.2947526722882747 -2.1337805152840597 1.7527292195397295 -0.05377891411150992 -3.0035743931879697 
-3.0115676419758826 29.01124564617149 38.631992717355544 41.32272014916238 14.03963721479146 -16.167042346400173 -17.681191971601365 -9.568025507672193 -6.569712228848469 -6.808380835441148 0.059169313560589604 
