-701.461728810679 -683.9911567570615 -307.27602319378184 -140.65447613857648 -80.49216496824305 -116.24395494097313 -273.4655217122814 -445.36708233898304 -546.978809886853 -654.1513884761234 -692.3101686336341 
13.70873850392282 35.22285288010821 71.36436145779015 51.25846599160907 52.080489449604045 61.08676840954644 98.06292722197708 120.43587261855492 94.46348476004317 61.443097140582026 32.66093503546583 
7.272626212692166 11.793913814294916 -58.01634485358303 -58.73936672525741 -55.38587614806292 -46.99294606676288 -19.635253298868147 26.501787899341597 29.46072856210819 20.251334098161166 13.26941152988981 
16.28998819433852 4.039843662067027 4.824837131979332 14.602080939622113 7.8073641966566365 -6.320319080912499 -38.15252436491464 -38.21580841810278 -38.25892048488281 -13.620371376396832 0.35007855273009536 
5.085233079167511 -10.794370706948477 -35.22238847374808 -30.26296744603955 -33.42903979244359 -33.43642955404805 -17.637281010512286 -10.560767216371563 -25.929577655303163 -23.865452306082027 -2.992209263230863 
-1.7538351001608838 -17.613249294991892 -61.15119335172678 -52.538749052076945 -46.735884216362386 -40.334159208467455 -17.46934336710212 -6.907726585486137 -14.608310455114008 -22.77233542318399 -4.0284221201028165 
7.7016261971628595 -7.183723571972628 -0.10324502961027912 6.060584046752961 7.081295672913098 2.089717015490472 -5.226421122039494 -1.4437042909324784 4.077385341228464 -17.720504177515945 -8.385519248843647 
-0.09893944986360842 -7.171712867076037 2.875899655790766 0.8924595707165721 -6.212702035871633 -15.116014104585108 -21.085258057521482 -13.86394476458846 -3.402026138571037 -10.286413998157213 -10.998941194701992 
-9.83570164321156 -8.141500101447686 -41.3840236513238 -26.700924425274255 -15.697667308210761 -6.120185505390331 5.668233807957317 0.13914622166260593 -16.629509444995893 -10.696105222014603 -6.503479617691571 
1.56011305878065 5.138529234804571 -6.226370613428394 -10.367374739954709 -18.319291193387187 -23.790152925785886 -20.57602728657525 -1.7905194912774798 -7.487231839847405 -6.869432431124871 -0.3452889911520374 
-1.7197190614685822 7.231825856536323 -8.172467808217782 -10.072600148025863 -4.249531666634927 -0.972285142685237 5.682488602167862 -1.2797791044566673 0.5689114063905034 -2.255212434129195 0.15576692045489354 
-7.455041936856763 -2.266330542636592 -1.547553396933841 1.9037582182683055 3.717371050093822 -1.825147722484135 -15.058078444299088 -28.018540730898962 -27.611498156966036 -6.48662166399403 -4.542585049266769 
1.7155117254479295 -2.2092040794751995 -8.006851123690769 -11.168689527351527 -10.911333981356584 -12.11559388091882 -4.431044083891697 13.921496039278399 10.101109013680936 -3.1589258484838822 -6.767087150513833 
1.274942102085192 -0.8026419917986762 -11.200526552110237 -16.423401251539346 -17.692436665652195 -15.621593019432979 -6.7388907845272055 -22.78923826243696 -31.57755764595497 -5.7854923499029915 -2.0014949668162023 
-3.386390036849754 -2.260628828484447 5.835314926351462 -1.242321404248199 -7.52614701327119 -7.210419289894327 -4.945490842260957 2.776339990640789 2.7995715380849115 8.13166522233784 4.156726275152395 
1.5577876727154487 0.27086022686692524 14.349523055299965 3.5627121244513535 -2.3403346135944467 -4.410147818298495 -9.096680577121374 -15.11818172267764 -4.404132531903123 8.474076678258804 5.8651520604133935 
1.108089151349656 -1.0954397289782887 3.86845273373869 1.8162562932020672 -4.402472660435225 -9.775533642507899 -3.961098049262487 -0.686889312036914 -2.858992151120088 0.8468471495989227 3.5692812112720307 
-2.976270484514652 -3.7736340407240636 16.866079158473468 18.34929155258468 6.63656162339676 -2.544569376006011 -2.1460612065879583 -2.8950743323913652 -2.04565095926687 -2.705404145762378 1.089055381412175 
7.348510337735022 0.6556752385350744 19.91120028766251 26.41887063759743 16.510522628827832 0.08170517291229507 -8.426034125131498 -10.185684841624578 -3.700653015174176 -5.7795472470926885 1.1506026856957574 
6.455208694369111 2.483964223757429 12.732087959737452 28.481769755749895 27.631317158586885 12.498346951268635 -6.2949591523100485 13.428659296858026 17.473296996838346 -2.123532273182778 0.5084577269893822 
