-172.29239143050432 -135.1528609860852 -63.62270653426207 -62.2704874496347 -136.20893875436386 -244.32683425001056 -334.7736952192746 -386.64842738298427 -406.16748378934193 -424.28087833785554 -436.90177083899647 
-14.549362406180993 -17.196989127927356 3.8865036478083326 10.684369695339797 25.520118932499077 54.20050523423025 74.44819171005466 77.97078765197853 65.1959088405703 51.37236572418302 58.46932653931022 
-31.514192960417276 -14.418308261732683 -24.41227440324591 -33.138063767537815 -35.236095010226926 -39.733733497907465 -11.54052398659352 7.165883789777452 -6.429495033265445 -18.54823709464084 -5.312684839418813 
33.470937413662384 40.96300493716904 31.811707793932648 11.82142101401562 -16.58054059749206 -28.170710209132103 -3.194423017817218 15.233180533641935 5.690190297401067 -4.393449239926786 9.49292302087284 
-29.648688459801804 -21.81897707366651 -44.29495257529841 -49.49054123355265 -30.115082213234405 -15.533942758653822 -15.137956507192428 -1.7328642524319855 -12.80001633223398 -22.337051213985532 -7.480539975386363 
-0.7608449718645244 1.2823843251245854 -15.917453388486813 -28.81840356605464 -29.071057496527466 -21.44955573581337 -14.471902231227226 -10.116945078420512 -15.384229580445073 -23.12073076491685 -15.443667992182268 
-4.75508924892882 -1.7699208627534793 -1.802042810969716 -14.051026093554114 -23.426655153078862 -26.89604198573481 -22.197688579998793 -18.232817277863496 -17.70171695383634 -18.112670983509112 -7.441880916264493 
-21.477798752906928 -15.356877131719287 -12.188056272319937 -15.090675127109803 -15.439081464798365 -30.328392424893906 -20.705991578037732 -9.627236906885345 -11.290470041222317 -9.555316268498984 1.441399589946388 
-3.756652686315759 -1.3058693634751746 -9.774652531037873 -19.49020220998223 -27.250770906382293 -26.200212145502533 -13.797002555887016 -1.3858432262893978 0.7989323631708378 -3.7891872717304182 -0.1899056652605986 
3.5811118034180733 6.017522690980326 -11.820818177916484 -18.934654802945737 -14.479870256212838 -7.709613973720631 -1.1176629103913278 -1.0779570919896089 1.284076168247125 -2.3409212285718617 2.2411826421839502 
18.451559646618716 20.70336509444222 -0.5183280983818802 -11.998327630643004 -7.574930840362667 0.8730986977181778 1.398211451729183 -9.865083743153445 -9.967146631587628 -5.585145146689223 1.8860988120434365 
27.021615178050965 33.933270349618695 25.2486711797563 10.73697018672765 15.54482436121183 33.4131965681318 13.451780894382441 -15.518056061504918 -13.540625077943158 -6.143671843887907 -1.2089436308199428 
-5.570971849267538 -2.5401037055108606 7.005633924196941 3.1069424298455175 11.274945961479759 7.9097560393017385 -2.48331307453797 -6.977992767986747 -8.62936044078414 -5.236614813689418 -4.129517682145082 
-3.93364753398071 -6.206459317761482 11.199529125879671 9.307767716483907 0.31044321381472806 -12.982943373495495 -8.06954609097767 -11.48334317778951 -10.532516023068652 -9.08125980387538 -12.535417795986518 
-26.77101412560397 -28.779883722918967 -13.572092929877966 -9.594244292999731 -18.57314006609353 -36.71117000673145 -26.424897052052305 -13.274755934655335 -10.267114473838243 -10.462459184020183 -11.155622979728447 
-2.136351589900498 -5.16361787875746 -5.005781118531426 -11.870986935425016 -15.478089517327257 -27.335123541151944 -11.19447167641444 -10.334429090575284 -8.901338988956827 -2.806712058878837 -4.261919295651981 
13.702396307371952 17.567734982459573 17.71904136263279 2.2489966086270035 -6.4612543781900715 -1.196824198774932 -6.871945584498385 -7.211139086421012 -6.943540919172172 -4.328256086950738 -4.482514099496326 
9.068795346505157 7.646072098565083 13.105909008264206 8.787840713690088 3.6006933886659467 -1.1105146628443134 -4.389911638700278 7.828259337073408 4.17985357940414 2.7722045808676823 2.4500732563497736 
-18.914468064505208 -21.749588539551773 -11.905470828399734 -1.3400397772916604 1.485438770204949 -3.2921518504649083 -5.663076335119529 2.6651861022095984 -1.254702200686645 -2.552452492173751 -3.0022360929331673 
4.225920896680039 -0.2725937561816326 -8.663009397312662 -10.098947831403352 -9.143865407032203 -4.973150456790573 2.498913676870653 -1.0590054289872786 -5.29509216943184 -5.792303264572938 -5.254918251903776 
