-581.2562335746911 -586.9601390949364 -539.9142819911585 -444.3201591801235 -398.4196979697301 -297.4699017673335 -110.24107446546196 -45.98528709716569 -72.53574281285059 -192.33584872852958 -390.10533376646623 
35.496165368609965 26.113123116483656 3.5812783410519775 0.8862385149114714 9.1828063046647 45.108213121912144 48.62429894080132 49.005327017319935 59.80544506310618 85.45509078122913 121.84272895463579 
-14.662438143687028 -10.192555531899725 -3.183150183255988 -8.440144502274206 -14.673134215423701 -33.00211902361858 -41.309994963570524 -43.21597134540203 -35.7175706289267 -15.233796908955986 3.276546538380969 
-27.47502613861606 -17.932049174505575 -25.07109377137082 -21.216824028293274 -16.213115588807234 -20.698664189361395 -28.189679180543088 -39.23467687496843 -47.861050065282846 -51.032235195470456 -42.76914271721934 
-38.745465116315344 -37.96469085935404 -4.331419057390755 4.928534099797707 4.491842063964518 4.839370812522187 17.815228100254377 12.323659383910908 7.169840909292532 0.059704018708720025 -9.74538275972237 
-9.787170966768795 -13.437841863278305 -18.76274910950597 -8.993614714696285 -10.102419673229381 -25.025326344442313 -38.10878589084144 -35.07693484752696 -27.498727272330214 -9.282814472751006 -10.943923748109247 
12.139380239512523 10.44165259567668 1.303016078757707 -2.592994347818728 -7.601132726827597 5.404698059075997 17.49910318872547 9.08266818724704 -4.545180753664823 -17.132015308837378 -11.602279125303777 
12.472413464247186 10.808198650906261 -3.4383172989219757 -1.133569837588008 2.4509969461884533 -12.014084095724415 -18.172092394731642 -15.103536738745628 -14.091516326358455 -13.977875754067231 -18.742436564696902 
9.095531486952238 4.545216828831647 2.0475932267910286 4.719496398555545 3.4682424496390727 -20.344868311579773 -24.70349197917635 -32.677330330715776 -42.229387738991875 -40.53448949565684 -33.898782620218576 
17.863179132206774 14.042576198491721 0.7910785989501348 -8.247031332183155 -6.876871085290024 6.6123370228872 17.041165153690173 17.278468388656243 10.471502243633548 3.4488896517975576 3.9418495851136006 
-9.878338907193545 -13.083963504234717 -12.796178383067648 -19.665833978069287 -9.9304907939528 -27.370852745996153 -33.18168731574067 -26.741030599681963 -23.60382519292437 -24.28892862962384 -28.074559280324493 
-12.625655671531987 -15.027668405731013 -21.898663679358734 -18.458976260243663 -8.734989183322574 -20.196727866518025 -6.329886885107731 -2.6473062664147875 -2.953553490957898 -4.5880308770068385 -4.76827094012974 
-12.186479868358697 -11.966384474532344 -7.573708024131354 -0.36768049954630194 4.871431675790565 -5.427015926168142 -9.852190969304754 -6.195802985503077 0.9457241080457092 7.813667052379538 -1.0751859820447818 
-16.195021951116665 -15.907481916457172 -5.603068257713184 -6.899137811228078 -3.938803222492779 -10.581332313282523 -4.895657755018755 -6.34985086033256 -3.024643344493618 -4.176476249796021 -1.5300279578228508 
10.910513312575645 10.589777767696692 -3.798688734758124 -7.276584704440269 -4.0799975406434825 -7.526637810532986 -7.778059797464495 -7.125386354805727 -0.35153747652575373 8.404098856413608 -2.9989506459689235 
14.801601468161765 12.424509252988923 7.4153488102885685 7.481214941948866 5.173090111750689 9.422912033516361 3.0718558656743724 -8.055185452407065 -11.255111037512673 -9.87681601020419 -3.1238927231824816 
13.619451510037862 13.351049999251739 4.40706670129943 4.0618249433160445 7.217158415366259 17.02760311392805 12.929517868720731 5.051201356930873 3.2543718144308382 0.7778276266917934 -3.344353766828663 
-4.635472442902655 0.09776650995293318 7.074607865409973 0.7674358590842364 2.455271625279242 25.622358829679882 27.129096734952462 14.143344995887615 3.2751838866119622 0.18326329667754993 -1.588254309788477 
-6.699712729359993 -2.7653648042027283 -3.574143690174551 -6.187405466279859 -6.153492806666 28.21122357844231 37.56095081184958 31.29361943630965 13.993761216680452 -0.08560615077679137 8.455916838891081 
-9.62277150523299 -8.259802545913004 -6.05287790980424 -2.667179166862115 -3.4338858794580798 1.9522751060915815 22.68916992564354 38.59819024032406 34.783481705199534 16.50837291092845 16.47126370374888 
