-570.5918554055024 -552.8899735649317 -547.0688548095037 -523.492970083369 -431.5162511734416 -222.73136787387543 -62.28222178788528 -5.032347615191243 -37.989884049466596 -163.91733115969325 -361.89409272831114 
-28.197056943787366 -7.287172256423959 10.875684846038917 -31.482464704686254 -29.931396074536607 30.26968696239849 24.800903415586852 33.08385258975069 47.27013214336497 67.13156322010386 97.74360081331122 
27.565809903353376 34.01826064409728 35.29816681170007 30.297836939924608 0.5008784088173676 -42.18343798416687 -40.9967108918928 -45.013674272582264 -34.73787980898703 -11.733653767981899 -2.4647446703682134 
5.889704091169949 6.536459640637641 11.990081154167184 19.310654769555853 -5.44310598755451 -15.844130000966432 -15.731455107921693 -33.597275623619026 -49.51088090888585 -57.29166889595987 -45.513500615105514 
-3.4140415824169854 -15.811554652848146 -20.039395671511848 -35.66584856004264 -14.741201944756662 -2.2468761124287826 11.75621347494381 9.0922275507254 2.1210205850948394 -9.119903597116382 -10.412257098955166 
-6.244359761027102 -6.021754666838879 -9.001180782383306 -6.997134435455552 -10.01625117900895 -32.76011584724344 -33.31390011748523 -33.02804565340742 -28.99701641915486 -11.735952134956324 -16.498200689002157 
-9.518561299553582 -7.696832951229933 -5.874259267709341 -7.261878462537904 -5.607641821592862 6.945704167078725 15.063860487098065 5.61336999975479 -10.132310469866392 -17.081595011312373 -14.53373447082213 
-13.383273600132071 -7.524685203531238 -3.7603756199156413 -20.3381051481178 -16.39277526702287 -15.696966051794238 -15.239391635296915 -12.06253139397271 -13.511981145376371 -18.469355615265926 -24.589702523132182 
2.0166334858460626 -5.628948853353446 -14.186934323358315 -11.800757876748884 -4.391494156862699 -20.049854999268526 -22.80820517209173 -27.250707436011066 -34.930235037001914 -27.755836121640296 -14.59597092751575 
-8.798203554170462 -18.117529961269746 -18.265690969494877 -4.206592256231243 -2.4784964988131195 3.6441084425385575 14.17414602225423 17.46944693566817 8.947919837483045 -0.7424314913374777 4.17220628143763 
-26.26456703497368 -30.866481176108493 -27.162671480387047 -11.712169491919711 -4.100405382113458 -28.537910863151165 -29.84961597248035 -28.07255685938349 -26.708656004998964 -23.403691805244414 -29.734252645641114 
12.354132811722376 1.5148455587864307 -6.7536702514112825 -12.206734693297115 -7.198593296895426 -1.1135706931130556 2.1301449218174238 -0.25280990150962995 -6.154267087808403 -9.529012287893401 -3.50120063478068 
-2.6592664011627227 2.1359999403332823 7.025410679754197 17.809477441868452 13.992133909596223 1.5768192409483337 -3.6184710034449594 -2.9697386149527514 -0.9468085353918876 5.4402916698596435 -3.546117002436839 
-19.824605969411788 -12.182810959782366 -7.559615225340753 -7.072743216379897 -6.952041793268547 -11.44467272132544 -6.039993552647614 -5.040936085139478 -4.647717403735223 -5.260217595420662 -2.57073451100716 
1.9470175363844744 1.79289348680897 -1.716806065732897 2.1637811836935525 0.6916334089780722 -6.494256433716748 -12.411624522842622 -9.203891560668463 -1.1067070611933545 5.138305961411538 -1.2333586467333466 
9.12106095458223 8.892683915644586 9.546074753451666 19.346167440167584 15.27327661412943 -0.8493875237674061 -4.605092236144005 -10.82439391968348 -13.3115868871539 -10.86014561604789 -1.9828854363205914 
1.4824250980848896 -0.3455527805005527 -2.2598997981269675 -8.95649129727219 -5.488547381638818 -0.6856413657792444 1.3235461054802191 -3.907185027839998 -4.285778652730691 -3.0654119471495744 -6.155745893209449 
-3.3485321002571906 -6.408171546414176 -5.997831521589379 -2.9274358102770055 2.643799844231704 27.841440361814676 22.352010506107067 9.300619333612683 -0.4337009819141671 -0.030950590613293638 -5.258986071201431 
1.3093004557583063 5.061114079347249 10.302296321261917 6.891808497425396 2.921722438432951 23.155550833723687 36.86562733754248 25.47371511521337 7.85439803521692 -0.18309095812917386 7.086335141522267 
3.0194219607629154 4.0708340028654915 4.425982872906156 8.423167247203253 0.9057054062920881 20.68981315369768 29.32675069372236 28.671887770178586 17.626107653825102 5.769114211651526 11.928227584172308 
