-339.02924265051064 -342.8051645332353 -351.5307223042437 -349.0156308502206 -348.06613555200886 -348.17248773984073 -289.9053571312514 -241.84908838697254 -227.65320713112376 -229.79451797792416 0.0 
34.63968435142679 42.04395427143316 45.94521446601569 49.43035224434966 49.338222716475954 48.40881463410905 44.68884009710062 30.950999330266797 39.50919607442722 61.874519182700894 0.0 
-8.01664521842162 -14.470775814176683 -27.26836453854068 -24.683719640849997 -22.996584437348453 -23.23462275208097 -62.37322944581711 -77.97140489114207 -77.08116494965059 -65.24544090761006 0.0 
-13.045370041825732 -9.152933233447154 -5.02893287121713 -4.035889988332629 -2.0131089392190695 1.8580228615193644 16.349627414759546 20.353854388618238 12.788026357015713 -2.0171197838952315 0.0 
-8.467962024411875 -9.973356983636837 -13.325198048016503 -12.558004662223958 -11.754642159859667 -5.88569803737532 -1.4937081030194552 -5.694715531964228 -14.493613223260269 -24.05502957134209 0.0 
-9.641080592810003 -9.885321294671158 -6.799325434017194 -5.809238452395071 -8.077557197202584 -8.228618921996041 -24.405473627921843 -33.111094057072975 -34.551011467950914 -33.25712177510253 0.0 
1.7837673963797007 1.765726531398851 1.0647116856272445 3.681803303099075 1.8725191757970463 -3.2037131480927457 -6.252617460945924 -8.40488352638345 -11.41338044041462 -17.320309521836734 0.0 
14.82031212387007 13.003974766080457 14.188058655129932 18.727338933280897 18.118125496303534 12.91776756043668 4.063461898204157 -0.7202199335928279 -3.042986224828871 -6.7434607083061096 0.0 
12.39861518674078 13.037793811877105 12.511353228363337 16.271681376605702 20.13954426058138 21.242060448888207 17.140319896526016 17.264554367437732 17.668446594979134 19.657979441909745 0.0 
1.2690527173635362 1.8211743684553894 -2.1794117317970945 -2.7578087974791385 4.266598664269955 6.334657098506952 -8.06486114850484 -12.048604894554781 -10.323237721727654 -1.4498837860134786 0.0 
-2.1279182572899886 -0.47168327418243416 -0.34332993578565274 0.8387509076028847 4.9992940117941185 1.3590370747314113 -16.540276553501755 -22.856277133752656 -28.93062911857701 -19.533295644874222 0.0 
-1.650380357513028 2.57780436164326 3.7816406193007515 2.164134889378291 -0.006354561791654251 -0.37898185978524923 10.603995499303348 6.46844648051884 -4.9123343501578285 -2.6474950051871162 0.0 
6.478261852214976 10.630560275339326 12.750413808215782 9.450274914887896 5.921678520133321 5.912603257155551 11.035516902644602 10.171441929478267 0.3657810580064381 0.2669434474048349 0.0 
3.985768451587291 8.638366153900328 11.13438217009513 10.097908952218958 7.4976266045075945 8.87495756114365 7.516081751489182 7.955854894211725 2.287479879363464 -0.5933131783905076 0.0 
6.703574855682058 10.124463980052209 11.776587756308556 11.229200624473126 10.783841000905397 12.321381504795157 38.355925775304584 48.11051331814481 44.0454518258464 28.63453714996956 0.0 
19.229220988059197 18.7611443574859 14.604723921114248 9.684540949543933 12.512925474167456 13.054632933663566 22.497124610595154 27.583422705999205 32.71050110849602 29.08582226649642 0.0 
3.4840769175729145 2.18172523077326 4.529909803080206 8.707214562379589 9.33368390299998 8.289577980334665 1.8027601771459534 -1.4029583727149544 13.23551237772684 30.3191078579692 0.0 
5.466362420175704 1.3333027031446179 0.6630701173338585 2.2735523167025673 3.8027183462803302 1.428914402662003 3.2772765455972284 -1.040284124663149 -1.296712456472667 16.39801859148333 0.0 
-3.192798317418421 -2.7993100085986677 -3.3367311347822377 -1.201082551837379 0.08949600197326224 -3.5346354882365985 -8.17910895559204 -13.660347830018127 -22.086044677362494 -9.504066237275072 0.0 
4.976159324893521 2.2721581945339797 -4.120710783580073 -1.0342341960241332 1.2686334201716494 -1.8176948700896787 -2.637940810628489 -0.19501839225050577 -7.946116358539497 -9.913813870860183 0.0 
