-467.7886106333543 -465.86233981646507 -460.71988229179436 -462.84763478868297 -466.0556195471414 -410.4010041428358 -295.3054043914488 -253.5015896715385 -241.40050006071422 -256.3137807545638 -345.9195078708279 
20.277427327864665 15.971016062384727 16.401044159547354 19.865581213628737 21.979961095503313 22.614628288231714 19.846145150473006 7.292476712708907 -2.9088140600766152 25.293414728395092 73.37213404350857 
-18.80494573959508 -22.31761198236709 -25.52558830002223 -27.275874077057576 -24.0932246510354 -57.7542370569943 -80.90449027234048 -89.26596539852657 -86.91218150027612 -60.28780500641132 -28.451715997780262 
-7.517419003024034 -10.720485547322774 -14.154356181993903 -18.847934873152223 -16.921214059575902 -3.092846881790723 -2.831630468128284 7.923309135863253 4.36165730499465 -18.92603880788132 -38.46784895048121 
-8.581657146217044 -14.229853978429443 -22.531943566389998 -23.310809039488966 -21.297863384004852 -2.6294900524495937 6.468136627843682 -2.35159173705336 -23.78053421591834 -38.42792710351732 -28.3627020774889 
-8.40388589441939 -8.33545048931978 -12.313361095782273 -14.796408170128217 -15.967649906724874 -47.19309970931927 -70.99965350615396 -66.61942265949729 -54.069621450944 -44.950964126496245 -32.44058305703391 
-4.056579202081313 -6.7329425470679185 -13.098295729359478 -11.381567809485261 -13.51872836791675 -21.975718669141045 -20.413073553381345 -8.862709349496608 -14.164677473785279 -29.989007670997523 -31.087490634459883 
3.68258994535623 2.1125270832028713 -2.640683201488641 -6.5752621615553135 -7.604030324551633 -9.406568341964352 -22.440005371513998 -24.12424365813183 -17.47691899380251 -15.410737393816643 -3.2466345668501564 
-3.1359631873586746 -0.804193943607043 2.1037502602247535 -4.448266045225899 -5.870748797043398 -12.163056018014572 -12.406917831840708 -2.883579015885643 6.0660944793401335 8.353658972389422 7.419235870717243 
0.7376586161730452 -1.6861039158162117 -4.118945978505977 -7.124762329800808 -8.030516987022672 -10.642615407121028 -12.96180594821518 -15.168664056613668 -18.119307213407474 -22.475868636256713 -14.725896931295877 
2.9238642468731806 3.1241537389339036 2.8693958809030544 -4.045621158374196 -8.156095604162765 -6.798566090717847 -5.629656784546535 -9.283671118487508 -9.059354679631035 -5.172902788759476 0.5942682016390337 
1.9799804238148593 2.8880123158172033 4.017666387166132 -1.0945960830317338 -0.8309711898334278 -4.83191110332287 -9.500020584738728 -5.21830166767254 -3.4280340002010092 -4.148169180792144 -5.135469187337071 
1.2829576122608248 -1.6917235373785586 -0.9569145059319712 -2.3857409264454357 -2.7558877736768217 6.2795561737732255 5.547426673341494 -2.62045084867974 -7.8823283977044785 -9.726098892637141 -1.9222650235188345 
0.6540699545030804 -2.373282901036098 1.7945890675544995 -0.3008567922781662 -2.2624066268472234 0.8381157592334891 -8.429802176501958 -8.181803327213192 -5.674730232134053 -4.838055711253499 -3.4325137475986756 
2.3905577622494483 3.76227344112501 -0.7981373194409316 -4.263928877217901 2.091871065672863 -4.407417378985977 -9.403265238651066 -6.4710302910813535 -9.84469532489679 -5.597222134998329 -7.298171198314579 
0.5643870424946574 2.7658200063958067 5.401059682629187 6.591971120380116 7.838416734711135 0.8924249513210037 3.277756838666649 1.3343073818447908 0.17224020114351224 -1.6357714240271952 1.7030758382621298 
-3.485013067306216 1.3686039908640948 8.027509802816038 9.194853801044056 6.721117701729975 0.9601215023669436 -4.59910204741146 -11.416822874413334 -11.465753200098025 -7.452395534475292 -3.4623114319840935 
-0.29932116740041126 1.2444343690162878 4.336366842299245 3.598712999719304 1.5511866447790494 1.5429853590230322 1.1110683044274174 -1.9893871400491434 -1.582349525558708 1.3643793077619923 -0.08286386229206966 
11.140388028322057 7.274086072739391 7.856974433860787 6.185906688535944 3.648036965659811 3.0826448018274104 3.0293812846323864 1.0505123310168394 -2.911582038393788 -6.654155910864319 -6.68946448237295 
5.5229792673247164 3.21403555164728 3.9411729760079544 5.578630012892563 3.2429952938167683 -0.12111311754799955 4.519278262574238 2.2079771814438294 -1.74039350320762 -3.9627252969364517 -1.3652713365001903 
