-724.1529364945027 -719.5993936241734 -718.940735104093 -625.5505061525166 -257.5312328311503 -142.1878303792636 -97.66773678957621 -124.47138604023736 -206.7632279169116 -302.81093294530217 -405.9539326155082 
28.913289802635262 32.76684524161641 31.689718475045325 36.323479688989146 25.90769624292074 27.01639434920326 37.845729849793635 48.242140873835375 50.16123493708881 43.91571446835211 40.04450232975504 
2.3532774582157936 2.436736817704415 -0.5018802824182582 -81.30453558206916 -96.2237914317054 -97.01209078240512 -104.48295230337922 -94.1111546186635 -70.66168908195466 -73.91656265656121 -79.45553406740198 
-16.07991171310746 -16.04859034612051 -17.75649335693264 -4.697583669362165 0.3927507891852088 -0.5588470527985825 -6.80449506985422 -4.181032089929022 4.691070343696591 18.372027082589774 32.217086891212155 
-18.24570525759912 -16.746266890921753 -15.708306381958863 -0.7633743253936501 -4.318748341957245 -9.036703234897903 -21.504265950506174 -29.835744891486016 -30.841352390332496 -26.666347309232005 -14.11026131307099 
-13.170658433781256 -12.86811468880645 -8.593802666694858 -39.1490206271613 -42.67933289312933 -47.82453020684426 -51.86507132664879 -53.37779890199408 -52.46688316175516 -53.53613559668497 -52.74372115013562 
-10.589399694524491 -12.928557998888135 -8.315352284393109 -2.0674082672634744 11.000633696250832 7.314937327884591 2.051590544231474 -5.076506101640239 -8.942298663388742 -18.37997947792411 -9.196301436315325 
-9.731215324841045 -12.853811399701714 -10.78369113629225 10.943352183951934 11.611132844578844 13.819324842244296 12.147249917627573 6.236264500392458 -2.574744787390469 -0.5671070276687957 -7.296028571307095 
-5.489970778891677 -7.969085491034119 -7.851224545593757 -3.0899192009724774 -3.157927927126764 0.9964161473826865 1.7414586681748598 0.29681864991872364 -5.1893067949023575 -11.857718342423889 -18.835206035359057 
1.9109421487262734 -0.5213186166755546 -2.9391044307667973 -8.510624645326821 1.0790974509302342 -0.19970374330257884 -0.12510008878567852 0.811658163942529 9.670366411059387 7.698570425209033 -2.638163858714031 
7.889686467965602 5.319677116815304 1.0866406410327785 -9.33458918552137 -17.659589821984802 -14.96242555523662 -13.571223669373051 -14.157914826768671 -13.322219745075271 -17.916998711041725 -16.57337622138569 
9.895634110149022 8.271730332831174 5.407980363102293 9.000439333607387 14.746354356975182 13.17489579664455 13.832255957936818 16.785952699499227 17.18371883757131 25.193273598505357 28.53093792809951 
8.306988745062288 8.164537528820542 6.216748713824494 8.426586430865488 0.9177950934833236 3.9821282781815954 5.883925286848613 7.189629740876017 8.439088673133028 8.870461994768252 10.673014660276271 
3.5151317067440946 4.3236816770235835 2.5740302495308733 -7.240660003129541 1.548733913831613 0.9287535843415786 -2.6716995566662476 -5.172892954964286 -1.5917306761023262 -0.2508475611829911 -2.0785279034702486 
-3.3733788138415477 -1.6673022019408101 -1.4279428028279586 0.5078886772367862 -0.7424133035966843 1.7479790412936291 4.423848515140721 6.721874708942616 6.1987316895437825 0.9805529840896345 0.24815433928957098 
-8.232582520628949 -4.673165698683151 -2.16638956279806 4.193220359398024 1.075833303919728 6.047243044370797 6.128010585808948 7.5121558774040675 9.247978732064167 8.674038200299549 6.753840863765516 
-6.876915149451428 -1.4837501509259692 2.0914218891251473 -7.306660089891859 -19.067423934636924 -16.784949319727815 -14.747815290815609 -9.49650570145541 -5.437188820496351 -1.6688342858770042 -2.3992627318829616 
-0.628416440855484 3.616800823701918 5.149723735542032 -6.200855263246186 -13.167075130863543 -15.855971292327444 -16.62252254581183 -11.353797491788745 -2.933931545652448 -6.927820369767997 -8.122818320264841 
4.552202007164087 3.644879783370208 1.6250018594231819 -3.036566251130642 -0.2862974842534951 -4.406706068769227 -7.745565766825077 -8.350285802631138 -5.180505299001691 -3.479809257509845 -2.8540362885567654 
5.104008294709238 -0.9731838826937839 -2.1873011473529567 3.170963013441522 12.890753304368296 9.310624228778384 2.0697975625605443 -0.8148625258673452 -0.8013126311859587 -6.9668680172451545 -5.235797794017204 
