-358.36428172588734 -236.62285334682764 -182.6389854072089 -171.48207949769701 -170.03285516378008 -204.4878631278655 -290.57883783977417 -346.67357814639894 -360.83165964216306 -354.27784624482456 -335.1766073583284 
95.29744557522449 103.76180572078373 105.34098763916315 88.90365242092838 84.65755548367625 111.41329388539518 132.95337733001452 111.12601654027429 103.96027748385961 93.73870737520627 74.85762363686192 
-4.151488186655121 -85.31473968139852 -115.31015488262472 -111.99624873723882 -94.07769964844506 -68.67182228906003 -22.898868280088223 0.3676419420050497 2.9910218998011846 10.525508419184886 33.93062656318568 
18.569782651229644 29.478548939650597 38.10500723955738 39.749515177779635 28.39224808950179 11.587363600873331 0.42330434276294737 17.527397518213526 14.898523856793787 14.305260106287687 21.904265995146336 
-2.6162148770189635 -20.46605576147794 -27.18445616632008 -26.674647221716047 -25.33380461401312 -18.419324813546318 -6.972049649991154 5.096921872132217 9.369794062145344 4.780425013269436 4.816192610728997 
3.363229551400843 -15.940781193436626 -22.239489178918404 -13.373820645671746 -9.783372920723991 -12.120302464500355 -5.562235361563095 0.47383868427953707 8.803217623185853 12.678412255446965 17.68518097302481 
14.609545519855285 20.47785830221155 21.97542468707521 19.556292642402155 18.44404918268294 12.180371581122198 2.2904093339291665 1.3599653111488004 3.5004381718083106 1.1014471948802302 -5.959038442313462 
5.723984946988089 -15.432163677149852 -26.673477637175978 -23.6001838456011 -10.021768183308446 -2.5983265328174383 -4.200359835629767 0.3481671226683436 2.9673419047131344 -1.5215230071016856 -8.260214198207198 
11.100282988749594 5.756630591514609 2.1849148665908293 -7.022272632231125 -9.736757848816683 -10.748557964892647 -2.928635544571949 0.15118887598406516 3.6985736357011856 3.40695120598156 5.276092098026879 
7.821367336504452 20.501617528922736 15.554001665008583 -4.79181233638009 -12.300116065664465 -3.5529424733292876 4.024986033478774 4.384346875088595 3.2418083816895673 -8.790119061729957 -20.935056086567364 
3.6289581727188005 26.375053084537978 29.694840069663137 20.613224037761597 -1.641827843193957 -6.2734718682937105 -3.3288455973625295 3.425801121419031 4.756473995510515 7.882965787825376 12.521544168073458 
4.141672057751294 36.81402930061357 50.785307635905724 44.06647964168804 16.682187365033336 3.3570667173372404 -5.357229135925191 2.7167189187926657 5.106708628608432 -2.8392073109087654 -10.769895725153804 
-6.171136030183701 -1.7249512364248847 14.15807917154892 38.060339544104735 29.597834717054234 16.37596925651453 4.204395192516287 4.0843802424199485 3.6549925759569497 4.222883739221641 1.5961203689456678 
-3.168294717498303 -16.638337319270775 -10.11727811483424 15.539086018698736 37.81038973638836 24.046410626515957 8.224524587171716 0.8214205974061771 -0.670412641137109 5.3715060641451355 1.9102196412812555 
-1.4767184804841924 -14.597035209089888 -19.157204870119312 -6.308161335831815 30.49337842989475 40.28632992197606 28.275391693688952 5.932823744690715 -1.3474949406211798 -0.644537755431475 -0.5233188777804578 
-4.113486756890088 -12.31972386040762 -21.408837410347754 -27.244458155532982 -6.123811820295051 18.354774945095045 29.806762777499713 10.550664223869752 -2.0989057876922175 0.7914018708847078 5.333534854453115 
2.143734529208615 3.727867260174243 4.644656063769112 -14.24655142910503 -21.77981773589387 -4.251279783746863 13.186127692571658 8.093034825413884 2.7025401582993087 1.9497075100330243 6.631251520135148 
-1.954280035771502 -5.722212776923237 0.30070158281392095 1.372527237759419 -7.46969416498664 -9.875907889880462 -4.441229591226886 2.6020281719472615 -0.2810635041199604 0.9518809013706995 -0.4274631152016557 
-1.1616915258167118 -7.583271301351033 -9.944602485508415 0.6885117530680431 9.520745495899142 0.31086731700444226 -9.512102647820768 0.29706321440409944 -0.22691237342638648 1.8706323816144197 2.376086090229605 
4.288750076605565 7.477389899947914 -1.7524249477822798 -2.5312528950521918 5.255289643306721 13.3202248426322 -2.6328442985340237 -5.183406706342369 -2.5086631760017277 -0.99987394239281 -0.6738603751226269 
