-314.81027014472795 -322.7145061803298 -340.52326343479245 -346.9031946039802 -221.85009558031396 -140.6021923957868 -143.0940308749564 -184.30663175186774 -194.3948304560819 -243.299198334981 -325.3354350574354 
111.75897193719072 117.04098761731235 123.64001619013595 123.85909989033277 122.50408620812638 110.90718410150524 97.39095152940138 88.88843792474968 113.73062575332746 138.83350770244274 132.5923637512633 
45.294960518941494 30.080270990803484 18.900124934257605 21.100396925959544 -63.679297727462625 -94.31689389759299 -91.35415578983913 -70.84120762575793 -51.24768150409082 -26.48347031126538 13.230734689547607 
25.843825851006024 27.216908229385613 31.553646966680603 30.19850678090541 55.38368571195441 55.182147312404 60.804517042531174 65.27527246457362 28.22776457267515 14.66720264735867 31.69151088420277 
7.153859104026427 13.237723948113338 16.618398219015532 16.984899514477917 -4.310524399447777 -16.563190145355847 -16.074879756634427 -10.912309425623572 -13.938917968797618 -5.290802204345912 10.697492786052306 
7.8629016391401265 8.309260105062892 6.8990298488887305 12.119439125516342 -8.32046492866272 -15.578955434065772 -11.451786223029572 4.808072684081661 5.375964964353297 5.74114061577877 7.8027956887215515 
0.7955872362533323 -0.9925584845357186 2.0944646634862525 4.37796464086944 22.221638847765306 24.41324154466901 22.266430888280645 22.19720541744661 14.692109939409391 6.036502297965331 5.493246075420842 
12.238037605001772 7.519340090228221 2.30700824363027 0.5307392519632371 -16.853797518423818 -25.233221805655855 -30.424244153811628 -26.765370891663586 -18.96510445665413 -17.327099557193435 -12.430190403494414 
-3.9194503032742403 -3.590703979083094 -1.6944236111816546 -2.808121491345673 1.4453927474582344 5.982568066375589 0.6309003633346157 -7.847633831885787 -11.969259008580256 -12.237694059436887 -10.02071665822206 
-7.639056581891287 -5.976667618587506 -2.769635777059241 1.1116737058896295 11.720379423895 7.524560341341119 0.23949254232841144 -7.0502335512884535 0.7860522851929925 0.24945634126946759 -1.2427362121813106 
-2.6434829042822745 0.2323466718425119 -0.8378913176790582 0.8664292116076657 -5.040881601458807 -3.5187452350140127 -6.312566275536619 -8.695087982079214 -1.957246466688766 -2.1528885441278507 -4.393998415954263 
-13.990494914597488 -9.122055733514918 -2.437395764634142 -1.750581128267408 18.837753797499992 23.945229369728885 20.912359552950953 12.761411673318978 10.144504770262248 9.906950470558023 5.982085872491339 
4.60988912182679 0.4420726443762081 -5.637805912677685 -6.094023990151512 -2.456481635150978 2.282713398951321 6.515731319655114 13.224828138502096 18.449594230485427 16.268161708495327 7.113012795362375 
-4.949706886701896 -5.425812966365236 -4.570366402972912 -2.8688870883329596 -11.818024312067537 -6.085391839666704 4.447473217554332 8.777096388720159 9.275769628995253 10.222978583009269 1.8709435338604026 
8.930547950851645 4.775507691504181 -2.7868771349136474 -3.007739104131793 -0.274716709916348 2.0464506659616637 5.6798224975897345 12.503800975692947 12.55180882839387 11.93312828103563 3.408289468927739 
-2.1466741437190104 -1.158602031427929 -1.6061644696647064 -1.4111916376901164 -12.268298767789211 -19.6726668102005 -24.466337758712267 -23.002039504036834 -16.689623204729905 -11.117676472625117 -4.199196540954879 
-3.726034285215277 -1.8623022829685834 -3.0551269952229365 -0.1521223317362037 -0.4425959596463661 -6.039296386313325 -14.086342337044712 -19.313250985031388 -16.91396475242449 -15.909612009947516 -4.99166148834883 
-0.3461692286668945 0.9109065039424498 -1.2662718362001846 -0.9591123009803788 6.2316304383658085 3.491096728022273 3.8928615191417006 0.4894259392963485 -6.718688213422226 -9.577271987882451 -5.012979063417024 
-2.14545779056843 -1.8552299851634617 -1.8272226226780894 -3.8473200698572003 -0.9234938658437268 2.676671654252076 8.177808637919895 6.555756587490629 -0.2822675152214976 -1.545108305966731 -1.2957230404811542 
-1.3939479977064484 0.8815973078494787 -0.6583940369440149 -1.7188865712546968 4.336904116500737 -1.9316817759808134 -7.536744895520229 -9.412661668048784 -4.47016442891586 0.7069539462916745 -1.9513278062610047 
