-495.94937119407325 -495.88363139825304 -499.3221172001661 -389.046816471605 -229.5123144782109 -184.55446377272767 -175.1760812299544 -176.73202334045533 -217.51873670071737 -308.02253646056863 -364.42720825824676 
94.12961128601674 87.1815669044349 81.20272008139776 86.50311897392902 61.72703833218644 39.14061490753544 31.969072590066332 33.97743961899591 47.330799426412185 91.326751870767 90.5458772204864 
21.19766008007652 16.455261441006094 10.639419303056247 -55.34734976800623 -79.94050332878975 -87.48155782930218 -88.07664418945217 -70.2530634331722 -54.476196365616154 -19.399436007952378 3.439920203744979 
28.817431316202637 27.91422404105192 19.99171717815723 14.525594198163738 -0.14828065261742995 4.183582139942262 20.446714211734076 23.10126028314513 11.247199930929739 -13.214065338016121 13.046613393363096 
6.238919508201195 1.1891402439174095 -1.651177526313304 27.808854776379192 24.374207744154717 26.771582682086123 17.52459226742875 -9.546449560249041 -14.950854853287137 -1.697820864491669 -5.799072469722273 
1.606126698481713 -1.0664184684079698 0.687620315851527 -27.479761547163996 -46.75350421407096 -48.0583867046058 -43.90900526996905 -29.18971802467887 -15.603022059821148 -3.9228352368393304 4.648744625528703 
-5.777160626648341 -2.089103453333983 -1.3845802603207193 2.340835137033502 2.567394263463268 1.4723006671247292 3.6458757459341498 7.652189451524367 9.081548594747733 5.246138932914972 -1.250348968962266 
3.4225838740569605 7.996148888987394 9.787649257740593 16.609787086135874 7.1340591388822485 6.60596810046294 -3.08701191076599 -11.779736742645756 -13.028843894500625 5.473011792669579 12.281885276488941 
-0.8196148130501517 4.515746516469504 6.801452926120524 -1.491615160203089 -8.321721905187045 -10.433258004232691 -7.4113059725556845 -1.3332287688866278 6.437519057318779 3.825276664640044 -2.5166060080974417 
5.387383639316928 5.412135474312464 6.278408976010301 -9.606306813516689 -9.866366832298873 -10.872769772863974 -10.223498766344218 -12.898291299132637 -20.01339240087681 -23.2377689224028 -19.38250353919748 
8.17790225268425 5.584984787624068 2.0512719777327995 0.5444069549730884 -9.088091610333162 -8.265752054852282 -12.804369171910476 -19.541276400443962 -18.173444511243765 -3.428394188738542 -3.111561613217238 
7.678500794043218 8.075401130049945 6.022801963960765 -0.3419903213486375 -2.8483420702478766 -1.9576999494912575 4.249174574158261 11.59169155956106 11.322083336151483 -9.118131160274348 -5.197659333114996 
7.693032185312669 8.011309724593515 5.840368416624736 4.063611381031064 -0.4462225586386302 -1.814799612067515 -1.6171789447578888 -5.257220115175887 -6.379281978347469 -0.49414962943477647 0.23493263668118963 
8.007404387723287 5.601415362151608 3.897606878674918 3.9707980530617637 -0.13068714183482416 -3.3208415912247546 -7.048668886705143 -7.121783149956531 -6.143066699037025 -4.878094929598085 -7.356893352734847 
3.5330226315146422 2.950831635011894 5.117141179423901 -6.053535476384717 -16.254266988825904 -16.28843421781221 -13.24146959250951 -13.700931036326574 -9.296539878457995 -10.114180871872732 -7.130639125365963 
-1.3423663380840496 1.5045444580176437 6.353462182380455 1.3610764738522974 -2.708651179190873 -4.5964667057576545 -4.4800919201576495 -1.009106731274048 1.9693013025963728 3.993882350740417 7.041237605839819 
-1.6272367012803146 -0.4640581371376953 2.0592154918429477 8.26834297443305 -1.4742893828430261 -4.88996276633393 -7.4847783022060455 -8.257931530212465 -7.144521684312019 -4.671703711164849 -5.398754737884829 
2.2272784403982135 4.020713291883454 3.5274485326384384 1.8113502233458618 -5.667419079479696 -7.009579941130336 -5.642768489453998 -1.226131697758645 0.69950423158019 -1.1064152534892122 -1.7248441754226658 
7.536582730980383 7.278725385230524 8.933372680505062 -6.670687025288169 -14.48919510898238 -16.961045669010176 -21.890417136626844 -11.947499907810922 -3.0935184814627927 -1.1890976873550896 -2.294520907277362 
3.55450332112006 7.0073897817777056 8.233582403602288 11.940679630086501 9.917906778269554 8.707928342510183 -1.4809520458519025 -5.952969309487365 -2.008374695866026 4.039518446035954 7.6326258061914185 
