-387.8950645959104 -166.38673606637937 -56.62358338137825 -48.24584752948665 -96.15806152310306 -219.74646927292474 -441.71645335192636 -618.7537439705538 -656.2129084379005 -680.512006316047 -685.1929295693736 
-12.47008846586914 -17.852647323003 -32.35323323255786 -37.79670690719153 -20.302841198097827 23.338408910358435 76.68006986264245 43.33885116093387 29.407240616716102 11.417127585040737 7.337271396961215 
8.753535943814533 -58.92872161084084 -58.84777452690123 -55.873665706669875 -46.9249940118268 -25.99477568632511 -12.310447702358665 -16.17761151358696 -6.087037810509052 -0.32607705861989533 0.8335710816461238 
1.0454677015962928 3.361688967671351 7.698285656248654 9.387680103906154 -2.3371943519845297 -16.621559844701046 -21.687103722348873 -18.502520412613777 -19.584595422375514 -9.349391335596867 -4.266849969287642 
-19.381746308028198 -12.611808123289254 -10.298343441771777 -12.69790896267523 -25.438832630655696 -35.383388518126694 -40.56657709147723 -21.872157917069565 -18.80428106557703 -11.175691162985984 -5.406590795715326 
-2.690877617797386 -48.311446658250574 -51.61914355834003 -49.15582071518199 -41.449533083723495 -27.52716373590956 -22.24757747600907 -18.496140114438628 -16.228961375481507 -6.761535350654375 -3.9038423333773045 
7.480729008155002 7.493780077147093 12.953024788262379 14.288096356748284 9.28006506548307 -1.0911534469889432 -4.919596876368026 -14.823184009612358 -9.477330803333468 0.132275877436261 -2.262711983295582 
6.68252797855414 1.3743542713035948 3.29574470153017 4.302912025273887 1.6538694039383177 0.6744037422714958 -2.2230126055257617 -13.441389502977527 -1.8290431539738223 4.366104903579295 -1.2661269615868893 
2.558923260046625 0.21238301156087158 -1.5537417982198374 0.6208663261592058 5.715909407485272 7.120134280897168 -7.540066984259832 -11.20146133038903 1.5467886251042793 2.921147955740464 -0.21808902418642662 
-5.074456947415986 -10.571732626698413 -13.577130981102801 -15.323621463428555 -17.37397618542716 -20.21639295131285 -14.026440992121271 3.947946692281547 3.624934393884194 -1.2599708819293838 0.9882326546915015 
10.552207425212321 -7.500687810292472 -9.160965230193044 -8.431387690018623 -4.161989605782638 1.1827590546845181 -1.7293437759794288 6.046170761647478 6.017154609704764 -2.684154468737907 1.3806452229149357 
0.924404402511678 2.4412895556838334 1.5727671337784472 -1.0231437217052384 -5.652646480761232 -9.066931082435342 -13.084392094746327 -2.4580012149753028 4.728185638523077 -0.38454700828593213 0.5066523238217235 
-9.133120457757656 -15.050833328768153 -13.533637833657409 -11.78319409731402 -8.317014294198742 -4.277223749009457 -0.33783703131064013 -0.8188545125781224 0.4735030229486361 2.3303235327452096 -0.565750805376392 
5.296449761241911 -9.010579786954064 -7.71512366100592 -6.632609302182803 -6.907256463846237 -7.3506739321301 -0.5649263690167179 -5.857185777575666 0.7065226289226403 3.4682447502220928 -0.4750142657339207 
1.3437334074532925 -2.0566335410567413 -1.1388878733410406 -3.9871399267654954 -12.92104618505411 -13.732622510912279 -8.962444970900766 3.59038975924948 4.531188251627693 3.200373665103136 0.7403251575590586 
-2.1277504549280355 -10.209101388343921 -6.891609433699561 -5.294000636795847 -10.600341033776042 -11.16056001851312 0.19128409328484075 7.524597513527115 2.411287213165701 1.4087355867627107 1.8540451433721241 
1.6013247996113038 9.90575462694898 6.670395976660851 0.642070452111379 -8.579104869725851 -5.676606117242482 -3.0375017636450385 -0.2983114376789182 -4.184085200155431 -1.250728698123972 2.0670522800634092 
0.8126731714047154 27.018900545611974 26.789794466793516 23.287166920370787 16.255448065439445 13.6123875638929 12.929163577710971 -1.7441109057546993 -5.54080328891517 -2.3708287366812755 1.603480207067228 
4.140169686399831 26.102521427923683 31.731301189053337 35.48859349778962 35.16744148031884 30.589703492006297 17.663655209453456 -3.4715359349256216 -0.7516003097273607 -1.3223153550796904 0.6937884616963479 
-4.261938137374078 16.95101001472136 27.108166421265665 33.87181976066553 36.711042579382294 34.39459283628747 27.95849174716509 7.768616286039278 4.224495668521438 -0.6698850720727481 -1.0393481271888065 
