-271.5440933328231 -151.76946628772112 -94.88219259745227 -117.00548777587284 -225.92254749038068 -403.7645229530953 -466.63657752050756 -516.0443505343216 -534.513284630327 -533.77693931437 -538.9803097346485 
-28.733478671943374 -42.67333340245452 -31.818817793159674 -21.409104484526168 6.813380103843535 66.52635873212147 36.27611481925699 41.10767914474994 46.31764396216226 53.106742688025875 57.44885623379919 
-57.85183785732421 -67.46899210689529 -61.695841668020705 -50.217142112860245 -30.20070828038837 5.104485302309592 1.2629505321989578 2.873628914552275 5.031977368275786 11.546299380416725 12.577921286585738 
9.17481473265169 2.480633788547201 5.076271910411341 11.712531073723323 5.905067973651796 -10.176913583072743 1.199384679329719 8.91278926661764 14.43257005636428 17.318363444458342 16.226785026722524 
-12.81479557185272 -19.76636168436388 -29.196133023074804 -30.138228486714944 -20.386448944818934 -15.56857290304604 -2.027173998432178 9.588680613654407 6.486985261650321 10.540437597963399 8.493676555484377 
-28.26368621297739 -34.29132837029309 -40.777774540564664 -33.90619505801201 -13.731438737260731 -13.221895271961301 0.41266985484242424 -1.0593149535722097 -1.3612181296041281 -2.4602030400993695 0.05616858266412364 
3.9976955257417104 -3.081376906334158 -16.96484589953491 -25.299071736289445 -17.622526659206194 3.291263823613116 1.5569438588223647 -4.0627739841051485 1.3223527989919333 0.1800105298845287 2.4280044092900455 
6.404343807066729 -1.764318167499602 -14.114684109926092 -21.76341907608965 -9.495360144372103 -4.308215707617137 -0.3410108551293961 1.4372228868658394 -1.2006266439647795 -1.6073034589463235 -1.6826384652453403 
-1.6561285873325708 -2.3795486288685535 -3.3050673745724737 -9.0460549186052 -6.906051764353535 -15.911329668770346 -11.61387566621385 -2.52623337995096 -4.505795354793428 -5.630658955695921 -5.167970803990222 
1.6518168153962094 -0.9395520834463313 -2.8654473528744893 -13.25974668417797 -25.725846942045997 -8.091112103302379 4.823350720883968 1.295487824066549 -5.767595242800264 -4.519366253638506 -0.309278737835733 
-21.223642277527528 -23.35842087297126 -14.527881828968138 -2.9561931085287334 4.7256570453750895 -5.04795419755629 -11.277250739982978 -12.20731354866037 -6.57556459840652 -1.860992517805692 3.211766627596688 
12.262208746136281 5.77426557397256 7.525162436916318 12.286058033180213 10.989977665689462 -2.693957134503136 0.8533574528373977 1.7201615682742677 -2.4709298452519217 -2.0771239874524334 -0.4320361278732501 
-17.837642300365147 -27.930082273019014 -32.62171744683137 -23.96356730517988 -7.384220254180635 -0.2851040199663113 -0.5664468351390558 -6.878520551885782 -4.3250177180467935 -4.888348482168913 -8.290489633412678 
7.428467871657498 0.02771938991529832 -10.158784202323321 -12.33589457286276 -1.0700894939117551 -5.838457763963284 -0.6318432599041919 -2.8137428052730358 -3.301024308506126 -3.6532233557277083 -9.744367160753516 
21.827013603126105 18.339592018232175 -0.5567770966863352 -14.982669001173583 -15.325218319499664 -2.636207417467208 -1.1815760033324656 -1.4311832660366273 -3.7633429359115214 -4.207693425517485 -11.63949273032934 
28.55558371777345 30.41480140721289 11.54008159218747 -4.926490454233287 -10.518863511703877 -4.11365822235803 5.525654160815435 0.47546186803472557 -4.578416082081235 -2.9278935726960134 -0.9702073951527934 
12.653068893752096 28.641006221658625 20.462057229632673 5.516616984960567 -8.31071814565744 -8.855022756910206 -4.2004354374694515 1.9845878955831873 1.0086951935124941 -3.356322633363235 -3.6791621519511684 
1.10826166982402 24.079613191766057 24.720381479479865 11.320971513045826 -10.070092424598187 -5.52602802799044 -2.7645269200947835 0.7405087335220656 0.16490586239445004 -1.3657457441619227 -4.771901538057265 
-28.39549271025974 -10.145095983723909 7.814755924869051 13.575512515684782 0.9349844453064184 -0.03857530142559962 -0.707358614427436 -2.05791109282582 -3.490780669216499 -2.8205212516137523 -3.794080709567211 
-23.650439192414463 -20.069614049046123 -5.446022477847739 -0.028547631058116946 -7.046669273398296 -4.260981225995252 -6.294604207676921 -4.389731357949924 -2.8599475507483105 -1.9377446896466355 -3.062554512331137 
