-378.0891562699411 -204.9171900400016 -111.46625629981314 -92.96310079036263 -147.99691444639882 -223.6496777822352 -285.7421448666255 -329.2088425130897 -346.56069348676664 -340.2486994035195 -359.3327675488468 
48.59444037410785 98.32209645048445 111.72264772049556 102.97336463568864 109.16324736425739 134.63350988606578 122.70570171058145 105.89905009854762 87.597074047674 92.16969157165367 94.90751657075215 
42.037512990759595 -81.68502601626423 -105.7632939971227 -92.72754354139511 -56.52833732410832 -23.089807186599444 9.393478068702231 12.815400015123434 2.4416253611961167 15.972826194216642 23.656235880516974 
51.25878830274826 24.538962883001318 32.22286820318371 27.268851059586815 10.524993104176952 4.662339378107548 21.8715205565355 25.596378775053996 20.487485327349702 39.002674947613244 44.06091425684528 
-7.027856540734998 17.05948192162445 15.153776746876012 4.37775499367333 -13.406507194692963 -22.967654461365697 -36.37627628443457 -30.292304824023294 -8.257351160965044 2.770418615451862 3.5309744868729216 
-3.6596180416623083 -0.26879715265322934 -15.929170839056388 -12.190014331548376 -2.9954712215020276 -3.1020548385667377 -17.00506061807988 -15.643358295900526 -1.9902184960110905 -2.382674126852143 -12.316869217804399 
-22.951415347899413 -18.816067806536918 -1.719838199967562 -2.068543467352619 -13.14247208927122 -16.13335239905536 -16.831568134534148 -14.760626490321208 -18.326562461822405 -19.45478740134337 -11.97187613654411 
16.350247123579578 -10.808372809216689 -31.946406415393355 -35.99048594588113 -27.651888948172868 -19.38079840234235 -18.230792015544026 -9.113107390505713 -4.102073559632013 -10.860122359040354 -7.333022928097514 
-18.1922913046921 -40.98882426253991 -23.7723912457156 -9.627436683268341 -4.4423377779377216 -13.618837048410144 -11.223454634734143 -7.41909576388903 -6.452005921423057 -14.172542132592035 -21.656121481848135 
15.13265692027857 24.200217563823543 4.91747278181312 -11.152151657101932 -13.031363095840788 -9.383829529912703 -7.807571069410297 -8.080683741287237 -10.2100925652278 -16.100237712765555 -10.912945860422901 
-15.44865774423329 -12.928613444883936 -15.486133243843739 -20.316622107734126 -16.603679893901887 -13.224681492505304 -13.931191610297464 0.26831988871438184 0.33534977901403806 -9.047550750362166 -9.715421755376848 
-8.499988592601559 17.38615990165525 12.99982894274265 -4.2052044742484025 -13.635934211071536 -13.601297075922261 -11.863646991989706 -3.1317457755167433 -5.842429428531794 -9.666081780874839 -12.129745135241592 
-18.201328190019368 25.463389050389807 36.826533258992484 31.340421217995505 11.888602819479251 12.794176845686128 9.851409339895145 0.8668739758681054 -5.963847526360853 -3.6027628709896558 2.932708075249012 
0.4494551841132309 -4.89089427658185 4.986153832852416 18.937868360317253 18.426097390083402 22.055542331874868 22.641137711964106 1.3914302199891317 -0.44484224458239763 -2.9926295346709715 -5.880698646124328 
-6.838470014512536 -30.329743725836792 -21.439101869964666 -8.725234819400686 13.277861894213274 11.354115544162273 8.946334083295572 5.053740117336259 1.364347789808279 -8.692556870142813 -9.258902234189245 
-8.944479072381295 -17.931648977160197 -15.490014389125765 -9.188218232915357 -2.0044427827460525 -5.165153158945775 -11.685423922438526 3.5855096008570992 -0.8458006267126825 -3.284336359971933 -4.793101270669219 
14.511408526154675 7.309972788568015 -10.783066919006043 -23.092446829037108 -33.66859617528422 -27.580700748449985 -11.57427171599901 -0.3993607707026018 1.6587155424003868 -0.517586394546333 -3.5352687290851117 
-12.769038694852451 1.4044328655196479 8.883443249013443 -0.47123149575860257 -13.541007394041856 -10.533132003432069 -3.1686247211005436 1.7437014028541387 -1.6439158950936532 -3.97352160002754 -4.56112230908659 
4.669385188371644 4.408526917992075 2.7595392162871724 12.330588569298005 22.582079413614526 14.647367448882026 1.3806843534634634 1.4069393076771286 0.41889783050332563 -0.0998065368325658 0.9871225899920919 
-2.117144623251595 -18.007890701082907 -14.204035080724578 -11.61161611512536 0.8669014377959978 6.768664852618893 -1.630705346253504 -5.299885700728305 -0.9921727774848718 -5.0217638479998215 1.3514378162061402 
