-432.04604590057386 -283.68701403435045 -199.94198250588525 -169.12299302104347 -220.18375087234693 -367.31700467364925 -468.39133569675744 -501.0515892939047 -507.49068159330767 -517.9164341054708 -521.034449246926 
74.39291730621532 37.26968822238276 -1.263729758160732 9.472078213641533 41.757752130979696 111.071761880847 91.32250801884072 57.35152985036281 53.25216288217919 41.14165258515479 41.6236988848556 
-36.30482040558118 -35.55829813036377 -34.07707383298308 -23.593231347908095 -1.3314878310152232 24.473286833250306 4.339875664153677 -21.04855813140814 -21.106773994247952 -30.745884290193473 -31.731764628418254 
21.64299913919531 20.0990049053351 20.972739498003875 1.0138970776553453 -20.11528179630244 -10.244586140635 32.61090261188087 21.1776920544312 13.999139462406374 8.740385533067734 3.777855605798913 
6.515463584076512 17.624270282485945 -5.636763127174299 -22.815138122804463 -21.28573039364653 -11.217656265164017 4.167939195503179 6.885597720013328 -2.162393046697279 -19.17613730087055 -36.61965770925757 
-44.81434496744313 -59.0415416706539 -38.456576677344735 -26.844522174424654 -14.526028749081531 -16.48627668975474 -0.9962866700983121 2.5225481324546113 -1.4774476944940396 -14.123588708419593 -19.77903945422476 
-6.656349898917245 6.4403480359812395 -2.706738201239395 -16.489580090364566 -26.68607669893194 -0.285611390803991 12.659314731748726 15.4336605383002 22.598035424933126 16.005919751056272 9.776195660852375 
-15.254441474714424 -24.95272845983952 -21.02916986303213 -13.346669516388886 -8.647470590813658 -6.389908143649141 2.0078739966804484 7.454142267367336 4.848446050297744 -5.206973767159095 -8.427277178217466 
-9.516126514668338 -7.198528819906763 4.226172171446592 8.16358427591167 5.533766441443141 -7.397956459712692 -14.703847315273533 -12.864836860646104 -13.667159295529853 -16.17604001977046 -13.66894407083567 
-13.465212814117272 -11.258837479766623 -16.27093463461341 -14.095579268793664 -13.931466614701755 1.558866406216883 -2.5380107477594605 -1.9968349307782804 -9.520868832457285 -10.790245873413102 -4.272934807647818 
-14.16626934925053 -10.181336940140131 -4.883644245777959 -10.783880930802509 -9.750506121568616 -2.9513045923650267 -3.560103008705677 0.5989065733206418 -0.5106081723362383 -6.4242403257842815 -10.798290503148888 
1.7992562922323594 6.959429136808618 2.995871771482708 -8.483808590262703 -10.544308831742377 -18.22672004699008 -3.017587832997243 -1.6629447539509048 -4.4759543656326795 -1.3134625479392343 -4.630153055817839 
-0.8324470245562556 -8.974123929006423 -14.353290640556487 -17.64827426515076 -17.713850537163122 -7.8571434958091455 -2.1725214733436133 0.7407640242644207 -1.0497573065791181 4.189949647623957 5.299094140237966 
-19.97395783594756 -16.474547094014113 -9.582174709588301 -5.522942849322513 -3.0026277357805022 -4.712326550306194 -7.368680526946582 -3.8371435906294193 2.735974875502973 7.0168267149298345 3.669966858346985 
-11.338767206907939 -21.523568926881687 -18.725992511320406 -4.727439781618408 4.115244763196881 9.717946026673665 -1.89946590523917 -1.253553346022802 0.5615278101795766 6.131162246322024 6.822156164899601 
3.066006020850176 8.94997195310344 7.558748681336266 18.066639488083933 24.472253202106884 22.998321026992635 2.892957775553921 -7.670303266187869 -8.650405299933166 -6.683828781127776 -3.636432659829401 
7.980918452114419 -0.48729309661746356 0.3540988759383421 11.93644413848012 18.46536079399023 12.134265665224245 9.775087705598697 -5.606295619108552 -3.224900019210672 -4.068667643848524 -9.208731316720641 
25.190864941963767 32.59547932275146 28.339603893973496 30.310763200223406 27.035661950855406 19.89012868212364 5.1535610652839035 -2.8698316596407705 -2.0416357036776516 -1.9362999119629178 -7.473791232881684 
20.223140981605034 36.75980706731342 42.74859935985265 32.69224921249581 16.24845788862411 -0.004567356823144567 1.4163292649786026 -4.452183582380894 -5.752061846297647 -1.9956842933297456 -0.15333454950982262 
16.112148463161724 22.800981563183946 30.40462762157184 15.205872185870351 -1.4333978602070871 -8.230584284051497 -3.2626575250131697 -6.1609373085881 -5.681903426447705 -0.9633635905028648 1.4385693031919613 
