-222.85558161667007 -256.59183466316244 -361.5592618798215 -441.3258454375552 -323.6532142517227 -178.81650093867378 -127.23490504823336 -119.36297491162624 -163.56250835147077 -271.75263096584916 -354.2212715117508 
42.86777901493632 50.7970871709111 54.27543583497952 24.28219394709469 11.339241950992154 -6.992962972124967 -29.92479106122238 -45.723203644621236 -31.785800702282273 10.80827978549386 41.68234566797875 
-14.349170836095361 -26.981889262051787 -47.74316514967839 -41.17617668139599 -94.39279186306041 -92.8845138015864 -90.36011293823894 -81.51008644394474 -67.93523760455587 -64.30048545878309 -35.91240929793338 
-15.914884824357344 -23.1840964056532 -46.825770775974846 -40.142963549986334 3.192354443498476 9.071182877365843 16.396294977670316 10.172229681501857 -16.435905990454835 -48.138402101769636 -39.629357518371094 
-40.963758078861204 -34.63057886323189 -30.524711080789572 -22.09498366321638 -36.25675039915887 -30.451703561329456 -27.73124184722771 -23.43222273733375 -25.371514021627156 -24.614132392707035 -21.913469354142904 
-6.602999232581533 -14.679036533185307 -29.41465385535981 -12.006409304564007 -29.343534672529756 -27.36718434040055 -17.247190600892406 -7.683146343363765 -7.366362771580787 -17.856228116071566 -11.464775066555374 
13.568581351916745 -3.1123619546789043 -29.557534018425436 -27.73799086504504 -15.554292534354971 -11.956314780579044 -14.238961561770946 -18.802888078070552 -26.419339228283828 -42.13383458632329 -37.632147165067366 
12.67082051983802 10.977818995128324 7.383215011848948 0.04936051712138434 -21.20506308251801 -18.91175939737395 -13.543791121442307 -7.839752832724762 -3.6313775755480178 -6.671926919743489 -2.2034086221400235 
-3.689206649066378 -1.0592299385148423 -12.281286288514096 -15.247067369547908 -4.457260508065514 -5.121535702493576 -6.276410826867361 -12.082705724211495 -18.488382099289808 -35.125086745554185 -27.881688849437563 
-3.9582698397722935 -7.001823548038002 -16.51690094342031 1.407155689042032 3.7955321430559605 10.229413092640971 -4.561944323636688 -15.619395399173492 -13.204359087099277 -11.334283033572218 -8.074417697106409 
-17.43099172299038 -17.69563408727565 -15.448107270608315 -4.574371995069814 -18.447561051272213 -15.716370373420451 -4.733421967119375 -6.731446074261991 -4.994501154897165 -9.889759034298505 -1.753046409907801 
-2.6778398910924803 1.1028931326657974 -5.543886186987741 -5.959750890242811 30.885072675159254 44.15794063844339 39.32408410302433 21.237238994262277 6.056767478330836 6.211571017727561 -0.07985255724921747 
-3.5890550847443445 1.6767969178818711 4.779982352694134 -1.0785708492878945 18.803908873315233 20.469318898970755 30.604124986828097 40.732601604110265 29.87155542866974 26.620340501599625 19.840532595557534 
3.5426350079235553 3.691014427756108 -2.8001615752772673 -3.5612494595316537 -0.3116985217895664 3.697185557877373 12.896559839434847 27.88486816376873 26.22589825059267 20.49494596072403 21.631438338863923 
-2.740362082747646 1.0834834919405807 4.536667293551952 5.599624541600033 -12.83856335992309 -21.239601126144724 -22.17136488025876 -1.9952878496478603 14.738047093495947 18.144266727247704 10.451059269376621 
-2.212071257798529 -2.1180139160642595 -2.4313882259626007 -2.3537030209942724 -10.443930909258086 -9.45839705167915 -18.31364807260397 -30.735027868564238 -17.778053170796117 -9.63570502602547 7.490746455623249 
10.341904993714547 10.898959315191057 11.429775419605118 5.165871420499677 4.715251441913163 7.331347897353076 3.350190350596346 -13.06119278915836 -20.440089604716157 -19.468089728547174 -12.74338814873624 
21.63996017530884 15.367778030153087 7.277508409445016 5.074592322193467 19.476548600271684 25.41689836874828 26.07605701284875 15.985228361868346 -1.930264582824171 -3.1421660483714895 4.662397498024008 
-9.876390489731957 -12.175922227737036 -2.412863345608105 2.5177355887896455 -6.4631779245507985 -12.831509411644815 -6.27329044771552 10.244505445855737 19.039174022099985 12.025383656259294 -1.154500049949983 
23.05412711909398 17.28354905201523 0.4614446693521865 -1.5985883291800271 -16.73041759434306 -21.051672422040888 -25.181552418745355 -21.11196171839022 -5.421286204391145 -1.4766719896218963 -2.9332868646858907 
