-477.94290318946753 -477.44214893054146 -228.86658415077 -114.00640892477166 -100.99627028262745 -161.4766028850678 -284.58567103812055 -446.9481230018296 -476.00401010474656 -476.1691242992058 -483.0197613756863 
39.07351030190307 39.64606206981339 45.54250136492223 44.506642077763416 50.1639319361999 70.33837745151465 89.55357587215963 62.31542316230045 49.459355508534316 52.275944023726765 55.32503392592574 
9.31396365058637 -4.103762143613231 -75.25073305119977 -83.73896291811565 -85.04496083610977 -70.88802610104811 -41.818667880473726 -5.157423476560643 -9.08442735531824 -12.185831456458466 2.3768065370606832 
-7.967216045269204 -7.3716516726356645 -16.12103792847938 -21.347321480936962 -24.953439556598738 -29.173535068646228 -38.08000763111944 -18.478040672333883 -0.7831458483518252 2.1985101959267372 10.46418503595534 
-19.22198439628678 -25.454257075818006 24.233259534824803 22.66193101883518 9.520035426890896 -15.813768666668228 -38.25333526024345 -26.467316944862617 -5.164173614831805 -4.317041612923397 -10.684988627552347 
-15.938208282301577 -21.463382643604874 -70.61976269990956 -67.77684768049852 -61.08572838589102 -50.11415696758614 -30.99088401061118 -18.426722396764298 -10.865946368341806 -10.307481491948792 -10.405030983595726 
-13.601743738870034 -14.46101198826341 17.469335573729623 12.528440987957206 4.498504880835326 -2.9457303839798437 -6.568151595722346 -5.037369636622776 -14.870607847687335 -15.264022543283513 -10.498038405310867 
-6.470945766914486 -3.61533504302359 13.702393805231495 13.10798207298076 9.36342709424219 0.1917672214302133 -9.183808325352594 0.6004493613354528 1.3342190160864302 -0.08715908254404892 -9.33086581655805 
-1.8902513043822833 -1.4662144827337962 -11.645760520305856 -11.453122061242992 -8.236930998742972 0.059572499154375624 10.823292414713498 6.2584628701469605 4.140263977344912 -0.1363069097501718 -9.763406896528139 
-9.516456500217807 -5.622859735718102 -7.780280168247145 -5.028349159621246 -7.899069957764815 -15.657811415753539 -18.429152793528775 -10.947723744917361 -2.473901659785156 -7.027984829062776 -9.77779813228296 
2.542276813663881 -2.357547347527963 -22.914124530191554 -21.472206207959218 -14.278667300686786 -6.9263545028339255 -6.387269432442082 -3.99292786677304 -10.028696454700551 -8.470866847247787 1.0089700409783422 
-3.838518629236604 -5.003463584105483 -11.303755699222283 -8.200915712125202 -5.165528978665303 -5.905361461964985 -12.057952955758193 0.1867172843529019 -4.5307851739347305 0.2059688834806659 1.2923485986164054 
7.837972960822505 -2.7625139586357643 -3.4826935976800826 -3.928994061431961 -6.1589173608405146 -7.098801083840858 -3.9308990914770874 2.8890579511590406 -1.7721322352736006 2.270109959167235 -5.630737212282214 
11.158280337875297 6.555319430985559 -3.7376784437002413 -1.61223262706616 4.704942647302523 13.327274713039321 9.094475606219405 4.547674947848926 -0.2472297309816356 -1.2718741252214412 -1.6494719965904365 
4.821420908886007 8.015382200579866 9.543030954828906 7.020111169194692 3.084722389273837 1.8304422276848544 3.7710095468856037 3.811328605425551 3.4818515992881816 -2.1114836558494785 -0.9097199905999092 
-0.8116638152160753 -3.589334761687951 0.19907300214534351 -1.0605901737367653 -4.746599646089831 -13.027259484319696 -14.815218995991335 -6.0145961792899305 2.9521437489695996 3.502150535876042 1.818320450572541 
9.50708889608636 6.333639889526915 -3.4614116373905075 -1.7357196670393291 0.43572157479595486 6.906550635013395 13.427952534842813 7.841452406726271 9.844560673520375 12.397674949329692 18.79078601758858 
12.83142702523369 11.522925829334326 -7.535469248434948 -2.591432067634277 -1.8412982898800676 -4.814605165489641 -2.495416079154549 4.120436231518915 10.754724835408306 8.786487039357265 10.824924850926504 
13.941858780774416 13.449845596408196 -8.994119274330496 -8.868568358295008 -5.813390068090277 -7.0184953012994 1.269182607633168 8.529165665614304 5.878245502264744 7.08090003554202 4.284365121010543 
8.465017513848812 9.38356028730544 7.700657770151718 9.58623182277449 13.132988251330417 15.21491897846704 15.32704362711145 7.203347864569303 4.268484739293555 6.991532695987596 6.333859129083026 
