-304.86670759833453 -313.3759148823026 -330.8921011067806 -374.6569599164139 -548.6751094103251 -784.3895320419684 -875.9122907203945 -885.0384820176287 -885.0384820176287 -837.8252038154441 -798.3437063686324 
-37.96410081654481 -50.773497516520266 -34.78154869412993 -13.078984846760385 23.171088372614065 46.92471837670887 9.269859937037506 0.0 0.0 63.67891224950727 103.08573434323549 
-20.029985727452527 -18.840409566767377 -25.277764530414295 -29.31119012280742 -20.298308263801726 2.6957649767287637 0.46286629090804765 0.0 0.0 55.196779904456605 75.31297611843927 
21.566044028777483 16.906390357563815 -21.288810787640863 -39.52886991423577 -64.89315237152448 -60.35191712525436 -8.452811412034315 0.0 0.0 43.27414769614072 53.166452646776364 
-29.569773907836876 -34.821090195566 -44.1707203472226 -43.754153390162216 -42.48730921119453 -50.34484545197932 -12.438376493025691 0.0 0.0 30.1049686518571 30.51750437438672 
-0.5288866133328471 -2.934215720536029 -10.097177937897301 -16.42212038746436 -30.135905984621115 -37.462651108369634 -9.397806588846253 0.0 0.0 17.389685825867538 10.709064758197641 
-30.509707399969386 -34.230671714852036 -46.0123544488809 -49.788786850585964 -48.112934016135426 -35.01351402050015 -1.3023356133085149 0.0 0.0 6.154611238538133 2.0242902017888076 
8.77589936667374 4.733661003930015 8.533498682134875 13.979175504300493 17.11250803371998 24.81032710137763 7.095513900920537 0.0 0.0 -3.05086581748379 -3.7447045440733278 
14.293284899078468 9.601322834561518 12.667448133896897 15.047844179356492 21.07889636466784 25.462608348350727 11.112791562506926 0.0 0.0 -9.963838809045562 -8.918719373772788 
28.391101470284497 28.02617740649718 37.81126614996353 34.87096867882361 31.641181856043556 41.85335848195093 8.806408758112504 0.0 0.0 -14.558203790890765 -10.125318343166096 
32.55018998357755 37.62200762740429 34.73895840562125 29.55342164158182 15.706486927539997 1.767020799307298 1.9068119248038422 0.0 0.0 -16.98800889673975 -12.543407785978683 
16.843113390803374 22.21492873165738 5.248053993613834 -7.926032935210639 -21.15655798827422 -13.784791967151047 -5.425697290100783 0.0 0.0 -17.433471341714586 -16.89168448069472 
-19.279604146858023 -18.44606835729877 -36.47816366415924 -45.41586174451287 -44.617525678234365 -12.237702588053107 -9.146968968471468 0.0 0.0 -16.00935505316593 -16.79825397669172 
-21.85369912551381 -28.365571406535413 -40.87751396693579 -39.0292517029752 -22.672680341367176 -14.984127697506946 -7.5959872694695525 0.0 0.0 -12.916901975394364 -11.920028877245489 
-6.449811826708817 -11.81757829333909 -6.053796930950491 3.4911287938364275 19.31420123744642 4.4128325393923555 -2.1917049460974405 0.0 0.0 -8.71736374283956 -7.349366721865577 
18.299427889502997 18.817640127613387 16.90531381542844 12.077041003511148 -5.83495538189738 -21.999435175789074 3.6943442723303104 0.0 0.0 -4.365357185299679 -2.2689176699198472 
-14.3999306510255 -11.172198876240373 -2.419600844071196 2.352280290140347 7.31294090650626 17.36282704210646 6.848123725515343 0.0 0.0 -0.8332580202242984 0.9024592498618811 
-15.56437727455986 -19.791861424625758 -7.893587398690917 3.755737462630659 21.592546735388296 16.476952176153837 5.977366919665258 0.0 0.0 1.382331698239907 1.7566433200802614 
-1.4884573322063703 -7.794612669333097 5.457115841439933 19.701628444949993 37.650408674354395 21.97364947545804 2.157474651366414 0.0 0.0 2.399044187016383 1.4402082904598323 
38.22491307292843 45.139954742064944 46.803080465986945 38.6618148031982 18.45673063482831 1.2352760603527864 -2.1199498437474102 0.0 0.0 2.6106983110389006 -0.24537702020818558 
