-279.6568041403158 -285.78112510292 -293.3629651403393 -289.90809421124794 -290.47170080873923 -293.60858872682934 -229.23783076790667 -171.77970841901583 0.0 0.0 0.0 
43.48480588457271 34.56741893024543 22.73844519469651 29.033284983603327 28.81499596625688 25.213802483554463 14.137534048215421 9.980421792057522 0.0 0.0 0.0 
-7.170495057619544 -14.09936793709829 -23.623773057043365 -20.820903829786385 -19.778476041547265 -25.61940084556527 -66.00191772451224 -84.24300931629878 0.0 0.0 0.0 
12.339888215023674 7.918941191458382 -3.3664648633325096 -2.1988303877379924 -2.4630664964917584 -8.851579641622697 13.638992640240172 23.474602067711192 0.0 0.0 0.0 
21.0060765681729 16.354481521742414 1.7424391936917203 0.08712673211454769 -1.4333032599009181 -1.5271870530839968 1.3735121561441828 3.219090812007971 0.0 0.0 0.0 
8.701701673653684 2.777734282496582 -3.6692331817299344 -7.981224900309764 -14.605885191491012 -9.604168739480482 -14.175664021030524 -17.543081187942036 0.0 0.0 0.0 
2.6510542346465504 0.9536421395438917 -3.8006074818725892 -8.200627045688343 -19.108097420780098 -14.883830369583826 4.17288444655389 3.0116563410112844 0.0 0.0 0.0 
10.524041025052988 9.145124432899422 1.744142102031901 -3.6404712494229154 -8.493897208585178 -5.913308773924872 -19.368613894387842 -33.15840386831183 0.0 0.0 0.0 
10.328412412640978 6.523250437514627 -0.41208191825394724 -6.709527740027879 -6.145057091896594 -3.711819673577419 -8.783877877025214 -13.25024297213302 0.0 0.0 0.0 
-14.778349917017906 -17.247143830161598 -20.438497523318063 -20.26275247126016 -22.354900808377163 -23.53275181550454 -6.5830307817857765 -0.9111593045629647 0.0 0.0 0.0 
-12.8374017843637 -8.390094924170576 -8.514207076214518 -9.76686393791128 -12.006620559420892 -16.71808934582385 -19.666686583290378 -22.175089616216177 0.0 0.0 0.0 
-3.8509491947496013 -3.4197161437933943 -5.1753381475547515 -4.136634601975282 -4.954188794802515 -5.70244410909344 1.2661878042177144 2.8805173656746383 0.0 0.0 0.0 
-1.2120024052725027 -7.113768630753095 -11.061911315128574 -7.050173849640995 -7.278090965511359 -7.7638283082114405 0.7572163648620961 -2.077049937072558 0.0 0.0 0.0 
-21.68942400590049 -22.273210141216303 -24.11687289720275 -22.12419880742774 -23.052095033007586 -27.574605701517278 -29.43576003816132 -23.580383859880328 0.0 0.0 0.0 
-16.256687895870215 -16.24494578116905 -17.7568383674256 -19.33076301972314 -19.527327497012983 -22.278646238545015 -33.57813095420139 -41.472752697375256 0.0 0.0 0.0 
-3.5426133599015825 -4.690253487035752 -9.217506972481562 -7.8111766243070155 -9.004571506498948 -6.037032195102479 -10.058321534539628 -9.924885249878818 0.0 0.0 0.0 
-11.115471653557602 -12.464983847612276 -15.787478589063687 -16.263216594413056 -14.037321508564093 -13.034325330458348 -13.314912433313888 -11.78175850027962 0.0 0.0 0.0 
-9.385302566074772 -13.210879034322108 -14.17440583978468 -18.02786539976574 -17.652531926959654 -17.892366897253076 -4.985235159280498 1.7908567053782125 0.0 0.0 0.0 
-4.418221189495283 -7.778603145913954 -8.884820172706648 -10.240636208427645 -13.968834517380824 -13.51093004669724 -16.45664583910055 -18.140033171507355 0.0 0.0 0.0 
3.45861475621313 3.0367497586128676 1.6168967661631692 2.8739645751127423 0.7239029944178974 0.14839219790558877 -4.5063423329604895 -4.203298418025635 0.0 0.0 0.0 
