-719.2480952768128 -502.8380618970238 -375.22906774880136 -219.27139291312807 -149.85889131620988 -174.80205359631938 -322.526568878432 -510.2445055939857 -640.7831969808559 -680.2227366795116 -682.1656371443796 
6.185204540403115 67.95305589699878 74.37149700035089 27.11875161584882 10.578866687746562 16.441140539104044 38.89382068147465 66.09780238675107 28.529569233227917 11.231690406231847 11.937868560529857 
-7.521291626037609 -59.26747364589998 -67.58941227734451 -98.61241573342139 -112.79441126740673 -106.27274714634277 -84.16350015602092 -40.522643888128925 -21.772135898940395 -7.7973716270800555 -0.7005459281769826 
4.568592628916086 33.442340776481984 35.579061314115066 14.559467493853916 15.365186269720612 27.165621153775312 36.61904471407171 -5.148966648527315 7.598184085569743 12.489006317975193 11.657245278904334 
-1.8047944469885682 -3.316909266494063 -8.63845916976313 -9.175818035275963 -18.936960858783323 -17.036294614919882 -15.298644441020453 -9.602011827653161 -2.44775718563339 -14.605254245628034 -17.074923578574644 
-4.152776888576281 1.5083880638414975 9.100941386862296 4.898763839059749 -10.232486397146992 -11.101641978707487 -16.77160212205601 -21.298951174914755 -10.444362772609104 -6.313887912439975 -1.5705961767177128 
-15.649790034492582 -2.831947639301084 -13.019528985978784 -31.36915178515073 -35.94691194605869 -32.314974975614206 -27.491373413919575 -30.480238858771568 -18.479235272384287 -7.774428956945107 -14.297594717511 
-21.960924625655274 -5.480567652009011 4.189201295815124 -20.28919705880346 -29.849478526646585 -28.29945684761641 -25.122765720070458 0.6233053985568238 -13.090323011736633 -14.590070293115232 -15.791302972069667 
-6.650080554704125 -8.388047593496704 -9.010156621641205 32.425902065235256 27.75889732449074 23.9243027541632 18.022325815611822 1.491607180434434 -21.86147553549459 -14.121055424713363 -7.878420306547055 
-5.965634243047102 10.248783000675147 18.115642567890823 -24.344709254570837 -36.39810087015178 -34.52005773028005 -24.675759796136287 -13.00856507764168 -11.801770943788856 -5.4173057189321785 -2.349428076350877 
-5.504158031639497 -13.76970120407474 -16.58541985436879 -7.791900251811785 -19.481145644885082 -27.756594157401658 -29.077176518365142 -18.640865087394175 -4.300292258240136 1.4675748516948959 -0.32067466589855487 
-4.32704790059007 -1.8094829544830435 4.348551905118294 22.702342687834694 15.664991196163385 7.000844425429037 4.0347058548196895 -8.141694319958788 -7.6152391007170745 -1.1312440636834946 -1.4795721813807647 
3.3098210685786826 9.702697394543758 9.974837305253306 4.383926945344673 -9.463969143645173 -21.512056336420176 -16.834027524294527 5.891844779414575 2.4818141263624387 -1.4430249731289368 5.0283317829592775 
-5.496220095974914 -0.9581452330182394 2.7534314918928957 29.594891242836454 30.721032862753916 18.441029023628204 -3.6540321100145707 -5.7425720470306185 -4.395172694405193 -5.669152487642546 -4.091709639280186 
2.3058535777848377 6.046816730150496 6.1044003180136155 4.65675041486171 13.239646841531961 13.32321227011266 5.201904985807899 12.339910008206171 -8.344581821010632 -5.990159781467562 -3.9885769493827534 
3.272446622672514 1.8055818846776834 3.0712468160832076 4.419854940856846 15.151940358229943 22.322218096589204 16.96991788099467 14.699898306942902 7.322283623134878 0.8584113980702497 -3.5828211583408356 
1.651783512618484 9.506771491014845 9.949961177010056 -12.184185914540741 -7.936471153914607 6.920214838712703 24.622105166016553 13.044082100167994 11.990863101920246 -5.086513735144717 -3.8783675925180363 
0.36446121292596323 3.201158309115722 1.1212681033539418 -0.8146062270546969 1.155547363398297 5.477065547840863 14.704816863149494 5.858737792729952 3.912708332327843 -4.791907620695879 -2.9789007542226704 
-4.7254496297859285 -0.09105898421051539 1.6327466420535726 6.028377554045651 -0.5329497345551165 -3.0700467284222164 -4.693190778192633 0.25646131601108846 -8.573455375677959 -3.1125751814414464 0.35399526916980584 
0.10999647168975502 -20.433082448915115 -13.810338403468768 1.1677984462545545 0.5581713815653986 3.4886010026384358 5.681920526071138 4.966799161214158 3.115452600734396 2.7769715611640553 11.870045337227033 
