-326.82015886389587 -327.5011737182973 -325.9073917109952 -277.0450053487062 -151.06882473677476 -39.37705101726142 -27.158103173997343 -85.55689792597957 -185.81010647457245 -306.870234147376 -296.33332960655343 
90.04380132547627 97.82463377576497 102.56105450067537 54.99824258818353 18.888192574321575 -19.7533765113277 -34.02655043643884 -26.525811502788862 25.045795365624027 83.5520554205189 77.91615324447622 
8.505638004574621 4.445580881244833 5.47116352665118 17.264132028143088 -34.280320154198535 -47.43385361911549 -38.270582991057594 -20.56980904367406 -24.08093501831035 4.599137989409999 1.6933927941655083 
14.2250487010754 15.043784567684433 13.393391955030893 14.352775104161346 19.894457743427708 24.37843271917565 34.14405366576349 54.74816352948065 61.12260737590702 15.118937505446794 10.123471284788852 
0.143997425603194 0.2985869013411545 -5.104216623485941 -5.891574397610883 7.056349363340012 -13.099649490227794 -23.551771495881184 -26.149820490957005 -17.8666961947812 3.0182398048485792 20.725164047313577 
9.731653273519907 10.475698833236965 10.549924896349427 6.043065799249823 -4.854901624084501 -5.282926282505731 0.6174165821472626 9.335282266310998 9.746250885608795 8.055838041808904 8.202604144742029 
17.47618640886901 18.537227196653234 19.934927982962343 15.593945352177375 -6.025678335610063 -7.994878269394038 -9.781026768633135 -1.0016214162885824 2.484062119802669 18.537607815534408 25.516994651842616 
15.541427294887587 12.224244652846352 11.06714323291016 13.446407497032848 22.44109341418934 13.720287073834314 1.2371762751544952 0.2107712459228107 12.885921103927688 16.54414575776676 14.359941381903282 
-1.062180223521186 -2.976239262828707 -1.7702508747757764 2.5403135541010506 8.476579611156085 8.577954793596549 0.5112027624710952 -9.060361687388276 -8.118057280671868 -4.146525905840173 1.3541784320142376 
-2.3653274622483735 -0.6557407093454438 -0.43033119305023704 4.0316615336346775 26.46852340120784 32.31375970890524 22.08426579211409 3.994765825356292 -0.2948413455402841 5.1092674563358536 9.876142179368417 
-2.747879478277377 2.927425232452804 3.535515942695017 -3.593258635823039 13.38728174554116 26.047694861365954 25.81854202072539 13.415402967293712 17.600029267316067 2.764496436501486 0.2118868456624553 
7.295515053162175 11.272298149258217 9.948579047778065 7.529972332162149 5.90896851348268 16.600910930576056 23.438583892389442 7.747039643632221 -5.430963419047812 8.741550532826327 7.744968686787075 
4.712222847641846 2.2499615186363298 2.2533009622725606 5.641742897870454 -13.397390125772667 -1.1643303292923834 16.868993925562286 24.9837819664142 12.026133267802399 1.1461874934173675 -9.649068951845683 
-1.9209175927513624 -5.659873457292519 1.689915931330638 4.402902900162966 -14.058586338413035 -22.31423147367243 -14.378876749065778 3.918997875668291 -0.9741146256856235 -1.6690370887234023 -6.798495448102433 
-4.718778195843923 -4.723195209970103 -0.6584125048800082 0.9502441547085351 2.313504427542007 -1.9586321467002652 -4.461567124234497 2.9092770933965144 1.9951485011600916 -2.0891031459759457 -9.737359575940683 
-7.570895826246921 -5.244583934573669 0.008406161882428348 1.7620712928081173 -0.8906261301203988 -6.071407089384593 -11.233566601103949 -14.070451340770521 -1.0999681041242928 -3.1126314600627483 0.5639251348578331 
0.8906305939576971 0.7609924784084068 1.1597914837337915 -0.7541280293989399 -4.156973365708513 -6.664651825690786 -8.01556483835152 -9.746634650302251 -5.837911438554917 -1.0978089740128127 -4.793628153411971 
-3.8008753622314693 -3.793665893986403 -5.954270271188589 -3.4467024469275542 -3.7628998563243843 -6.901922527565242 -2.9778639239091635 6.194883727618435 5.7360568748865095 -2.9260627942472555 -19.65438642402495 
0.06861088520958225 1.0971517999553078 1.6361706777307432 -2.4610476477500893 14.497069522774602 6.232660116884551 1.0589454283554518 -0.9986459553124796 -3.209169651005457 1.0523175426528182 1.14440512725323 
9.437138673302314 6.848477561464513 3.7509486527594027 3.1259801719911544 11.178755003023428 6.605802006242451 -0.8803693502927588 -9.916101666339376 -3.213590460686289 6.1945504143658905 19.495363454237946 
