-608.1719738231772 -599.7397904680143 -559.9042446552861 -534.9411065185476 -348.62895093672773 -217.22139163790493 -118.9485921820127 -103.51523232820777 -187.09967677477852 -336.8190171257595 -405.0160237473893 
48.894006921488355 46.28520639067561 36.036814300715655 35.93486127754313 1.2764365828782231 5.236974606399837 -13.527381246118614 -36.62096954775791 -45.40016969655677 3.5694490913869763 8.124752192850723 
-5.626112004457335 -3.3593175724665696 -10.01302221209697 -16.446193379316952 -23.888888072149374 -37.27741249387559 -64.27989273231219 -71.911126451575 -68.20807629774134 -43.108792090283195 -30.943749788168887 
-7.886037180717681 -2.9341702439115807 16.295915845166164 19.833992963675602 41.54540503874921 28.246829223031753 16.317272517670826 15.58863918155038 11.285793967819794 11.658798789287815 5.069262098906314 
-5.954924143453068 -10.253125176387899 -36.3708846514635 -28.713222182779475 -8.239338191741798 -20.97309879906411 -27.22656454791766 -38.88776558231518 -54.68375946662114 -10.51672740439988 15.620338837053826 
-4.340584182142481 -7.476573397309077 -10.380955954593832 -8.933231360984003 -7.174304085513653 2.460376032335316 -3.882922722625014 -9.795549180344189 -21.778938953368012 2.4028922190016453 14.875399099355986 
-12.137128559256263 -10.180428790619425 9.305339660436982 8.889407638692061 -4.670677657430268 -2.3505470238412878 14.329659828369646 15.070967198781197 -0.6570658848728784 -0.6761304545864943 -8.936024105256067 
-11.121997325419704 -11.020759840617117 -0.3126620576232091 3.932529993725123 14.328042488702128 24.03313280047245 29.168749737859844 26.180564577459805 0.46558282656427863 -8.243587795952196 -14.160274110317886 
-7.817064174201647 -10.583652511338268 -5.09988307831211 1.807395551021929 -13.700033579356395 -2.874072330059478 17.18322533667567 25.82534905569846 13.73398534925351 9.290853553919131 3.8659860935918466 
0.16086089930701153 -2.329590246464459 1.7686967436208867 5.399542585413361 -2.102870317046589 -6.974016967545889 -1.1143015333806487 6.711962848056807 6.53469242357662 4.9712434213727965 2.0490955846570977 
-5.6467160240139815 -7.487980899609176 -15.688077744911556 -9.848279657434075 5.406388319923895 -4.233279890571525 -16.15463126940755 -11.062725452065619 3.5911014781642963 -4.889453806588984 -9.879913176764951 
-14.339940398991631 -10.00172354819667 -14.034096491774575 -11.003059532017536 -6.354554857214777 -9.57946380819368 -26.11261876716745 -34.51687674965348 -31.247142509645084 -19.68760750053652 -14.844790756979053 
-13.779136751250572 -9.047425687135208 4.173051032494908 4.666637146209544 4.753763457155703 6.172004887094717 1.733030068943305 -6.787848269198719 -15.654717011678864 -8.5927337990763 -4.216134412798306 
-7.969089785181785 -10.83602043965644 -7.408561133185337 -2.3165412818596973 2.054215157184635 7.974294633089608 -1.3807355050059003 -10.159168928935337 -16.89603092862808 -8.021421191543752 -2.7794040609862467 
-8.393858042430239 -4.111380312077218 5.114145748177734 4.438053367720295 2.678048797834611 3.9567713055245997 3.863965223660008 2.404797792990877 5.540282801431005 -2.107116856616808 1.973855130088962 
-10.825437647386886 -4.769011864890113 3.883858207857217 4.761880576801921 4.962154686686469 6.033110174810613 -3.3542010959735347 -9.668078166918626 -8.81363137231781 -3.215501308141532 -8.359489936722506 
-4.664528314094591 -2.2386891540023663 -1.1099477795224604 -1.2436898205411309 -1.8319108102945643 0.6251650560495131 4.615118006868816 4.8988151336360986 -1.5649152741364174 1.6749218488066184 0.31667794717961956 
1.7696067969641214 3.3290877081875596 -3.207047626630868 -6.228259803172684 -3.0535713803759847 -3.1930458322127966 6.565137370388166 14.842232317141569 16.867933591968843 6.262142190426543 3.2889142805024907 
2.8339402483443443 2.1839912904572554 -3.56843794295991 -7.033250620487427 3.0334523103370787 -2.559209047470396 -12.13657572755433 -4.992680239407217 2.5305106902911314 1.9190649767245918 -5.033556248127771 
-2.938851569418266 -0.6961469684314671 2.218029009473498 -0.8204487385431345 2.298026443296338 -3.550310828739488 -10.40160239240124 -12.195377310146455 -16.83888034213308 -3.7129238682978274 -1.1243705425673007 
