-733.0885733700399 -331.8177549818799 -90.62351884509037 -44.81445636490282 -69.1722491428767 -136.090090241763 -182.0774309281876 -227.66831132113174 -357.1601485579088 -658.2457659477175 -717.7122051594336 
1.0081822049679747 109.55500654681995 105.22358654002599 98.03843955773105 69.40526718861241 1.3609566503693824 9.87188670493244 8.745303565257286 -5.9904786008266555 14.436498626083559 10.469162532469088 
0.7847448365427544 -42.35696635093555 -28.694095783073827 -26.7717164828827 -27.999713587799064 -49.33239529283565 -26.168500829007293 -13.319807941226294 -21.380007197363376 -6.531321744409894 3.8621601982315292 
0.4488330613297154 40.122640397333996 31.92892992559994 29.479003535940194 16.686359995392806 -5.355798596678177 11.202551006874064 5.804146485136514 1.9486116116148713 -2.7713400806188226 -0.7606293838382526 
0.04947869382087622 -13.935521496575582 -11.581228514164303 -11.49084728594294 -10.320557639184756 -31.767815581524275 -27.05523905755171 -10.90586755493462 -4.763402486689845 -22.351132559987548 -12.264569251915287 
-0.3551804235778986 0.40842018198846775 2.885061621313036 3.275387614623387 -0.4324722816369633 -20.075700354473923 -24.101302080905587 -11.973130173750448 -3.067115437654632 -18.838817977987446 -8.558306928334472 
-0.7064875996362106 16.917542899161013 11.800067949040585 8.288007305049168 3.4966376203676264 -9.111544467321055 -1.0895768255831926 6.6483869468972365 13.7424188278722 -5.766436623062479 -4.53651377872699 
-0.9538957421281709 9.038048416389842 16.752009389714935 15.670495901574666 5.105355063435514 -15.299252560527442 -23.804579243690235 -22.20693801088658 -13.976223314302846 -4.885401301103556 -2.9742163481975314 
-1.0623501733614342 -11.116229510122231 -14.66224079075566 -10.471083557304638 -2.7654962159580156 -5.544781209603698 -9.917816260484456 -16.787920194220735 -10.464981236816117 -4.919513192667832 3.089256168819902 
-1.0173319794764857 5.554383125338877 7.955040605834106 8.715269063659324 -4.4521143865531165 -17.40993582681152 -5.111955146062425 6.756274837097175 13.24538994944296 -10.315857225818885 -0.07553952138012482 
-0.8268253468322125 8.092440051989717 2.38102484715453 1.1144821166509782 6.867242454031402 2.8480011848194593 11.202862899065146 10.833529276350408 15.233412191516909 -3.5704899716417686 -2.0505287622820236 
-0.5199387395098943 1.602245311343321 -0.5174247889748584 -1.7786320004879914 -4.550938317754801 -5.805168099134854 -1.9027645084081164 0.92931774435936 4.627667262817059 -9.166338373125786 -2.3426257045695804 
-0.14241380010002647 -8.907404804040848 -2.8438001217216575 -0.5329128130433215 0.8022223597020248 -1.472924074112511 -19.99269537131009 -17.325004982439268 -10.329045974733429 -2.2857349160688445 -4.636031646716039 
0.25027929391941617 -15.792822877712737 -2.124122665170565 1.1600061392565015 -0.04753364317254688 4.599359601738087 -6.72853966798147 -4.161750015353876 -2.787420322140443 6.18323306370254 -0.43682619441103576 
0.6012059150978649 -4.474069799772113 0.2798803485748925 -0.6254398979230795 2.0825254241486 13.051397306331843 1.9089512697282596 0.8650694035411575 -5.484440410103771 3.8964042545271766 2.1069213945339684 
0.8603435641987816 -1.5806540896108408 6.7078374933763385 5.588985858223511 22.596742394951043 42.86520019787561 32.21987361695793 19.196520415705706 7.719268097169292 8.129513465525179 3.0844253796812104 
0.9918214484360329 1.2606310268446075 4.935643220788862 7.998934169008592 14.037077758498793 26.378982562896358 25.52322028500976 7.022876649958235 -6.708065809404124 4.6108456707644825 4.808426176601573 
0.9789597623486921 15.01173606413495 6.036325668910655 2.760633783342487 0.08698657233260262 5.636570741002668 14.945201789919636 -0.7941826097733458 -13.644178795730674 -2.6700420478146567 1.066552708302778 
0.8263899198782566 -1.550997043910853 -1.672717987827824 -0.24726978887156614 -4.0385466535663745 -10.795791911201778 3.765839987230524 12.107798311177543 6.313555052561773 7.990052120889086 2.079223788374949 
0.5589856075544262 -7.50708375920385 -2.5342384454217037 -3.8467430477539635 -7.90667109437412 -9.762697224366015 -7.478217456621081 -3.00734174524007 -2.4999593667525764 9.825824164772303 2.4815409724578785 
