-296.3627880069281 -226.34107203980898 -149.8280900470963 -129.56788204819352 -151.7471612119012 -190.98029847802502 -243.9012936417641 -285.2235500918235 -288.9580784658806 -287.99426301152414 -289.58443541864943 
72.22293798171177 63.38071511654762 70.9423441148754 57.6260990413348 33.233841873764504 40.06525285058707 55.584065581052215 59.981715136832236 67.74918210303291 69.58915248650892 71.69725458847967 
-18.24620078082629 -27.86029062699849 -36.95527038150111 -39.70928725803715 -52.28023604828943 -54.95950030667158 -46.5366730635063 -17.910241155054237 -16.743093632121187 -19.330256177878933 -22.995756071145628 
13.529983305178124 29.70302316700814 26.816981727308765 3.2927773676599426 -12.909759003674978 -0.09167843774849138 9.574042875704288 11.978280219878462 7.922442250707409 5.676994458601692 2.7034548877882174 
-2.670489986895228 -16.997756827531347 -18.355706046802567 -6.539208638679786 -0.18482139722428625 0.9498848649586812 0.5146060872113278 -0.8385584458996098 -6.678470649850963 -10.78652368600645 -13.513108562259916 
1.7442413038332423 0.718575798790765 11.717154289112731 0.18104391486154497 -14.045235823904191 -12.262298696406699 -9.957458851027154 -2.7181615981382374 -6.261794118943207 -6.280818918619909 -7.242182209882226 
4.1731937069846 9.813730025922641 10.598014281922115 3.958220830896333 -5.402998267466316 -0.6880647030136379 -1.0028999527989382 -2.322510681124907 2.9642065628936765 5.457591700210314 7.814118673528312 
-3.3960248249666223 2.170575592801735 1.2779720867035569 2.326601129982553 9.550638639212135 6.188870536700049 6.006661514630897 5.869422662749056 2.5263402873177743 4.236285627197209 2.4223255984897274 
5.381349206619511 0.7314743356430728 -4.793804440571204 -4.398422802649952 -9.360364918953248 -4.878416875697035 7.806780922240474 5.874538254506577 1.3350557820872677 0.5879726004186276 1.1830000547667712 
9.988948199046554 4.012267228099624 -0.9049869236803179 0.7404768109283008 2.134833188910075 -3.661452725530383 1.9802307623960385 14.32461610877602 13.870083570639618 8.376732731588774 5.713675227771052 
10.997273908248559 6.607374981898303 8.227982597178917 16.757460725230608 28.699795317905476 17.41864720108186 11.448974493762218 14.761808435102147 11.625234471218551 10.707993766387824 4.607751791755161 
8.247916319202183 -3.0438700958196527 0.7674437317597678 9.08022597835216 18.239746972137 12.909937235231485 7.212749847084508 5.144323571724472 9.911996004533947 11.008264244740086 11.392769543705459 
0.7180488487348845 -3.0959328926507292 -0.5305343588034679 3.5912075815627444 13.263221167249501 16.99826906110345 9.294405247460194 4.184168370839602 -0.14788410062575696 -2.039714107108179 0.15718074021313977 
5.890720135294993 -1.8310824888352308 -0.4903476940230478 0.6492411448627178 -2.074994086343278 8.65740992427668 3.8647874681971093 -2.722349265513871 1.605324273556192 2.42313505815212 3.6567207349821897 
4.629830151836666 6.752404209208557 9.85110708621116 3.4719130284946518 -10.291782731814337 -1.8054006858762264 -0.109180765635424 0.39626127923546306 4.783298745526418 1.5477504129097337 -3.0726505018352626 
-3.7386831234309748 4.035356724210249 3.0440076237716127 -5.489775856217416 -16.59643081160406 -17.429499872510853 -13.745514413639075 -5.89468429284592 -2.543962820090883 3.1700815477003146 1.3783463934115336 
-7.312460436959807 0.5037640173939483 4.71979786223212 4.128834460047183 0.5902416346582963 -6.877122555302745 -5.201131644682889 6.7168924541330455 3.3709782583176553 0.05083409129700289 -1.8488736006764503 
0.6156450143853086 2.8031950304484896 2.409999319783128 6.887555805233064 11.248883074622187 13.433611008520865 8.790467526998878 4.608995058982407 6.86219465810454 1.0499852915249943 0.14017083526559582 
0.6955980871277943 2.890216111141756 -0.4082050777063537 -2.1759764640374204 -5.110913620591536 5.482175319353116 11.09165219307665 3.9640127490258825 5.008511663868945 1.0834047733762577 2.2164689185281525 
8.425795393837559 6.209551722172684 3.7669658459316704 4.670835778771649 -0.16616603248394102 -0.10882708428239618 2.4618860363309496 2.77836596761884 7.182646471562885 2.1963718061579347 -2.191373930246198 
