-706.9375994694708 -727.1238045621831 -557.1845175953362 -218.65038551190705 -95.00192921111844 -6.867657262606541 -1.0830775806621442 -63.37214377220698 -76.99209609711649 -81.09062521506604 -227.44705221308945 
-25.668558934021824 -14.41951867497048 47.25224795643547 26.156329114531665 35.19084649717722 17.350617006958288 7.3110232958576145 32.02784939659791 65.44259118771998 65.16044243896663 69.66748102503914 
-1.8197540797910903 1.1020231000503165 -32.34541704626203 -27.998531824228223 -45.10827573854287 -80.46469984715635 -93.38040061929891 -90.87119142409834 -84.20305941912805 -78.27183503548493 -59.967140139247334 
5.559887298095224 1.5259800965738513 -6.4610748342495095 14.313983136906813 6.999999326984623 11.677475476355077 13.886686785630257 16.518737847507143 -26.792494681211778 -28.42682802231105 -24.567542511811425 
3.6392768323353577 1.8915331272961375 -11.617846352898361 -16.56145525519088 -16.44274302904477 -21.6786130356463 -30.891258161934267 -38.084275693696235 -20.755814130750764 -20.05883304997191 -24.445872370261235 
-3.1454737362376193 0.6208642761123536 -12.39720880377269 0.5947012904952996 -3.3541774900697976 -20.4644440916498 -31.294387879668225 -36.832345737904916 -10.690048707399493 -8.420605613155772 -13.996288809771084 
-4.148934978895795 -4.400885279147163 -0.17891522378895475 1.5026931590900412 -10.443184223578811 -10.008525805339392 -9.498520285835006 -8.293956680208597 -19.27822008273919 -20.320469645081182 -25.283055423468767 
0.02086039000211931 3.3832816178179126 11.81205997013815 8.029593024656016 3.4149141790426363 -6.64422420836212 -12.818800498728454 -21.04749126003052 -6.441568430689716 -3.6896044743072207 -1.128083783105296 
5.611472824163622 -0.9923037179060974 -11.901638711084004 -3.0664612517702245 2.9865210406665827 11.190352104607094 10.139669340414873 -1.2912527641042262 -2.12043933722552 0.21154828760446898 -0.0551079180721038 
1.983666854523799 5.251438241085588 16.835090290342556 3.0253291198865053 -0.7849057009775254 -8.833363980115333 -10.6105397611503 -14.603755276376962 10.164036968187922 12.57577826184877 13.038394146062636 
-4.4465779576754265 -6.591565164549688 -4.547393390730651 4.240239768411861 -1.494136745777098 -0.0007755573701725416 0.8652646892823839 -3.4106054903573573 5.330752133489312 6.609360462250185 2.4229898223633595 
-2.559005763386568 0.7171399464830164 4.913765399152283 1.2394592521326435 0.47394593438820865 -2.4803306806089758 0.4544572636193899 5.065272762821321 -3.9385688200123705 -4.3692762851228455 -6.682633350141365 
8.248258947966285 4.165590352359661 11.68717655845635 -2.0250411895143796 -1.952398299930088 -4.975743264955355 -4.448385426391712 -1.1112141423877437 1.865458856100718 1.495500750753382 0.07953116465640667 
-0.5031228081226057 -0.6718698130142278 7.4907540709891185 16.655185258337653 6.9089305069486855 -2.9828833996154778 -8.547832145736054 -9.288119117036576 -2.785164030857123 -2.665076767227654 -4.408493615530379 
-2.4667302847637265 -2.551841005437998 12.751204296169274 8.618996089594852 5.779116659911412 14.360262282609849 11.973604490890514 5.129226990764134 -0.9765328064489319 -0.7534125925888691 3.990485960006045 
3.412064577312432 -0.44484200151703224 4.204306085595704 -3.6703305433079105 6.9440033200178455 6.596644249214861 -1.1105914887459702 -11.578578534707187 -9.26734984656968 -8.645014654953082 -4.770880774419309 
6.564396895128654 6.59925014306633 -12.965523341568094 -11.520721228686472 2.9661509626779825 14.739382013515815 12.379719059377415 2.181689622253268 5.2071237608840395 1.5638377230461744 -6.0215289857564525 
-5.733630652852755 -6.336760217589687 4.279152330054874 5.121396458324673 0.697707419993181 2.1133857079622036 1.5490662379013553 -1.9705650084458814 -3.9264625816603376 -6.680336359400049 -7.780135423654206 
0.9795945877709353 4.3117934371495625 -4.932150590924204 -4.830500186513235 -4.391012806583703 -0.6970586796854866 0.9412727739025857 -0.3606705994360757 -7.694378890728224 -7.860942142965511 -3.62643044771099 
-2.1863892439170334 -4.610962547043205 16.87929728463495 9.569539291103682 5.0390000880370724 3.4421134718501856 3.5668586610676534 -0.8836185886993027 -12.090555938823258 -10.635029186735071 -1.5435187520262559 
