-673.4827788836357 -419.35956204519107 -230.05952974710925 -60.19501162435515 4.841641373307779 -20.98471689460583 -154.16286988517635 -301.99198024149075 -335.7031252402791 -487.30952991503324 -644.4232197198864 
0.0 36.08307354965501 30.240064080520327 18.306999397528458 -0.8346178698404657 -3.60694646362278 10.497549945782687 31.46353782306518 31.20046616228227 50.77859507420453 30.096418582462828 
0.0 -9.293230915736496 -16.19404350439371 -74.03746292819596 -91.94033952906466 -99.79624792073815 -99.05247986975102 -35.39857498906397 -28.139290748786557 -14.104348039192729 5.682307570527142 
0.0 13.878110843388505 4.746618692878098 -5.407771182080433 1.9935331607273148 6.658380257879164 18.52663037737393 -23.386816375544598 -27.823560789230918 -25.87812099026116 -14.505130107046524 
0.0 -26.300162513763684 -24.126963986245066 -17.49598502724594 -20.75779375300182 -26.42439342391868 -24.661483430904298 1.157557493686576 -6.438179286891058 -28.213202633980785 -19.622680495786632 
0.0 -4.311850973454705 -4.688365717498197 -14.437667137406844 -24.62733211252275 -35.58554808318324 -39.129237863890026 -10.424347961881583 -10.40214192550577 -11.087265603771726 -13.159620705991529 
0.0 2.1915346693465003 -4.944103850971516 -12.998708850038504 -11.500761764133332 -11.9594217439358 -16.93496848056423 -35.64646334153396 -35.33805593820038 -35.43576348288177 -5.97344761108101 
0.0 -1.7033083566213056 2.287782798654808 1.32320231123127 -2.9109189432075873 -10.504318131952456 -24.407878615082193 -10.412424586473215 -6.362948947783687 0.6884676773130793 -4.155878585168031 
0.0 2.30573254481791 4.127038671446698 21.35392634509224 20.030162662097737 14.718525809906861 -2.5545019982732495 -20.06347869694934 -20.001603644239037 -27.141766354745844 -4.91080863955775 
0.0 20.704687191555106 12.392511548589976 -10.137351527345974 -15.91548833940205 -14.989340213096101 -15.501147136574703 12.613243722662725 13.066534030880362 0.6551153515489542 -2.9073377616017844 
0.0 2.244144413646084 -5.191442534171338 3.0006512671785677 -0.5259054265737725 -0.9713056534775304 -2.552207264546747 9.475264722891765 7.399015081459361 -2.5822403675584935 2.1486352971195037 
0.0 -5.487931003121925 -5.341752086422173 -2.7803964113521284 -2.0670519863167254 5.242930776956076 12.933649178272766 -0.5635204341959689 -3.8984628918497477 -7.36167175178417 5.599903110676161 
0.0 1.803525334068725 0.4364653800389833 -6.552397732766512 -17.016947646451374 -16.81388244516766 -2.290831875669112 -3.1721702796938627 0.4378330753427332 7.276824112233687 4.157291595284284 
0.0 9.231028591186952 5.109679172261465 -3.9295864249292682 -10.250454635952071 -9.30290262226385 -4.205664069677649 -16.244282038862387 -14.828447777981758 -15.540615452044149 -0.02912253430969003 
0.0 11.285192547054548 7.57339831411958 4.5480130896965205 1.6992389650566093 2.9686997708380805 12.42438948695072 -1.7266578697714587 -1.8019884441853287 -2.2474410716487796 -2.1957856981415382 
0.0 -11.993222784351392 -8.821166086977515 -6.592944220578852 -5.675618965491381 -5.481664408524187 -7.164880133002097 -17.289500148025127 -12.075465884467405 -3.5309244621604576 -0.5920237031858024 
0.0 -11.348284502606111 -8.21810874979014 9.149762454298294 13.16185245559614 9.930917665649497 0.5369601489827377 -3.9523579055047318 -3.3036424654350944 -0.07231020972299179 1.9772461079407802 
0.0 -9.815892302491005 0.6047628635783078 5.672677292641329 7.271305050762635 3.014327643364077 -7.465707196491287 -1.6553279155572922 -1.0902276989924007 3.094150201174366 1.9626004003131148 
0.0 4.02699283268035 4.406265265120045 5.541001931698599 8.865106858744426 11.843185755196515 2.905264738581573 1.0316344045246626 2.1326922756827233 -2.690266076067688 -0.8276649812540898 
0.0 -0.275721552974898 -6.276945727914648 -13.455418068757906 -6.233274024477945 4.8270484424349815 10.7280017792317 7.8944014766416135 7.696844416729933 -1.3778455983494968 -3.507332487415913 
