-281.6545696726465 -184.40629044218872 -131.96171090523882 -65.19378188333127 -28.586042476826503 -55.24126793848541 -97.22246308495622 -252.24614909135428 -476.80484515064353 -571.9962186979086 -663.041250234696 
69.26809406996335 45.39788433576567 49.29031741096668 50.262767659358985 23.63636459961389 -5.290063744198166 6.667294872847794 31.796252147082768 87.4275612055625 83.28166886059384 27.896746931175812 
-42.18845380553957 -30.06705578276773 -30.95200759724535 -66.57696326809398 -74.83527283869589 -61.008309804263035 -55.59585089552043 -56.16322589971685 -49.64420722458391 -7.60379901971495 15.050870622859794 
31.35433271382135 20.062771657453688 3.123853967284859 -17.251126081732377 -7.845994050922755 22.328852059086238 28.27582627640262 19.505593831374505 -2.5207078592249212 -35.1149657474669 2.63581529559116 
-10.701387728440835 -5.071704303301933 -9.348190911277186 -20.773340865526087 -25.541370271414475 -27.723237873426008 -36.828498109563725 -41.96234654354491 -58.34714660569625 -43.424505595189416 -7.201617459207024 
15.66043678169024 4.39083343054198 4.4628517720232095 -4.851960209605103 -10.48609726456063 -18.11787587815165 -30.41426117080878 -35.9082824185211 -29.54296800030136 -21.35013091407801 -12.516126266970485 
-5.459368803280924 -11.93093207336247 -15.701316938594536 -36.48507225461098 -34.10589855131735 -17.021493012814844 -18.01559965726454 -13.899171107381775 13.784007629968407 5.277171909480101 -13.542897665115948 
8.736614637923356 10.593055638920784 -0.013481308443978409 -5.041882112263259 -9.004106366598608 -3.776277899840998 -3.339435135711108 -3.8580202735151046 -11.065703550134536 -4.968116637254141 -14.82931080633815 
-2.830900456247268 -5.372663607343737 -10.283324574959643 6.131829811016525 5.751092041240405 3.4400839956883185 2.3977794451620396 0.3168932584923284 -20.758192420035662 -26.84698207212807 -16.1161223914715 
-3.92543550285171 2.460964067351163 6.876073459380715 -12.455872247000505 -22.699863859293295 -25.436090361670644 -24.88091552428441 -19.84560115484695 -18.814285482414384 -13.513753415815602 -12.653475724251948 
-3.371159823614146 1.4047091579787383 2.0316974733675464 8.70345243448509 5.13281636958551 1.1024849583332181 -0.09808474179575366 -2.0138605288680806 4.36637939850682 -2.7375051288889503 -5.810954895600217 
-0.21532211187798644 1.2057439602405187 2.4299584314448737 -8.049896481434232 -9.388773590790205 -9.596144855369865 -5.110296571582393 1.173492001540462 -6.979172725122 -9.01148303990614 -0.10378527143981675 
3.407476617901331 -4.129294197715044 -1.0214127264616923 1.0395505522920585 -11.459279599111898 -31.461453478932192 -34.07738939534458 -30.18419840669862 -15.896957102153497 -6.474049809272554 3.626316373536216 
3.942078016792144 3.1231806280340573 17.932103269663052 38.28291254953335 37.40080906493682 22.894209711139077 21.924095078337444 16.813656519220046 18.61737463280992 10.976799748245686 3.957429503492656 
-7.27701945519971 -2.6951650971527856 7.640361089116021 20.38243040748516 20.177692355740916 10.305973748138126 9.417560967225342 6.475002099822668 4.18198344434095 -0.08794145878389283 0.171195683721377 
-2.2845270544413836 4.264705885012992 5.8812588175123555 20.625971647003436 31.338109551821432 31.96736374377523 24.391050407179975 12.843252118581892 -8.856788075203665 -7.474881672123975 -2.4241025019838283 
3.8036135047909543 9.074222371675642 -3.7022482710455136 -8.58350278170246 5.852377564413459 25.544843147231113 16.266784863911617 3.581893505584333 3.592084401084877 1.0438556235462293 -0.5775034926713236 
2.2341100823271005 0.41356142785656114 -3.9326963164514086 -5.077003515653731 3.845846319062722 18.7786884059673 12.34934449987125 6.787381002211077 6.656686266636392 1.3895491649834673 1.8224059994142394 
-8.950400292161177 -1.6266142909580905 5.658545868979292 1.2825335292533877 -1.7140013459330847 -1.4427580106405333 -1.93670839911278 -2.6669560628149274 9.847857221438918 10.691822692106117 2.89120151308362 
4.418284622326782 8.155512090910216 11.031758408253928 2.8793805738617473 -0.6015881831109315 -8.38527098466362 -0.9960344184024887 8.016719396140353 6.608845992784841 9.116922488572555 3.923273577905764 
