-510.1882186826574 -321.92040757972774 -219.64995592767912 -131.16629198376015 -78.53237573659473 -104.31833684921749 -174.41389454021606 -314.5986003992425 -449.9933592042139 -501.6726644073251 -502.972250666793 
106.79350055539143 127.75388655902407 133.69037748127775 110.45561310798978 78.01229674043839 37.29530210399963 25.93937628508568 72.48852532013109 99.81389228251342 120.13592143211704 129.29308748095298 
47.99054126197528 30.883677941124 40.47033983963854 17.72934460836447 4.509715941830482 -17.347926231305102 -43.23544559661633 -17.25173031381076 25.550240482114134 54.47152236824824 56.0609149371643 
35.44724983098444 20.77167732739795 24.2729400520999 39.86891370930755 48.1513546767902 51.6025269878357 42.641764789612296 48.81140083565363 38.03071872368139 35.60262840913769 37.844617485187605 
16.10099112791454 28.58507273036531 26.644091997215803 19.395140188962387 11.835937332901555 1.629598686179616 -6.988929788326185 20.99566751479795 35.519898919765346 17.560065173958233 13.894625799071058 
11.594609564165577 -0.7165809707886484 -5.585678073987012 -2.6176613795220574 -1.8211254522578055 -1.4519396377310532 -1.8831808005381865 10.983049533072993 17.589403217435105 12.6398592493417 11.543840538373804 
13.490512889471729 5.238894051827479 8.618281394074586 -4.137358079132232 -7.16319952485466 -1.5994663913080287 5.342277082117199 12.441729258973172 9.375110136833774 11.47071982833674 14.73235724053647 
6.998041543942785 -7.80531086797677 -4.237396264372132 8.349662367239036 1.9174029797096042 -3.912542085205043 2.4609370150617247 7.722142508245187 3.23433777014969 2.1286244259750626 -0.9643341927285821 
17.196698568964422 1.587420994694416 0.35845019350990204 -1.51966142251139 1.0072747473041934 2.7708977407777753 12.733928271485262 14.683561868201405 6.870222990826096 4.420396776842777 4.54598442004135 
17.22635266630033 1.628182390154575 -0.08199653012369268 -5.296125999558866 -8.751445700842654 -9.882034915913964 -4.745404602649253 -1.5009464680935216 4.838015437699868 6.444235429062475 7.130299696138668 
5.950996410109701 13.086167482845891 17.653469235649055 22.344844203447884 26.382353595091615 28.755333444232328 31.25782486750054 18.196415352324184 10.680875209869479 2.223421313262066 -1.5210943266264616 
4.868397958384287 4.972867027087474 11.030807674838766 4.925777109070722 4.62894148130966 11.036876092536513 12.188392155866765 3.8085036525088656 -3.5234903700005424 5.838579224832076 2.808700496112582 
1.1972186555791655 0.32638298310262887 0.5640052646742476 6.217112844590704 8.031809700288056 15.297342135579576 16.653377259635878 3.906134299922091 11.875241286700962 4.439461545205347 -0.08454842837415377 
4.157184517464463 0.7030912646741501 -1.5700459654887506 -23.443547828828905 -26.593876080546075 -15.021292531817068 -2.5253280055954686 1.5106211778048584 3.370469939986346 2.0705780104013316 1.9513874976804948 
11.213037830239966 -2.29611467669573 -3.019091375459894 4.458335564043633 -6.79561490721843 -16.328187743592576 -8.456852304084597 2.9078605128659403 4.135269699374076 4.982055901432272 4.322983233478396 
7.376121743726349 4.585032701198796 5.0905420704853945 7.964600587287098 5.892003692439419 -2.0988922716853518 -5.328296140915075 -2.6909629674428985 1.7115890086773344 1.52193247701993 4.001374943221114 
-5.7794144972908645 3.1521011736624036 8.820596211641135 8.242529720025257 10.914061362049019 10.775076325055217 2.844919064295867 -2.0014721844846197 -6.447937786527358 -2.186031664375611 -4.721282278304654 
-0.8305775837270136 8.968291736619143 10.470670960263579 -4.443856167860018 -7.782148800485938 0.06882710842507983 -2.8195287043414714 -5.489728174614665 -3.427394174015179 4.031647690717993 3.2233608979184396 
0.10496342133252347 2.311571017204451 2.8582161011499148 -7.835558536026536 -12.709436088569719 -8.523231832232783 -2.2852977234624046 6.65362048352238 8.026876117324239 2.9567222073596704 6.4226635225612405 
-6.889483879356753 -7.257554827452568 -8.943856751560904 1.7862712952665727 -4.440973406769908 -10.903218006155239 -11.235513703883928 0.31457313229686157 -2.2827121492076907 -6.39410927973891 -9.842729749673781 
