-700.7521661004936 -691.0594429142984 -695.5514527420919 -473.38186387112364 -303.63147103774406 -130.49522024597627 -69.14144254807891 -124.15749739398214 -333.83643991956467 -473.13632343251277 -616.660338184658 
36.70892297247312 42.73433013433089 45.72339959267883 15.926509337917507 23.48279417308952 52.022823562013684 51.97175761133106 50.508685499067994 70.46757731814535 60.37994907704675 73.78874640136216 
-12.644268403678797 -1.7934589528317852 12.310318472601317 -1.319949474129007 -9.437512256984085 -61.62706063171134 -70.54455693938141 -73.79120052109545 -53.753661408552176 -31.32572065053849 -13.72125102486768 
3.4401744580920743 6.928974975735256 8.058279041099802 8.33493453245769 6.143464657550096 1.039058737237187 6.633984511316763 12.67932043996234 23.308529553538698 10.374733994192507 2.678996255124159 
4.609385752774613 3.782045617395229 12.431333919897712 -5.611297510823538 -10.156311577464802 -5.260678671352141 -6.588752050040421 -6.16870816712391 5.504917620759989 11.084275546863946 5.536886456624885 
-7.916307621466011 -15.395434749544556 -8.127166370630238 0.5968919843977384 -5.242408482411896 -14.780821199150893 -21.654369629250223 -23.266080973524936 -13.105951929303227 -1.5559118782375794 -3.876594630213191 
-5.931237489323745 -4.1470934570948215 -1.8779182714136984 -2.479571935370724 -12.299876882067512 -25.972567018883062 -22.19659667260904 -18.73297985651243 -8.096732569938174 -2.9136589174492613 -5.996885894596376 
8.533469883059833 8.379363383012711 -3.881748297129697 -2.881968155428469 -3.1119806078687215 -29.39928844956691 -28.61690295039669 -24.442668016932743 -18.65913775990522 -6.30711325895312 -2.789793631821089 
4.158137826445259 4.724322846997717 -1.8878909265457353 -3.4317131761427095 0.07882441545590141 2.1367166805138753 0.96038977646245 -0.09771107647331179 -1.3706509911354827 -6.90294605492033 -7.491787765911148 
-5.747621498452267 -7.932229448061856 -13.345286451257472 0.16030752356990086 1.249247868150758 -9.324885499564317 -8.431500726456658 -7.052042353048805 -7.329335298839259 -11.962556762203455 -5.463056192041632 
-15.152682875187086 -18.214453321382173 -18.703503260721185 10.306843811279753 6.644668441978728 -16.62171763345768 -20.762524801323625 -22.142837331552414 -17.77139631680771 4.2985178854703605 3.0379681191862593 
5.104952749543503 0.3417239214823929 -9.584110296455886 -3.500002696276934 -2.5950642397803927 5.47674788417614 5.73839299842831 5.505987400626434 -1.6728412676682072 -12.521135295524129 -9.765208277926476 
14.527966530959365 13.309506666854336 4.364017619965292 -12.131611851283063 -7.955873890586456 -0.4518877082911555 -0.5050160558832086 -0.45311419225915006 3.3178635564402486 6.434508498811818 -0.06529841120207303 
1.4010934770997832 -0.1240622508647613 -5.03730603368512 0.08386807710277044 0.6158104065185108 -5.2715225604833105 -8.330563610604004 -10.182951111045844 -6.213233124965039 -0.36231066811590634 8.421676522335204 
2.0337522456037886 -1.374420485476337 -9.205314958777238 1.8471099936275057 -0.1934541568126581 0.09108003034656018 -0.6278204243182082 -2.75127812972466 -1.4724449500508343 -6.864815443969515 -1.4979199262489222 
8.684590998172963 3.9995506149880233 -2.7716658791259468 4.926138542185688 -0.18832998803892992 -8.76001356980546 -9.771254385982806 -9.636307167192196 -3.894184364411164 1.3647973621281917 -2.1405596391459216 
3.232163567339727 4.334032438593628 4.79662795659182 -0.3080547665522355 -3.0247409915506323 -0.8713842373204346 -1.020440307142701 -4.823211725998524 -11.99027267029296 -4.194715624588035 -0.10375603409389514 
-9.760349316518191 -11.633914398140261 -11.967144564507183 -13.025051814248627 -9.037062396584261 -4.475378529976281 -4.679887794128701 -5.366767774351809 0.7063207258569899 1.1007639074089755 -5.765528783944711 
-6.055338998694969 -0.9441699779352493 -4.041463408193541 -1.1778135777175351 -4.940134270122291 -5.422070051813157 -9.111598550445596 -13.137204976521263 -10.521595970922252 -8.122081340599898 -8.221811518092117 
-3.7700120350523356 2.4419945303559656 2.3562457992332737 -0.06785624713962646 -1.0556235682741557 14.699598743250075 12.592316487506919 7.385222544034294 -0.06520618232210074 6.935396017522205 5.476487583933176 
