-316.82864993441854 -95.36518370710981 -17.82918884696122 2.7799360415844827 37.321326384900885 27.054168500159708 -46.21556400967491 -182.6601367386938 -330.69263370050913 -471.29887774397287 -560.2321415883077 
5.868245962856864 29.6366785909387 39.38018684271192 52.4911743787017 28.49804466412611 5.772938090351546 1.1834153027781464 22.45292365604191 4.802837537381423 38.33814858956502 57.460732314921586 
-56.54369291648398 -69.17585957486835 -66.92249781412426 -64.26325329459436 -71.68697715866021 -66.22952772535339 -51.69575595756121 -57.40817391575119 -55.36201216962135 -28.460159386813615 3.162458183236237 
6.907066824973581 9.533960242673665 13.884849618598006 -0.5743417724998507 -17.124880589881315 3.436597429695821 7.296707787444531 -9.306575312596028 -27.24865659654685 -8.750160897049803 -14.733325481263195 
-32.738918658949906 -13.311355990246366 -8.048362486244365 -3.954971782131677 -9.27371046069446 -12.516433006690372 -28.467734976257283 -37.54552033143831 3.2621057659987853 -5.77991931691337 -22.503698833681497 
-8.740895124612623 -2.5840068377218763 -5.071030081603259 -11.65229740281204 -24.930155930179335 -29.469253413736027 -41.414530002614235 -50.18951168328525 -14.59503020053681 -20.560404614424115 -24.203283857726703 
9.208191677973968 4.858247718673839 3.648996919990831 -20.381913193944257 -50.21171157828629 -43.957619065351125 -37.33051790450054 -36.708160316943 -32.612193076634405 -32.845275411415315 -10.811764702562563 
1.4105968434465794 3.2465555019378445 3.6184228681325727 -8.004984532330537 -7.800377963551146 -7.132243671054953 -1.7403306239203633 -12.083559156437206 -9.354559373231407 -11.816236917605224 -4.062209978148811 
-9.762859344136922 -3.381852327832886 -3.3993099352209315 3.834320263320304 5.077358823827262 3.2908537468554853 5.217946255666294 -1.2889844192033044 -6.481626870080223 0.4203028991187183 -14.811544329354517 
3.5599265292147306 4.960802977702087 4.484808397175705 2.4714642340389186 -12.738273280637735 -13.236757882759337 -8.14840486900584 -6.792695048701685 -17.80124610114168 -12.76354274490341 -14.170276677111353 
2.146779174939801 -0.3832411319895671 2.8776483285484282 10.530757914910254 13.71996386777207 16.93895959307504 23.807585657375153 14.36112127361369 -7.0157202597015065 -3.2730560675874685 -6.64428153611869 
-11.823122915401173 -10.081411145753789 -2.470178211317938 -6.290598340975964 -7.486496922124496 -6.071648269401681 -1.3460133864518395 2.444056547563624 -13.967202956213278 -19.00706855951759 -7.715511851351595 
7.732412525000215 -1.8193196918269452 -2.242581092464143 2.472131197266976 -4.588008671768492 -6.665204274467145 -7.119867405668733 -7.657460431746591 -10.047852663138814 -9.152604513944029 -4.056754470605582 
-0.7745775306529361 -3.162336785492084 1.6377290955246893 4.519751074492014 8.800316591414756 6.852780453445813 4.235291956634998 1.9686443860159182 3.018394658778337 7.328376906968268 2.26820179410506 
-14.795487186478601 2.2877344688408123 5.58301656519231 4.3324974339913584 1.0349697556408495 -3.1480831255446464 -3.4648620789642277 -4.71527596264282 -5.356672403273249 -6.801683427137768 5.050852863746866 
0.6136128697647453 3.108256263203104 4.164774261948465 7.6237227100429665 1.379893398143358 -8.355542270231405 -7.328414745057944 -2.930172743263417 -0.8488647717278336 2.6877231736044767 -0.05384368741814405 
7.541128267441948 4.964598574892852 8.209846835948056 12.37768899097879 10.648971217257884 3.643365045045745 4.946886092476844 7.291340376141655 5.493011266813542 5.796385674974442 -0.6135672945356463 
-1.6424954933486053 -6.078496393681448 -5.014761007681416 -1.8340603415924257 -0.9204241246983238 -6.366045242187839 -7.557085177673312 -0.9243355424452702 -3.421676839986834 -2.7043079652750563 0.39725095226106377 
6.848524248747446 3.16807773050951 -1.0598002648396718 11.02021860849619 19.323764504634692 11.728795427312205 0.9758168127297857 5.201632774805022 0.35778500530688295 -1.8399900830489757 -3.599820025710186 
-10.851730875028972 -3.9609310192585205 -2.739311272528788 4.28588135930575 10.590546723616661 12.370546072030614 1.3813074880948248 7.799794042508223 -1.3426223522311462 -1.9397878069018208 -1.3232440743743488 
