-427.23428813704095 -338.4077126008471 -223.63667683806912 -123.00949536762063 -90.51106463885277 -123.92660916382385 -222.33231044389683 -339.5752792605298 -350.09962628175595 -346.16094467921124 -354.3351303368068 
75.08096662281892 30.340152172916056 9.844270176813911 25.067581891127453 36.962074130219676 60.87401261148942 79.00976504233256 57.134357558953766 79.32052878514097 93.41381956624284 101.15114854795932 
0.9352066727163568 -29.94336081302015 -40.8965131130617 -80.36445824452623 -104.4003918928436 -116.40054461826638 -89.50441239340412 -1.8979404313511417 -0.3894300934152212 5.638337252120481 15.359570763156059 
13.745399337001786 41.58791152621709 27.8560511164727 -3.8463490378664336 -10.33105079120994 -10.965576752887372 -20.880863237765716 6.739128032122238 12.549939797381526 16.103487215658575 21.817850127117666 
0.3379921823471207 -12.700774893944708 -11.161270946813003 1.701021209327393 -5.528318482983412 -14.759253887679435 -3.26210178552072 -7.61569390040674 -22.931603277859153 -18.66153470593276 -14.713264656488631 
2.8336601267106887 3.2143860194312364 11.651290787042594 -11.317622928412366 -18.979258508745215 -25.532816828733665 -31.17164225813731 -23.74344944702275 -7.463479463081576 -2.6440623966059458 -3.1224029072269226 
7.719544669789283 12.229572920801186 10.632445111724676 -0.20681431205984163 -0.6908107624133895 2.6740960927539486 2.1457565903146136 1.4536823385358122 0.05206235661219385 2.901471528239682 0.0035030172024609896 
-1.6889824706370324 -9.70270850815438 -2.804108471725611 -3.670175935646031 -14.618388293395759 -21.152245124356362 -19.271639280702175 -15.539675438439932 -20.114884586538402 -22.959911870370405 -18.84300821263039 
2.274156238170867 -12.772434229486672 -2.4866616164084974 23.310551552572836 20.808637983470945 11.084216073358498 -3.832357972860545 -21.461005648104326 -27.20296158616347 -28.798776815259274 -29.53973962894709 
-10.837123651442884 5.0816747982504795 15.066173809575538 10.184812689751922 -0.18104782752088477 -7.073192349021276 -5.209889127809253 -24.947585288201317 -20.756966624953193 -15.837143874905095 -13.6104547738706 
-5.628678550708791 -17.221707386894174 -16.47937067310837 4.9676738487810965 13.848556046155739 5.947051735288397 -9.943572808126872 -0.7369977103674616 -3.1956798234661754 -7.45130021371372 -3.6057525345228707 
-6.102870741857853 -4.41257760488754 -6.173687937483695 -6.828028873249281 -4.318771533739 -5.947226380482453 -10.124039563536204 -1.464769133457164 3.0076202882306493 -2.106435320551613 -2.2778436785768816 
-9.3069749029276 -5.553240464361858 -5.412798084849196 -15.57261880967937 -10.065328400163835 -1.2811787077365433 0.20904400419904484 4.813181427028429 12.229183217786375 8.092397569949988 -0.6275801544159892 
-1.1808764526147562 -2.467516883316983 4.53111346900228 -10.392340770185546 -15.315698744248584 -14.698960828675393 -8.081196517485683 0.23440685000009376 4.184264541039784 2.3213570911716395 2.97568852718819 
-5.121839565023965 -8.937346239496453 -4.40980039701695 6.280371147653751 9.84998977139536 4.963970771516632 0.7122402608600003 -0.5932840016515212 -0.8122813449428272 5.122220235524691 13.329504314384861 
0.8462094819809022 3.95443020078505 6.547852393884658 -3.870204448357035 -8.142292199371486 -6.752899609040841 -1.4269322165972151 5.166659158113086 7.530773416214246 9.454478607709774 9.882646571472797 
-2.7857291884100297 -6.579666177411427 -5.482643216208427 -13.18761562508772 -6.24127902674309 -2.9978064743076915 -1.5784944713027613 5.572504722347369 7.780047634177086 12.275441489352792 14.47317733671986 
-4.41137004617167 -1.301371496054902 -0.8804562006502916 -10.741627218673058 -15.612646677324294 -15.444928145220306 -3.726665950199875 4.723148043800841 7.6654839828615415 6.692556644582536 3.151731140844017 
-4.503932577829158 -2.518275191807313 1.4369016747781072 24.48019863899352 18.64873855453262 12.121556310028605 7.158330696024461 7.761793536774576 1.4900457527978959 2.6996781583298723 5.4160211936788505 
0.9554644088040719 -2.56049960245793 -2.1874781172608517 14.03054861303005 18.986650387837074 17.378230433967662 13.090910213156949 0.6471538501432027 -2.1715494296158586 -0.09920082436591598 4.952747650663824 
