-388.4673854200877 -383.7584233684975 -342.5279307525905 -257.05316497750476 -243.9565827440607 -296.18003887503045 -357.89148763288506 -387.11122432009677 -393.41440349556274 -397.3535306305709 -401.71377898763535 
53.662437670764724 53.46316151765392 65.53091901368852 64.32815797311054 50.457217448126286 47.16406711396233 61.9672807531725 54.37322410732433 51.61239780499713 49.39567122919065 41.47757375302817 
24.59821535509696 17.164857731701467 2.8374410063686524 -23.956740041858005 -32.63609310246295 -16.119037226619064 5.228172850811049 19.157779572558383 22.8698186702971 21.230827825152872 15.971434651496615 
7.972716155845692 2.528137100898826 -18.89013442339063 -23.76792287118112 -14.54103460452701 5.944896514961861 4.828741752781858 6.568068402709983 8.571442129417939 6.15885189002999 7.2156907366088845 
11.6975759093074 7.340789131857843 -0.30194483188730736 5.400752078678302 6.974928581530734 7.588504628825209 2.6599994399915143 6.393985808746875 9.378393399624466 5.599263279892135 3.5987369929667894 
11.640449339591186 9.206636664363668 10.2919189793668 -1.0360522776149168 -11.731083695401939 -18.22350271959945 -6.217412449460267 8.024742515868846 9.932270696809786 8.517263795380195 4.4654561358646045 
3.4409818509397225 4.521972194765681 1.9686007697986536 -3.4460506193083904 0.9017193042566625 -1.0627340673361887 -0.0673833564853216 5.232407705881694 10.399258512809478 11.209331255559757 5.5764729573247624 
3.558548483531324 7.656623595112805 4.51799400013981 -1.494382380203911 0.34575973407448757 3.996328672065337 7.281312750602493 7.893051296572359 9.590109052030703 8.026570757191568 3.8294463790354474 
-0.20581891223493493 0.9334529312771125 4.732158281590015 16.25930019673859 18.500836277263325 12.015463278400762 1.375586669500625 0.17215846598533485 1.5422494074475102 -0.1440295741976239 1.2275870404733225 
6.308915182933701 5.352763540398546 9.308538344579928 4.726729064387541 4.341419041721785 2.5918387900108053 2.0230721858024667 5.0150675906591875 5.891624092151075 8.676010928734346 10.235751578218292 
4.810862877738311 1.7301202891236196 0.44823607150474293 -8.65084453662332 -12.774698842127068 -12.867207595038076 -3.5829690149746893 3.1211558079874235 2.3913979436687947 2.3626943254717534 6.756729764411911 
-3.289063250607312 -0.4471286350209493 2.662117713823335 8.390372960245651 15.256717997954608 17.666072945768377 6.024760010091166 2.4415653057084916 0.2924823185870304 -0.7781016437134655 6.307614654427889 
0.5002765954044136 3.7828382439578476 1.8469376139657552 -0.8446338473629118 -2.5941380093450794 -2.162886223590279 2.490463555583947 3.278109121672606 4.443134342487528 4.276434517309471 6.913274376135614 
0.7766801261742946 2.7182831573168755 8.439533700832877 8.011142620916013 5.8539865928951915 0.8555237489959935 2.9951601617296073 8.85051353538965 11.833886881746965 11.71864590085317 9.663113533140478 
7.995639254758508 5.675274062171175 3.33219095256976 0.2510597014599454 2.2833477527188673 9.496936944641632 9.99297649101565 8.607678406238636 10.211655856411559 11.472298546884645 7.341892104354207 
8.125229922616594 6.839558254017088 -0.4066752255557453 -4.330052188745881 -5.799762763306051 3.9340123529775948 8.731919821492994 10.036650919780147 9.357915061698801 6.392632724876298 2.84742654466578 
-0.5109281358928621 -1.4387459646739265 -2.938828577874652 -2.52977597763134 -6.937889929947924 0.9538802731544191 2.7139164284272717 1.8815744780994377 -1.4903690247587433 -2.8561320384654714 -1.153279615602989 
3.1688510076738345 3.523666670872299 5.816816371460831 7.602743200915413 3.3853869184128254 4.432545801373134 4.595614949939433 5.582629880237576 4.849635564636417 2.64300228212515 8.085310152510049 
1.2946512803979533 2.147426427859802 6.472109799018519 11.464723195128583 6.435635941676143 -7.048035165255983 -0.7840077225435913 5.223725603294529 4.080769531191143 3.860430340080466 8.991081279240731 
0.9197719224665217 2.483786950024213 14.51559921530366 24.754592614345654 18.300437693605353 -4.534067109986561 -6.286173194444769 0.7047487697416333 3.4237042483445954 4.022157152751079 2.156112708288717 
