-473.13842912752443 -475.122791190881 -437.41845264085833 -348.68082181695195 -237.23690590695043 -192.7105048725357 -199.2675271295719 -253.53983364081896 -399.53329159547536 -481.23817316405007 -485.1355505943163 
63.57773716497188 66.21426680291812 49.49974258486918 19.62622510084859 -41.7263270713389 -82.07600150530243 -84.13856488106038 -42.844163415130396 31.799635101035072 63.34572671890475 70.04251618857612 
23.564884275458773 23.157403412287263 8.206327478064539 -13.713063986188104 -47.470638081157794 -68.57853140897508 -65.87721476525661 -47.271980018923855 -13.635159187354887 12.138160837578749 25.457470603578354 
10.864675429504839 7.698222334168961 -5.096964225440157 -0.24706583127993373 31.741603097700573 39.64263118499031 48.68927991514077 55.59711518360026 42.248969009934754 18.67126813766302 17.7854680163867 
0.979488079058474 -2.9923239445052427 9.497245781590603 23.790989952412865 18.408362252203005 9.980687924842426 6.259589037270368 3.350699478227587 -3.456876568173572 -6.1889664238865 -1.4331361618810774 
-8.522749633057554 -5.513535060751829 3.017714707556425 7.736215268944736 -1.7281727657959438 -16.863067544734744 -15.258048500469148 -13.712331562345307 -16.841539221818287 -5.69435814871068 -1.7216396678888595 
-9.14959900718096 -7.99361847913547 -6.491818201075216 -15.082584927553524 -25.616698304260744 -23.599110350380855 -11.235139284154268 -6.592082415160917 1.757884609087855 -3.81924708885351 -8.653625113242956 
-3.0996451893335255 -3.9529211339852894 -7.893690748137089 -6.9260491798016925 -10.418139302675858 -12.264567346787489 -9.424910862514237 -11.537744808422179 -11.46541745719715 -5.245511385388514 -6.436968619283367 
-10.555503697962983 -8.853033890677331 -9.303138330542936 0.3654727690526052 15.69783660524516 14.766334721783636 11.842393208577928 8.73270380372392 1.71804486557497 -10.405348189490397 -15.778084871345811 
-6.393077676223539 -11.509556598506347 -3.510912390632707 -7.568158144128941 -17.059889244181015 -17.677232595563147 -20.84524711511405 -20.577758836358427 -10.151508346849573 -3.2902376156117232 0.8097477570113069 
-8.964892207365 -10.601852664357416 -9.755964775191917 -5.303151358980433 0.33479956305543745 8.327322068918562 8.247987923976813 7.276844391750789 4.128858407384245 -3.5055855751549125 -3.0805044349735757 
-1.8454119745794246 -3.580524354964152 -10.714530357275382 -9.541460721966288 -15.271573742174546 -16.289512657441016 -17.78732051171754 -18.166555865672695 -11.356875765660057 -10.299976803243403 -6.5644903151320095 
0.33651623395476127 -1.46125418126269 -6.917914980267099 3.8699336702826357 0.16762217944112645 -5.823794168497164 -5.224148885048112 -2.7526769677264395 -7.157941310063341 -3.142250337630577 4.757890259353932 
-6.271701401021142 -3.81047015915917 0.13230631327932219 0.16951726336047523 -11.690222502264852 -13.110524258586857 -15.876118103618888 -12.753288457341291 0.14769154935148293 0.5471587793751796 -3.5408184212115366 
-3.274035461439944 -6.761129599809422 -4.172694993307203 -7.411591821483791 8.05043959815129 11.80784090250918 2.5559643865415915 0.09306560867771824 -6.048551166515818 -6.271727239244877 -2.6338052271077776 
5.792153811066051 0.420694656565548 6.0313384226527 11.20023546976782 13.49491883014036 14.330183058220655 -0.8210439944334746 -7.356402130359248 -4.586864332905683 -2.811755226823223 -2.579540698943701 
1.372743319592884 -2.7783287094549767 0.1679405594033226 -5.206083608917547 0.054521176953625794 10.313301501648898 6.953096588522703 -1.1622482744116436 -0.3891961452529006 -1.9329637569719946 -6.489757640440047 
-1.1380790734318686 1.1684890946811062 -0.7559346837230063 -0.9935517107385011 -6.1249712118044926 -0.355062109371001 7.257995348688555 1.933887866324537 -2.607758194245279 -2.6655512601814557 -0.29464029618704546 
3.7827862461651174 3.795843111166244 -1.6802647956518872 -6.339003292216066 -11.700101993991499 -17.243650670397958 -7.937442949745909 -5.906031161967074 -3.279993629704419 -3.3287594617852108 -4.289194489142554 
4.604492483370825 1.6364838445501577 -1.8665187442690927 -4.134814364942083 -10.796406276839848 -16.997113931778458 -14.048004735689329 -8.950127379510963 -6.066762896177357 1.3472089032523153 2.364357325490623 
