-496.3029367143493 -490.67193637562394 -485.18643041284156 -476.718220673202 -472.4476906819412 -385.54207367087264 -238.97180968566823 -191.6794677070456 -208.9652352585204 -275.344583832337 -404.18981877837695 
67.2217002528543 73.90852447895375 71.38044693535946 66.30230815280109 56.33324943611656 13.141619010055376 -48.74992457146739 -77.50763711905611 -73.05928016279468 -31.435559889774503 36.782234143288875 
15.35754029166579 25.027483087911705 27.390413348167066 28.562544105481436 18.72232085910765 -12.22481938973268 -45.579365883408634 -67.52661842592626 -65.09052691971031 -48.69745018031732 -12.857123118176215 
10.962822289490166 10.329856139053614 7.2073926582728465 7.853154656114439 13.87307053990222 12.569988718124396 24.071374919897018 32.93860953049194 54.22885772988623 68.26345898752031 46.63222222514683 
3.458059972288707 -1.050349001081691 -2.3371123266683114 -4.759792202749747 -0.5577556046115586 15.433864043111882 12.53278025506205 6.306402488481788 7.656959511014418 8.675680847403331 2.5323637742763427 
-7.737611393875438 -7.090072946232086 -5.847113991163785 -5.3223806861006295 -16.5744039982792 -5.131940139730825 -4.805628412520017 -19.046316919108424 -20.597673656106217 -17.420026776284175 -14.075032344495503 
-14.070987712381363 -6.114764581010081 -2.5549446566872467 -5.030780284679804 -6.187003310624142 -16.86528654159008 -21.80872554865011 -18.929190921103277 -9.495547415596365 -3.522744408467358 -2.9875984182735604 
-3.74208289410532 -7.839875386572338 -7.53000164653457 -10.65104596999565 -0.41948989786850494 -0.12340618730711761 -11.059767830843548 -14.561823002835077 -13.577893674584905 -14.575176959257156 -14.901653073656654 
-0.14726890548036953 -0.2501295834686893 -2.7646835308754643 -9.328439493660847 -11.950804639833306 -6.229036489768662 6.389875726901052 5.586027656815611 8.120032128503265 3.357993388969506 -4.749742172639943 
-6.748835180599407 -2.7602619217678797 -6.911485523913924 -1.3664737741090829 1.252657939675715 1.9054980452279398 -7.293419361638845 -13.00364680578577 -13.236590440515583 -15.73762177704156 -4.125703273668812 
-12.479472200269658 -5.907146660164379 -5.582898029122458 -1.12118405610445 3.133399451904391 -3.7401428712008444 -5.053891904060745 -4.1326955993618695 -0.9736618471514513 -1.8477575679351999 -5.673445338304717 
-13.308225416404966 -8.488389989535008 0.34059644609243356 2.7150313463836784 3.03910761014604 -5.715450638723556 -18.262242037236433 -18.857630565594686 -16.543414999961435 -10.187123982729625 -2.075109974069859 
-6.455082562755196 -7.7173133258750894 -7.171081660967866 -2.33473030268926 -4.964183750395758 -0.1372431302831064 1.674875786194218 -3.048666253378336 -2.908335281060756 2.447033200771346 -4.464928846451269 
-3.204995950538192 -5.0576935327162005 -5.885602466934138 -7.128967120465923 -6.968526893354062 1.2551756940520444 9.624387652510157 8.389474924280384 4.463825312803586 5.741834608947002 1.0663006922738898 
5.812800686301481 2.162861670781069 -4.530052714427307 -10.768459454993216 -10.108794177927628 -13.222009429879815 2.5416793901980954 10.309708690427108 5.853736327484463 2.868448731741187 7.223419864286452 
0.7494225894881434 -1.2314757504843712 -3.6860156169859484 -1.760131678114782 -0.9782425223209987 2.34244254274442 3.0898759173871277 7.843130928829337 -0.6620355298467353 -14.347193598434743 -4.9070292032799 
-6.496187639409273 -4.3459512970748335 -2.047395569135517 -1.3010270737944962 -1.253819637072537 -0.7954816864345352 5.631279708059075 14.40094729878074 11.63454309894176 -3.2985724838937296 -1.0963312531260194 
1.166147062676709 -0.2920783145264691 -1.0966488762570639 -2.2677379608138977 2.9997187250893287 5.0395370574944724 -4.46347720536253 1.8922173116920957 5.392850662220598 -0.6503212242133025 -0.6646843245326448 
6.758204596265948 5.291748975880848 -0.2120548718108864 0.9342778291140925 2.579187620190554 -2.383776523362662 -13.47105118545521 -15.648209445463864 -17.99700500058215 -10.07091878090176 -1.2682737547184932 
2.7906910540124272 0.5330550921973781 -3.691909935115521 -1.2700716220504062 -3.036627544302412 -3.9718943581601702 0.4925278200832707 -3.6886338706356456 -10.157635331588285 1.2514660149852206 5.091517978162782 
