-470.9215633659727 -447.1240836686646 -489.1019942459547 -497.31413667552965 -294.33242019870937 -182.68665531032647 -94.0901346802929 -81.18931730657731 -152.860659528178 -282.8025195512257 -520.1225722170802 
-16.68893690012635 -19.436838112738116 -8.434234320785617 3.3893075383064355 -21.87654310069862 -0.053088963971587355 21.108611954455455 26.774963149199706 48.41625860634369 77.59905932431164 45.29877482245243 
-24.5979997363135 -21.737736998334285 -13.320592129638193 8.910040890569027 2.0890413105191854 -18.014145973295477 -59.08986190166356 -87.27469958644164 -108.57506109904868 -105.43405386980783 -35.28668527099052 
5.314201283430666 -7.542029338507514 -12.952111137330494 18.943548640488174 26.58465574641518 -10.344532614390246 -21.065395248708043 -4.760778239421224 18.432263738349636 14.86219179725741 -5.059508061296814 
-35.32162407723993 -40.72393293811503 -39.59896144433742 -20.63731077654838 -6.85100874516327 -10.276196860475372 7.344031984268867 10.641255464339583 2.428039153279907 -0.4651491813460048 -8.37685225462928 
19.8955952508347 30.247463977613243 30.851256183059398 17.00100161977095 3.7783115282812583 3.4625630044013525 -14.534102660692795 -33.49142315457592 -53.37062647112292 -49.43628216996712 -30.719450835146848 
15.99892221218428 8.561508552353324 2.004097168320758 -1.5588389978242072 8.469281615594213 9.810483237660812 2.985576940115103 2.8502901173915056 -5.694920203535978 -7.517264968813482 4.758992984968739 
-4.77467609114184 -6.9679482668115025 -8.490089089530699 0.6151846896968998 4.283417917506729 -0.6758708546328672 -4.745589037230975 -9.754683179573007 -16.20011079915522 -13.320995984497962 6.979787669406853 
-15.225103840510195 -11.514784319533913 -7.204261695367731 0.7864752918437832 -3.840741701174486 -1.3903618310688417 -1.1655604567714506 -8.936252806256451 -12.876424096681736 -11.666803508256413 0.030960872730280392 
-13.536598636277962 -9.401749009897536 -7.745903347353719 -9.210131611231933 -5.784183975458817 -1.6572613233353668 0.22018224043140466 5.549992491524291 9.254717864454038 13.532310750889906 -8.675679599634213 
-2.193780603068257 -0.1368617933075017 -4.348074960919483 -3.8978801447765123 12.649051999198516 8.654842437370608 -6.202119760651165 -9.405337632947951 -15.191518843968293 -15.350275911488193 -6.358331221768573 
-8.50118150518205 -10.97696054100141 -13.567995091607752 1.6017142387239005 4.32051191857005 -13.04833662609733 -18.288464009771353 -15.401814391522088 -8.300608331228892 -8.690900774982262 -3.052000306044209 
-3.190345517150682 -6.5539491778355465 -7.859681738509408 -5.4941818639961255 -6.222608304971846 -8.969889760253665 2.9304729080554095 4.138469928976708 -1.1175886138635338 -3.312771760878511 -0.9095809597722159 
-3.702511524812465 -2.531556621363153 -1.1969529436650574 -0.0024395966902318045 0.3611023176916819 0.40159092241627237 -16.87070544012332 -23.506885857499842 -15.942997423057601 -9.301804665992986 2.7843498408537304 
-7.759647963406131 -2.607797033166726 -2.106473615557892 -5.6183257954049814 -6.662010321730543 0.06918790278113851 2.115890666198087 -3.5084704487971683 -12.39423147410497 -18.149899297664206 -8.533919790378562 
-0.5756876759607124 4.518199606562685 3.2296478995486284 -2.883894889771027 0.11234453862532429 4.53477138846469 14.772456171852106 9.9226540052293 5.994912235695589 4.844660166256274 -10.60831543109665 
3.227848850132807 5.714905864456302 3.5701853385056506 0.6827305171246739 -1.0033925771954628 8.582110721690283 6.671198035627325 -2.9882357382109066 -13.07739284554885 -5.815067029881465 -12.12094428636689 
5.328712392257909 7.221399925983919 3.6908195988450228 -1.9625387915966692 -0.18243463376332203 14.467457275986192 26.721882812805845 28.292393692482676 14.144217839856141 3.244685281127805 -5.861975118910285 
-4.245535038710554 -5.334147981727975 -4.683931039002102 -4.977829381146885 -6.6845253838783485 7.972002117964726 23.801646258452685 28.71239699365612 21.132221451306584 11.29523672027043 1.171700510620648 
-1.3581123489300952 -2.920971846568571 -0.5474159190403649 5.678593425808776 10.033311804081995 5.244466332093625 5.9915309295328125 18.30362944839011 24.95293944776406 15.597335213206552 10.382006957109292 
