-390.66606043846804 -390.88851412551264 -370.56587543954737 -243.25779762552506 -173.8578922566805 -78.32133656957383 -19.822213463110806 -24.528259548934365 -90.46545495376911 -271.33859748156266 -316.4243409158617 
48.32725642831532 38.275895269197825 27.4129251643002 23.217375041724075 17.951803314732807 11.472625972994186 -6.922769842365096 -25.571115504987365 -29.150708979667403 27.948928564028108 113.52599241506707 
-0.959253444036362 -4.9607161154498085 -7.9136609545526655 -25.439495519428057 -23.240226050108987 -60.81917896936446 -55.099324616151776 -34.67360276810253 -30.026098835749032 -12.55074391295377 27.159128693460378 
-7.04275931140464 -10.02256964472428 -0.7101279535740039 22.295577518962453 23.528814500002678 -1.5620018490998104 10.389175625794284 35.38634959378057 41.63489311073962 46.63516493836452 18.408030928809396 
-38.506404533756665 -38.023714769749255 -33.023578236659155 -28.18198225267924 -31.35919995731159 -17.725313168033097 -27.571325769431503 -36.76819302974184 -35.4681289353406 -32.81019796079893 2.611304184475825 
-27.294240276723947 -31.955561311884402 -31.167673582774317 9.818251843425292 16.800682031177576 -12.207006263947942 -8.152921491646694 -0.16789699514300188 5.76262703422572 3.7731415701565485 -12.372886867333932 
-27.200195000526058 -30.192835017611507 -22.54788988185362 -12.791260586469669 -9.853621597163155 -9.801567848075152 -6.403155402237795 -10.585277150942566 -17.73888465853385 -23.709749362143363 -9.48645215273132 
-33.53923883338927 -30.694401763435746 -26.156244716837747 -4.3215934751039455 -0.44062225781603176 0.49109972741232877 -4.832904712375213 -14.860315297367173 -17.72853850000761 -14.90397255778161 -19.354225784789826 
-18.505319096487007 -12.766774522402878 -3.9294181408204927 -1.6206389716389635 -4.178932200313221 1.0058341141955174 3.6135450218279934 -1.0528485837690356 -3.369303458927904 2.6430614032533284 4.920881126649043 
-3.208487169646909 -0.6597913095860495 -2.0227419143081375 -4.948966140522776 -6.702888238653859 9.439977964724239 12.365483022772152 3.069206452455509 -8.001707152369928 -1.8601710891085326 16.21062393589434 
-0.19116349148373185 -4.325508391928137 -3.8888987386923937 1.5736983977530947 2.1356222515278094 9.040034483599648 11.113479619686006 11.345625879087514 4.490939437139124 4.243639212879114 13.793321067760097 
9.711534497830819 5.383205977602595 2.850395407392463 -7.999626916445545 -6.667410003096737 2.367906999980285 7.418880061050018 13.909710819587925 14.557683189842692 -2.760548224354527 2.3024375768129435 
-0.7082221934515867 0.4851771731664807 -4.072271671472675 -1.1396271768763582 0.2707557450776319 -0.9610325358835583 -0.9054745512893027 2.4948372143961786 7.518139737151476 10.068763914348386 2.110559444577463 
2.405481455762355 0.20175305196988713 -4.36955331463901 -9.043937184996654 -6.983878341725767 -13.913979190657582 -11.193256822738753 -2.543538460291269 7.828319714450096 7.160911256186278 -4.0549838993439735 
3.1456162943799892 0.4304097140597807 3.0870796428339418 -0.6163723730442274 1.93750148623 -5.605210193828537 -9.633135797792564 -14.777540662853696 -11.617800896943962 -11.183154936213928 -8.713156123260976 
-6.287678992569392 -3.481677623945304 3.190504230644352 3.5432482104959915 3.1263396170022584 -8.81511630852511 -4.216024142726896 0.28622526568735934 0.9472185529300032 -2.969147447605497 -10.274663393719244 
10.403408629270007 12.591450818759526 7.810148363152165 6.277075277087058 4.952927013597407 7.199840014272305 3.239039460792113 0.48740829262428637 -1.1637968276726802 -5.171146284073295 -2.2925041466345264 
14.868854182926983 14.847312836113431 11.78402874165242 2.6094989394308663 -0.792453420225464 -1.7323894053938123 -3.1216308586168906 5.367615895635364 15.127039599553504 16.93359556368299 7.019671012979415 
-1.6010176715916011 -0.5006474395517988 -0.6331670256254827 -3.646198314239337 -9.989842121605605 -7.488639787831718 -5.046456176943586 -10.006637271250312 -9.752989321094255 -4.911279803564289 -10.78050980148353 
-1.8404124677310756 1.6871598460665884 4.225115974202512 0.387708426628036 -2.898931195728735 9.494118590728128 5.765326288465169 -3.1642904172273143 -9.663091543505363 -3.3788366081210213 -5.201906789236062 
