-724.2163397124513 -542.5577841593257 -240.3302352668203 -124.77571415688458 -36.5899823484261 -27.786472739403404 -112.58827467897044 -280.20705457353176 -539.5897451732061 -664.9148177550821 -687.7591719567273 
-9.907646209639836 4.110932640630649 18.91913978657272 26.69596886537277 -1.870879239088641 -23.62937991350431 -37.632861579813 -18.794956064122836 -24.750564057189347 36.76031918135497 37.27071452550754 
8.223272310465417 -25.052857531269716 -22.550956816848498 -38.798302233695736 -54.4342718404932 -59.004110533546395 -57.474242894435946 -60.36632769445467 -61.149556848376236 -20.445609920881978 -4.364143702810244 
-11.800346263336149 13.193758372282726 20.12434466704616 18.68257729888201 11.240655432426355 9.118292929838654 7.608218690673526 -6.394460600623699 13.840548859690855 -17.7520780653974 -23.812325916902267 
1.6105964871295266 -20.6634252014221 -8.387838526263973 -1.0507767570065079 -2.2447372844577416 -10.36880817193526 -23.194483790773788 -36.7666199085502 -32.026827412510215 -29.511991986988924 -29.818204095065923 
3.7985277759786005 11.535170660919203 15.888560142543046 0.14272314301717565 -20.55897029396488 -25.769716344877523 -33.606438229971744 -36.798635802584485 -17.79753338340812 -15.650607474850926 -9.863727887880096 
-2.4921514582495745 0.5943145010011732 2.6689751824069097 -4.524795659678711 -8.58758207309903 -5.265680491324144 -4.209529884523208 -15.429948546055982 -21.417340682933677 -3.8536079568393946 -4.993067611692291 
4.70409564403678 5.118747413484328 6.423120309403722 15.51517334085748 21.997644042148977 18.499110985512417 8.214159697989032 -5.549801107483371 12.032247626080036 -8.317421104045849 -4.105957417850948 
-9.227890622266072 -7.532194471349059 -3.344014867436853 1.6038793199309527 4.303733793492243 0.660974335543443 -6.395859358294697 -11.329111298493206 -10.005032453549648 -8.708984212836633 2.6255188427493525 
4.148125618328548 1.987890720710902 -2.462222920510258 -13.53048584840481 -21.527211617749845 -21.9400814211579 -24.29339352426384 -27.74789199365258 -24.720824909395176 -0.7197544639707076 -0.2529715770892591 
-0.7857700281524106 -11.310141599433406 -8.9092118626721 -3.2031026945746452 8.444210252035633 8.02159382509469 9.220979485190353 3.5613536638948338 20.392316512096563 7.047456128813499 2.2801342357450025 
-0.7519759927215418 2.0966775855754207 5.895189754094554 4.539218731813916 -9.24609649994806 -11.726340208388288 -7.645243753968904 -14.464136147726645 -12.242108746642952 2.284074767078688 0.44891364970275094 
3.1337100064856243 -17.351281842250668 -8.47561408947437 -6.0936662544053055 -0.5148588421242549 -2.016349577764629 -2.950844904072533 -0.1549213109567107 16.965753682977045 4.958226286621822 -0.2747133982141236 
-9.248817711889242 -7.2806894858202735 1.0866997567697239 2.012640075486539 -1.0403509571937264 -5.320110906490859 -5.169400160835732 3.029542710788633 1.3492401322458432 5.358585511073927 1.3035748116867727 
11.144033620173865 -10.273887750255398 -10.070542299088082 1.0729245430494063 2.2960012177367823 -5.249133695964433 -10.348292014303707 -2.1931407148713475 2.7414741460557512 3.7012438842583286 0.5752345900865252 
-7.77336532703165 9.76787610033756 -1.8420681435649047 -1.8681110306397153 6.603757218240709 4.399568064477907 -1.1187168633982598 1.0440703218585274 4.405949096494705 3.7316443875916967 5.00074090516536 
11.1898980187967 17.396698236680486 3.5611276891332047 7.703195692765455 14.751786432401907 13.545233306674447 6.591218401980463 9.123701770995131 0.9249131334316334 -4.744176404574504 -1.9225005407801703 
-9.916985248925474 -9.919482616966814 -8.603194371398516 2.6902224525695937 15.587349149513773 20.22575911404588 15.16681732539121 8.581682908155646 -1.8724584603941543 -6.449873978951182 -7.661560466750805 
5.480603319656588 12.424641855335143 7.968923888009096 8.401845505412528 13.700994340556505 25.52611278589412 32.71964988687722 23.542406095425186 -4.763891268422383 -0.5040121093821536 -0.9626636360423997 
-1.4035274228803174 -0.9528632860276802 -0.7655294456830044 -2.981396645114367 -1.236758938870945 8.642932000922148 23.486361675750135 23.58747461331289 10.71975793270677 4.232033581110221 3.511744304944247 
