-681.1834001190981 -678.8279038511238 -680.5989016369972 -399.0331134976721 -191.63633578438356 -147.41535537347002 -84.99304442748273 -46.4065649218982 -72.99179866985938 -190.0794534824729 -412.29294281825895 
6.459143519711657 7.1941415950272205 6.355114461539266 21.27819475423668 54.579069181513034 52.07052193751802 -25.185310674179725 -69.69616344990382 -78.76844906278913 -68.63491047086973 -16.42480769466291 
3.566241586321878 5.216043583134823 -1.5712124435510346 -93.51717185366209 -99.01223542601724 -91.75210283844481 -93.85520339929954 -107.07647839674614 -94.16817957173622 -78.70114017341606 -62.78222555048006 
-6.0529563281808585 -0.3765607770160321 0.06176346783926061 14.382958403696536 18.525934554160777 18.944810788812504 16.081151021802974 5.909163665303217 18.308358717220955 24.925739688829683 35.81398829272421 
-8.155233525019048 -6.543572334446503 -2.523000707547032 -3.436687058971984 -5.104786606586764 -7.511390519887062 -6.798878428904476 -21.754504640852105 -15.944228780408555 -18.011136164943643 -13.667173170025531 
-6.419932705430117 -7.334319636863665 -7.258655116421243 15.997703154245292 22.23711432466422 19.696449749341287 -3.3193211330130072 -25.439476932291313 -26.630331899280947 -27.42192262081135 -25.48037914447881 
-6.048773873213069 -9.729789678610723 -11.746505283000115 -25.227670529528616 -29.82911384821316 -26.584506590910564 -1.129851411696714 -2.920325347054635 0.7177223829876234 -2.9362267886555955 -7.045708147117638 
-6.028656561710937 -7.890106111444068 -8.765717576774986 27.330058806092126 24.354806501751526 12.764199678741896 -34.0123571066793 -38.377631582947885 -30.9915867480346 -27.28491306892261 -30.975324997713273 
-3.9561233054565976 -2.7747393388201473 0.9310101878467867 -23.354638433143236 -25.48623157199426 -12.221637446684396 10.419157148119531 -3.3419570822476894 -4.896360878598639 1.0528298977520678 -2.9999889624300353 
-2.5998731205781107 -4.9173633086212964 -3.8626675861128423 17.451845200435468 13.693051166605372 2.2400855915138664 -13.894817798304016 -26.602464179263983 -28.322461176317233 -16.59040706473899 -14.179652646595573 
-5.057948318024378 -6.412374759780507 -8.734794680848212 7.2663202550164225 6.1189847905716865 11.284603905507122 8.742286156794297 -7.335320759836108 -24.292705476678933 -27.1608162409097 -12.88984468951605 
-7.407114181612737 -9.146649571130286 -4.805576103672396 -18.461093697726245 -6.655926268195547 -3.523819205764264 21.972296852173233 21.348594765102952 4.068425594056513 -13.142406264426176 -15.927412465198802 
-4.625260836148453 -3.74509540185654 2.741197900310045 14.8444779088152 11.851837808362614 10.56349881711975 14.968695856281283 23.96541114660547 17.00424292804777 2.8085420474567733 -4.50600971816888 
4.901186758593203 2.2579054546388524 -2.5067233101359117 -4.31842055212196 -11.218518664025321 -9.91370587199689 -0.7128072214535754 10.419906950742366 13.127214508749997 8.119334648158699 7.49037532957922 
7.796539902442729 6.14709814976483 0.4472131484495012 13.299292560260785 8.88780011009871 6.698048899388749 0.6411167749235547 20.972485196430195 40.555651239826595 46.303069917872165 23.53892345131511 
5.376791739721442 7.218412262212103 8.559312384082045 1.7773685104691193 8.331365062284556 5.257609061989997 -13.223539959431374 -11.161247225055567 3.2595697139693556 21.708946557241575 12.144973736319809 
-0.5388884014886313 0.5778623216186987 5.6838556710871195 -19.571468838715475 -5.705156617262057 3.8571109670940857 9.215771743095804 7.8132098766126585 10.502212789810926 23.08428458185147 17.964047172949392 
-0.04790326593599237 0.024891726183898788 0.0942344255358964 -0.7310535525323423 6.551959056002475 -2.9341216042609366 -7.0801629117292215 -9.021759401784397 -10.725523425722685 -8.985057197230452 -9.367572697781377 
-3.120141044691093 -5.619142671054735 -5.290051333542937 1.389560716222737 -2.5664676054224493 0.17838589097567983 -1.8308754824584215 -10.891278475958263 -14.03306188034381 -20.218518020560612 -17.396271707965056 
-3.15925693944344 -3.2508619339095635 -2.5767107547518293 0.4837416904187547 4.537987131668041 0.9487928585498232 -10.078766904989159 -10.06754682425697 -4.912837353596999 -4.571359411087114 -0.3123047391979985 
