-720.8859484437714 -580.8942467279239 -548.8181520512356 -483.1251634690875 -292.7633657282197 -129.24770042979995 -80.89553645478713 -146.6736364338411 -346.17060965445717 -576.7812795139954 -720.6177477452184 
2.4526289506274743 -0.4112835473186638 -5.174843365335991 -17.051765834081316 -6.208977915353012 -15.594672558603126 -12.594384781369737 -2.4131121859648106 23.712299253371697 -10.304578995520558 8.631667817258135 
-9.095202302311053 -42.76702357212272 -39.88213017422073 -17.73523929565183 -41.338306472893336 -103.60528564197001 -123.38980708641759 -126.41865444497674 -103.98233708509491 -38.73084346570172 1.1474865111039876 
4.195601380891651 -11.102701679767812 -12.140008822217652 20.417551839433322 4.6884514734774925 -9.901378749917493 -19.427900241746215 -24.908690209452608 -42.39878716989125 -6.33615583743307 4.913206843201779 
-0.7228207619952496 30.728674004711095 31.083188010986333 -17.327060102662102 -11.077029820899332 -7.452511328079845 -12.590402712496862 -14.494945217304789 -17.512199774361918 11.738124642925907 -4.768804373180892 
-4.662496266351463 -5.1245900122880155 -3.9129598511449153 7.346920479735468 2.4775795480870135 -21.881114662110317 -31.133073992591193 -35.34187848123702 -38.688290395370316 -49.843587807837984 -3.171796089267173 
2.55144565723692 13.873262753299771 12.176437400489046 -3.313997241854688 -21.474205398639693 -18.65586403588789 -12.221690339628164 -6.521573714145462 -6.527609225783857 -7.986144084606269 -2.383484295072053 
-0.2619021381768373 -3.616681515877118 -2.393243600063238 -13.008764692906052 -13.54922918925658 -23.310241804805223 -27.07795074041774 -26.791093382800195 -23.332158829064504 -8.575565822705073 -6.327303739329124 
-3.6880862186723133 -21.167792597887292 -22.10081585222688 -10.175596674586899 7.5465987703824755 13.730828090592077 5.5659396764705225 -0.4643155064113313 -7.4981026326826825 -18.92935354580871 1.1475060705870739 
3.92024488597942 -12.304341014670172 -12.779458040020867 -1.617579702685817 3.526812204174611 4.930735359543309 -0.4220951112934131 -2.243939000854047 2.5927491436788053 -10.909536695403823 2.053095538491802 
1.6371981887977964 2.9242905929320884 2.1219668678254218 4.910300277845847 13.53053437248791 19.460410709563178 8.129547731974267 -4.317232329193656 -3.8974663948809978 5.176937144395346 -2.6727893055105563 
-1.5272069160050092 -13.521746567375452 -12.49490201533417 2.5783662388264466 8.580666812678626 29.026340635227506 32.587702952358455 26.250163071437065 8.140498510468664 4.671678122048888 -1.4619583407901082 
5.438838023733192 5.478600042200714 4.9107764288947084 1.6650116499970018 -7.08168747470607 -5.608483831028849 11.409343657678095 22.879396511997758 21.68403162282428 13.085047153767732 -0.9827805065156605 
2.1375570921373392 13.998101054110714 15.18933608051916 2.6923950522277647 -12.595930003415937 -14.74039000032252 6.665102993770944 27.859776179683386 36.81680462557641 18.01672241350093 -1.8032358376291047 
0.5411150828235078 -1.5399673021905345 -1.6712735121665703 4.8050420299547 2.678149614207496 -8.304189811957025 -3.770857162579487 8.437745623854067 17.79915594806367 3.465851304560492 -0.5056442584623897 
0.6570299838038767 -0.3288639849127383 -0.5724242204422226 6.8873960739951645 14.670984223593369 -11.062675440550908 -22.653499041612147 -27.34416167748155 -20.33847722749738 -7.126709655788691 -1.2500625254214084 
-3.3882791733736353 1.6897860790167092 1.7918783842209483 -7.928689974684973 -0.02277113310346692 9.048577873510904 2.02879394674859 -2.6986746923737908 -7.954826535479574 4.75284408779747 -3.4784989532466 
0.8503631504011333 3.942136486716092 3.15069084825549 3.9998267607662674 -4.159239148325159 4.01471344054614 5.881296174893626 10.096264705525737 14.353277743999696 14.064532684992894 0.48103119705421216 
1.317036542303843 -0.5616687692609234 -0.5397760567436364 -1.043345789221852 -3.465391802970174 -14.677329554962858 -11.81332519265826 -7.55878091612783 2.523122305175539 -1.9909169984433963 2.6443219807084346 
-1.2409288001402823 5.708425386777138 6.01935723578938 -5.311244032463322 1.365601208154568 -4.5033117029823115 -11.329915103665323 -20.99922080215112 -21.187362868393826 -10.019276591357208 1.4300068585694907 
