-546.6970359355096 -523.5045684012352 -591.7935572297929 -546.9459642848018 -343.67191377430635 -181.81167016709648 -112.85245151855459 -132.78719152795995 -264.82468551334927 -462.30425020052076 -635.5273841554487 
-72.18099363500858 -62.14943710825408 -47.69890480699352 -21.56384509857065 -24.84829187883377 -4.478545583806301 -8.095591695321971 -0.404579648942316 17.849169521001095 12.37165051834202 4.4009375724130795 
37.05667586312383 30.496566233808533 20.090352548694145 -6.354991011262792 -2.383923420403077 -72.45123119483608 -91.33790814234024 -92.68415481537657 -88.63334014452118 -65.9027460365524 -23.687697107032648 
-24.579134467130544 -21.317747599464226 -13.286486912140075 40.77739643392505 36.732557577851956 -18.380181091894215 -32.86507144077851 -36.29290203965604 -38.9295010018451 -23.938717970629135 1.41742627641808 
-6.651076846719651 -6.280772125262045 -5.744559679179906 -23.566006919474816 -25.18020133308528 -7.514249543902379 -5.903131114609687 -13.579167407243661 -28.230534615002547 4.29574778866049 15.417082705717222 
28.949988462672422 31.296069720434474 22.55013849974604 12.949120954561494 9.96806665259086 -3.5999065120303193 -19.132713797440125 -25.950940191801536 -36.52873912182673 -40.14210907270015 -6.610438786060557 
-14.14507955288601 -8.892041939565395 -4.4466991127943505 -14.12595109967286 -12.581230522212905 -22.850324172187314 -13.115979500285928 -4.807034539973914 -3.210501918583031 -23.14769823605128 -9.54783666291102 
5.22490502607727 1.5144134025571216 -1.6791643529520082 3.2889869675137904 2.875613277072412 2.4800949494356814 -1.5942255755257697 -0.23860041343119842 -0.6693400487517496 -17.521716652363686 3.487752744737821 
-10.828734207528957 -7.214040037557867 -4.509484469936117 -0.2735945494806212 -9.191665262132542 19.20355009631343 20.84991817728968 13.77586592228229 -0.6085257223241083 -11.098043182575886 -2.5310270626377367 
10.791051528251609 9.810865450510146 8.999433933846552 6.374267615510172 7.146130378753962 20.053262020336668 27.256190180821736 25.762175315821402 15.170088011547554 -5.459970736755439 -10.520081762195666 
-9.663488428009007 -12.0709706382302 -8.023532730900378 3.3934276930877747 2.1525311675185073 12.00496759537949 14.992423769579743 16.142731722228852 11.578991754853131 6.592521785455254 0.5050395594595926 
-4.289051265649236 -4.064797246723007 -2.1510775995219085 3.3965948432649142 -3.496852299217839 12.662460754807078 35.634143178484955 45.618572325516936 42.67620931667115 24.04006855348434 8.971541537138439 
3.508968257822655 2.5195282769591802 1.6225166716748556 0.38547066314355544 8.036502761895122 -7.473736915804379 -0.6989049421368709 8.18197597583996 10.204504230857534 5.577497283993468 3.269494167714176 
-11.579282546071507 -10.09241242387125 -6.906149992570049 -4.254762740223861 -1.481788039334496 -24.042842743341765 -25.55557129074892 -27.073469597048497 -28.372501977447662 -14.342369684305243 -5.882906666850213 
9.69385851832774 10.51391118061338 7.822745297868712 -10.452409720883434 -0.41415099067981065 -0.2810624167011816 -9.037334919519703 -15.285341895034946 -19.477695571052024 -14.373061832716616 -5.790479561158508 
-2.656502778825672 -1.4904586292747122 -2.7055930731789624 -21.488047218753543 -8.020544520140099 2.940813113962101 -3.405971545067292 -2.565375577374045 5.215962767654348 5.759507729971192 3.9930152522475826 
-4.313723378430195 -3.1544569274501786 -1.8226686851657075 3.420263466141499 6.553387638294656 0.8316742840382836 2.8296599801869036 7.080759788433687 14.964932679348664 15.74280658307222 7.707651337301822 
8.573294150245921 7.811551461030938 5.853494633945315 2.5801242702976155 4.32426475461758 -13.11652187170072 -25.603546979349836 -29.146973124854526 -25.695815038328597 -8.02484486516235 -2.3921639944104607 
-0.6320628621121919 -1.9958094562972493 -3.5054778946893626 -0.7318620111479534 0.05149125384116199 9.007534425222095 -2.8997066481905853 -10.328570951155264 -12.392198347979997 0.7167219449973949 -4.964786526459559 
-7.905503655182687 -8.62437265996039 -5.287792263304494 -7.97268743704935 -9.127402851138704 14.31811437869015 11.219876599994784 9.46989879733814 13.851731946871404 15.817657403746757 5.460229257768357 
