-555.7262358791511 -557.6460077652471 -524.7665960566832 -331.14592344833085 -242.00794636034027 -233.74676195120495 -206.64740080481525 -210.56497466309506 -286.4034648491942 -398.55951439563916 -473.4641132502994 
42.5028862731493 37.46904570853364 27.69600937633307 42.03198115981782 45.02282412410621 31.55241537201731 2.5195054720120416 -19.693576543028556 -27.153440125134694 -16.699655508834276 -6.978257376007791 
16.879942768509657 11.965877586690903 -32.059958867817045 -72.21886152795074 -68.21397193200653 -58.18112305216924 -70.28948647985334 -75.85536501796282 -65.59021885850805 -75.29009884165654 -55.68593246422844 
1.6608182121089947 3.258069304017037 8.744188232512563 20.840407249078357 26.62350092021653 18.668848686821573 9.814944600779278 15.026812596031633 33.544047236853935 15.988342481022208 5.974072459240517 
-2.3596844800541943 -1.3020495143937298 9.594512465831494 -18.34493585362415 -22.993305938455055 -3.5409100898942363 7.170196645009119 -2.5957551186664913 1.944156965290493 22.561007871418543 28.152846317262618 
2.9443429033681783 -0.6834127541864942 -9.377076284202419 0.3673870412025818 7.934834713074901 0.681512293834262 -20.971136042317703 -35.980246563930166 -31.765491303976642 10.132384146012935 42.283217162966864 
5.874873961250608 2.507269042595274 0.1525096562488476 2.37717664873016 0.890800899997296 1.8970805964111113 -12.476570401249266 -14.686709071984062 -7.488394179733438 1.2811081828509399 9.190882188425945 
0.5715064531389542 0.4636331283752426 -1.0836611075625935 10.768453231228674 13.51254392838451 6.638621891913008 -8.602069477051165 -19.021613086434993 -16.818026446322904 -13.556357544996674 -14.189062076475505 
5.104102818404975 3.3012369325380178 -7.266704066083486 -3.0995119212238023 0.218908495777146 10.448481868410742 0.6453818846433225 -12.488593923484945 -12.122515842607068 -10.887053372193556 -17.437329937383424 
4.371545275134484 3.2293879420029885 3.7850669028369084 7.779634150345297 7.331372689812955 -1.5224903818687046 -21.03110242155715 -34.05168354467042 -35.99952511335478 -4.8856424927178885 16.02844927015369 
3.3587619565546323 3.8537227032977466 11.58308810365619 2.7262729196710005 -0.9461995656908377 2.0687880467386983 16.72545456768519 11.448321708078911 10.213806739917093 22.58843292820196 20.118325591685327 
2.533432281101095 4.569867887194862 6.215931086164932 1.7294014354356617 -3.6044117386022796 -8.251271616671104 1.532778992949001 3.361452249208739 0.46068406642040316 -3.1159171508005254 -19.861584657070505 
1.3804617286369507 1.6438478932535543 -6.248036108257853 2.4791593154778955 -0.09939357994672071 -1.7568235347361438 -1.30682958848326 1.3568942899997198 0.1424572293877393 -8.236985590268976 -12.090481517795203 
2.1902397359866583 1.4460126323864722 4.73686978479182 -5.054548890817683 -10.087987467207594 -12.448196306247063 -4.146128467525811 1.0487504117385928 8.496928049797674 11.905383795975073 26.07294997614576 
6.222553732334575 5.236179792819065 12.33470506352452 9.18054779186002 7.802252973171107 1.1058638885326126 -8.053343172691747 -3.7533786357158037 15.466835603113868 23.832314065350346 14.335872144977872 
2.8960078323735226 4.116531390271553 -1.3324726826409894 -11.724875066579493 -15.152315036037436 -10.383788413266052 -11.170110944574242 -20.11131089972996 -25.069015510226443 -14.31507970314828 -15.12725437630121 
3.9860007126316384 -1.0324998450026335 -2.0516733301681422 3.5341329203662073 -0.05492600261751181 -5.0221866900343235 -9.60255615248962 -6.929007049156821 -1.5515555935976248 10.18507780689572 27.36192219243046 
5.443925117583646 1.9650482838046512 -2.399147473007331 -11.449100147151135 -15.705096265755017 -10.29484415602501 -1.0157149283441906 -4.631938891985191 -8.330570867184058 -11.509285286036313 -5.878441404532511 
4.726279375201405 0.8186534874551115 -2.717434363342301 6.698099882214777 8.6319823122248 3.093081398618957 -1.957501274572477 -2.430069162171354 6.008317788315042 3.158205826035859 -1.3232321604574817 
4.051402402483717 3.2339189205114787 4.666343004902673 10.907098832233025 4.908043773647945 7.02589346122372 6.704380076523985 2.9050475100620727 -0.7762892160985245 -4.939977388240195 6.136984057750576 
