-204.48655520085333 -240.8982515589576 -341.8177223228471 -349.54310092326915 -292.2568442913528 -175.5273114032351 -140.51505523002555 -171.61276375962493 -211.6536838796466 -322.61425917558495 0.0 
-18.055521914825988 -3.85991603641327 45.56275301341084 23.445819369677224 24.35546633991459 4.269048542974977 -33.83161421493909 -50.21512791852186 -33.30572224405963 -7.0228120802758305 0.0 
-62.4474526834624 -56.2796350718655 -47.457295964402114 -39.670342796826404 -27.438717366643786 -72.87918967612994 -91.75110666974106 -97.55375092354157 -99.95893939897913 -61.612757119455026 0.0 
-44.51960665500479 -47.52544146244758 -60.12579581807731 -9.567710842784692 9.680585725975646 4.112465670092585 -8.337655741435004 -7.578941940307951 -11.829222737063052 -10.913848868440155 0.0 
-58.701333711848065 -58.87575174020188 -40.91439582208052 -13.230176186492937 -11.719111991864693 -9.502066502676639 -30.137445849308158 -48.06204411052441 -44.3415549519662 -7.246792076728945 0.0 
-1.9084743691920392 -10.951770794929494 -23.919572596581254 -10.993884506054885 3.173117896344147 -16.4210390237889 -29.22124380895516 -43.324550452836306 -53.80478997341537 -39.039317617700505 0.0 
10.95601025169597 0.43725549090350313 -8.180458219698217 -12.243091009002608 -7.745086657798074 -8.209515889682411 -15.044896128563302 -19.6784218446164 -19.559373128077986 -13.37508675518631 0.0 
29.37836307696778 17.39234380399038 0.7412497918900427 4.051277077007596 2.140534704530002 7.205150646745059 -0.8059032789358616 -8.164045923954276 -10.689208170385605 5.3784848857815755 0.0 
-11.08426430488328 -16.445573518507377 -5.943165249014984 5.626426477107306 2.350957766786138 -7.8723307840659835 -13.40834950683116 -23.45724029702577 -26.01909411091104 -17.502268495016615 0.0 
12.25295992851011 9.300042715701307 -3.665187181393976 -7.4416755360192814 -9.062816527844664 -7.573843848305904 -8.761756457282768 -16.632512737916134 -17.089860616701202 2.003147735061391 0.0 
-3.8295011283619758 -4.535257344611938 -2.398419138345913 2.1024781960017123 5.3904010095332975 2.7712361768142393 0.22453458493296513 -1.9229365508780627 0.3160998845958634 2.224685941578184 0.0 
-12.105029746103039 -10.706642696553097 3.5750875377858886 5.7851895024525755 4.837921617178795 5.826951690397808 4.323005063087382 -3.685864513406174 -3.261925474862673 -0.515126128008335 0.0 
5.009815427775849 3.647737385374793 -10.960156667987194 -2.3952201507162183 7.966270613467032 18.784526564429804 25.61975253346138 21.04093999798433 8.740890720500689 -3.0773803940027316 0.0 
-4.516433405743289 -1.2792001483874804 1.6797927182283883 0.5281912910917052 1.5401491318403515 5.455482891900011 10.248799942166144 10.757879107240782 9.169552137010614 5.261237746957631 0.0 
-9.85243034786431 -8.412968872521391 -4.137428594343217 1.6582012619342297 3.0029437453570194 10.016822052913692 17.753832953205674 17.58503930181013 3.953247915184275 -6.33772365409672 0.0 
-0.3955123870761459 0.7907412164502524 8.700974883476778 8.17218840310934 7.98842785128133 2.335566390182593 4.243467221459941 3.1164656317844286 9.948497985934956 11.202547080336778 0.0 
14.013290930363956 9.675913656222761 0.7186419823163255 3.1274883556715007 1.4912279034355944 -0.5747161469693138 -1.8386188025206414 -8.866249869265374 -7.0087499300752265 -0.5494660735370254 0.0 
5.263322030436727 5.576798353611107 10.113264250411238 3.473142856414897 0.9220781811682475 -1.0816392156768009 -0.8818924719838689 -5.116898429497387 0.885863345814144 9.979059728630896 0.0 
-1.8589784911313818 -1.4038060468340854 6.8818357334368 2.7083785157632807 -0.39833539418121844 4.616493921939433 9.003298717174069 6.6369067448891474 2.9752079306194648 1.9984349392451741 0.0 
-2.418927673007753 -1.7322696066786665 2.752713494715628 1.0125942149815943 -1.5648053217730094 2.4884438260785235 3.9993383097239716 -2.4809239474950986 -7.558044081405042 -9.133167421186261 0.0 
