-532.6527413210196 -528.8481372005959 -546.6417913829391 -500.2603804283396 -285.80089530374653 -199.87210324501575 -182.03828140130167 -143.5989255633446 -153.06980022389303 -209.1472031498114 -296.0136956476872 
-2.6230692386937333 -3.5158604671289515 -19.826791397100017 40.18178074298544 32.69342783155189 31.315882927255178 20.855096609261107 -27.145774001297376 -44.705714705279576 -35.570156344846644 8.205685262578099 
-12.015799548352225 -10.436900716165681 -13.381471685354777 3.420737250236626 -3.2567201153425422 -16.374455923740932 -31.54929989004513 -39.694912582487454 -29.510052406039314 -12.508521023544063 -7.539493465503737 
15.471755340236296 12.789942120040152 13.203371824099886 5.801830415379218 15.09024801903675 22.22308699930246 24.720594370568424 21.702048482545 26.654572686391578 43.06788280007176 46.17685487001915 
-11.821643965945075 -13.7078472131885 -12.337067419089394 -19.818408852609732 -20.063696227575065 -13.558775003607305 -4.208483032306028 -8.113851291159293 -11.412460262795857 -11.260714920971928 -13.53699215922941 
16.677721237311324 15.98609199571647 12.733025919854004 0.13900720245251086 7.457427375259597 7.0737886707607744 -11.873383527034727 -34.9850756674025 -34.263618668266474 -32.17444435932935 -37.77717482208827 
-13.986171209164981 -17.361934869060065 -20.879175821722228 -25.531235858517704 -24.295599157506242 -19.390832708728894 -10.890984016017615 -2.080133693977353 1.4717259834906253 2.9029103889428356 2.2282455666338605 
11.76141073162226 15.569541394256893 17.86498085235887 1.0816854611225877 -4.672608072501704 -6.9009764771336615 -6.238948388295246 -14.053901442741221 -18.82731400029743 -24.635909902578895 -27.715504581670885 
6.019959730556025 7.49503778168731 10.614134587203132 -14.074585612454733 -15.307637102684897 -13.638652967919738 -3.4606352301151744 2.486694494322085 -2.9333037198922876 -8.392452407621121 -15.681764059110883 
2.5133290458377524 2.528922468798574 3.367437683454427 -14.172387576101034 -17.631474701950616 -16.358987344597054 -17.74722290254034 -14.217264386842217 -5.986223005478763 -3.784336539991938 -13.600724722595515 
-2.6527368211810884 -1.720396493129197 -3.4558062408215036 -14.173748055308252 -7.733310291228902 -3.548247730149714 2.134615313061797 1.9345198961040875 2.993106767552096 -5.682017715524787 -9.620726348217 
0.5891311115220061 4.910643954769986 4.5456296300782295 -11.665556469634408 -14.453083494301687 -12.288150170319486 -10.762923911643963 -5.2245806917154995 -3.7258514970911873 -12.614919313488707 -13.12998805617507 
0.5072960609078703 0.8337597013900466 -1.539627584545534 -11.594689117635557 -2.384109120424665 1.0554274903756595 -6.2213337296752815 -12.47892788703231 -14.367517014263388 -20.565374727497037 -20.768979157478572 
0.1637532801996746 0.8900357275684339 -0.2183124829736316 -9.249966032316655 -4.076404212478724 2.7529992204925327 2.5357857420419587 7.266942788956486 5.309103729676995 2.7544408873540442 -2.710143354811931 
-1.6719763934893717 -1.5124789394571674 -2.0074167972189927 -5.9947777024461 -10.829705873069376 -7.976592002264341 -6.587253749730181 -8.341425683489115 -10.482715359213197 -7.1086429304512 -9.89505794583833 
2.600060687721978 -0.19998301896264503 -2.9687107503466867 -1.3073886117757287 -2.683737469432763 -2.9337685142005583 -2.080534768237028 -0.15424852030545488 -8.808767469725964 -15.556985315861137 -13.458808619116619 
4.719565608523235 5.494212547409206 4.295195674167033 -0.6721589692057005 4.082856072963968 3.675962561121295 3.3681618613407376 14.506314765008089 8.857605502851289 -6.51107923101658 -4.215173563356766 
1.6363869873379149 0.9930587602648658 -2.0506073989738915 -9.370317745903277 -0.745282377919344 -2.761397367645295 2.8725688715525317 18.85291169410749 11.527565015628886 -7.776656039620176 -6.655925419605338 
-2.96200338377492 -2.2908215536858068 -0.4092466357573241 -9.562345132872917 -6.703533499963308 -3.566602670884202 4.654541237372898 19.667287927882256 16.77887158144346 -0.1703545244831709 -1.768318246012964 
-5.630400948858613 -3.6301245602062258 0.7098354621339344 -1.4868166579074285 -1.0933230360285755 3.0355994089924705 3.7809130217135785 12.23920526371347 22.586423936766455 17.627899434873484 2.674803198424735 
