-327.8785814300856 -369.9562249323267 -436.2711019451964 -388.98623396961756 -261.8657828641754 -180.99761962541507 -179.6467986306097 -250.10859839542385 -342.2970231196861 -380.1077460417803 -404.0682363602386 
11.05576238423249 19.644771410845344 23.13648558500199 15.473533089281155 24.054717838712254 11.965681835485103 -5.757340718520418 -9.168611669455888 12.086843844639134 15.36590358443151 15.689827010005475 
-43.681746145914886 -37.51040843257633 -22.59105676494388 -12.761505371827088 -48.55809781990528 -69.31348746481532 -71.74109582142621 -62.582281471661176 -49.15286181484738 -27.114709089204354 -19.241698281918346 
-66.95327889457744 -53.12396334217681 -20.449693525407493 6.648853291582684 5.850645979792641 -0.5810825349230269 -0.46688321359024587 0.46110458656083075 -11.772518300110487 -16.42231932030075 -15.776220872362376 
-20.340433060823575 -21.95160021020215 -22.243010977853334 -15.590742606489107 -17.60918370750914 -30.175672187150568 -36.23357825911393 -32.41792969339986 -19.618685774234756 -22.09284022000002 -27.769008730080103 
4.808113194087785 0.16783008245392278 -20.998853603687422 -2.452019720402907 -10.060711142988055 -24.6197949943361 -29.34287731683668 -32.18453978177628 -36.88774669918784 -25.698245114631078 -27.890295900638186 
-17.1306469624761 -14.650864032437317 -3.3371450491235826 -17.160479976440232 -25.238819790596576 -25.31134675241583 -24.47428210870239 -27.01844631486597 -28.736654242180734 -18.29000746263986 -14.581882244245712 
4.466563218470368 0.6796656198675621 -1.8726198685804998 4.378486617105261 35.94122162121866 39.50248094244766 30.55230628030222 17.950243659422423 3.6488388019748585 -2.504913996159006 -5.133962956509363 
-0.6207654986604071 -3.230421967683042 -3.455410540189634 18.090994725716705 10.858010100769633 -5.619572754856603 -8.965218839102533 -5.48170321263405 -1.5374054912051576 -3.954244110042681 -0.9136395740858776 
-17.29296198375657 -14.830362491365007 -9.884930732579017 -10.89704275245558 -7.692457567613699 3.2289173158962523 1.040229591516756 0.3460697770558947 -5.128034236884562 -6.656468312779533 -8.78355701148766 
6.760941985068698 5.502303173520431 -2.8120463386627934 -2.1882206146133223 -3.389828245829807 -7.167163753618 -3.580107438547441 3.3365574102320004 -5.127080164021789 -8.839640669882726 -4.929186462855045 
-8.970943411207173 -4.340694259328573 3.7374544176123115 10.150575799122642 1.8670701477043168 1.001326570128752 2.0866146575809497 0.9491252415778959 -1.0908521272697236 0.45671267613812017 8.159791915280874 
-22.0683892549136 -17.02847859753532 -3.254522292137474 -7.304172529473795 -7.818037660470853 -2.8381632745482106 -5.813524116994062 -11.378751290853849 -9.665730168512521 -2.704112064207053 -0.9084433673065242 
-16.377268771989428 -12.795521543478127 -2.27692185888114 2.9249929430194044 -0.625425410431202 -6.700548935669729 -12.357317838654929 -14.570311430877096 -12.207437408901946 -8.692384448180102 -10.63737751482208 
-7.222273989607931 -3.725249644172237 -0.953378237835829 -8.321311835560742 -5.283782295387214 -2.555965986455631 -3.539129197098646 -2.687972952067156 -3.7629304956915 -7.650924362205929 -8.03144475487169 
1.7789855350394246 0.9274311481251881 -2.102534164542237 3.7349041840030974 -0.5094582792085558 -3.915806966952187 -3.110782755297474 -1.4446899123517274 -3.573034449267146 -3.5932312492489364 -2.8383478282994345 
3.028753317938529 1.2912443982705755 -5.745276579234162 7.091769868882861 11.779713955293225 4.3055355468861745 -4.453891978023808 -13.648393365518025 -7.512083440885308 1.0500028336336602 2.160958945774359 
-9.073908151909936 -5.58976998340918 2.482299303743613 -3.183991672725175 9.06855551557253 18.861045069988414 16.834327401353978 10.062428481979554 6.372099165506655 4.894136350777236 6.314244843253157 
-0.44691904867862475 -1.0714009518208671 -4.0177280356352725 -0.19339963953944017 7.05580861472248 8.453800426055945 13.254680351279397 16.9439188005785 5.740306045809952 -3.484242488841191 -5.937208397121084 
-10.29892441087653 -8.408570480698199 -6.786698106136424 -12.569543347995797 -10.72586086972644 2.49477355856369 15.89852663524091 18.802489197932182 -1.4527219653459769 -7.77840297379119 -8.316214247935271 
