-424.24083131275097 -349.3745843590912 -317.8933068551585 -381.23019460901594 -350.9827448246336 -153.4535222887604 -76.18269683984937 -57.718213159755386 -68.48765001545803 -130.73112557596232 0.0 
-15.891454541288262 -7.191234405137164 -6.054301721833127 -9.590560530835946 -45.83169357613066 -72.10467540118628 -70.15051598432947 -62.59157679218602 -69.82925895302273 -77.2796386436707 0.0 
-23.726855905040996 -37.962359759471454 -35.23123371579802 -25.843368427410876 -54.90863837250157 -76.03640980606397 -68.83212709062758 -55.59762377998812 -42.3218273399581 -31.954736030648885 0.0 
-18.23696730384214 -10.82680668774952 -12.215981104799535 -17.034848232791163 -16.43856361249898 -1.3860772078956092 13.610708841176926 21.525812759528346 15.671245230217147 -4.7189360942538014 0.0 
-16.48043960382528 -22.620687463091887 -23.67222772389883 -24.113955691937313 10.119340410093313 19.091793289049164 18.363754793466853 11.002864352834923 12.440613783282181 10.981966579526695 0.0 
-15.679912110979917 -7.249874467883124 -3.06638584888246 -3.6216333141123185 -8.461156987238034 -12.136818789230976 -11.585559874370485 -8.790410746622095 -1.671809242151257 4.763977527409969 0.0 
-6.886153604817018 -6.210041867109849 -0.9355344960495522 1.1076611923587754 -3.3617819754054903 0.8717635275121955 1.0228540732155909 -4.230536678205923 -18.53129490838221 -20.964850038920314 0.0 
-5.056770737968673 -0.8642852882424923 3.5870880608816886 3.31098176221538 -5.56881039808834 -15.0527717094703 -11.06894071006418 -4.033023275321624 0.7392056604891458 2.725685357354563 0.0 
4.828349878704467 12.978694304755813 10.728759807324744 7.848537289745053 18.14960543331818 10.91897093154999 9.664354340093162 13.321477973408594 9.880254437158257 2.177833305164311 0.0 
3.3206122533670683 5.750727017164324 1.340375534353031 -2.482952017745976 0.7056009937597574 2.162649643190701 -7.423359133187281 -9.774833833852242 -6.186395682099373 -3.7706546348339574 0.0 
1.77092757402415 -3.3419953713506367 -7.322509285957985 -9.824360804295665 -17.453355905023642 -17.95978448788292 -17.861898542272872 -15.677539848415286 -6.739738525158103 2.204171672944454 0.0 
2.12163904672558 -0.6326294795942874 -3.0287154356422787 -5.405761822788737 30.315029192106476 53.28220415647206 44.20401622431021 27.169542801075647 16.70860516732096 12.654350407179342 0.0 
2.0159989244736303 -1.3362975751667923 -2.7847243533065864 -1.0926917973272778 -2.4256028586959975 5.478612605410019 2.90522967409479 -14.972938505440613 -20.151768375821714 -16.3508213537067 0.0 
-4.889348042652875 -10.620271030868658 -12.918573574081282 -10.095229139700557 -14.31716848012736 3.306735918780774 15.768943065890516 13.94042702459853 2.4736656637813814 -6.37600986082996 0.0 
-4.6209060219608995 -6.674716493239403 -2.3672441032713802 1.478126655440162 -8.766954787359236 -9.7326394012799 -7.335917402144625 2.530096617163678 3.4290209687354345 0.37900712669571535 0.0 
-4.140292669900043 -5.933903106626749 -1.8197002658939376 2.8774278576090517 4.663507312243024 -4.859587084227198 -15.498232374921855 -4.430191101860007 10.01754321161691 13.51474676760186 0.0 
3.9563792088831855 -0.8214585730359234 -2.7093419862949415 1.944775265673521 8.202743078008025 7.695421751796971 -3.424390261155271 -5.483965983532695 9.381539654962097 22.267729473586588 0.0 
6.309220877223705 11.887712645426708 12.610939651489073 11.565835927388324 13.241295964364319 16.97195327813754 9.698672382710349 0.7437399333788549 6.514365817297004 25.672321058308512 0.0 
5.754001632550761 1.4259909495222445 -6.38540775993113 -8.665903324531978 -13.331820645373835 -18.089205585015947 -16.055934999640627 -17.842962014589403 -22.688247133488733 -11.858044960747534 0.0 
8.256281996084423 5.527877311505744 -0.22909405464356092 -3.769739510682657 6.079324151111002 1.4152094358397602 3.516200989765412 11.133055422189646 -3.694869233243085 -19.341970336971727 0.0 
