-334.26852794035887 -132.06089709785115 -40.08740121876989 -20.009838107752156 -73.66757904129565 -234.10384062713248 -459.6063737414884 -592.8776277018956 -602.248949912288 -603.2160831801997 -611.1863153693398 
79.16410859117329 -11.951328772395335 -36.118188231732006 -21.516134889367294 14.863087771662864 65.80865620684985 82.33010268455965 34.23635017235274 44.07927169162096 52.48402049054089 47.03678807465954 
-27.34294193544053 -51.11010050858091 -80.61788723831185 -96.55054561135698 -106.09112315034163 -105.78815763205868 -77.87507907984448 -10.85153712409636 3.0720431610838794 4.858455599674107 1.1042481913978497 
-68.88802584162468 -46.475831559331766 -24.73647645233079 -19.480736112467554 -20.433808738408786 -25.293960659284068 -4.600665814369967 2.942826768859697 -4.536912312922938 -9.188825353180354 -16.835796024488836 
-0.18981060913371994 -15.059849173124174 -9.84669660002018 -8.884223334691644 -3.662098429918843 15.70983802801238 -2.730457647867888 -15.438542347953405 -15.17192245795778 -15.061874886885278 -18.057963478673944 
-15.221744572470577 -0.7349179198762412 -5.509854132271645 -11.699990346750958 -22.745246941183005 -28.360626751768535 -15.256081780707076 -2.4933415252611972 -3.3639344492920813 -10.338703824615504 -11.27024139432391 
-17.27922569773685 -19.607566723586693 -18.96518575306512 -11.419303253209119 -6.1185497984207 -7.199980075121928 -6.8443138157315495 -12.398290383945984 -12.098341677484253 -9.33868162454134 -8.69215651411837 
4.304105513747248 -2.252377340175916 -12.856600273044045 -21.709967134086526 -27.495003785765604 -15.649339998080038 -26.567199133810597 -17.315972839153012 -8.86812664747876 -9.578712374416849 -8.663486517123697 
-2.3874447300668162 15.474614203893989 22.701936542721306 17.11698652910723 -0.8909501490419063 -22.974405137403497 -13.408019493831086 0.9935403921252355 -6.999077310934033 -11.913109222204636 -11.083838943179828 
14.658650103770466 -1.7983628352664378 -2.725636254843556 2.760086827980248 11.163267752284455 7.335887349157995 3.3646366038462214 -13.3967863577772 -16.620216739627075 -13.064050145242366 -9.46441061116233 
1.1146182289668294 -3.3594960953883852 -15.913861372308471 -21.77768793840101 -22.623429947739616 -10.730874582421489 -13.712483461923227 -18.423073607744996 -11.830569479653624 -6.283928667589451 -10.087409623209403 
2.0428842914130154 4.488292265003359 10.95191984957954 13.250912260518913 7.71911429522579 -6.417679698247848 -5.136964834625634 -10.599667546465692 -10.252716755508342 -5.419004492699274 -10.454598607824714 
2.689874439450774 -4.892738387543035 -2.2073284117620764 -0.4440437577464616 -1.796470677946968 -1.6524230944908318 -8.592632558432191 -11.237522848629549 -7.51300608752538 -3.725349544925079 -4.078509017446635 
-14.852903194275726 -11.836444738693032 -11.179050233311255 -9.312840302338856 -11.850313824164758 -12.565438065915156 -15.369892959340529 1.945625900256887 1.650593321578273 -0.43322773257132174 -1.8930620187394531 
-15.487673720032692 -14.935028397031314 -13.157750094890078 -12.824040397880204 -10.07980727999253 -9.390209907450682 -4.53256296106972 4.734255712287152 -3.157901451973587 -1.8894050642109264 4.486527748838026 
1.366424625650902 4.721251015537746 4.2293492637965215 2.7278971456477805 -1.0702257329175549 -1.729585893796415 -1.645755884029886 -2.021477399570987 -4.672519258396185 -0.9460013422382557 4.0043914183880425 
-8.35373493052942 -6.9565623214982075 -9.578629996303924 -10.863112283078896 -9.057092049346256 -9.315430538281742 -11.348526167422158 0.6615138330152481 2.5295801912329576 6.321851072213775 4.938071350081561 
-4.450537437823644 -9.023863068516057 -13.868650984639377 -16.21567770947101 -8.43563521527566 2.0037110540628817 -6.265402912582061 -0.5195823044239298 -0.5941822142491925 6.7377872770807 9.907445516711313 
5.442558535038062 9.63029471498308 -0.45199029154616593 -9.517586311351451 -11.483451912371638 -6.262468535826857 -5.164215869509866 5.823881598169345 8.154898004492573 4.682723559219399 6.071255819489947 
23.256972402565406 25.694112618014522 18.52772174933001 0.5997104010537148 -6.357446458946434 -2.8386742463456143 -4.316618976190126 1.463380891017609 2.4942332376528045 5.242631188366178 -0.4791181448006627 
