-72.9695699721404 -16.646373220007558 -15.007865328731283 -115.22302758045548 -344.33598174511366 -541.2844332510908 -418.60169220313867 -340.3128772253885 -320.189145008492 -326.2288238650796 -343.61658410263277 
24.536382648795467 9.99302929685802 27.64561165598941 73.79780459763529 156.68146314353635 83.28805510080784 169.18061564231556 196.61174545739712 198.50559751435586 200.25076613295172 204.91096398326692 
-42.58495428984807 -69.31066261550276 -83.77258202182963 -95.01060311693377 -73.1410586465603 33.14257814152894 0.3178100301205309 -34.07329613655193 -46.50289002215443 -50.7922799075646 -31.680457556106948 
-39.2975073478983 -19.802932054651258 -16.229173260820183 -17.531182395965686 -31.72692758736762 -3.3782510773893533 -12.337537543009198 4.257892740055976 7.281748575087821 1.2079000153035413 -9.40637626144969 
-33.52186287623147 -20.485354963298718 -14.811637911460977 -4.833736321940239 15.258648910597525 -1.3375107263963961 11.063540786591952 6.392752341167827 0.27266486258574807 6.677654016596859 12.721385004801228 
-7.209684040686186 -19.811367775955862 -31.35250355240135 -41.67762046831555 -38.65283061909333 -19.573658552909215 -17.507681799258858 -22.841134848494093 -25.954257638261197 -23.981952886670207 -15.170868943516421 
-13.324334418934347 -7.427424111521544 -4.044475262839506 3.68397529669564 -3.4807967560165665 9.098124258327116 -13.342967159225353 -13.539790410514033 -12.266350656114277 -14.72882318646687 -17.745823920811418 
-1.5873585269358328 -9.693159323668418 -18.19398468765093 -17.080899287534518 -11.896223763286368 -15.523500979826348 -12.457406939638904 -16.452560558797895 -20.44976904383906 -14.344519348169635 -2.1056654256544025 
11.365481904422678 12.725900316820443 5.105429241537074 -6.4308320893303295 -5.095195765869619 -3.832590974735324 -3.2742878848921717 -13.741751472703545 -17.341791925354144 -15.252967085484723 -7.1884001975891785 
-6.280246716455169 -0.5284769391794109 1.0216541541755748 2.845876099750937 -5.384680981159864 -16.299506732398434 -16.79663491874244 -8.227123464699847 -1.6606361421164042 -6.169306095702975 -8.795052830675507 
-12.81391404040601 -17.772022198785997 -15.657265287095154 -11.670199728834056 -0.8545621856819301 -8.98137721253888 -14.489843239768886 -16.55646197719843 -15.638023106857899 -14.487738410524658 -6.764332142231746 
-18.656283749279407 -21.244531137295702 -22.406863058338907 -26.05623740643837 -25.012785023346332 -12.37439276784431 -13.55804242067422 -13.231422895471562 -12.546427832656564 -10.265861023343511 -8.333769152692248 
-0.17532318626676324 -6.094121965748652 -11.937313306244139 -10.187395770186614 -12.549307997353498 1.7339940356456516 -8.67365421318619 -9.439409514056319 -4.488470019315825 0.29687668443075527 -1.2003967358285452 
3.894815028494251 -5.8946606014665095 -15.078359016688658 -18.971784207853464 -16.593624830564913 -9.343041658430401 -13.33569276845454 -11.457470897722034 -14.121979220498595 -11.29614776599552 -0.43745774459522446 
19.180377473182226 14.03971261408293 2.950465967847444 -4.238884704259123 5.918558551866276 2.8581228529202707 4.257373467105566 2.0128189603830196 1.7369481721741633 0.16861227820027072 2.0966699692823836 
20.596211983832198 20.261216844738414 4.143064281211711 -16.108165703009302 -14.93224703739033 -11.486246395106647 -8.132889844890956 -6.422242592361786 -2.8714640760217414 -5.411188083900454 -3.277503231296799 
25.05045642299141 32.98058866710636 26.502581667096614 6.377446448978612 -1.2501883320120288 -5.0527193818919995 0.6561183342352639 -2.552374195337491 -6.590213534768156 -13.395840113957666 -8.465990199699167 
5.929827073997126 18.87385297057499 22.96713672883339 5.518608398804044 -4.415639192027813 -3.839770939130548 1.6597617211011901 2.5165004742541 2.739008795964331 2.503624518612183 -0.5579986813148645 
-4.670145602488583 9.695362932789047 27.297911689123247 21.076227755609544 -0.430729925310696 -1.4661281935086867 -2.4663829915758924 -1.2147364595732633 -4.511902711759932 -1.8869654368301845 -3.0596775809345242 
-0.8138389056414852 -3.4239486173348377 12.500431236555995 17.787158024838007 -2.544706312610172 -4.5226002359171655 2.4437230105466607 -0.9971604895295101 -6.163685324795678 -3.8095917198783495 -5.600107959010408 
