-130.41888700948255 -72.89196538266951 -37.62549935824892 -65.81345455158603 -211.19704058991366 -392.075330969722 -431.28099651476776 -403.3052167974154 -404.4187837750171 -434.31680168609057 -454.29892911240023 
44.689188041802474 3.032115124841542 1.5500501970139937 41.28952310407795 110.20992600400174 170.92770996252062 190.0156009628384 199.0078119665921 196.68379222498004 193.10297478883757 188.22605471900516 
-17.123869073771207 -38.476418550032086 -74.87844899489558 -92.10494324086676 -96.84198918983148 -17.25118408600882 15.38492636250552 -23.155447280793886 -30.835310246023422 -4.4965812255922675 11.785551465934919 
-41.27108764211793 -16.65330256354507 -6.675125898728893 -15.630790531975286 -24.153099138918055 -19.086312980979756 -23.204902572347173 -29.95833789059135 -33.10524434164272 -27.980543045624565 -18.791011226692042 
-30.151474373612906 -23.57658982458099 -7.996692201056945 -9.478508864996734 3.8844530541566273 21.78272287370401 11.203985724994634 5.512555155171242 7.491233992676934 8.070839290901745 7.834848266585658 
-8.91108845891489 -11.866348766914559 -15.704914248343625 -28.61684799321352 -36.00301389435735 -20.44242792550886 -7.034599978724961 -5.922795224409345 -0.7737116150159415 5.215300075188242 2.434407372389601 
-26.874564492949375 -12.352192726505836 -3.622590202984296 -1.1219268834580503 -1.3336506633870766 -5.0348259404340086 -13.398434388904091 -16.830743087875756 -16.608943812621057 -14.952378502037543 -15.40218879626547 
1.0280182336098902 -1.876499839563775 -7.708044662521948 -11.307080497105568 -9.666161534175258 -14.181364427139766 -9.717935105296512 -10.000003214212551 -12.737053191078179 -10.575561473671206 -8.421646016515863 
6.032628014753648 7.82175477014052 2.2927409116008133 -5.573798374932435 -6.518163866111803 -3.6539537603861865 -8.790593229516798 -15.905640435055648 -14.959141427396714 -4.2792325652613 -0.17628001844903163 
-2.3122946596987135 1.834073127171301 8.851711634380123 10.1202590974355 -4.2496419684014315 -16.053808375255205 -20.076530875180868 -20.58738454224762 -15.758305807199656 -10.255558903055118 -11.990166915801698 
-1.3104899579694016 -12.048473747991768 -13.141898978752405 -14.20990417555834 -0.2841371977161359 -5.88145001505387 -6.1275850669837855 -6.442026090986131 -3.6079629279496306 -6.3561990499526875 -10.837377277495118 
-23.177673326262802 -17.706575907171135 -21.049284648104575 -22.050989339702014 -21.370434528813625 -26.782206241653288 -3.767924923617816 3.8758156117832145 3.383220411885662 -4.585369489864934 -7.3086218003331265 
-3.0965401282899534 -6.120044997280415 -17.563337598545697 -17.217585281172425 -9.282509959053584 -3.0315441194999506 -4.7437540685904525 -7.058469698552051 -6.273777781365732 -7.948074230208903 -6.92983013915392 
-0.21630030763163263 -0.9705356055359926 -12.937057012135737 -20.146553970183227 -24.739461780832265 -20.098781190366346 -19.25730251035087 -16.31140906508316 -7.9100442959069905 -8.403186734496774 -4.995085348004801 
11.59252399319924 16.962341969958512 8.194569423464348 4.069452861105198 3.8487820082078796 8.210737706974104 -2.0591347116677436 -6.419492055283117 -5.891050542821637 -5.5860637577204795 -3.757569651487223 
15.34731107463416 25.347920728220558 18.554975522395125 2.0955155752194505 -6.224707646563547 0.6629055530724725 0.013200619136510716 -1.4660603181442398 -4.541777495466003 -7.323010027471813 -5.35399839728314 
25.26836001995078 29.501079087433677 32.8490465663959 15.191465546405002 -9.19555607364363 -4.251919731272038 -5.6997945103580765 -12.496695376444695 -8.732014537864899 -5.939786247808536 -3.67748345970693 
14.852167382419163 18.149281863176995 34.092467559637726 21.68498335502796 -11.101773330852351 -25.053311214276285 -8.528944664199813 -5.855386757754137 -4.2966008889596035 2.334139036107696 -2.5084620044610433 
-1.590865789958119 3.219979572512508 31.63641413385394 42.41371364355709 32.275525616586336 3.3462897009464063 2.834263081373292 1.8782192989714779 6.383126607590077 3.307155608707544 -5.130971065146642 
-11.486904552578702 -15.621878036615007 -3.4172431808769064 18.49068691464018 30.478243690749544 11.266867492826554 -1.2565067877300444 -3.2253366298651405 -1.6644662137135127 -0.08888118212342194 0.7404496617994679 
