-434.15225788515636 -457.6232751267202 -533.1548341929399 -567.1081833693568 -346.8259824851422 -216.17213617358462 -149.1930681149388 -153.9644114395169 -235.7058441646891 -337.8441451238574 -396.3814113481287 
49.07814666760852 40.95156491365714 10.958291611967962 22.127903261428145 -24.089807504186275 -41.6928272852458 -57.18931680880854 -58.67505443488927 -32.179831966505574 16.695831114205266 -7.735484996564091 
-13.725983659376421 -5.994858962776511 24.797050840941594 32.94180516684783 -20.594514200957587 -21.529706445805395 -35.13782111826018 -53.83908472745313 -74.25302109944596 -66.84570615801374 -22.465557964625937 
3.9626463180762146 -2.293249342259905 -10.27040028400134 -6.29864137787372 -42.04631543441616 -25.279994694714716 4.669469543380573 21.679822709786812 18.071056129529282 13.835706276449734 15.22951625539785 
-11.376854622925034 -8.285304254471706 -2.1280943402992594 -6.194541382588352 -36.31526556084512 -35.51412219201906 -37.18070062078663 -35.829042065703746 -40.016054617208184 -43.434389771451166 -36.514543915440456 
-12.037208268966765 -11.969458917539232 -2.5245548590823876 -4.796229101821002 -24.83754571131277 -25.61524652444274 -29.77426597983598 -33.8456963166996 -30.266283428883494 -19.699732741985926 -13.125339241891458 
-0.10659822923968681 -3.0454547329435684 -16.901689195701763 -17.766248250255188 1.0937552877224856 -5.430677928969024 -20.175780882150363 -30.14223423871381 -24.504384410195406 -21.1311158173879 -23.619155373917565 
8.349424416437671 10.96132969929624 8.119270309257276 10.520430825186407 13.730404204370624 24.324388806631568 16.322938046217587 0.07334024484020973 -11.836251514013957 -12.013021064233314 2.5306768833135282 
-6.790558513333584 -10.694772009751123 -17.64270583649519 -11.48467041926268 17.067609057179673 23.91823281493071 32.57998355498998 27.767894660379937 17.55477692021669 8.574596295606721 4.592418502042726 
-3.4640984008030196 -1.9019775906375695 -5.895050222515684 -3.3754026536044304 15.856572500707287 15.995048669586506 20.400400904605178 25.543946192495937 2.4766766637183593 -6.814043093922645 5.996908143403436 
-5.973931346201514 -12.084522071765125 -21.089222948286917 -19.71693719670362 -19.677368069302226 -6.123041833738258 21.9937935470329 50.08130311569381 38.36298779784835 9.409475921662679 18.893616127889636 
-8.417585489368024 -5.8804771971399425 -2.0894532025402914 -2.571171624607673 -29.700573932076843 -31.774759495659335 -30.658961380463047 -13.1222989103662 -3.507284907533416 -11.260676380701366 -12.38908317377555 
-12.00059499013173 -15.87950559651508 -17.33956764883822 -18.12792587961963 -17.597747477562258 -20.12750239467489 -31.95488904168481 -36.97524977207078 -27.591218512979623 -2.0816889400526746 5.5284307201766385 
-1.8759840569661095 -0.5594436321221387 0.48842074893643644 -0.7548289980396865 -10.059202956122402 0.03959381939405471 -4.5708906119025166 -25.576783725472016 -33.95771191487182 -28.424061974707072 -28.917909712593595 
-5.135889903432846 -7.390206263112975 -2.796929340314491 -4.156989771715011 -4.675757210875245 3.260758834160107 16.933713993706487 9.4591151521579 -9.336736733304505 -7.218831034864149 4.858999405624786 
-1.617790876918125 -2.358578710252099 -5.724910859043149 -4.150922783504745 -14.95097299288966 -20.147251713868684 -11.539456241228674 -1.5587289869815046 -5.362387790776543 -21.023402807118256 -17.397410227347102 
-0.07592710984547923 -1.6717059580528717 -4.397824811711999 -3.0255665933310483 10.246501041700261 10.691578640157005 -1.6660153228599675 -4.784866304867693 -11.727745623468518 2.4755334831238924 -5.035737557054517 
-12.42584439731777 -11.811232313337094 2.914982327943622 4.1098537218385935 18.63354345765444 29.29148893132858 29.60924576470115 12.854035385132109 -11.597217556833455 -7.0889415611774105 -4.166039640849977 
-18.19286937362971 -15.42979896140258 -6.29661636904519 -5.08560124458643 -0.9512971417096969 -6.239586185117533 15.171608989150304 22.294837980673556 13.848900338162112 -8.985711221191684 3.010452264681163 
-6.628890617848599 -9.113575048903357 -8.535249829488398 -8.373222191622629 -24.553321064929282 -29.1941669181394 -21.83038849292938 1.0647397894523074 25.512094221028534 18.434948245117134 13.478696923526844 
