-672.1709901442728 -504.8444221670949 -316.5683857958673 -226.87331045481173 -226.22802715968714 -273.8474393840465 -347.53450327713864 -349.701490241749 -319.14938999569193 -306.5971512314609 -276.5295495950759 
103.94589250812476 228.05751461470476 134.06127912761303 75.0814086939979 49.19380088445443 92.7719966578905 175.65411975778784 236.63215065792622 252.65905604158962 244.91955314906122 200.69529102519738 
43.91493884887306 29.311104340841084 41.81637486102039 0.5599135355278078 -36.010319513157484 -64.10721564394788 -95.91790680661248 -112.80657532872942 -118.95656569276305 -109.89530012000722 -76.44882650514167 
-12.491680104593497 -56.47024034318119 -59.53050657204196 -32.89857107036724 -17.71365699108747 -15.004864737723487 -20.76197186235373 -64.61176485866704 -75.57138261206757 -74.09832277187189 -67.56123853861115 
-44.86570509248699 -39.59834078875168 -42.265740229801004 -34.5409085936537 -25.449058091635216 -20.47919702365264 -13.342612582359228 -10.26293821680746 -15.570599016713869 -16.20646692034071 -16.805847135698635 
-48.061849778626666 -17.491732401552053 4.154430127848972 -2.057325440588219 -5.452338197564941 -28.941414820747713 -50.869442357430785 -45.61246060800117 -42.27263661271605 -35.135317647121 -8.097195094361396 
-33.2915050455594 -19.659060092010634 -38.10502111134731 -25.134769631981296 1.5695686354706766 33.6976796405657 42.50074111316149 0.4826517611438732 -15.399220528325401 -23.745122214330827 -14.90029154129422 
-19.578330818060284 -20.013942806483712 -4.7311394646773355 -18.51875324339663 -23.03460579661177 -26.175834622460975 -22.749551914158534 10.595204689578111 8.791720927042999 6.267759544749222 5.209270954958262 
-7.401857763515482 -5.131379518573279 -9.716546309405494 -9.83402088717494 -21.289229008890562 -35.36756160054425 -43.46540787561465 -23.827773297138904 -1.5152043126640888 0.5928349882190775 8.44217567102682 
3.129772859567055 -1.1264699563353773 -9.201920280887736 1.8007337779464159 5.865891772870928 13.504935945314745 12.469294686969775 -19.946868340412962 -29.754471544732677 -25.67074273201237 -12.021155022361103 
5.180557411582857 10.455102845180694 18.63597698077797 9.68781665683087 -3.0981888576188745 -11.123765586164748 -8.401599215756633 6.332549103403606 -8.587023518769286 -16.257137144516307 -18.98582709868151 
-0.09477198495965922 -4.351223779032457 -8.941403865413367 -6.723114750588026 -9.633660684775283 -3.047999151551263 -4.882177181024907 1.1101821730282375 8.367277796190045 1.260792849183284 -5.971205053191551 
-7.443832718137576 -0.374641669973796 -1.652249989808829 -5.139358349966718 -4.915331960506444 -7.78352525548704 -7.7927441322863045 -5.732579193348632 -2.121454653122182 -0.8246346883831115 2.4473977056395557 
-12.919970427065458 -2.794715343030542 1.9099198701367284 3.3874587377666447 2.058916810642173 0.8893495472694853 2.9426810217608317 1.5001744446509995 -6.949786754434625 -4.319918451495395 2.4544197072292926 
-12.691620027431899 -16.794020569588746 -15.774021551471648 -7.332528507302426 -5.500748593304203 -4.402722533881975 -9.598481380374398 -0.8592993133003239 -1.7606771330195254 -1.0980344919457432 7.48633532302399 
-8.922157542168964 -13.024076442033095 -3.0100541100541958 2.538228859802608 14.038195919818858 17.11831651599947 14.880388914608575 -2.2159013772807117 -9.559158964483538 -0.30818787681828175 20.234216553958866 
-6.9786688726384005 -11.51312315740692 -38.45052249346296 -40.33506848918826 -34.95051943865194 -22.76798975114133 -7.832531665481561 -6.557757081536693 -8.020483388833522 9.502779464825846 23.460581706488576 
-8.084018165526333 -7.094156563139281 15.581993704220297 16.257431513509072 12.269775297010753 1.8399022166096417 1.697294566144656 -6.3183932561079645 4.9695795705576495 21.28038255139097 17.203642403620933 
-6.644123096643819 -4.847676845581628 -10.113455075527098 -4.509444809349877 2.533072483704208 2.2503858716040117 -3.445229240229456 -8.219627617855714 9.267905422531133 21.94120922159816 7.433587783856561 
0.3752531329861506 -2.1779131528763487 -0.5281582816626514 -0.2676163711637679 -5.113017173158666 -11.304398346161733 -15.6786374367745 -3.2439162463951834 7.404603464241056 12.535463981202184 -0.128369003775193 
