-575.56438336588 -575.5017883032554 -564.6825341904712 -307.18717813696856 -164.8656127339734 -73.00291518950024 -46.397433829524914 -96.38179309471153 -174.41842356313128 -274.6903101031104 -408.60929728088746 
83.23343396529816 89.77054832869246 84.46588442321274 104.5739115368099 65.34569100916073 25.652499369503634 13.788278917664872 20.28389149337604 88.70492680941791 159.33697261947881 138.93719180879364 
26.98011555432508 25.464919463612038 29.37115430208369 27.518915344380304 -4.4424935478902885 -47.454700778732914 -76.14283417462465 -89.15954005805466 -88.42917361669345 -73.47209284510896 -33.556626363790144 
15.212610755057366 16.38784953776109 15.266909079352086 -34.419966184824546 -26.97826975056855 -6.133346782861527 17.41063478495596 38.77234463110013 31.37155326574833 7.269457423440667 20.8027081939072 
2.352436139004935 3.5981579859208765 3.0038149084903942 -47.97663165311143 -40.41029765049039 -37.34619690214687 -36.934394206320455 -33.37227847367336 -26.43463313005742 5.222468664249767 8.679238926427168 
18.381526065788698 16.43455513166699 14.022021440523659 -25.813952745417076 -19.098895578811366 -8.699535542406146 -1.0526610664076257 -1.00589549579962 -8.201991351715531 -23.775894381451256 -9.646683908716192 
2.7530745132648127 4.7176864514055366 7.887010190559305 -5.1189090565192075 -29.808644152251425 -36.556636974070585 -28.581363940817383 -22.438455118139288 -2.34206568288982 11.304241179446034 19.28852509652673 
9.706403462772569 5.893716990650306 4.012681851675374 -7.541070128889477 -2.747896008810918 5.249790818815484 8.824301970442129 -3.619150987208469 -26.71009778230567 -18.15793834733733 -12.557359607740098 
10.734265679222453 14.112170466267013 15.418607015186907 -4.071106831252105 -3.2238299871737626 3.7803951355273933 12.041737792021447 8.82880557223026 -5.232169531583129 -20.502545617798482 -18.66933053197376 
9.687162797899969 6.336193742456638 7.775775870541576 11.597395855348644 5.028107117658857 -8.066975957038162 -6.6711227928040095 -4.595349334601101 -11.204977520255035 -7.0085215204915645 7.37354439327572 
10.89367238112461 6.115097698159007 3.4865859478142065 -13.005765013195145 -8.47024429912089 -6.767788584661696 -12.65125402210738 -13.536095454442052 -9.813253847092474 3.295225883386097 3.3100613150444445 
3.764353393523646 2.9410491193296893 7.882248560177601 -7.831845538425844 -12.526887234552493 -10.366405073068442 -1.501680326034521 13.559741744918025 10.189231639061074 5.951241613617766 2.7687601322901587 
0.08858698581296776 -0.5694528305440744 -3.09308931968443 -3.118853581266242 -7.99040501901422 -19.49774742765432 -20.856166198586926 -14.72382239995949 -7.5395795622311805 -6.0159258150308155 2.48810501471156 
5.550763291176273 6.762471669325892 13.326385464970853 19.718918189800434 7.409637359428104 2.969855440111869 -1.467030634395984 3.055102490402626 7.22220552390555 14.138637204249356 16.886001761434756 
7.447904824015811 10.919109805168873 -1.499914950247927 -14.804884433753374 -3.677753387262591 -3.3033893817802644 -12.621323995854969 -15.429435324267184 -7.958138267288892 0.29005236020293496 8.730759405713414 
5.090611390822193 5.062105952408746 6.729344615857096 26.1783627501626 26.876474804327312 21.202683728562363 9.317806212134387 -1.8005252571650154 -5.521889283804066 5.436268840924557 17.94668154394393 
6.4485673766475955 2.598995366847851 0.3589290936362606 3.337667019379723 11.085748857366333 25.998307815651415 17.140874001154987 -0.2694011599815993 -11.674943696496037 -14.252626915710506 -4.710782147747877 
4.2704030268832565 3.592797861821796 0.5029741772799645 13.465128553257125 22.97198898648265 35.90039378037385 32.67598985083788 9.246888995659036 -2.961919653717135 2.251089045494779 6.344655658535742 
7.75475777564516 7.53916353692432 9.010655962523344 -0.6126965513801368 -6.844449864880152 15.24000617507884 37.71114707002111 35.39486941770285 5.636846835460277 7.6207670259330325 11.927765264475713 
7.176865627221726 6.2675916564449965 -0.7735845864954193 -19.44958091870354 -12.315143989666108 4.021039063994492 28.451651843476462 39.143012680493754 19.561371488929126 13.377300299630084 9.783363660400212 
