-492.13322658180533 -483.6287452389594 -472.1802981627668 -458.99133159699477 -277.1812426491924 -129.42207086557136 -94.2191643890232 -132.69313881734982 -177.20549951217833 -247.44747582927798 -333.06336806257616 
48.79075114289199 46.88701707117481 41.32937103166163 55.23153630032553 170.0313894505727 134.98780440142934 97.10507639827807 73.64477594363208 121.70290972490594 152.492278503871 135.26793285354478 
12.464203483065262 13.566239167897152 9.071874833096008 10.785746107710516 -13.206619120347927 -36.265870942887986 -54.56734578219956 -73.14216064374777 -88.06177665487888 -67.6813401132914 -25.490533514938285 
11.604230896348863 19.906967540932257 17.5906475619994 11.077215766630026 -23.257856535358357 -21.891414429699747 -13.035795187313333 -0.5931438036313375 1.9640291728727841 -1.902703496919668 -4.4814270472310405 
-4.412440774571625 -10.36576849005942 -19.17189339370104 -24.21039472965164 -23.77379734059094 -18.680148810742985 -20.247986648869315 -16.078634169298443 -14.719666501559518 0.8340940476430396 -7.084474628396283 
3.2919889271992373 -5.532936305406755 -13.09575298423871 -12.550553758400806 -38.29446315938883 -25.760298522264016 -17.46242958177359 -10.504447181412816 -20.10750683223339 -36.05988092356476 -32.24628116346159 
-15.502487102745109 -14.548562856972765 -14.82067125985554 -12.97013378726641 -24.09686007257306 -33.561583117278936 -35.15087316514095 -23.581115810508443 -3.4227649131647047 1.837780023136962 -13.83229217591282 
-17.946380462445248 -13.987596440008897 -16.384394207549654 -15.796024638490998 -26.87580966740435 -29.95717487232386 -35.05492196675661 -38.41809779214063 -45.33155764205614 -30.86644331230323 -14.89620914279 
-5.800287696370922 -4.797536345780492 5.604832776707989 7.772197191162102 -10.98599382028037 -2.9723717279398647 6.057388078716784 12.83575700106434 9.373045841536074 -17.677777190103036 -24.221013759074594 
-15.710037549777809 -13.668018093263811 -4.569186166888363 -4.444322670011541 1.8734922474367233 -6.3465611556473185 -9.51221376632035 -6.593454988280049 0.37404205670931073 11.040904076733476 -1.6729847194156953 
-13.920903081222109 -12.678783146582873 -13.505376281434962 -14.49736999263797 -8.670695813377339 -2.911234153034071 -3.1431843469875833 -5.139964399018988 -12.163675519377147 -11.232910795459725 -1.9633060894654986 
-3.973840878328013 0.7759273764563203 -1.0983255767919604 -5.194896135188431 -11.736413835192714 -16.83201775616798 -16.569817867763266 -11.246331642197752 -5.827323620111225 -12.949671098269073 -8.165722555882237 
-9.24394911363754 -5.9934715648465335 -5.064794828841276 -6.487652691198457 -1.9566236901568874 -4.576599679619169 -9.2146959353639 -10.039635066707799 -13.504346434066509 -7.862819620727179 -12.077251692139676 
-10.301767001796138 -8.76912152895667 -7.266735703582303 -8.1679267732584 -4.335826532902174 -3.734575522636856 -1.934205952358961 0.1457639649092195 0.1944433736816948 -3.040575739176622 -1.3015387306726764 
-13.704295077461467 -5.72392017093763 -2.946455535899842 -8.741773952235171 0.8289045199073681 -3.722850159654091 -7.038678632207782 -7.906463575175135 -10.396918377181159 -11.26201997367258 -11.602773253607687 
-6.772984654666781 -3.9082925925887317 -1.1134031378020466 -3.370134132726711 8.726413724285674 9.066182427407531 1.6150882131446214 -1.1852530512305153 -3.5736916568157304 -4.64162824472626 -8.677083704050403 
-4.483309402791676 -0.8811785821287349 8.553555623224526 6.6165457539817965 -3.1092236468260652 -10.207640768294258 -12.134368949290673 -15.47528775413684 -18.206693556834672 -15.858310099476594 -2.987058992754263 
-1.2876250275850873 -2.1272961901203704 4.088834179109904 2.271184699488323 9.130923328358385 9.664752409440844 3.6510185211918946 -4.561335595210222 -2.8439738422757395 2.9490793292003614 4.11032197674014 
11.688427416716905 9.681570497363577 6.929837434744902 -3.390747813201695 18.42957983021752 12.848676277736296 4.3137292586546305 -12.22014382247842 -4.447938554721159 10.717078916598915 16.17801836961381 
8.92768271420914 9.535564777356209 13.395783400205087 2.6904967245385736 28.907094195259443 28.087319186894014 23.479711508344423 15.526058464839133 32.212990183743365 34.84123564710013 34.64150271653061 
