-527.7790205088937 -529.8493574591524 -485.9968401287889 -417.0259810935551 -243.87604281825526 -184.01859006806507 -166.26553710002497 -201.18469707449918 -298.99793029263196 -438.20682789473466 -511.723302894423 
42.68573375039913 36.90200698178478 60.736100876686834 65.63120564868963 -34.205069195226244 -70.85477077776522 -82.88714176267727 -64.65128744413974 -17.195236386368492 39.22554038305893 36.77165344514915 
-25.557552368128228 -29.89234094064741 -57.79387109423648 -79.78862910095228 -37.290408629021556 -30.786556948519895 -58.46620359886952 -86.94265353843076 -99.1050314467291 -74.08246754002508 -32.52883162627541 
-29.845531640191147 -31.973277351012154 -79.78021025071058 -102.53565744373813 -77.30410415663047 -42.99377479785702 -15.73014309606081 -10.265656276076905 -22.705608017836283 -28.016637110138696 -23.312145055615147 
-28.017075056865323 -30.21616932501862 -45.61886006916785 -37.28208742278582 -23.277773220340272 -22.428938840849966 -29.801934339784182 -44.22592413161178 -54.8941688931668 -41.38196729768655 -35.595030562887814 
-4.601427034366367 -6.748417583507683 4.619820167644476 -4.706130597810436 14.773755218815229 8.606183517305556 -6.8735321391462 -21.401167646922424 -28.765219455734993 -26.05843047969836 -14.306221377422272 
-3.1943909235025076 -5.781894017359594 2.0315882647531547 -14.891027033111364 -22.00909758401241 -18.081460301386166 -11.916849643076436 -8.633653558377802 -6.726588977473897 -2.3361459652832766 -7.724472369836631 
0.5908487739833012 -0.16604469996795057 -7.450643927623539 -19.221212003594843 -36.48805212833088 -28.078549914249358 -21.18470617855196 -22.55922815513779 -28.85152276937007 -20.59264541039881 -6.980634787926841 
-3.7568333176356163 -1.8287609170786137 -7.009920341732221 -10.771886032987192 -11.542928401745044 -11.654392739660551 -9.00468095722412 -7.60847514703045 -12.359932277863283 -24.55708510644301 -8.818730807051283 
3.55843507373015 1.6798988713171878 7.858442494439738 12.852407635191419 29.430195234145607 29.821437398824838 15.902855488074838 3.737255634115295 11.050672222445101 13.351280693056651 0.5599681954049992 
-4.698178044623825 -2.5235277927172506 19.525554554544208 18.962663521508446 24.19690723915596 34.738231477237626 35.28568850187765 30.874910532756928 34.211613927434904 36.61080945766922 0.22014161381719966 
-4.622826606709773 1.3784583331948352 19.359327737535082 41.87277018815792 44.10844248392877 32.499096291875716 45.17865030228915 49.72333349152525 45.46074089030236 33.336764692387014 4.892043697601597 
2.8002599887494144 2.2772915135244935 4.712877584842616 9.768298197960002 1.0058166056938067 -9.779635837189097 7.077025164936105 22.77227668144625 21.670538609486613 8.194405241245258 5.108726887362769 
12.657255705273126 11.227557054805326 -2.5059677196088264 -12.921457240932506 -27.598559400600863 -29.352477521065353 -28.365366221289044 -19.585249925072517 -13.003624979607427 -8.146150771655577 11.758669601835724 
-0.547344648835223 3.324365080112055 -3.5196249058670688 -6.01105895105155 -7.258373470259048 -7.842218557110511 -18.495467051866264 -23.574839323082934 -19.214902034150818 -8.05808933193916 8.51609101429312 
-8.473644115218868 -6.608858303222531 -1.32756690677428 11.141450300980459 16.20766044150365 16.32339609085095 10.86522920299565 -0.542093822733714 -9.485751467381103 -8.140989684074636 0.38386213517099144 
1.081386064763086 0.1118047212215334 0.6948631311461878 2.233160842401652 -2.8914189090601874 -2.0824589879316253 12.31260110990636 17.856770398474403 10.575338416165296 5.5385132989739425 5.411475092498092 
-4.901282218157864 -1.9682121629864033 -7.005318746611272 -23.667405230750006 -32.145535344684326 -28.265862924146763 -21.686999702510683 -9.15805307323776 -1.0019187176866948 -1.5384117744373331 0.4449497351833629 
1.7398043923964543 0.5241828826971922 -6.376546009598572 -14.280088773535478 -9.106886441683844 -7.321573056557135 -28.467935461078902 -34.328414410448104 -30.188405760362052 -17.353249192270088 -1.9192592092458403 
-3.8721332432758766 -1.8832911171644353 2.197353359605745 16.265211452525996 35.84147447823903 39.32992397499791 24.84016289287235 6.7025300146224 -5.076667263576432 -2.4028470412779033 -1.8089098505727703 
