-720.9512128764555 -718.2014235055597 -723.6445564409731 -730.9669844666677 -684.3941927094761 -244.83854025735144 -95.39395266775004 -55.658948989449414 -109.03561812070367 -258.3770383308399 -477.0123794584476 
-10.86404325453267 -13.789782183033356 -7.472297927705325 -1.021143285761993 48.29476508580582 -4.841348981154031 -21.066489027887897 -4.5764249511532915 28.185967794805336 66.27596411347758 134.23680382791127 
4.271781399631072 5.426173554167921 1.8403414142962942 0.7115354439215889 6.976249960419606 -74.3354756834697 -95.02032447536175 -108.98952453496443 -126.97166118931695 -141.32256177389664 -94.00332927401996 
-2.615853585821138 -2.3716614239876694 -0.9389949131208883 -0.2759543913068778 -27.394702330275038 -5.5450289340597 8.77147850793395 8.292140987255365 2.9293449328061167 -1.327192725530948 -36.2382919165663 
1.2387444035509763 -0.05846481018745757 0.021078372946012294 -0.1877717867155868 -37.42270024621607 -25.48805497417368 -22.06492611676859 -20.49243148776898 -11.374594771907047 1.9422405597984562 4.902634077155028 
3.7693110395575666 5.2045355328304375 3.957343958366141 0.5813403168518048 -27.68565859547915 -18.711570228147366 -27.02165112293575 -35.86966584147311 -45.04475298462929 -43.0260875075723 -39.27819348480246 
-6.639688395047807 -7.213823910105815 -5.700467472807201 -0.8305663955096503 -12.504704056833718 -22.1787963233247 -11.702411675405518 -8.006616191019999 -7.755165488903529 -16.071833381764137 -18.353097283334186 
4.708353693168747 5.069045542429432 4.039924859427476 0.9019194722714265 -1.3324973412589813 -10.493101095628376 -9.795235432953593 -9.92479387573509 -9.626492993433757 -13.334174649149276 -7.153797115884984 
-3.9950101736368246 -4.785668151549365 -3.774332430150657 -0.8066950195851301 3.8061005490270468 24.747591846534352 19.64195061819475 10.99134052914701 0.22522668554601696 -13.555432357546207 -26.950901085838332 
6.0401317045479965 5.913976003699427 4.174099341578622 0.5924293515716821 3.8700268222935703 -8.274878023333073 1.9410670147970408 8.203540247874736 17.39624202728747 13.491957220106654 -6.09608549456052 
-5.169153053274469 -3.552428066355346 -1.471650822563383 -0.3250678693945299 0.7635797939193472 -7.645188211991533 -9.921809770734448 -7.436541085237955 -9.8245269984147 -9.654610113694712 -2.237965756965051 
1.4079077964348174 0.048130944088133565 -1.345978243153 0.06804737562417149 -2.6283794920247185 0.002707147462358034 3.505965251316664 7.427576897119419 5.502076736122387 3.844658542753934 -8.143655779656886 
-0.6738532875301252 -0.03587724832907874 0.42283128297870953 0.13496246900950912 -4.01794042481432 -6.761153247522579 -8.6639771240357 -6.55308665491188 -0.21317382709332225 1.293780370523238 -6.9253136723884205 
2.563365698703089 1.2845502583373638 1.0525617532055702 -0.2685232751089274 -2.984323826441752 -1.5959881044495892 -9.43798363124419 -13.629729299504728 -8.734415846853452 9.061616609888969 4.165689600849904 
-1.9939945213796548 -0.8158584602632456 -0.08574492379957396 0.34317753631142717 0.40461887734565133 -8.115962598274034 -5.998627594370729 -13.285581210399393 -14.711283124738365 -7.043973625551537 4.599782564434271 
-0.19163094527677949 0.39656133008926103 -0.8093554937880567 -0.38428077686157414 6.183993889507933 13.66454492280764 10.232085190289355 -0.6819754854653634 -4.2266908736672395 -3.6469516565042768 -3.006110130242576 
0.396618906961416 -0.27926892705546197 0.44188719539383187 0.41668423241953584 11.93900908230554 33.8754686812791 24.214052191553797 7.731840768125005 -4.815501119553977 -3.3520832022707863 -1.556863460569657 
-0.5185162054458778 -1.8511721897972293 -0.9477367520466629 -0.4512816471038612 12.41136987331446 22.45372532766718 27.278262599789848 15.946962581758484 1.9273222379942443 -5.574680020959093 -0.5922071011455142 
2.9984471358466305 4.297256921039981 2.1510819857691024 0.4785654175061697 5.334057525296366 9.025029472152408 27.204568002919224 29.802481716880287 12.988143391917 -9.23678119704833 3.8437133326404016 
-4.5989334129584964 -3.8222180932254277 -2.449838956965441 -0.47168065811514914 -3.6994535198649467 -13.613574999937939 1.9673646757125742 21.972878541018737 22.394228157216396 5.626671726850351 4.6895768400455635 
