-683.5329704438848 -672.0942568446458 -502.7396459518948 -330.6336127289654 -201.84624670778612 -168.18541713649503 -199.0848234769088 -306.0588632119203 -502.4221675063024 -650.1774175569658 -681.0134973862558 
-3.5672263406221463 12.614744398305376 89.9651026282109 31.583536921451646 -35.31388780489367 -48.37687760938846 -21.132664177276432 34.9256794021296 55.44110698282729 24.690527269912298 5.259963561195505 
2.9419519094440325 -0.70807039249988 -106.29504572907729 -124.25962841429123 -146.65404185063645 -161.62192338460775 -158.01262819801372 -159.53696296085985 -111.5603833623484 -14.194003988067262 -0.40278903773117697 
-2.050516400589074 -14.957643858136198 -76.60098152331065 -70.72134272995987 -39.62300282117452 -22.352222320485488 -12.564932539468678 -9.494730167836426 -22.163913054071095 -22.34369594519658 -5.632484232115685 
0.41990643837161534 -18.107487914010044 -37.19706956539838 -46.41641327192693 -62.360427008707255 -62.59463713983479 -63.852107711371445 -55.87787027956034 -21.674871937909167 -19.116362602213357 -7.131025591347685 
0.7038499894622566 -10.157639934307166 -54.66755571733161 -63.42930884967305 -55.624785366541715 -45.26827926624574 -37.06609571149088 -41.101723839614365 -47.40963502364792 -19.098672666025777 -4.1402977162573205 
-1.913457495594914 2.928981827711637 -25.17446629343457 -31.708965354344816 -43.415234763324534 -47.25555772011626 -42.19146451065062 -29.721343625862396 -15.589093232156156 -6.317849987453048 1.173498670430539 
3.139517070332282 14.273235879127757 19.740471796285142 4.577401895555284 -6.306791280351437 -19.755195782657886 -28.48829933681902 -33.75744719746964 -10.914822183804723 15.079579132208554 5.294919910469165 
-3.3883492304836578 13.910330429864576 50.583849238265444 30.32095579401925 10.731213542766245 -6.249705766722426 -6.346940972743974 8.557536796229776 12.856986270425377 21.015139969803222 5.732762562763348 
3.645293160440998 7.367576450878566 54.384702270618334 56.75197127177218 44.62525457772621 20.02655597588538 -2.9384106724359524 3.049575646139711 23.005274500138395 7.869984352004913 2.556810294483632 
-3.4437068954620154 -4.846048617720035 1.9121247735962845 15.9877049074826 39.67019096712965 38.8005905124607 12.296593349006486 -4.752640165797093 2.711214353860654 -4.475376589876907 -1.8612499317413218 
2.3994906777834046 -10.250531934468057 -44.96958786602089 -20.465084826690358 6.887442138178052 28.791150306013414 18.172220773470727 7.726627388845508 6.947027838360606 -4.701057219363454 -4.584649642429545 
-1.6586739657394038 -10.133971760629183 -30.765166280548588 -32.76907656225208 -18.012933131256368 9.715623070485389 21.168029796235036 16.25785532126855 5.35625052277462 -3.1561623794779896 -4.0543155134930995 
0.466364422769763 -3.288312369505063 3.741607925452004 -21.203513652141364 -38.61728210075569 -27.8947343946042 -7.7737981207926445 -7.72331901884783 -7.760753257030767 -4.540082706931663 -0.9526868825747885 
0.9145406226784218 3.820694502305768 16.54518753604564 13.208090072093988 -6.349116465542525 -20.11328283197404 -9.982802173627585 0.05760299629705412 -6.318367568179147 -0.26599932191116576 2.4583399329795257 
-1.593223502325973 6.301953789567859 3.9558770547294717 19.90537603406242 15.914818420393924 -4.354869784878298 -9.275971624972552 -8.550505471058944 -1.5369137867348988 4.664283420345332 3.93727162271874 
2.5316632041514886 5.750471397753451 -6.098155271957626 -2.725984943268662 5.230287749489587 3.7636819729759936 6.664193275845731 6.002967402423324 -0.24975502608321398 1.6064177367264734 2.682872683618009 
-3.0168596492382047 0.44444479562047545 14.800743870792402 -4.044558794344351 -9.43149713822549 -6.879266160946294 1.501291650908061 0.24215706811013937 0.6707945025776372 -0.43549973787020346 -0.29530579222888054 
2.7642436765895337 -1.3211740763661897 25.61949397059042 26.909772567780585 8.579042731723945 -2.444826799013034 -7.4419175688111405 3.4239738163517526 6.055667361200653 0.882810255519721 -2.96752907304779 
-2.759063534884003 -3.385657721556496 -5.810187605686375 15.406822184901857 21.241177926135514 6.192819137266186 -11.649875352560382 -3.4825086254126303 9.22192088582419 -3.2546096482468134 -3.6264813716804545 
