-376.0355412046647 -275.60510689339645 -208.05922066405824 -200.54526965111071 -259.1461757160834 -376.12935038323224 -476.3083142646219 -566.5272917908303 -627.367691173536 -653.8357921851896 -657.5512120392225 
79.51592567415277 4.5602461999892405 -58.00134984221735 -61.882942763782346 -24.75785767670606 60.32977532179303 119.96672166267678 117.33221716087965 86.12668532509565 79.42315282851897 77.95652644741222 
-114.65740960608778 -114.73045632524038 -142.70346945731134 -165.52498102578352 -174.88245571174792 -155.2825455149586 -84.71718820398968 -18.268280509649216 -13.797023505552247 9.675225483612678 11.776962606220495 
-99.77023896135842 -83.69523077796119 -37.626095516978424 -19.821573225298614 -12.355265694837355 4.735226437131212 -8.776770396344974 -26.086238364803872 -43.44836085329055 -34.6130649488628 -34.396180037535046 
-33.63708367637953 -33.39565927052473 -25.32299631392749 -15.889161627591605 -18.108752854875522 -6.260243645269107 -4.135456553374468 -27.134610199157915 -41.923328721486705 -41.57927930722072 -42.04661565620052 
-26.27228100972878 -22.9266192901084 -23.31363195916302 -20.231065395365828 -27.00190830452562 -34.63605505524261 -34.13066627522058 -28.984219476482348 -38.74744612843092 -29.511956849918775 -27.640771308191198 
-44.08759271123578 -52.3597584702467 -51.943850975804935 -44.5932456675834 -28.595388732394333 -10.51148655300059 -17.899454495840153 -18.764210476939958 -28.022475773926033 -22.265364258264135 -18.22326153026706 
-11.161676181276203 -8.708085818751124 -22.59655079497483 -29.98484734868064 -39.048944390966895 -33.656224769701495 -17.63576080286157 -17.308990003981492 -20.48987241856514 -25.12365471099489 -21.715726527372823 
-20.057879280400428 -32.65460288601548 -36.89912251413425 -36.49243103193127 -29.422181023893444 -24.84294989639267 -23.06108102274485 -15.094269991729643 -14.457765856871614 -21.443308388664384 -22.996734069878624 
36.260112937112986 21.94258470278399 -1.791602613998721 -26.885383783861876 -38.05356784718778 -21.765239240567197 -5.116156014443227 -1.0466474272678492 -3.5342382794207605 -10.592667402721318 -15.59839743876843 
16.947035121405314 31.25156546580105 30.181898810879844 15.545679253941788 -9.031377407266206 -19.158955027465474 1.8768296522831034 7.601009447849728 8.406112069584601 -4.041926283466751 -6.1173748519509665 
22.565956332865277 16.299303318403908 30.93542230908166 42.47728783075739 23.829997384914975 -0.28113446597223335 5.424548245826831 15.152834744677985 13.107231505323053 3.6969776296279457 4.8037597763679685 
1.2132309970042456 13.232451908577318 24.580883791342856 53.71659404564387 55.81326981067522 38.7186857158631 19.166000813311975 12.002961087932425 7.850332971978842 14.748535329536933 15.382155386294622 
-41.667253621729586 -38.44068395202659 -21.725284955183916 11.410527476871312 38.67976797052697 34.151289703537984 21.8051717088356 9.744116543627909 7.731783481637684 18.056244396637176 18.56617664758459 
-5.60551006940784 -18.52729216789138 -24.2685674045603 -20.375661255422948 5.656480276190437 26.944837056109467 19.979340483685235 7.08528758190365 9.159111275010805 10.81411638931976 12.906649546477851 
2.585846128107682 14.43122718968407 5.555717053706301 -21.745339020339152 -28.413017594368192 -10.44933145083807 -4.999718780807255 -11.904270983302208 -1.8620123979475092 -0.9074802624754523 1.6654880009016328 
9.489846346724578 5.396045818321259 11.156914528960495 -1.3529349258629226 -23.37816134401027 -38.09466088299237 -26.073448189032334 -8.311365120240202 -3.2609848759616185 -7.4015193044027505 -7.566751312426739 
-14.417093990200874 -12.673302462721034 -1.425312192395126 15.539420404245234 13.385671666595016 -3.6230224900567722 -11.895855520813157 2.726428388575504 5.592692867859185 -3.4512570668589886 -6.962076201508587 
-11.82282274152733 -17.507851354999143 -23.619043786771194 -3.890384473823272 16.711851533773896 25.23485701402172 10.387617321756654 -3.88419738193891 -3.609486839177535 1.1178826874718766 -1.1901136496610125 
18.599139378437926 13.541907890078097 -2.4622009234654887 -12.127171538526236 -14.16467264956379 5.024181469928963 2.6778918317315683 -9.481608098883138 -11.33035861447223 0.03450325539754484 1.286286745886104 
