-474.045236816358 -469.3298444382896 -472.363753586328 -369.933304357318 -134.9432885152104 -73.18367249900878 -90.78155655025618 -163.22159264214238 -298.7584358297828 -458.8634000167239 -482.8025814507702 
44.83923403012698 43.02379410790178 50.3796386531901 80.44736261207291 -3.837902521192671 -16.501429855475685 5.724914952604651 67.46220826743686 96.67384094442784 62.89770741369855 49.07772485679161 
14.254279410170058 12.809042634532542 19.50369628802305 24.77784599211195 -8.494141565863549 -25.758338860265802 -40.43276487552212 -56.26475138958685 -45.814615079230265 17.460513568550482 18.17740393356806 
17.131298252665395 17.173180103907455 16.01626765609293 -28.884445761006816 -24.683118318210063 -16.872019199726306 -7.528925095188606 -7.74323256068217 -7.867751808487212 14.347745350654023 12.138157279454912 
7.9909031074700785 10.096177658614835 11.053316873962746 -4.994620526777121 -1.1434773738143091 -2.2045330334617006 1.2296697213324235 18.338537550463705 31.52845902441396 11.393150252429752 10.641176419257743 
10.319175544671698 11.5893412980196 8.82333652723657 -17.137631039642212 -32.219388831949686 -36.07569447123399 -34.20489346649018 -36.84757316837958 -19.20183518724528 11.530606461095672 11.271494714770073 
5.374252371150071 7.859395016680635 7.580308363170106 -11.539712787946481 -10.259819041411841 -13.466135980371071 -15.994362934562478 2.0779270604553686 13.476898774125328 4.843794030968548 -0.46967211467874936 
2.6458007016938416 6.2775284891057765 8.480881183378969 -20.44498878951908 -12.375644624305274 -16.920777127980802 -32.71779816265264 -34.2725732371822 -18.15837931534269 7.228353597720114 11.591896103642526 
0.6482297329902991 4.4384945818010415 8.247398716262442 -6.9012931548335885 -6.29794545072423 -4.541942151804289 -11.664343639545173 -13.588800604982055 -6.083078465082796 2.950590228373712 6.6806910309127385 
1.6991082289683703 0.28442422026693637 1.8060419730716495 -5.318873974786585 -26.44784752432851 -29.075410205928073 -28.417585914067644 -8.356560586478205 -1.1641520143034154 -4.414668623297117 0.24358904775318635 
7.458695793530382 3.8057801861796197 0.8865623191505816 11.384011015846124 12.367139428922309 12.325244415379116 5.029031236425064 -13.869097200883413 4.768497413819606 5.527000404107889 9.110576500786891 
9.563257198530067 6.913615725928411 4.745546287427543 7.139344109480386 3.554136568680489 15.27639913715873 12.291062615302714 1.5378007660507822 -11.969746875379453 4.0243820901689045 7.843433036004567 
8.171032168724217 6.960569279883568 6.325907129743143 11.153177921938543 7.887023476080559 18.48934967589794 9.20504536805404 -0.11519440853359908 2.3487624449592057 2.9022492695930255 6.211553922408978 
8.824658251061205 5.069566677182455 0.8683375458912684 8.54706524668563 27.85892760991787 32.41385961298209 15.086189617974565 2.3270864374962548 1.2500318951226697 1.5143323176080923 5.860309932206917 
7.50787174604617 5.005890728502498 1.611758172801367 24.48038724971945 28.063169419872295 20.66316212057216 6.889750695529692 5.426598624251408 -3.116383790885724 3.146384036784955 8.6741018967579 
3.637595616054348 0.9742725034692258 -0.8713563854585403 23.985852400997288 25.181209870910838 10.887551060138827 -1.3950843406877897 -3.4161928296938964 -5.65546254252177 3.4398294867932075 6.260831980179644 
4.404067251634804 3.866036294205374 2.690161915441279 17.183974782636334 9.708864683107171 7.813725262703767 6.917890115394844 2.1869864903504364 -5.1587269393768596 2.989686404456818 2.0587352244875845 
3.9072645029904094 0.5740962077162 2.1741555143374183 7.385204932662143 6.552228283180934 7.41293706646924 7.338650004919458 6.832048154606717 1.955595436745193 -1.858863253157062 -1.2901865371699803 
7.085911384620498 5.310143671750977 8.852057025910792 -6.404753618204642 7.615055856535846 6.666890889205833 10.342027184384545 6.627952008666398 -3.386373569886187 2.2609881464967776 1.9085496894179772 
8.681407994228778 6.63212621174354 6.966576485000057 -11.374918922700973 -4.270615188856938 -4.788200662731766 5.447119361914414 8.613992154268942 1.8095123182692503 -0.8631615463174743 -1.768469976607993 
