-147.00348109652816 -87.36943649701702 -95.77429966896962 -160.63667992346137 -274.4744348131665 -403.0062178538267 -445.5456661613713 -481.43759520175394 -466.2159909685801 -499.0653182524603 -561.9163315781967 
69.73243821752504 47.57938545468181 41.22413770599961 70.92134807469263 103.49840760240508 99.7581170100179 79.14770676969798 60.69490594238488 47.272643779025955 44.78785261550787 35.102033922730115 
-24.552470040269593 -34.06601488696227 -43.68321572481794 -53.565976357543974 -49.341968276057926 -16.44166185022413 12.138190030963043 -4.0646171398943665 -34.92326896797079 -23.97209040780607 -8.071125914083181 
-45.61699796880561 -35.75834872864438 -33.91887789535087 -49.13848107757302 -38.39333522698381 -24.657760957773725 -26.535596142156088 -15.902330731697006 -32.696954365852974 -28.45254376651878 -19.560092934944638 
-24.95400758108694 -16.573207479550106 -8.893795922648671 -2.5394004880644916 -4.75381008043739 -13.44112495969481 -11.407103110358634 -11.068228401139045 -30.53421135741383 -26.169829886034982 -15.990541553067203 
5.18513063082472 4.2554809817653805 -2.2579786232484613 -24.536091431247424 -17.573535028802603 -7.931166126032748 -7.72918422391139 -11.048110331633788 -11.110713619201025 -9.33169482326765 -7.033666197264333 
-20.180459376006368 -7.423631979810712 1.9242551910723513 4.723495127549712 4.754869754945473 0.8159146914693234 -8.18838375149401 -7.6227521651109456 0.3534287828680809 2.9718275665195444 0.03392360738505096 
-17.346390115360194 -18.233641240757503 -17.84180608972008 -16.08473939573126 -19.245026591684983 -15.385246343926687 -1.8017681549119666 -3.2728516919573165 -1.7998173501512897 -1.3109137685834544 -5.607165900227206 
-8.501664062503497 -13.763319267742844 -26.304983209043918 -51.487688217860764 -45.09008140789862 -29.01145762596414 -21.4628049545015 -8.112374687677502 -4.737580454786848 -4.808128544630133 -6.130159677334616 
-1.2449396353683726 5.978425461861125 8.590295749829378 6.16883392166886 -4.974269810810137 -14.670104040664851 -19.570382185839602 -12.217495056774906 1.0407621584245659 2.967549556534439 2.6392947093789654 
-20.566475507323176 -19.56259642824429 -15.511600713252275 -12.777253578581703 -8.610096350133048 -3.710161422889045 -7.588858567616432 -17.348884758146284 -22.835185949023092 -19.46700401386754 1.6199948807160989 
-2.0139420267861974 -2.719519106182748 -3.1852810069216213 -1.370388496166128 -1.5701672608839297 -10.507794100943968 -5.740557494784082 -4.744075074784172 -9.311859060554102 -10.911250453828801 -2.977003287150598 
-12.322621958021806 -12.70443380491961 -18.79445854936919 -24.523260509241112 -23.311055459953526 -7.80830115145072 6.433491761239184 14.67167118636543 6.842096258554999 3.8173561124385467 -0.7543652729670008 
12.530158199935638 11.782070689853207 6.904290393470255 0.5522323218930475 1.5022741773325148 2.4245929067159278 5.844416736331183 12.62840738235223 10.902839120186485 10.562338412132991 0.5155976547298576 
7.356366414858335 -1.0946390531234629 -4.561836570474666 6.809427187056504 9.41423160391503 -0.9578529912189977 -4.217278351747603 -1.0327599492958157 -1.6965942658898605 -0.9713348373458568 0.11082382472948804 
11.500136686506755 4.531459589524487 4.8427070285341 17.04718065619181 26.226721708252573 30.729503118439595 25.89618973280158 14.585135790461099 0.3864567028729082 -0.011582021802935494 0.802005199133391 
39.67266178652183 44.2079625001046 52.23768951322546 53.95719130028566 44.08046628318937 19.59202924476557 5.003519668234749 -2.041796200045776 -2.917728783545943 -2.9731651549042635 0.06843133711434812 
21.568689412091985 24.128630994423073 28.43270675841165 21.125108702087772 12.09419537122455 19.058206932846392 8.79197447735337 10.75655459734547 5.139603331867234 3.307317771886043 -0.3202090706296192 
30.972194224520898 33.37352527339304 33.56789037433413 21.000662811188068 9.283660266847349 0.9806220430214047 -2.991882610953284 -1.2194347256603133 -0.13127024182061142 1.3924966761724564 2.139543394201832 
-9.632457534213255 -6.949330516978192 -6.152338375925508 -11.337141321172297 -15.969555104159323 -0.9661074315054915 4.191813069494473 9.54453801429377 6.62687537298428 6.555064911052957 5.747027505782372 
