-374.78906060944655 -125.15760838159186 -36.40825233099503 -39.380581937311845 -104.23012351592145 -234.94526280821205 -422.8155532288935 -557.2550185428573 -593.0658302588454 -618.2747682699788 -655.7850355415541 
61.33762717557411 35.74153593073947 14.573805312894141 14.987616221456308 47.75219011528213 78.64354628657574 50.39335198871326 28.535349916967093 27.13102941456323 38.26193405724115 43.73293845691077 
23.444686306706267 -32.994202816882876 -47.27622297326147 -67.34771853611744 -102.5297615310715 -113.02885159851002 -86.06756128149237 -22.281452431371534 -23.035167712037108 -24.20652860583602 -14.624269426677275 
-81.8796188089139 -38.13869151746704 -18.497288992211935 -13.0400422546093 -24.871021850713298 -33.283428770463686 -15.113882088530927 -2.0501803615262633 -6.23460553895425 -10.968748588646836 -5.5229578485851825 
-7.602852479096633 -11.092342689604695 -14.49863775614442 -15.508707992415971 -7.793492488992301 3.2243424415869875 0.7363108359749405 -2.173600795914389 -5.222600945602112 -8.80028457766095 -14.668710569989518 
-10.778936492254479 9.434977590670247 5.186470288102122 -7.120025403536927 -32.990056537544866 -50.612728610107325 -34.22796128871592 -7.035319610045101 -12.653743890959277 -9.051619198942664 -7.207420601840074 
-13.895288603577526 -5.733876144672512 10.731378594112826 18.3395554917823 16.167550524792432 5.717539578087212 -11.857425853160684 -10.811347136451364 -9.173655366270618 -5.319800684952503 -8.892822677329775 
3.8879866006344974 -14.962984046280624 -17.93038511748481 -17.77766434749936 -28.849671691988302 -26.31680873468417 6.808054279511518 0.3245897935304962 3.5492389256469283 -2.0317713565546804 -9.03256250915935 
-38.531857066643404 -3.219424854563737 -2.1780306071165483 1.7953890443699245 -1.3062603026879673 -9.391461130876461 -19.455072052600528 -16.98766241736307 -17.944279740283857 -15.29484629620492 -11.870772198424913 
6.851656071094055 -20.3528358449608 -16.346625257932676 -10.231925491182814 -8.095718868177608 -8.908056392221045 -10.768117934248714 -16.54280961628599 -15.087625478204469 -9.767162741599915 -9.711750385319181 
-14.116310351435079 2.035246358246649 -0.28794469825614083 -3.7951086844157578 -9.289767819796474 -10.471111843655052 -6.779098545831304 -12.924879365870511 -4.048521201930733 1.2078548175129256 -8.768803549183357 
-19.854852468659686 -12.4792987639353 -10.289015860617244 -12.58378640306466 -10.712668850642121 -8.214363667404022 -2.039592354139193 0.5741929371358232 -0.4490405396077208 -5.351844066142906 -6.35418163902808 
6.399037673975533 1.5030875592511106 -1.8647626477642436 -6.9983563790041226 -8.975742253361048 -9.971699267924865 -10.313779994114759 2.9802690606659894 -0.8796558599660063 -1.4893537958973682 10.281871267604313 
-13.66839522912408 0.013065283778933234 1.0563011980395913 0.9639588704544647 -0.3973016209803092 3.8098802883502634 -3.830973224854475 0.19095832618731978 -7.494301810947482 -0.5504382845721544 3.7553374395967407 
4.514976352207512 -0.3056458130630568 -0.40855639820322887 2.5973812842343493 0.0478270499453779 -2.5280372886392177 6.220291378844465 7.193029372319842 2.687113283966272 0.06322232682088635 0.38382453253194015 
6.695220882526188 6.17791942854447 -0.7856361186665445 1.2667555923222538 4.663206927324338 7.303339004788381 -2.3400496511076465 -6.852372907862901 -4.476774543713665 -2.4639352126493197 0.23225220856950046 
29.98995547884343 14.749446091726172 6.052475717147633 -1.784870410510799 -3.166808907423986 -1.509541603224373 -4.09500276103773 -6.2132890502847955 -4.195641133374794 5.997235459827305 4.061205178098592 
18.977014409257905 21.274387563797724 18.184120258007134 6.164274581596196 2.149695097500074 3.71599508095659 7.6652378752876675 0.5507357223779871 -3.2352844168434647 -4.911148889259066 -1.695518303168021 
21.782184936686406 19.67363542968363 15.447880693740213 -1.3758392591380117 -12.008048856325527 -7.027002164396607 2.229344529669402 -1.5145290725644425 -7.567331099224269 -15.435511259502062 -11.11471704751192 
-1.8822143106361282 11.125661433610652 20.003438233590067 10.94419472670252 -3.034175329084512 0.43971455426007977 1.7744038856223923 0.06711565612693249 -0.6812306341031806 -1.7021454473752957 -0.9203012132476988 
