-482.7968837626046 -478.3813129090526 -470.82554122505064 -392.1122945963216 -186.3015894402948 -76.50802546620159 -65.92451273711876 -146.4438707136716 -328.756465594243 -412.9466013693015 -462.2893970476752 
47.17799227623556 52.4424826049884 55.41929973323415 62.33602697538483 -54.277464408083596 -79.4426597917213 -73.24189454493742 -42.69207579977032 47.513022421916844 47.339177908876366 52.538044015240274 
25.030364253028566 26.93140111534477 28.950569990679426 6.80549477788515 -9.664441165580829 -31.7228688256897 -38.611913528184076 -30.255932459371316 -12.137528828785321 26.84428177827705 33.54475914310013 
21.6521380639495 22.184635097331753 21.85823002898038 -6.894288328560794 -6.707822505714393 -5.223112551195172 -5.366572800359036 11.42203543006833 34.56217442113151 39.24933478639015 29.471773875484963 
13.006702247035761 14.602203751542113 15.672962805335278 1.1540885574195399 -8.438022927967861 -13.582449979690336 -14.054990651766504 -5.382469268859495 6.797080326971737 7.176986721620814 12.12493028712964 
7.544942531722246 9.508430148500551 14.334182341320489 0.644097818302631 -9.062970758072527 -9.972717070724364 -3.711960303781896 4.13383656157167 5.171135268386435 15.036751810099371 14.914876246727825 
11.003505150345571 9.766841795962645 8.990619181695063 5.583020493760584 5.079026934246491 -1.9750165220939 -2.2567649520774165 4.641895644840762 15.831427747036987 8.199733419245463 11.758022130288253 
20.777156344715465 16.010428984862607 14.850091806543581 25.317967336049026 20.511852698903446 5.927482315941025 -1.3543911917785023 0.5670646463795632 12.364883693130103 16.36678281537502 19.045387316102115 
16.68171916829 13.633302100024721 10.607619345527095 24.84705540587909 16.99419017739335 1.655015039744453 -6.5575348384191905 -6.2697637900157055 1.999670815471205 9.646353346325052 17.48628372826528 
8.818228419571021 10.814434693464886 10.539601249360597 33.93183841128814 42.01158536049093 27.63227216307886 7.437625042554257 -17.600734204394218 -2.988036852807097 10.855127627390416 17.86768359031267 
-2.1985703635049667 4.501758670467969 7.658999167443114 26.734587477612394 43.576623063540694 52.88540847937301 43.63748386571919 18.583274761513053 -0.2773212231461206 14.018411198096652 10.178439196630467 
3.341161101653263 2.5554693485583284 2.8715283441116126 -2.240613354316055 7.835173863223343 36.12237259945367 41.40348748286907 29.071200340403575 5.534372168687707 12.716778175362435 6.823563908339491 
1.788866186729666 0.34586029180723776 2.358885535472483 -20.30597893470044 -15.510777752077182 18.23123784210813 42.07655952583096 51.13086295266314 21.01542353697483 7.763912886056081 1.2066081634298964 
6.230631475862476 4.561638928566477 5.770603018950308 -10.01382031976392 -30.679355320305763 -21.667205792809895 3.836716452659929 31.189489002675025 27.661205028153464 7.075114330982495 6.63233404443603 
11.790949774390231 9.562984958545215 9.353941719576202 11.519680027664815 12.770210340334206 -4.4141295799138245 1.6519496196756145 22.965697011970462 40.264955280075185 17.464458585039498 14.418938203967985 
6.131734251875217 2.985890308862392 4.387483220542901 8.217848121043994 13.034328597226747 -6.094922095770247 -15.625919236313187 -10.42615807964417 10.90987181461232 9.190321095121188 2.2910509082163077 
-0.7154420897280472 -2.0660176527612 1.403577203837796 -0.7436497109316484 -5.843722799140529 -9.000972689878278 -17.546972398032384 -23.787258674421498 -17.657971973092657 2.9118111990196383 3.852005951307215 
-0.8343785306765601 -0.18971428485786096 3.6505071748278866 4.72175024094023 -3.1566807752826893 -4.38867191900492 -5.514233516628636 -8.81812169394182 -16.824817536865098 8.59289767719709 5.255458989161724 
2.6717470083524093 2.0627722970925118 0.8798521433698236 24.86905819611629 23.595831499950012 7.317425117785081 3.5469616862677116 8.104317632773498 13.007420101385765 0.5727134459858364 4.185631417662483 
1.4128618406324744 1.3035267133658661 -2.146233329941698 11.98428463512594 24.253983966163553 16.2424068868617 9.291967277876676 -0.06018263060981463 16.011637014575697 1.4811648675916587 2.7869737519544344 
