-382.90336734736 -402.14070740636805 -442.1996111486013 -479.59368130055884 -308.93593153329164 -120.48541610736237 -21.743156905901387 6.528074614801118 -37.10898274087165 -131.45219018669655 -240.81152778352188 
66.02188822708231 61.83104965473113 46.074611372785625 19.344247993802213 102.75478741548395 52.39996784790711 15.553002977662096 1.2244387452386278 -0.664289751552178 23.12173180495296 56.0248267941206 
-68.123993390083 -52.71906344001381 -21.237007544453792 0.6021915381579753 -12.651410038715714 -28.58718441721843 -48.89845584282059 -75.44952176737712 -90.29955754637712 -86.30944218797197 -64.99773709735132 
-71.05080382859893 -58.20943893012736 -24.080614686791563 -4.5519687508047975 -70.79010455831528 -74.60011066741913 -56.54151039420704 -33.77102278648646 -15.428800128245847 -22.655245046776873 -22.09764254288713 
-31.898841242532775 -28.727429589678948 -45.78279044903537 -42.82281829262328 -57.55935134880271 -41.133104813956336 -32.83236751909571 -25.925819132397528 -21.299968866935824 -25.00917755583942 -15.72106753485496 
13.530440079429379 5.808785129664779 -16.643653406206134 -26.841189684873683 -26.855467924339393 -34.69009932146398 -30.237529617631452 -27.058082143567457 -35.00325616254297 -57.1600131157705 -46.758983379069164 
-9.598457656144246 -12.352032021013976 -11.53712033575971 -11.205449805813409 -59.0132399235832 -66.70623276864193 -57.57105643920704 -50.2698276180756 -41.24064543201769 -34.979715531491685 -36.33205532536559 
-14.288532082717765 -15.166798118473586 -5.746356887229487 -5.289287284733012 -30.95780542626127 -5.325124275228161 6.631882214999237 10.785434262790053 3.331874766872904 -11.62044301456276 -6.542528004062282 
3.431025327441645 -7.109849844911266 -13.166768948752772 4.218251480633033 -1.631295965864322 -13.148248257214645 -8.048338578124888 -0.5371332339579731 -2.142178753663189 -5.722989617913479 -3.885500227890458 
14.110122574999888 4.763142021805471 -12.82080961057792 -8.664845717342713 -21.522979069400193 -19.8829454350655 -11.700542261785 -3.5687468890716474 3.5505842234675917 4.866067015272405 2.11187089920298 
3.3620595793228274 0.08146633372681725 5.354137351923874 2.683120208389835 -3.6758535979825115 0.8131602807740932 1.405720831067931 -2.478680534894071 -7.116116574846531 -5.52897527095965 4.000998688665639 
-3.9628265794043402 -3.3323849698467196 13.359167003837506 6.154480549860365 -23.85487728335641 -19.389830072599285 -5.164545814943345 4.867603049106318 8.718150206181102 4.209651980246864 -1.0181351824729008 
4.713531554569766 3.0378484174605527 -7.489826513855292 -5.38814512309809 4.596911760150556 0.5324051687024169 -5.129322531218014 -7.785494576499374 -9.07466437602322 -10.723382762497728 -6.288484829329535 
-7.472822869817192 -4.04316381207858 -7.491407995884744 -4.706405831262135 -2.1202406176036033 -11.617213877386082 -7.606056630196603 -0.48209988807471493 5.4147743022607555 6.059804987932607 5.673304427240771 
-5.421639380897066 -0.9094689700103656 4.929894037886365 1.4207757214828334 -16.009954803899646 -4.520113667059653 -3.48103270429318 -2.131706006400279 2.138942253544098 4.5779381157414 2.4662808127709726 
1.7404992766026444 -2.113720970311082 -5.269583754653729 -3.0579079293603444 3.7275145018458873 -5.115302573799335 -8.15652669068648 -12.738513585727112 -9.920336872864524 1.3774712111829368 2.187826971870524 
11.565859718637078 9.621464844639043 4.429047668487284 2.7020442319049858 -12.016300547777709 -8.775492697991192 -9.000061304199805 -15.945042477199339 -18.39568124254596 -12.134633901510266 -6.31103417392254 
13.65466355605064 13.801887867607544 7.643876481713935 7.01091194293619 4.710332669884516 13.529933233110809 13.151884190033808 3.493456099966232 -4.70758879819374 -0.824542864437837 -2.6888356763755494 
8.568593592472805 4.769526146015027 -5.164002465134661 -2.563861308546448 6.829236102679129 4.997715894886982 7.152676292258155 -4.6662176852100945 -25.741022982387065 -26.76146163728312 -11.1518322593636 
-6.209583871232875 -4.4830478693834355 1.149303321005989 2.060150162045028 24.498278096864027 33.671234681780334 37.042379111205435 37.484205207455965 23.254273019453258 7.010485891779885 1.4191280030398796 
