-556.2913902680513 -559.0442518993998 -594.4056776135013 -644.2793068531919 -565.3994831394463 -388.78712997686785 -228.10072879485634 -191.08929516908378 -254.9524340373241 -433.45908058651406 -594.1416172632947 
17.09710039595923 17.170750394424914 20.526206844406765 25.3067170927066 81.429396906835 63.78119928485558 -1.4004484681546687 -6.224135636144655 5.082584476824498 33.827393080349324 22.88094516916573 
14.211077919686808 17.723259498690123 20.116749849107336 14.642369368567698 -15.565022371682028 -14.132519174475789 -45.206023256355806 -47.742719455487624 -46.67298840604985 -49.37810873796131 -24.628210412192615 
3.7623527766133273 1.304264262653011 2.0756955147306355 6.186066554614214 -50.7416737325419 -89.26091777814597 -66.80556049084927 -50.68271643633612 -31.16508644179254 -10.345398765632257 4.080350892964028 
-7.526645387652119 -12.520435821491244 -16.46503630403435 -19.64984708488537 -36.68027609675356 -8.194179564650886 -3.195614630091327 -0.21090506330296224 -2.0270102750244527 -11.478783927107386 -4.531590328572369 
3.8812108741885867 2.610111540438017 -2.1218705856134434 -14.594887845302498 -10.47875299572561 -13.064829728843442 -4.092632342188621 1.0393128420381237 -3.3403303711289403 -25.169601576781858 -15.65044601590044 
-16.48225083172361 -5.232129375107212 -3.320175375917953 -13.628910836268545 -10.727016045044124 -40.36779929753639 -46.14774795678291 -43.179530607366615 -42.92527639486841 -34.805740958946046 -33.88194845567711 
-6.288982401523269 -8.832398164575045 -13.890128238047268 -12.36476589983322 -28.024322516739943 -22.770010956175476 -10.098313535767522 -9.528741209078262 -16.569573247112157 -34.43231853484268 -19.68132484223486 
-11.324027284089675 -1.106786517695138 1.444607723328292 -3.6204129426380716 -16.70978324078757 1.076101846135734 13.298486604531117 16.02279880508612 16.08828632578129 13.076865191099696 -1.2787234917287165 
-10.937092917540435 -12.440352062999157 -12.852503716633704 -8.588769272901592 -15.490885634785192 -24.675303243569836 -30.364084362023142 -31.702186918468257 -33.89748470236207 -26.146929111830087 -23.10187394068837 
-11.887358605224184 -6.0750249958237355 -5.343123182180607 -10.842395616793773 -12.871136191155273 -23.08425337974012 -22.802178048457105 -20.93845462552296 -22.843893465757873 -31.791714996260424 -15.841507997004218 
-7.05589444883943 -4.717827311553036 -3.464329575951874 -7.703642598688576 -11.319145473916972 -3.0188266004082953 0.6743247255419896 2.6523629745410697 2.1411743123569673 -6.956286952877084 -2.53328101512885 
0.6817347498028241 -0.9050250962953351 -2.0238830368718164 -3.540441891779564 -2.8600477888084614 4.176191341230617 -1.6738612690199814 -3.677310331889123 -6.881720785957198 -10.877355248749101 -3.658976689761306 
0.47835898518789943 0.41765826577658766 0.5237638362137266 -3.295531347027529 -0.0063298767986037785 -20.65166049179235 -20.20951902923816 -15.485771533384794 -11.826668789902392 -8.687239841455227 3.9377341873071616 
0.6855123387907689 3.4610334470537802 5.851735198952733 3.1889789802287893 6.334150103612281 5.249044179124621 0.20837658256685387 0.3391823675664949 1.0750143706891697 -3.1348644202324234 -4.909402917686042 
-4.434719198287881 -5.344181368194644 -2.792214766422668 1.2302476282039685 7.745073947515737 4.335672032541571 7.443812888123033 7.5948774361984075 10.762635742055187 12.469402294028537 17.33779121639838 
2.9136888416394195 7.269516260134779 8.599110993630255 8.087181568356735 6.398600681664114 0.04686130667164634 -7.792244107691665 -10.362381004831015 -5.289912622200509 -0.6998259906509015 -1.7982343705442134 
0.8429135696484003 5.9090087307206165 7.858902467889488 11.38830393287955 2.8435083413379325 1.2764630095825746 -0.7598127765275957 -6.789180821059249 -5.072422568119697 0.1706852241509157 4.942314214201593 
-2.801881169060887 2.335714055107702 9.289991655141268 13.90280478434727 2.712280333392963 5.163149298446394 11.238165353704037 4.597162947584712 0.7805745132778006 -1.6213472186728528 12.792073120919808 
7.184550291984907 3.6129149088956813 0.6291409452628823 6.481742156611024 7.969364299920571 22.907308220412588 18.65309504125503 7.999878692334743 -4.339731707454261 -5.88116063855243 11.657625702083733 
