-184.4341012056451 -110.31124962204258 -84.53506424784257 -129.0817828063467 -232.67947525704886 -346.9240461159618 -454.4867598053536 -547.476550772652 -604.9179673564183 -647.7566728539034 -678.7457608137174 
52.24941883283978 35.532406327936314 34.6573122735167 43.717506117294576 46.50502135904421 30.164580148964156 45.20577973527021 66.10679274628943 76.54519895102132 88.2242106654333 78.46911633775977 
-58.33598707698458 -76.6695217939932 -89.55858909604109 -95.85250698449981 -95.65863447739751 -81.67377217409694 -71.45858732654536 -45.39028762950686 -20.587386630444428 -3.172435934997144 11.054411487717623 
-27.54425360316658 -25.486088404515534 -27.265104623965637 -25.3913460438317 -13.372620224560542 13.693070108203147 16.993508823070577 2.3379633952829986 -6.2954531640128595 -13.531110195723567 -11.834498530107682 
-47.336157606352785 -37.74107006117395 -31.67871543256703 -30.562817020445408 -29.744485530538018 -15.21305754486049 -10.438997486010177 -11.697148821610128 -10.698055586413997 -8.119177756108453 -16.253343057190683 
-3.0949820008694235 -3.8168968007825166 -5.9325559875266585 -11.742837229264062 -17.972484879349903 -18.413372311543057 -22.436007067554065 -15.903676787294282 -12.506364920877253 -15.535626983801938 -18.247097880272023 
-34.14712706523902 -25.120120170151466 -27.205180216745777 -30.904878806405986 -33.07916768345355 -38.182415273418464 -29.888333915289273 -26.86300777435921 -23.248751383846944 -25.845366571156553 -18.635838549157903 
6.903631058131383 4.595803323348234 -4.418996335220654 -13.045136612907585 -23.72121785660417 -28.67682682145375 -26.651568594708095 -27.99123412002464 -29.772262494465995 -29.55412054056187 -24.00896252358921 
7.608987400871989 10.71623684645565 3.1517599278826895 -6.930008802241179 -12.152697964093374 -14.092516295086607 -10.865690880965294 -8.842509837518943 -9.12931587270975 -13.282694360052465 -20.876525938200682 
7.608005796730803 9.26057146092015 15.24817964480218 24.702198284993845 24.519245691747173 19.241876158236337 6.149440999983048 -1.9559556092866 -1.5729173213936716 1.2805014880080154 -7.0052979938201645 
-24.443387245715883 -24.901678363726766 -24.803198800736283 -19.60841385774787 -20.733308891289912 -23.8074938323962 -26.69998854702932 -13.367053142336868 -8.348852886315475 -3.5973165622963412 3.9261344273268297 
12.836763871536444 11.69465329666929 9.520033457149314 4.5220276290042225 5.564426604714364 9.96355885477299 9.919009068532766 10.190832663705912 11.772767277489443 10.752741047511659 12.265878178335061 
-9.032656805299837 -1.1822495621276778 5.938459195417126 4.5306860930817905 0.477494471643491 2.725150381756633 10.916451085564315 10.524600159564613 5.390964048707928 12.856914451752026 14.245494272492985 
9.348999032684738 4.163826934821293 3.950149573863362 3.3351266411795817 7.547529554126669 4.9664910373433955 2.159567733222137 0.41794386406344264 -2.712382653833901 1.690529463675607 9.08102658159014 
-8.4730510651249 -3.575642482583455 3.227899929143642 2.280527243397116 0.46431118822935225 -3.8470982895817034 -2.357710889978834 -4.3492706359979 -1.8509783058737006 2.764461315531342 8.920827240830384 
-5.243250390741869 -3.174317444375684 2.1003389844035234 2.8727140105461135 3.8355751245864793 4.333172676478527 3.9815457086667982 -1.6019431438170715 -4.846693952133277 3.0517470590953497 7.183677018042629 
0.08144738203861601 -0.5681443176623847 -2.9966503484268667 -2.6978500350484724 0.9092667023275365 4.111894677212381 0.28677254137186914 0.0005206440700999959 -4.339478765574758 -0.38827588455210094 1.096790207222596 
-6.767095704775944 -9.52760439911004 -11.929560155400178 -5.924582051158737 -2.385559994520051 -5.422304357308423 -2.821664646401343 -2.4432937605647322 -3.299080254572291 -0.4573186768794992 2.082464562535008 
-1.2538912983174544 -5.889527864993268 -13.471131043860076 -9.951564350010784 -5.640608669408489 -3.9842083620747744 -1.8470949574708633 3.5870121556622747 -0.31438642109965875 0.9383893087260602 2.4916571562473657 
27.412629521295734 20.309308036381317 2.6348450700340216 -10.077999211537882 -4.4750165758065545 -9.300666829949828 -8.643385710787118 5.017904318331183 3.7226477700673812 -0.7947012803804865 -0.10980317284834218 
