-219.87576969403057 -129.56520820507933 -104.68616837595862 -135.70124609389535 -215.61253134456237 -359.5651028860515 -453.926150737292 -510.81527222312235 -567.4104258527146 -609.8473907808689 -632.6476991862538 
65.30795220934081 40.486212177565264 25.548418827671416 31.548834455124904 45.33245351728149 26.155878516423392 18.750351800256322 53.449577955999686 71.33427179664645 53.390727520234734 32.561617291978266 
-35.19090013990332 -44.41562693329955 -56.71230873111637 -66.70501523164918 -67.19611259289758 -67.66465560684077 -66.6210508986508 -41.44567014706924 -10.018275918140121 9.194318649945913 5.674583187983011 
-31.768770508133606 -12.668604829680753 -1.6614968612603094 -2.065605155996128 -3.1020092043210012 1.3242837874320488 7.383793307805059 -3.437646843771417 -21.44154588438965 -17.55625478021856 -12.167237763844689 
-37.38134680431722 -30.313427393147883 -16.88786093072246 -11.5627545525726 -17.443808034796575 -41.417721124469935 -29.45571136588574 -28.277062167482292 -29.422907425595692 -32.566156443268575 -19.348638209729945 
-15.864282112183215 -11.165532577558087 -8.70848968905515 -15.971460558455034 -24.368102236614853 -30.74650093895669 -38.42053267809892 -45.677003877994736 -39.397258536819976 -34.274193445554104 -19.432223257022574 
-52.33949087571829 -38.718848484480276 -28.166952531624272 -22.161536251564932 -20.93300454901328 -30.76502446192502 -15.944882014739527 -15.982413049090209 -22.650220431372794 -16.83918924445677 -11.832337932042602 
7.6121449196930975 8.025349379687317 3.4408962736681836 -5.35424979810136 -5.551223484676871 -10.27286926055152 -10.304034338897473 -2.911298198299366 -1.512200652306518 -3.5322890091443506 -3.704585739054979 
8.752916151866678 14.440958583637682 9.108114051743748 -3.4807836713441267 -14.082244844535253 -10.421733370453886 -4.997311506824225 -1.6873470274950126 -0.2551791653332225 -6.386880417516172 -2.993178474149137 
-13.233321484193002 -9.350630918261619 -5.637547541693101 6.579895905549121 14.55114583611226 8.171179852117996 7.101743358762159 -0.6928186121266073 -8.735404696401027 -6.944680920592486 -4.35468254904203 
-9.028989141791861 -11.599660383787104 -16.528015753738906 -15.27704379494545 -11.899022419492505 -22.09034272534054 -19.24040946738041 -11.27211203636596 -4.317925524342083 -0.15942982606730982 -1.5070575726704085 
2.9762448659729293 10.667024774498934 13.960623994530213 15.417009089858249 15.581205147255723 23.649601189609406 24.625528056616506 14.708430060383085 5.286830254052504 3.360336737277427 1.5228386766818658 
-26.14723107970802 -25.652261638407104 -23.799491604765088 -19.17193979360143 -19.087159171524796 -20.126232664069995 -18.01437447587234 -4.073646674545255 3.7948115495637618 3.657159270533816 2.361012485670539 
4.853120147203316 2.6658727079392524 0.8369908305023479 2.1176534259869566 3.857096623438526 -1.2909606913559126 -0.8873354083569942 -4.158124607844022 3.976759669152707 3.3481819397329975 4.199644224890202 
-18.83732854806427 -12.805955424175117 -11.776919216780428 -8.942739988359214 -6.780476494404484 -11.34257550807056 -6.594003198242571 -2.0905279062653372 2.9343046099939327 1.634559919399795 5.4118461463344865 
5.3874660434911545 -1.788646844057255 -7.492645896206007 -5.185612315553358 3.7760673460432064 8.320461974631886 8.18253736322847 1.1865816894328085 -0.6651669012082049 0.3719227462603388 2.816533309319115 
1.9419299617036598 4.413053493684195 -0.5461330546919423 -6.540914920070284 -9.484129760744732 -7.479904942382639 -6.487282471930919 -6.298058281399456 -2.7424411267180515 0.1334317728582019 0.3327019056830445 
22.744995472882792 22.832929912579484 18.882452853296414 15.132351541250678 12.62736080959023 11.814614871589 0.506368155810665 1.2426988585950398 4.776420362890931 2.2133717737646137 1.4201984015607492 
12.28772324061873 13.754990160701647 10.90944888475234 12.472427580683146 19.89223858053319 20.87273057576607 11.017232690868006 10.077428281325506 9.445663639730578 6.383164741429272 2.004760471782509 
24.25131358400943 26.95009859964749 34.13058096284088 45.67541907163559 40.57676903713332 15.934552904082842 -0.9386146759794654 -1.128434566467832 0.3053656492335448 3.6392102073301267 -1.223772913089333 
