-700.2380717437635 -283.0332075238325 -102.18808934257301 -54.45891616901562 -88.92648001517034 -191.74506095770772 -335.3544701954838 -466.5849732954535 -567.8188084383244 -610.3074415492308 -633.8769677677773 
23.545744133964057 78.43525129091881 52.28457862357142 38.45952703443105 36.02564568116111 46.69098893279858 40.396809358436165 33.72599406612974 48.0291196145085 69.56048835192533 78.33514092238241 
6.630602508848741 -25.93761556802725 -54.70123061027481 -71.98647830488994 -81.66765121606403 -73.60769013345653 -46.4602061179731 -48.74183673309008 -45.06417128219637 -24.282135193029994 1.9697396798219418 
-10.696949455652938 -38.98489097965971 -19.396674765554216 -10.783026486027738 -5.07662829441994 5.756683930611716 16.678742571933338 10.963981252335287 -18.852349352648787 -35.95362652130888 -35.434033878781506 
-20.102862058389732 -49.61017622495146 -42.23550116102753 -37.28850272747263 -33.449411518055484 -22.433068510500167 -29.25469835508386 -33.78111023473214 -31.371599351136368 -30.878634378249075 -35.96442864414007 
-19.226063899965332 -7.542429773125539 -11.675936188718637 -14.322314969592563 -22.68810768338235 -32.035016656759474 -34.89440408238856 -28.14878702188522 -23.054125469898402 -17.180679772311212 -21.51092184325004 
-11.6477690218418 -38.95535076917662 -41.75570768891285 -38.2643814101893 -29.626426614449166 -27.84217900970387 -34.106374771657386 -27.498791336466745 -15.427388650086701 -9.81317484144234 -10.557181641290335 
-3.0759224368250697 14.644264111853602 9.16027465568088 -3.0100528305720964 -10.650090142623378 -16.68033405772452 -18.01980604082231 -29.80094415251476 -21.02919661185787 -12.254846836105056 -6.997389928790142 
2.6057814257878125 5.388261353432986 17.51472466400366 23.067831274724067 20.861575034293235 7.774432525493898 9.619197999262086 3.881643509234433 5.58558926771927 -5.794438605246529 -6.121961289615092 
4.716809601494222 -3.9363777048702966 -5.078058164899167 -0.035958017665418174 6.026015851162317 12.61544657376682 1.6584827144580148 -15.039200346300879 -13.96338084837075 -7.887619169461562 -2.9647313322779776 
4.631723437140552 -14.925808026685795 -21.726535396556642 -24.22584567635501 -25.386397786686686 -17.755661679314027 -20.637654945081437 -18.428909887542904 -12.844501231934057 -1.284551994416847 3.5812356434436445 
3.917365459412208 12.315543896817285 14.347516082973854 17.44955178461393 18.64497073030838 22.407706169167135 27.59008168351106 36.250254164891416 26.641796122670517 13.679036062086961 7.05670140001799 
3.3038055173630467 -4.44228233803515 -7.673666977397643 -7.550386203994041 -5.594667243228363 -5.572569148656479 -12.08055178889963 -1.117619321915804 0.15021910164349966 7.433872696386802 0.5297987277129604 
2.7667880395673636 2.4793468735060955 0.5289691174302982 0.704988322123473 5.169856861522069 9.446060151299921 10.464686653128158 12.609543104476224 7.261104137031015 -5.066954028165075 -4.206434714104564 
2.1050506882258855 -10.44953794109492 -13.789470629737828 -8.153350979961315 -2.572516683379545 -7.88223114211411 -14.957377030660359 -6.62001083934727 -6.857657152729984 -9.27360697961917 -3.9539797147501448 
1.3208247823994772 12.48109942217446 11.241918623481144 11.61928280114438 10.748179061257801 4.443833495931129 5.389879506581652 3.0070748937431695 2.2659190683850623 -5.74520786477566 -11.03771234816749 
0.537800635267895 0.9148345211991522 5.899981726862123 5.886451721194685 5.551159085859071 -2.236141223688253 -5.450751347575066 -5.162746215869807 -1.0841514982832376 -5.051677574458527 -14.989232850188223 
-0.29755610202507377 8.017783659582177 -4.523157687134714 -9.253514068283325 -3.5716255809739375 2.9198118453426933 -4.480103779223465 -5.795076561332978 -2.6457551876438936 -6.045686465259465 -7.6786449722760235 
-1.4373056656062024 0.7648438860880007 -2.8966743819455836 -9.417469687663285 -9.277590357007778 -5.911225432972461 -7.173742093959147 -8.98602753695124 0.6020674791562788 -1.9295369569928087 1.845639166331429 
-2.8773730936593234 -4.3509015178786425 -3.5413393156093083 -7.738021022405003 -6.996247806619595 -1.4324865628627337 -1.4937702592157556 2.0568996554660828 3.447544174503906 2.13072544243372 5.675683481950283 
