-325.5911230119511 -328.9648835326164 -357.3926691394081 -363.8680360072744 -262.35637878073857 -165.47544223481574 -142.71513742027255 -176.3108260180425 -211.8042513445975 -269.3708875615557 -347.4441646340374 
83.5380046368301 87.82783423023656 100.64086655371815 102.04919073417412 135.7291519192804 113.66127984820102 76.36002985253072 59.17707244166262 86.34214699323726 111.74200940518352 104.4259593527955 
29.632234858358704 26.45424850141173 12.570570398831661 1.7346712693161719 -55.074959587134515 -84.98532413070876 -91.15974863937862 -96.98074737324578 -91.86196841782491 -58.444407491101146 -5.969254186344795 
15.465266710894163 13.738529246909474 16.884560279341997 11.489632100336127 -22.617191775500753 -8.706999602988262 15.697501831361073 49.784928548696186 51.87289892173443 30.507017406475942 17.711973580079245 
-10.745083086174148 -10.634121155593073 0.03566513638473566 3.579724614469772 -26.478534691806278 -30.13689483503351 -29.949168481333132 -18.38513503548992 -13.828213889033789 1.4973497550928143 8.740483929335452 
13.822022012896365 13.390602057378537 9.954302684060112 9.453206116599446 -6.692521641908465 -14.520852007693595 -4.714339365732729 9.065196539395332 -3.4352937041085125 -8.940176227717973 7.5825686435434685 
-7.63337048822647 -4.656075252704873 3.3667326391040664 7.168057263148108 13.803606873743778 7.165583012055219 4.2082819687178805 15.841322537626827 24.313668829080015 19.14517722835714 4.1252870144879 
1.1710970377958387 1.4732904638095525 3.4840453041402246 6.744392427391202 -2.216087834562802 -12.88903882817836 -18.13112089969456 -24.74880114350789 -30.114086366801395 -16.54554964282956 -6.386304613894655 
7.188619857615944 4.0453664028927845 2.759997608421988 4.891186734904224 5.107517220574507 -1.7614757744375449 -2.26777477754202 -9.476594850199765 -12.86506152906746 -16.186552689742086 -6.377569905708327 
-6.170139595217861 -7.934397618373579 1.9401864030905063 4.690024755782172 14.246221818458288 14.510391116317557 5.532146253168056 -7.05457706558925 -2.0420294579807834 6.232058861377808 1.4365865779328368 
16.131855119104213 12.525165216236875 4.226206167852147 0.6519148135245669 12.00916180624757 15.894445429321063 19.603816825360546 6.912332490981396 -9.15795074318887 -7.4573942676916545 2.4448315525466944 
0.562757565761675 0.11482877947338399 6.4683915336101165 3.406822028726193 19.314531984161192 22.51718705974909 21.66632808462812 18.264320937254226 15.637920305855978 7.266172132767794 7.627498734224578 
6.926302734492642 8.044837900688764 9.516068550886114 5.223030041898918 5.228933200038721 15.174894829536512 22.32403872608335 36.0676753698621 26.360642178088078 21.969134034370782 6.254969908182369 
0.925672953091875 -1.8340369872969662 0.24729769364977933 7.506211804393045 -6.084210294459787 -8.88231385524157 -3.6082549293366704 16.83450138705105 27.971278691465567 25.292340467068726 12.528171914243444 
6.176123470609438 2.6658449039666046 -1.6228512364622163 3.325179220992624 1.2973275563208393 3.773141387754534 1.8959165629569636 12.623771088839534 27.41737087655687 30.960476653226095 19.860361692732226 
12.705878078843863 13.116734927365128 4.759440362153274 1.8349505644541508 -3.028629075005367 -7.251375908149423 -13.187399393150027 -17.63618342829844 -2.722831141575626 11.972370034077473 11.059730691419556 
11.577058011708761 8.570875306636129 0.6717769239291469 -0.7216760458396619 2.7222695139503394 -8.450844843161061 -15.873670425079936 -29.604176798494095 -26.899502521147507 -18.663435493194754 -0.7736078411352011 
12.787970936846445 9.201304053589261 2.9862007093146117 -2.5519886740274966 -0.24553105414987264 9.721025301048023 12.571581412855096 5.322826328117284 -9.372090306018723 -15.314537101045143 -2.000447862930915 
2.2389816477680924 2.2142371473136793 2.816290594844374 -2.918225398741847 -5.642590874348869 -3.2596469760846034 8.463117482483646 18.796268660941976 17.77797498546426 7.577988222808756 1.256542132290714 
3.2156933905038687 0.43692706404041115 -4.18094030105 -1.1853622267835158 -2.421294974432805 -9.439242814594989 -12.821479678570457 -5.087069743572279 3.7162166545330457 12.37727602652241 4.101501153499469 
