-214.03483729112867 -148.45924493397314 -141.9143030112375 -151.5262552345468 -157.59222551228524 -191.68937258298504 -270.89622552056755 -302.784067815397 -306.7118731578779 -309.27867927212606 -317.872259699176 
76.28316392092336 35.42760681579871 8.308913243952095 12.184930392926628 50.04614127141758 97.86232412249652 102.64526769293536 78.85638011304223 71.31905126354101 67.00403346689218 62.62046391043133 
-30.677688676666097 -34.8670132069846 -32.68747114342162 -54.795486527450215 -78.98373269129097 -30.673399954427317 35.706440397168706 39.8329541650013 36.50869595053321 28.92780132367363 28.32919671359323 
-27.68334448675786 -30.34194664894457 -14.144488936174373 14.184374823530394 21.096792477587837 31.890251544293754 32.831089186321016 35.730566507423504 33.41185211842448 31.85500580181847 29.547748755084097 
9.120673344615849 16.770880721094677 19.077726555610333 0.7894667865077216 -4.535163637637698 17.848863070878835 28.763052670472362 30.326844454979025 25.608119705290058 23.705611774390434 20.209214143582656 
-11.016294894473196 -11.591289642202947 -3.4852277591705576 -3.7449300028957664 -7.26421592386911 5.381229436415825 20.787123908458405 18.370478869432173 15.232515371200666 11.275734604485237 12.203844759290224 
2.475548152955982 -16.976054691062675 -27.078493599313454 -15.73520749786999 3.71835274533626 12.419785560264192 10.626095643833407 9.445620932241273 11.098009353202098 9.06655186610863 11.186750885348054 
18.948271473559473 21.909919885625143 17.13040025615683 11.614940048838717 13.120826513187367 18.412671976788396 9.609832249954232 8.108622640152909 11.955130927167438 7.5224209710523855 6.474118260113206 
40.80336320331323 38.22115944202924 33.428374994020835 42.18629110710596 63.580745996678324 47.23412390111288 11.705099084113293 4.842226064235111 9.891470285213623 9.315975113018709 7.225638593573333 
48.50730848799925 52.30068296993355 46.66121315367697 48.2449374056237 43.45251037011643 32.46756834754487 9.118338816621169 3.2967199521720114 6.026364425250138 5.986882876959697 8.47276129098969 
-2.7839935104296707 3.8803755820350343 18.83835503226093 18.696594502732076 -3.0040456155887845 -21.87234387185052 -3.229844758972713 2.5118003547917147 3.064969326059225 7.0245849836931935 11.208879512114704 
-37.85548355134715 -32.028775211743294 -24.70533281883786 -35.93027628594649 -45.02351551866062 -40.786850185810685 -11.408419419620039 1.803429613740422 0.5495172152414192 0.3164191773299462 4.672962504357405 
-33.85212379899194 -24.12865983298508 -17.092405701385328 -28.335245256679123 -32.16036005563653 -21.33930645047792 -6.018885131579953 4.687475582310208 6.159714426982511 0.38066757116530003 -1.2449373495143994 
-2.1768728302474125 -14.512066997580934 -15.448526359736526 -15.494066186283575 3.2567301251577243 11.226761108467976 5.967515216381589 2.3754755224722848 1.5820738405559642 1.49773288379038 -1.7838730008080566 
10.338824531501109 16.474104563810354 16.514129125556565 28.46404113030801 30.04045305703651 23.430298715588442 7.690884303217835 -2.159477528668029 -2.2872792267681286 1.0124347246231489 1.705907407581721 
9.286635553522226 11.599270302321067 10.003497287033314 8.989860717741893 -0.517534446831328 -5.964257293689566 -4.058200256030331 -4.381229319852241 0.336589307026556 1.7589935239219392 2.8049868461168974 
3.2657747958551497 -6.40783713184355 -12.259151033633923 -16.517041960643432 -22.216578295185002 -17.224883582008317 -11.078540487163899 -2.0071576666121964 -3.565385559847734 -1.0841037646712761 6.49100663272188 
26.57698915397514 15.349606777239321 5.872862499847457 11.781433769355097 17.337458869328316 12.692986880125162 1.631330677158713 1.1153469174771038 -2.1034525772788912 0.9709616476459041 5.192810762816876 
16.223027184338388 29.58200926743944 37.092781752298094 32.25638070284169 20.60953098075351 4.1628816392765575 0.8416919572669898 -0.3536131471456645 0.405084054700906 3.3316761603037173 3.320521767388888 
-23.9028494051246 -9.39603368334248 9.287402244989392 -3.312157395449437 -8.00272212141398 -15.670381483625992 -7.687423135369493 -0.10924014597967294 3.9819750760452166 2.9800587929365943 0.3849344617853645 
