-269.29508832178027 -125.40018446830646 -78.12312102223602 -102.71277279701317 -176.68433752556737 -275.81530811017575 -394.9128016797279 -451.0403502146257 -492.2083757753082 -526.5289891084042 -550.82279771949 
127.4218129517121 64.43957051482438 43.32871835683569 47.69234216284028 66.54833061323154 72.43667476226702 41.19097437423416 25.16026199754753 19.364157674138752 20.776260289174218 20.389851373800155 
-27.851448395535044 -56.73080024510661 -78.0379469990701 -89.35011326448344 -72.77239771484034 -36.63519245738074 2.2489269443242366 -4.148739463057165 -6.750265695262328 -8.317566752331366 -23.077271296491674 
-75.86332484727612 -45.25308871600099 -30.63421978545842 -24.281934877100234 -23.034712415593255 -22.165987945403632 -4.156829461875516 -8.648079910623355 -9.604684888977012 -11.322730514328146 -17.38206725477748 
-36.125033826218704 -37.39003480690127 -29.145799099494845 -19.71920123074457 -13.76251647953524 -35.17787262314645 -43.88352299756695 -43.6130881867101 -48.22982653799556 -41.146328350227925 -29.894713379765385 
-17.730704281256074 -15.64162555656264 -20.571286805184766 -35.03165723536001 -42.626488386017215 -24.87720125536717 -17.403663870145337 -11.640932733580692 -14.601749981244353 -6.261606155298546 7.244854653928888 
-18.38303708518476 -5.796563728185954 -0.381858310931061 -2.1670885622044818 -3.9039740171090527 -13.732249273179299 -14.993352319943995 -17.69508438649926 -19.369981046549732 -7.370026921556436 -1.2170866999089658 
-33.52942217233063 -26.048837856963353 -13.230795317287432 -6.5252818088055395 0.48727115348039063 0.5669640840222551 -9.426267727691572 -10.997389711355872 -13.895423900335414 -10.35229253894162 -13.64204456476331 
13.908453268306783 3.2264972602046806 -1.273314741236058 -4.5318282089963065 -7.572247946087677 -1.259567875202536 1.9278330691546504 13.644114856101478 9.398877048384337 4.431146185744263 -3.972753846518019 
-30.591548861309725 -8.20955107375408 -4.90508918857847 -2.41643589414627 -8.970184001129553 -16.973150527954125 -15.371444786140117 -6.125459845244115 -5.5357239472325075 -14.788701377762845 -15.659845588022488 
-2.951106674691112 -10.071070087688337 -11.403712255154737 -11.081239161649759 -9.008238548532304 -13.169763751573626 -16.556477218948903 -13.378174719447117 -17.84601983430915 -11.791169039229871 -6.160906440215043 
-1.7035668925283138 -3.7312784872613625 -6.715909576379058 -7.127183913024416 -3.21119808432388 -6.091635966535628 0.15464827821140648 14.879211250027634 14.74376516068174 13.110258292673624 17.16449897057259 
13.916155758334469 5.117820479424422 -8.54284375593907 -25.746078433671926 -21.763356715177803 -11.267880378002243 4.114068476439498 9.5599505434277 6.909618713543978 1.5284355053687113 8.686735187193438 
37.524977872875596 40.91014142348352 35.46106378720785 19.866421471752254 7.680144304417393 4.688253763951447 5.196879007348066 3.8562593303060577 6.25434661791429 1.1669469173742657 -2.4529682921969957 
8.13641259477825 17.91555180557244 29.798988105137994 28.130394029868793 14.991917819160498 18.274586521861313 9.341098518378105 0.6608039663187231 1.3504749059211494 -1.548707433019537 -5.440847377514729 
-5.81004825620291 6.298733537879458 24.44534428165444 40.00669939862984 27.94476921048733 14.768095163240785 7.68570216008694 -3.3976500455883434 -6.9083815049963295 1.3184921787267858 1.084475558691909 
-18.601794789054665 -8.664061726611292 5.6800862969191535 33.22225697973529 39.354632555062956 23.160912511709167 7.442868615414438 0.359871885580642 -3.959248142498177 2.1957376053516944 6.865707631552618 
-20.139158145212974 -29.85820607408472 -26.26329550293115 0.44946555048280495 28.264980796224553 29.097310939870095 9.96503031782672 4.443963473167981 5.319777427434265 -2.477279140971268 1.5124547442440324 
4.454217317439527 -0.1811589042517781 -9.673563380389476 -14.554048734519453 -8.418708668061011 4.199911527059595 2.9478041502953163 2.091689220546399 -4.174628633939315 -1.6310567424029536 -2.3821833858493764 
-2.500541749034383 -3.075601235640197 -4.934040755429018 -12.056735262738654 -18.860059395464035 -12.474260461621618 -4.256186969996382 -3.1688554861889044 -9.052373227295714 -4.425059220222 -9.492559382937793 
