-423.29499415127054 -153.13481998902674 -54.32516947720508 -46.82806906770813 -111.08748910618482 -229.88136239304723 -394.1668656413929 -453.1658883747967 -472.5926061164568 -512.3941648053075 -555.7717050131314 
94.59706919698897 54.12657155785999 30.041758256119422 32.261865537627614 62.13258553399332 77.11470240242514 28.698003911769604 8.119116232884409 13.384076534535255 2.7243632240972877 3.8718612837161626 
7.793847212132402 -34.594245455975894 -57.784129175214446 -81.55513995492466 -94.31310497294136 -67.31573082473508 -16.665463871400544 -27.251441781888065 -27.241447211880605 -26.326667744732784 -23.267586552065158 
-60.782158684776874 -45.92164161368984 -23.323214691339267 -18.700332032098093 -24.258060142776337 -25.418823701926964 -14.892333019653504 -12.765810397731702 -5.933982196513689 -5.015189566562735 -6.703683767065381 
-70.96966893322605 -40.64104632013706 -28.976100281195823 -23.51803764042274 -24.712842962601883 -38.478685134626176 -52.82136028905671 -47.80134618995075 -38.05767255451964 -42.87675943629786 -48.874715264119246 
-4.835122420990981 -14.319813647898043 -20.54068487018843 -33.52197285173473 -53.761333085718164 -36.71619691077704 -19.81129947361216 -17.67618929319009 -14.562337551117823 -16.595095297907537 -7.865216659628798 
-30.74855959430269 -8.261437043308984 2.066390576790095 4.206473346313657 -1.8515933149514034 -17.72606592249209 -10.194576893360292 -2.5442726201924692 -5.081436174091332 -1.8593735846245854 6.442171402132615 
0.985016060354259 -13.438853457280487 -11.460357938642726 -11.589287917058968 -11.922494270279739 -9.009699361335056 -6.524191893447423 1.9111803114897892 -6.088321520035953 -2.283234105108044 0.8322422127151652 
9.51951339597246 19.56728797348697 10.710086037215556 1.660526715793981 -12.294551745683918 -5.996462370288792 -2.7901473925999714 8.657117849365953 3.559267015509625 -2.337095688548006 -2.1261393099324026 
3.7720180838479784 0.013529664188963175 0.8027036252455236 0.22727226501188175 4.7423799635528 -9.050453389145105 -3.980496734516503 2.951752232143029 1.5505542573077908 3.763496868250675 -1.1560330961301497 
21.59568916790665 4.969255381079725 0.8038039728153378 -5.814491202406476 -16.407901154986106 -5.747850913642244 -2.1500001509254707 -9.96560227178971 -7.8204730447209565 -0.9977766071125282 -0.941566438721468 
-13.477309357056846 -13.841299272167573 -12.854727640699359 -9.155230160728095 2.310133865229683 -0.2044034361657625 0.08685960748546523 -3.1791303832881073 1.8174635946539799 4.580653456218377 1.6398724479457256 
14.401400537689053 -7.626944509753754 -6.954208853156589 -12.40583970011857 -8.730711834493988 -5.453940216498634 1.4120538201431045 4.210527207749308 10.963622068925584 9.632449013907607 4.851590356132024 
-2.64452682429468 17.25440901114238 18.014165870572445 6.554246252645741 0.2042207089684498 0.7627647639601163 5.863925393939622 0.3007298617150149 -1.9582210358161911 -3.624661468344825 -2.6126554360885414 
-4.245692890964049 19.745498287579863 20.15369201248174 14.339271439821868 5.598632157450548 7.882953168463148 6.4851125763753945 11.814633214626408 5.826102667554311 2.4060985307114184 3.912079241392202 
29.913065164067955 32.819289171243426 35.005361040276455 38.528460871460325 21.460728281681593 12.887174842582219 9.752707500624105 6.443977274568219 4.30318760910681 -0.9622421527478913 1.2268561932714734 
22.253055532237067 1.5536204586481568 2.2359411169745234 16.259609290000792 17.53462266314723 0.5554936745927379 1.6072802918342401 1.5626009311668536 -6.677237362042764 -3.496834822931307 1.0294921484761304 
16.718849304107056 -0.6259631642957716 -5.893394549894439 7.3623952616762125 20.094604861302603 11.657053918251824 3.014031205401321 -4.143156810340233 -10.45570323036342 -5.804242260266902 -0.16936170376287435 
-19.285951915454525 -5.70683833975027 -9.679022031136359 -5.604207775892659 8.385990449263282 9.158310510821288 -3.837711918414373 -8.854710172816226 -4.237423853151521 -4.0959445118924025 -0.964087688014299 
-17.843046167731657 -18.6861086143737 -18.469901358937513 -22.104031786391367 -16.959781580684396 -8.342568137549698 -1.4511802865302974 2.993872953385699 1.0687918506932028 3.1455779190272297 1.0113778656867785 
