-530.533216235669 -519.8964069379587 -518.397151601397 -540.2517946516303 -554.7948854596182 -262.54284148377195 -113.45013253833572 -83.65721336820275 -144.72667397993396 -309.5027769375397 -465.00453985197754 
24.778391777464357 26.59165230101646 23.09504792489893 27.843170765520764 42.15182695707372 5.282315873594401 -38.15636399470536 -43.31384088986029 -20.007737002800212 41.27700259600685 46.0604623905914 
-7.5967723688290585 -12.26474031473172 -3.4029029324062487 13.409281425486448 16.139878053547058 -12.830874867805292 -41.96205568101257 -55.29586844124286 -66.0662029402976 -61.12307947925594 -24.32063577575773 
12.431970278131164 11.555652736229831 12.901703072871317 11.61838514555157 12.718408426213216 -56.9564092778776 -43.79542966423121 -30.45986184135019 -14.885315375033196 -2.060648155416439 17.807631285448906 
13.034745880886877 15.864942719744445 14.866001937541359 17.709800811225392 10.016282453451534 3.4787840826413836 -5.663558811396454 -14.307413680172107 -23.49776271056954 -11.257746174477852 1.915802949047587 
18.349700138038692 15.485525356818517 8.022703611097926 2.027005687602225 9.040727600165496 -12.221763368478717 -18.41804278324874 -20.34058879592269 -22.092902338424807 -27.562713614286835 -22.254164111090418 
8.799477494583751 2.8156837329426727 -0.6369616881677758 3.9226851643319316 6.735392696994066 -26.59569869220162 -33.78045666498413 -30.412571291038574 -21.114403850718304 5.092023787437105 12.960865385009225 
13.418430810877954 8.875472240585774 6.359981973209495 3.8743528612523033 5.09072237571878 -4.760070071640024 -5.140607756407319 -7.166016053370317 -12.416690528420467 -19.633748999204137 1.8595429207183038 
-7.025215723264672 -4.557002624006427 0.5821823488030475 2.869423747688355 -0.3955685953456054 -11.014177570327721 -1.240923944808972 6.587245592133385 10.73132503151102 0.9264656364514778 -12.964288254202597 
-4.613909918031441 -1.9922968775898142 1.7984035840613801 -1.73895090179014 -3.6885966223220072 -9.738856597914392 -18.553421476110156 -20.289625483471212 -18.519557880189154 0.1843086475592534 -7.271213468031765 
2.3017632151508955 3.6371722897735297 3.264266288228062 1.07680970524573 1.1078889695360725 -11.813281325130514 -7.4277580868370885 -6.652666040920254 -8.099781497143752 -15.714240698202179 -4.1349634283485335 
2.63109801761294 3.9271121921707293 -3.518407810456355 -5.718094094180488 -3.617089086483629 -12.25358574267154 -11.775443354419203 -7.702359692027893 -3.2775694259304857 1.832843757835972 -6.582306426375909 
-1.472676125465154 -1.2553506588697814 0.5271215954065585 0.19722825632434582 1.345092322210868 1.1959091048205877 -3.2384644466072388 -5.221372868548835 -5.42111888044554 -3.407996143163461 -4.294932085941173 
-2.1851842500196614 -1.9378119737861788 -1.6058293481234713 -2.4726480554570065 -1.6976809977290057 -10.38372893489516 -16.706944182328872 -18.27470486722956 -13.944147042427828 -3.043266314598251 -5.965048145264731 
3.9426924836847017 2.1844110017509406 -1.3276919145297068 -3.998119697304402 -7.392795093752376 3.867244393517631 -4.39330517684936 -11.027288919479687 -14.0977317775048 -13.867088824901083 -13.688875654889397 
-1.0428839658420768 -1.9198313244033676 -3.3719049205198344 -3.988083654418759 -6.187883033519199 5.2653522035814895 3.2114509643831237 -9.098286748104742 -15.26640168309573 -6.95698444597069 -0.16928342134603497 
-7.952305385539695 -6.318560028691094 -2.5839563505301415 -1.4228882221006476 -6.879900829516076 25.22358087640434 22.761368473364932 9.904954776438974 -7.1278938815891895 -8.309709485496525 -9.313544709741073 
-5.958070822657689 -3.8535621276817986 -2.6400834763530625 -3.6024717802857085 -5.402590457624837 11.230222076400317 19.36276995342073 15.339661263463046 -1.823269262799886 -3.785033719427398 -3.594398204442903 
2.10767600210765 -1.6694639789492245 -2.5477084998417823 -4.607416299107014 -6.352482269813121 0.574942172109497 12.214691142591594 19.915090458105546 7.729725197401148 -10.057245356018965 -5.392916348926889 
-2.761665293890837 -4.100691142265685 -3.5691868802243722 -3.1970788358754016 -1.9770412588724646 -8.083879727293429 -2.4831451404952998 14.297478266290707 13.606205795659019 -1.7467018167422919 -3.499982489229816 
