-439.9807425904222 -459.3034464614004 -499.79559116599614 -501.856935754679 -499.8183242761425 -311.9075963894904 -161.21639924381017 -110.1742474963429 -131.03364619778688 -230.332233445956 -368.4650145075526 
115.58639931966694 98.28958215331848 56.71262581008637 61.844949552458004 62.5429819570234 -26.395283189221303 -92.97488660889839 -119.04807407852107 -109.27039887750172 -56.417304294320765 18.29566618921482 
32.23038460146397 27.733596668271304 14.796686273092476 13.832107608841628 13.396159198840866 -16.497015633786724 -49.62907383767586 -72.18798972145298 -76.74044393245438 -60.65066845281996 -27.12067992509875 
-0.9862933248401995 3.9478086408029087 11.282405328121428 4.212508796073447 0.3362187809745322 -4.861101625330563 14.451234822968313 25.69427645354103 34.393893492705615 59.25761598275052 54.30532149122372 
-9.27714023038271 -8.513650139891283 0.05394720122785727 -3.9533865804481603 -6.682906481715644 -7.011002251544551 -6.103112211468201 -5.005213019712995 -6.049996697873015 1.4162757814087858 13.044329851594082 
-12.588906893869257 -9.193388638331875 2.2193325585855534 -4.198985476729488 -5.88448735372526 21.88070913084547 9.467626985685087 2.288843596160492 -3.0061729698396293 -13.095284144856283 -16.118171855768395 
-10.260207342806524 -11.039060832590536 -1.6134451544079775 -1.6457641322234848 -7.325941570839545 -32.90707541293414 -29.349949186857607 -20.517408254542968 -11.589965554571961 -6.1249379371927155 -10.521794627465361 
-21.950612718698434 -20.42214093384947 -11.481842121213793 -0.2635145320232181 1.4624149641181305 -5.438893611570367 -5.186050950439723 -3.7025936101764243 -9.25100837328621 -21.259863573501406 -5.559556924629775 
-17.700019277600283 -15.679934616434526 -7.355935074253655 -5.668191421708743 -1.6589116932717634 -1.4033376736853236 13.256758446430537 25.146524708583016 28.092838176605607 16.430572393959142 -4.228231578160232 
-11.10915539883579 -7.160221116361651 -0.6731762306162354 -3.9561990804255647 -7.61482293060496 -3.442173140729044 -18.8803785804877 -19.00983706800677 -18.65302172189794 -15.338968486898192 -17.994725539321706 
-1.120272290589929 -3.101318821211799 -6.45239645019746 -12.658332810929124 -13.382548258596195 -4.859860121212245 4.459354902732702 6.846891966265135 -1.7700525854845308 -14.620948829694923 -4.202896037911941 
-0.021932621170740463 -1.4397661485362505 -2.3696816137989014 -8.858274705809823 -11.942426187448532 -12.159819331478182 -0.8384135807285147 9.250102643984043 10.783422524836823 7.617071009959084 -2.3374364671585397 
-0.22217677347205808 -0.556176152599322 -1.9873717183955608 -2.0902037894879935 0.6214958422352611 3.184505236226484 3.075895305196047 2.0935605244454094 -2.955354634249783 -10.636994897536576 -4.717330748139538 
-4.145936758997076 -4.108340747602925 -3.6741593042521754 -2.845116988073667 -3.1722172428400928 -16.77914560503531 -13.781620504024781 -8.291594769651452 -7.157626462382003 -12.422832840709509 -15.818048485602745 
-12.503284222392328 -8.19054773850133 -5.007028376146335 -6.706014785339377 -7.022851164425221 -11.05981040798991 -17.423926610092554 -15.20434370037363 -10.086431781719021 -2.9511657714749213 -3.920414054315105 
-6.179828408193011 -8.139416744251633 -5.009596205772283 -2.6651195744226968 -4.732047725244615 -13.495610088713532 -11.29352857608104 -13.095778908328308 -10.492487046909684 -2.367980602310335 8.432156572942247 
-9.517987964080792 -6.604661780733256 -1.6778353489221072 -5.157425362240732 -5.807283722169357 2.686958977681148 3.177265568934626 -2.454567306749211 -4.877454460808149 -2.222006280917285 -14.068182564568026 
1.9773692655915787 0.949236712192991 -2.163404267051574 -6.4808513032838775 -5.440494629189944 20.547673145809746 17.96307929309603 7.748145790104544 -4.343106243200158 -6.010868102464873 8.080441499616592 
8.038515156160774 5.65004411478705 -1.6028095865915721 -3.336036698815312 -3.5558611732755576 -0.1197262277138646 16.112343045441303 21.17764727412231 8.898519276124347 -12.485193401960474 -9.858443875108136 
4.523548959135993 2.797651901902288 0.1782453652304458 3.1955789988344296 2.6695697736915163 -5.569012897479524 6.023712502778832 19.920414635128488 13.649582157708554 -5.31991837024019 -14.179203970269239 
