-493.4821810899342 -460.61894302949327 -235.85827898043095 -133.5086527632641 -120.11303487026957 -170.4369003751004 -280.9482032004254 -429.0339818320949 -493.406503464398 -509.00069983517164 -509.582284605032 
57.853976989092665 53.728295756475944 -47.461923590806066 -102.44703305079756 -122.54962759775334 -100.5576890188266 -30.940457251850773 31.743959997702603 51.82348078933435 60.23277830919152 64.7907879666831 
12.789122769638997 10.29810955307405 -19.841744713148863 -50.82044946817304 -73.15376191963313 -78.5535115385189 -65.14627957033585 -18.461121732605864 14.240950197342944 16.148462706163873 26.51872174815876 
4.29453343903226 -1.1509505641342392 -3.2869955766390273 14.74550987490735 30.349618345836674 44.2064297412215 51.77689509879991 28.084557954818038 13.151627742107632 10.491632885807817 11.74585875022758 
2.103677935978797 -8.79079221736541 -10.681471987259794 -10.801649591446058 -11.19191212875251 -19.245616262367776 -12.778693062868273 5.625981334193321 1.6825284541619192 -1.7221332282307062 -2.14778137242033 
-0.8481192079270453 2.486495163705439 11.692696789468325 5.721730021406698 -1.5622556859357801 -12.81634867264499 -19.090281253412304 -18.42741368012311 -5.044901826708873 -5.717223794133878 -0.134611519208312 
-13.65866128420226 -12.017544747449975 -30.511622933075117 -30.133423018063862 -21.448221173043404 -9.093348333244393 -0.7301252120081946 -8.15384943799858 -6.26667163491898 -11.7698331571126 -1.9903499196592103 
-10.70925022991619 -7.508695455764835 -1.2670825810220507 -8.008794820164354 -7.627442970416396 -10.435688341959473 -17.972289570022795 -6.072794256931079 -10.14362212717147 -7.576552319598656 -1.8060555704863155 
-10.344679864929379 -14.78510949340372 2.544782071752908 12.752803029641072 21.458006103189625 24.295615124134162 9.44179115598272 -6.917165214647216 -8.278423154335464 -10.055490483722682 -9.80817057909814 
-1.5488340261442155 -6.900377706904395 -14.607989908873435 -17.245375301362067 -16.06012893550392 -14.185510193510547 -8.136965135141022 -9.201389671518527 -9.687014522596607 -8.272859950958136 -4.4962047974852855 
-1.3487669050533837 -0.4775497895055014 -1.3117940675695343 -0.27283620585558466 -0.6075311138762991 -8.228088490690988 -17.046577000779486 -4.633612842469122 0.05878330795819242 -2.4875045791932253 -3.436812786823995 
-3.9284540996920096 -6.862381094094241 -13.709385460611387 -3.059340711598785 8.61726076727555 12.588027047303239 7.717543731995371 -3.901437428924657 -1.5863354530020448 -0.8849803269687186 1.5559354147819717 
-10.563897940838721 -2.6622469449952653 0.1968467069991699 -2.69054465848395 0.5873050619237081 -0.13952960763161149 -2.232840416184932 1.5740184254299832 -0.4559966918661862 -3.2724891132577656 -4.984749203271773 
-8.274866213977882 -12.591024831130213 -16.627688039503127 -12.381404986893614 -9.791277327797726 -5.762947829661141 -2.910964163150788 -2.1146610647626547 -7.431108888848999 -6.484777127003736 -6.829340103105277 
2.290836791452649 -8.149102516043783 -11.701798250189135 -11.491194249968881 -15.467910230057583 -10.174364313065833 -3.2777762986530075 -4.396577406963832 -5.8347393214018926 -3.8084574725485654 3.2435505972999703 
1.3722690637244481 -2.9239513336372687 -1.91050917551553 1.672485287349419 -9.830398904984964 -14.89615735532287 -11.525798945792019 -2.2777299992700932 -4.759691212143839 -4.9422691612840906 1.7769402339193419 
-1.9409914542746942 1.3541769098410668 15.274228425980066 19.402245481225627 6.246014654108155 -6.8265877330457645 -10.740349409910952 -7.302693123133572 -0.3805784874014577 2.494528912828377 3.323947213736264 
-11.442493847840925 6.18831817122391 27.41164276596846 29.22576572019409 25.012392200461512 5.258363127439546 -4.570747114131358 -3.020875671179776 6.5916344940067155 5.204428920048475 -4.776457376511926 
-4.078599494746795 -0.8621908294676515 -2.8721729054187617 9.931346142841331 24.652859636350136 13.715502560537015 -6.075810136854624 -6.92374164029403 -2.1009662601890806 -0.036600587510019836 -4.623917737286694 
-1.200617310433035 0.7896508841200387 -10.899256815981948 -3.1062025548182555 17.09987041003678 22.351945675014633 5.377276973896139 -0.46643017266951836 -4.423014792801321 -3.3044037059498113 0.5359786888523058 
