-404.23567470302453 -430.67501690715994 -438.08876152984976 -255.96173017888586 -169.13466646234443 -149.66089545063286 -199.78760554340954 -328.63707679484577 -418.21785414261353 -428.2773004168307 -460.6963031664236 
-10.05370754754073 10.272466579751777 40.10848158118076 -42.9730746141191 -85.64036899704243 -89.98651546178672 -65.47207309370296 0.6819545640930789 80.00495571366994 88.35031097616294 79.16587019683476 
47.57157485013875 47.50303678327768 9.820039055421532 -17.614055109924657 -49.824575116650394 -77.2298808623249 -83.36995419198703 -69.59303761305873 -22.013700962605416 -8.78437979022134 -1.1207218877000096 
-26.671469719531398 -20.129134421662215 -2.6415369510149906 11.956661445842382 37.89638350238057 44.2471577729364 53.90925694085813 58.216940422636206 0.635620768423068 -7.918228292973268 -3.7735601570458894 
27.061718459419904 21.44559338908025 -3.0415876197810716 -15.075667085202186 -12.149229765049014 -13.596327364903924 -13.498554367711161 -7.286210841144165 7.713387954607169 12.221661519654685 15.4689817850061 
-12.185298801642109 -13.441866357737492 15.14544170011592 18.576054666543026 4.678432789258948 -4.087512412425827 -18.64493283271228 -26.280866171791125 -4.182235204842405 4.272230233137469 6.212395793716835 
6.434051280337638 5.686905143376113 -13.314656428655923 -24.43981660372095 -23.619067622619774 -14.885530446311723 -7.3997597906515535 -0.3054167780606738 -15.207122443218502 -13.351335842545582 -9.723577957272099 
-12.477100017796108 -9.671550497055446 -6.310755617450624 -5.697671079133107 -4.423578134121808 -12.329583885440247 -19.743163424255997 -19.253093512520017 -15.327067760729761 -22.355564950621797 -16.937851214576177 
-23.396998495309823 -16.821318386659552 -10.997795615651695 -1.101115713257715 17.28040740698256 22.757471128618967 18.13495258698365 -0.9250536311868905 -6.593625384556438 -3.8126913847239785 -1.885677550360617 
1.1769976940353915 2.387896062772054 -7.766994802122511 -19.988296562500025 -25.098394926546227 -19.437222659581515 -17.50470927631671 -9.040243553981941 0.9899380829302603 9.407760812796436 7.7585061630566665 
-24.155427521674902 -21.124888157393336 -9.399887252934644 -3.2966926384935507 -0.5658896520196677 -1.1060407095300084 -14.93830207199765 -15.480893323278554 2.5285144707771323 -2.2739564272712887 2.129519644815065 
10.26271245076331 9.385416244933174 -6.216505843996549 -9.289221810831771 3.3692382918479957 12.482630735541655 9.161452491065582 -3.012313656571739 -16.042535829423297 -17.429656292170815 -10.8090203177816 
-11.87118771948634 -12.976468042609003 5.1955969783529445 7.413501663933358 1.7963836040279133 1.742912337310083 -1.6677190095799965 -7.569631150518095 -15.63084682263393 -9.442602963760194 -6.227997069637018 
-1.4327400545988789 -1.6867227705757946 -9.783142952871353 -12.614019273285912 -12.101216139042812 -8.599600691403438 -6.523623390103659 -9.257492858314578 -2.745751212933426 -1.438645335033299 2.981829481879596 
-1.717663752155999 -3.9475195452722396 3.704291952307406 -8.321506515311068 -9.938752840373706 -6.9467369561902546 -1.0808557700155492 4.315001484828258 3.777931601402065 -0.003408555424575521 1.394684358189466 
-3.4845645546096202 -3.061189371997048 -7.261587380051209 -9.067438495689835 -9.019412132182453 -7.116018537825168 -5.870730598489938 2.0348358642736324 2.6576598831508664 0.1944111048037173 0.9185251573996822 
9.302085946612578 9.11156862548369 -2.432002163073964 -5.2521753036381 0.3978673468966698 0.44862642810965014 -6.113405058639015 -8.638894456477146 -11.995329343367946 -9.276304205235327 -9.189701105948274 
-5.108973941763209 -1.7408991913895027 9.297393922666817 13.294149266513699 15.761133528819785 9.989321881432506 -6.299106882603404 -6.535035799327943 -2.6209484445078104 -7.886671795672649 -10.693123983726384 
-6.475784197784951 -1.674200128619205 -4.0223824914143105 6.26913089957209 17.128130622204218 14.134482591734457 -5.182914440083437 -7.556286447886717 5.848079836847834 4.283309712824378 3.571011044644126 
-2.5056878774868454 -1.5680318633194146 3.9815510479261227 1.6773983272896766 7.661343343478235 12.96321415731924 9.043893623815533 3.5732357406929296 2.8942326630510147 2.814701279680155 2.180775727059961 
