-606.6382831566976 -279.2558751512041 -103.53313726675961 -52.269644368659634 -87.38339520420853 -182.6719176169232 -333.1731839380096 -507.3714764274048 -591.7000916402328 -599.1266751436364 -607.0624856758357 
50.52003094023727 37.258318638020214 -19.927025280339322 -35.05096397350898 -25.710621723314418 23.86131398541203 82.1987997003381 75.00849899705901 36.47077983437269 40.47088575561627 29.759529268554928 
1.1543473019345938 -17.111791143620337 -42.26652522845583 -69.25577095856994 -81.3113490052819 -76.83440196277141 -70.32699694704355 -30.879385643686803 -3.676907914263678 10.598480802501205 2.707874271339281 
-28.169675965738534 -48.00888801046082 -11.530572524246985 2.9236192970377615 13.281846365852438 14.694507282126967 17.77860103558025 32.22886974580524 28.940987083137138 17.971691475480878 11.98820699870745 
-37.059325185514055 -17.242596321735885 -18.333880391920314 -12.255978515530755 -7.508818693189717 3.677711845923142 9.447881036508626 -3.802077892451667 4.3461348133737046 16.378043759406044 4.76641010704039 
-16.51406199394807 -4.811292823971297 -16.883276889469496 -21.510523716529157 -30.520544351866832 -39.72412854775237 -33.190063527965634 -36.32489012950484 -20.819358001426753 -14.707513936865343 -15.20427051769935 
-14.84477306222444 -27.056217790466043 -26.277955439187867 -20.632137387760302 -18.884627155703186 -12.525619832092175 -10.72595535624995 -23.617511364977982 -10.98028026436105 -12.756854528388075 -9.911282819380267 
-22.51322320809868 -19.922998109250585 -17.43527290263855 -19.792216308732048 -24.5840881734134 -26.995958456056684 -35.45161756772896 -46.58657579116251 -23.91418641499113 -6.251739052429627 -2.134515512387287 
-8.222687077296074 -9.631592721240072 1.8208438500180248 -1.3589936455130296 -3.1949543755045218 -13.794323764003718 -14.427071163369419 -9.352243991370676 -11.590679525599125 -3.3910944236524254 -3.1713206070046844 
0.17531656031143866 9.984688596928793 -0.2716517535550571 -2.948563232781489 3.958350377563268 15.523440751263076 11.091861224232337 -0.9912404291931202 -8.995595239005253 -10.722787845100246 -8.377048658175598 
8.552013017080977 -20.479508047924302 -32.30016886855809 -37.12185710334303 -36.219978798298015 -30.420247483165483 -20.57996006289384 -10.49337145335285 -7.213370855697308 -18.38849706241802 -14.99266662959704 
14.713006642813935 13.896311936185517 18.269163289758296 14.050338897658218 6.809311317840924 -0.7608333709719491 -5.064988805069493 -2.7955690911198285 -9.191761516547842 -19.478001512387145 -17.446190999283886 
17.51595313755206 33.77219362559791 21.032542250272456 12.289447501745967 0.3666548934355742 2.503777448376303 7.82713738632064 5.439457157686353 -2.6973151341966286 -3.0551195144382444 1.0116729045079373 
5.5684168200550195 18.436447858786366 20.535859588664067 15.551184971401035 1.6743617608433843 2.6106030321664138 21.675442421843 18.314973633186156 -2.4086826200966542 -2.6495644783643857 -2.416405042960576 
-8.5644341829794 -4.293544927922671 18.03999842102948 28.70897042642266 24.70933530628077 16.73735269465126 15.850039309927624 14.71608238935276 -1.2057657552160967 -9.146717559407126 -10.700038667279145 
-14.304996179382922 1.1033783405530546 9.151544258209835 29.542757535192024 41.45197015845464 36.58509808631284 28.272589168854612 0.7314076695870353 -5.066363610132225 2.4070002144276295 6.158641901678008 
-11.234369392134353 -31.187853175575476 -23.62072962408666 -4.274128447261836 17.146002342724234 16.191105430488964 7.20576168213522 4.778664513614083 9.58549649114034 17.688168396035255 14.392434235642941 
0.4862210512593248 -8.726498191522005 -12.099462009117463 -10.252039881946404 0.21704856298557437 4.937760959870128 4.187841598979659 5.514824659662727 20.240649059075395 15.034366082544892 7.858136803476123 
7.5208716684198 -1.8575539403665076 0.1029067909072845 -8.080805142413864 -13.607263876212363 -18.99153612521255 -25.24841150432458 -11.864602822619148 -2.8673097975501567 0.036066031530009535 -10.925244980056574 
-4.26818263238104 11.286836370907915 9.430326275315714 -0.3024329619966364 -8.456804525656754 -15.689855407367135 -14.035724270572485 -11.080999872433804 -5.493258377534736 4.692477826416466 2.295905337258227 
