-330.057654423271 -289.9411847426619 -235.24652687716272 -140.61903611239006 -74.0908744216895 -62.499266599071454 -96.2251955238993 -160.0196384703429 -214.3261616697397 -238.84975191092875 -281.0283364692481 
102.5376794527466 114.3681878478623 138.43913705202198 136.37202419283392 94.79334934349004 84.61128312014387 110.62593376300265 132.58816157926628 134.19238449144154 134.8429348106028 106.06960473604167 
28.641895777906456 32.925161057305154 17.98845221860512 -35.225066580381615 -58.87181194867375 -58.79573752803603 -37.39204216904949 -16.808659800190178 21.52961483689073 26.089946399829838 21.117779389432272 
50.77017692480939 40.833690375250384 6.744771715055894 -19.310770602821577 -18.414277085367324 -3.625214369146625 21.354907878103038 25.61794558570685 31.14997094686573 31.087558357399956 34.988997954136636 
6.911802824630764 0.26046214218846475 -6.185714011515967 0.4066895174671671 4.691707766232256 6.20559252552753 3.5166987831510865 -2.2440133690047483 -16.639004719564355 -8.73650980013084 7.080631278495767 
-19.55141742356583 -17.074833636013345 0.07476557897335004 -4.269454659551684 -8.76288349833654 -20.923156961654968 -41.06983617869781 -36.28057884713934 -22.3595634799591 -18.558826546193796 -26.234200715610918 
-23.973190992093535 -23.29087286921476 -0.4157985120987645 0.1354066552664318 -0.790650826978077 -0.5295993567295367 -7.048517165060872 -17.76553164914485 -14.062624786116004 -12.015166729930623 -9.636738655189806 
1.1360726157516643 -4.94224113815785 -9.91900921481888 -34.20974060269608 -39.40022654439404 -29.461205215639232 -24.08345681899114 -23.868565512887216 -7.246534006584543 -1.755551585917142 -3.0669731239919527 
-0.9187809054281035 -8.637417649520648 -26.388901812709605 -20.510326442807695 -12.25921404047109 -7.290469392188392 -7.558063004141287 -10.024710744702302 -13.388069749213503 -15.075780851166414 -9.513170131737064 
-14.6640185064023 -14.596681696966147 -16.08712951188496 -7.9752540842617865 -4.787560791756203 2.9876659133133554 11.56587784562501 4.454493044884055 -12.955682970639204 -16.47799378758102 -12.645127389975647 
-5.218514898629566 -11.077223418203213 -19.957686656582247 -29.083756620796827 -30.223392838971407 -28.583824689173156 -29.08768088288417 -21.05154038940664 1.5933283189019223 9.13244497652713 1.541378226591096 
2.497617301800875 -9.230399894878193 -6.305099339021016 1.6547194714233293 6.124116161418205 0.403318697837028 -4.227290412021284 -4.483290300516424 7.344026671689015 10.770995592503114 10.377831740478854 
3.386497908409233 -0.4299897159160845 7.874523009535359 18.414865392692953 19.998974348376116 14.356015027982437 5.038315642560184 5.0232643407426885 0.8714747055388239 -4.179452579955951 -5.324280662664124 
7.593978903671184 1.3486885262984105 -6.445666216732428 9.587598452263764 23.16655875708422 26.697045483217856 20.646478569911345 13.02771825448178 -0.6458665725473803 -7.923577173846807 -6.504223515223303 
-2.53013651884321 -9.476301309803766 -15.38326995680579 1.073025438969209 12.62890121309325 21.133749082532 27.238911534813504 20.44362546888111 2.0082215704035042 -2.721964804308679 5.297933955334612 
-8.696335441017782 -5.791342343515497 -15.971995678311691 -24.15335418616933 -25.116662005918236 -17.453997221450358 -3.7786084653378 3.673263698361964 -4.976375854028694 -8.581140144385714 -12.975555187459225 
6.024140989942612 2.20591118543181 -5.34784790393987 -25.41359431740531 -22.766276181991792 -21.573326923939522 -24.65497025111577 -15.542240785362214 -3.182912465011559 2.382041219523066 1.263168542232387 
-6.877410617973323 0.02169137362386797 11.19743141057477 6.799787515790474 -2.6540589893594015 -5.738346405062528 -18.27807792109988 -11.816429501713372 5.02372531249185 5.269638412102816 3.2889980800502245 
-6.396080525015821 -12.356433555342665 -5.446007714734259 11.962259854951892 16.59792598029623 18.03309260487677 5.893556743353004 -4.948828683083165 -9.671731540821694 -15.814134725589257 -13.546179415729 
4.008354469426934 -2.028567495767002 -8.48945718903649 -11.349413083108177 -6.8097940566338755 -0.37291845571722604 8.448207628009602 3.748993382688243 -11.003939272419696 -13.320631241236363 -8.63493122934448 
