-589.7272435841045 -582.8837984361107 -568.9650730800687 -493.66846629793184 -230.05805635114203 -98.32239421801117 -50.83194228009915 -84.54072985936301 -224.8491875738824 -385.0964066814289 -430.0912238477371 
43.92919877366366 47.09368527568161 38.64247174061824 97.31158838770656 67.1180480572032 19.10768643452174 16.104804567859127 48.779500949087 92.97934840672579 108.26866803275047 100.59173447215778 
9.095734525356415 7.2048339878042995 1.096186747634535 9.448324664557825 -38.46915503124304 -60.39729548380694 -85.70856563639418 -89.91609719435822 -76.94507564450356 -18.455735620288365 33.61387675696801 
10.666313318888477 2.2705747589099396 -12.911528423284597 -36.4336390838717 -33.07081787298708 -15.402974508167116 -18.80956455097831 -17.13174900358896 -6.964071070530698 -5.010637477529865 11.228618983284406 
-8.935117582002746 -12.369523325001598 -14.472665789506904 -18.14823403307815 -3.821727366456747 0.42849228594847927 6.756006501905372 11.25144344092044 16.615339521553366 15.52247037584676 -5.921746358187935 
-10.480071561292739 -5.535482279076321 -8.766852093998077 -20.090845942145755 4.6534592380789785 5.967960862943947 0.06358863554893039 -11.211002409886646 -11.926068739148693 -1.49792558032745 -11.579545556087043 
-18.077946337274863 -11.199277944224214 8.118099601192261 -1.299812437588137 -16.62419886008989 -9.774003052888208 -5.648277755836436 2.16030363912261 6.999073277162852 -18.58207716611137 -20.183283535097537 
-4.759495475759232 -7.07553702396864 -1.1786906447513787 -23.14278192226272 -41.49715400572934 -43.72213971444718 -52.15679892063724 -57.16596652416179 -57.622717004053655 -48.50136490708073 -24.162344725608673 
8.611494552032426 5.893841973311807 4.8215545225125265 -14.194474827480605 9.18808779918709 13.896500701167508 10.536043844578245 2.1071733506376873 -7.81145859446743 -12.581774494488947 -11.428043863115494 
7.064074662379356 6.592873583267288 7.8401678656708675 -15.001615482210088 -33.58538245507523 -27.315215421443497 -22.587474257687656 -18.18916570808511 -6.1171453530249345 0.6667902436891149 -4.162261657392471 
7.014234713927412 4.626614448050572 2.672627206224298 -9.578329022333403 -8.748703568867077 -21.23806344490654 -29.231319334066583 -33.61810391046518 -24.838314926021656 -17.46442641948508 -5.765198823120652 
0.08234846125843659 -3.134953654074587 -7.663145554185225 -7.087979532586745 -8.21447720966922 -0.876902246113189 -5.869915721891283 -12.535090854431697 -20.820911877048708 -13.021192594700764 -8.219658082976744 
16.068816291140955 4.112020679503296 -5.763156294915078 21.54090425330744 5.271301930537737 11.01252098607554 7.034818160731895 -2.840133010830642 -8.315950641201242 -3.842053169892771 -5.26865391282969 
5.219995120066281 0.08290013229567704 -4.402808278911202 31.47750970926606 53.95743765146099 53.089137348691324 40.5729628401954 20.19107535355623 3.641979246858531 -3.9834429722781617 -2.256917505049574 
-4.527148979314598 -0.36905002785750807 2.4426139395998794 28.837152783927163 25.481804288207954 31.985604820668968 31.653477503226092 21.84072292806076 0.2742154655721226 -6.9134053856239746 -11.460008962728512 
0.46748778762543086 4.370241800461018 8.281689156675368 13.445532431999094 20.80539751199254 21.728975165555383 39.60742721159142 42.48362221063881 27.345035965868007 6.891784636295034 -2.300437323946693 
3.049865688644085 3.6131971864981605 0.21699053364056697 -15.863292929326352 -24.892542069959575 -27.386220522232108 1.99893217823605 24.95092002628091 36.078927150283846 14.056491619376503 -1.2701716091632806 
6.245459897214487 7.7806515875087054 7.090174721807787 -13.403536748856332 -31.160673536459598 -29.66276896511107 -12.809232626887429 8.475980988531482 34.56075921660481 15.989232931065889 -2.3509496994675 
9.486896149813372 4.9132565922551645 0.6122974453086496 -12.047819161427565 3.2257619816229717 3.2640836804238074 -3.488463641195336 -2.039070792925307 4.499569781760218 10.794476596911203 3.0980917323672568 
5.687073398720612 1.946861847961289 4.136806918539568 5.945582911293201 -0.6959305121150519 0.60922142272431 -4.141383897711663 -2.1459236792776917 -3.65185455774914 6.856328564025727 6.141697909497793 
