-591.4569069429249 -597.1256211969367 -598.4244778870434 -420.90613667203604 -255.14438689963427 -198.31219732364409 -197.69024348038596 -254.30577327540317 -376.79137670443896 -512.3344795988272 -571.7906124825978 
45.53780043102185 40.52048865152926 43.18240057860142 125.89385265020533 81.80231380441231 44.47379644195962 44.95649971699761 75.7284881305267 108.08234365100364 88.99347714283101 46.980975553167035 
2.695909994149723 1.1017534237577162 4.912690083465242 10.463610673518216 -26.166799040348167 -53.82946510767263 -67.45374333460228 -60.744647255681045 -30.308602379953978 21.085364403156973 25.76796027065067 
9.459614711046541 7.221416019656104 1.42640701398989 -61.60987933940743 -44.29387620106155 -24.399877625912282 -7.844292877985941 4.491332020389789 10.61476314666223 11.723251569722681 17.740800163387554 
1.5268536130777695 1.4310919339569008 -6.9071576867666185 1.9309876720973045 8.319793442946196 6.073258668456668 6.494392255193773 14.839724304792352 17.70356156836595 2.17868818505168 0.5097365179459172 
6.293002410627862 7.1669678030691095 -3.3126639186325675 -10.88621344429015 2.4607839705259833 5.564601325486204 1.8918575146468182 -6.922362526588642 -18.66305840952142 -11.296494909510162 -3.588898954213866 
-14.514075287517173 -13.443773153619864 -18.665156347046477 -17.971712530374976 -22.77152802139648 -17.706477950370648 -13.288642039126488 -2.712804267495781 -6.804425365787494 -25.06726965307498 -10.92114633945391 
-9.716858556446812 -9.950135465724664 -19.414550843061814 -35.970469812852336 -40.87561777954488 -40.93802309253611 -44.45688372678828 -48.70193168840103 -40.63048663444282 -24.54247259926438 -8.190588202753462 
-7.508223880982769 -5.531551253686903 -9.792285179381247 -3.7808041097439453 15.137117527040292 18.15073032127627 14.118578431238944 12.548248155151896 -0.8935620981706107 -11.364020676323038 -7.7759432708500915 
-4.5080615519290355 -1.875378997016969 -5.145728724381531 -14.865416163351071 -24.515415594221224 -16.448659771788556 -10.11138064730195 -1.5105395758154598 3.7622569121639042 -4.005339608593276 -2.249953004933748 
-14.539732129317667 -5.007026060378423 4.215354480262837 -9.12265629874998 -2.4257391834700224 -13.78923411730301 -22.636252872720114 -23.849377173800065 -13.682281704155988 -6.357987748440164 -1.8549000481610047 
-10.363314293477764 -8.478120535337665 -2.2409924224338886 -18.27032420043315 -18.87380372298115 -17.431482970846943 -17.47304947717391 -18.112956491393682 -26.45452839840366 -20.398446702707062 -9.041485396467422 
-8.762027317525266 -5.970420335450875 -1.7686993004843699 -4.375955778837659 -18.70984422888831 -18.161108637834868 -18.77039130815418 -16.508080691611383 -7.404043772565302 -5.724090964754485 -0.624588653881234 
-6.443702421512443 -1.0420800672090813 1.9974323451071345 15.932411422685107 28.667517282512314 19.242231503950308 1.978588572034465 -7.3425895368546925 -4.733493195555729 -3.2814700813224333 -0.16243904622459093 
1.815841376896235 1.4369167417642708 -0.17757277766800295 25.30753062345282 25.495142138451634 28.45420649962997 16.25352046362073 0.5740058536588896 -2.039085786281167 -1.609072789080297 -0.5161811828351275 
-1.6246230550204945 -2.328173068184636 -0.3395099542492256 38.825464715767325 38.29621307044832 41.40778035000707 47.01147666317509 33.142061753244406 10.478765779803009 5.993479868695347 10.837586493831301 
-7.587989779166851 -6.097558459941951 1.6090705603050641 10.063207868509885 14.608678626671214 22.500400110559873 43.84920530030912 42.95804133363524 24.579760388376684 11.460189400384282 1.4105179133925745 
-3.0858763232642348 -2.761363443588398 -1.335521785718514 -11.293174585159708 -16.193012447211405 -6.954341990023883 17.30016016198175 29.377362066183984 29.05980857249385 15.273138484198709 0.9831802300050388 
0.3743216211769749 2.1650862149819075 -1.180130260807058 -23.444328093465213 -19.08383176059487 -17.646748724471333 -3.8500873866553174 10.177368579902547 18.384928108291025 10.02886263862637 5.055307305144677 
-4.234548406546818 -1.4039848906751429 -3.463709372736657 -9.534783786444505 -13.229459145048782 -18.69912040034753 -20.59964892776199 -10.867310901146984 6.075564106705075 4.1198263971601845 7.171202196761618 
