-438.65449444479736 -434.2030748061084 -456.049652314254 -472.15772173571 -400.37447851191564 -270.040065874078 -242.60544232208858 -280.4825315218951 -294.58373271974136 -341.96157329572253 -425.45820632983714 
5.738042447441082 -10.662090250382398 -21.017355740119406 40.4760395774003 37.800411214271676 -12.840833227247128 -40.77497538517778 -65.74639925929921 -2.6234476750921774 59.25595492133962 62.10414229759297 
13.423503088445237 4.1268464846017245 -1.0881498485429706 17.967139095789783 -5.417947818181702 -18.821563886136065 -26.453595256117076 -57.616029349366656 -75.63516892000897 -61.585187279190976 -26.370985706012412 
4.838539378235229 2.251393185733695 6.581560468744023 -0.298382704676069 -55.836384819617145 -41.581408385319534 -24.55613273639907 -14.138388124388273 -27.616360929629316 -18.151486248173924 22.745694550363364 
0.0996321286721078 -2.0263261126679883 -3.7387458967837333 -32.52879992771916 -11.85287458871801 -1.055963450002696 -2.0797505407512107 2.303097430165798 7.331990081497745 15.224771949963532 -0.735917971265549 
-4.628634070054667 -4.646949336500073 -0.8034927992377952 -20.50847520278834 -36.77087843413821 -25.511173935636684 -19.17389855947544 -13.150146213082138 -32.43982040346575 -27.01384536668437 -1.52811247147825 
-22.062833452226347 -17.629840253245106 -12.232431586722917 -21.62410024397846 -48.229085365517484 -53.953338124661656 -45.0783082427854 -14.392846586948766 5.718823600471163 10.347058092362635 9.598941259219231 
-10.628422135936605 -1.0334590410771318 4.071771466636491 -11.375382815564517 -21.928917030955432 -10.676332456725461 -15.145336337114657 -31.69005235375913 -39.21168533338286 -24.984790571735054 -15.446050504663997 
-11.151891118923785 -7.416144948901846 0.18466397893682823 -8.249133758901532 -21.241282129086265 0.11569406937553373 14.118422950130583 7.272192770756661 -13.689893889477396 -19.258916674756506 -10.51887042472848 
-6.2736343319341525 -3.865080382998018 -0.9485250662106907 -5.391845326627826 -6.016734663453942 -14.341006659614834 -19.390971117608526 -14.886145372628857 -14.834890708119277 -18.634936759813492 -17.917160299194407 
-7.159911788984062 -5.323573354619501 -1.881602745510705 -4.8065245649775115 -10.694823416459315 -1.4429209615820047 -4.4105711346265855 -4.1242453147887534 -17.28794812986959 -8.300207874257673 -7.222263207046364 
-5.897074255875845 -7.40973838027508 -4.335030659123717 -0.3576909347752144 -19.247326105557384 -22.42824991222909 -16.359307055935243 -7.989289950587776 -8.713024162958906 -8.828140963400486 -2.4269043246230346 
5.7401093518404895 2.4189051963046326 2.7717944469464957 -1.2685472651197776 -1.5561270341250557 -6.004420018731118 -11.599521716554007 -8.24416982662603 -17.13346313061531 -22.154826670208628 -24.85564197601412 
-3.8739379021139992 -7.180991797058056 -7.243216501493519 -18.257118153315417 -31.230905621235333 -28.261824581305714 -25.143763331254895 -16.478950268365708 -20.80854178978217 -12.046198265135967 2.672822526521753 
0.9365611800784259 4.293171333179757 4.651397061098113 -11.874381305111722 -8.273728351435455 -8.143959475363886 -7.615881897248624 -12.982110344604193 -11.714684319874776 -17.43748947934459 -15.028905119740198 
-7.907748544155854 -2.5343477608944887 -1.8270541710124848 -13.355778642475359 -17.651128457740235 -8.328624354994396 -6.505137473361994 -11.327457765758613 -18.51517576694272 -11.453667067563305 -1.5375828039556754 
7.245030036784573 4.503976156689839 1.0014266591180478 -0.5987188508842936 -7.33632561911395 -13.574974782849539 -10.985090829038198 -11.329518802570409 -8.135322764266132 -11.067156078384617 -11.965178297718335 
4.548194801941149 1.081468835102091 -4.97123723102937 -10.407813171571764 -19.363106168989894 -11.79896347248556 -9.033514495850723 -11.44189006364163 -7.88043256977009 -7.85972447818947 -6.266098081542635 
10.821713619160136 8.71426712070527 2.0509085092108945 1.1329804630297144 -1.106343609391607 4.789050145214353 2.9119809368389005 -3.9852435200649894 -7.705555579851069 -7.402862215139363 -6.814484634395594 
6.889981433281761 4.991066358519667 -1.7848888541251098 7.252316599139041 15.26475906800675 24.346268000532962 29.484046077211943 22.175612263049388 6.876998281801017 -3.825705959914804 -7.276553398935093 
