-569.4049834911793 -556.384971813773 -502.98323151996004 -491.5003179865673 -511.19765710200807 -490.2417211616205 -336.6405200362758 -228.68380656374066 -201.6342472632733 -246.85524711381106 -387.3472294554956 
-21.641148894289227 -20.63067410780826 -20.475376178611626 -20.29850256256311 24.369964161702192 64.74559355095039 21.437736790129215 -7.381853452563143 -16.13502049241297 -2.47554113207794 29.50376620635869 
-32.16118026495244 -25.28590871911497 -0.3250775401897262 5.082928259144477 -10.347215616391829 -49.215053914587976 -59.22245873717351 -70.88091829207673 -83.35363287053285 -97.74511893598165 -111.87670335143156 
-2.1381781628046315 2.2007795816227333 18.65056351019492 17.56717866739562 -33.36186994808829 -72.1838831774148 -35.211102935408476 13.508383935874186 29.58067160019425 19.728217292186024 -1.1639220006358166 
44.609189542222765 30.20533786920128 17.90771312764641 16.632094774219343 -28.896706659350173 -35.64572188770761 -8.736360757688887 -8.500877639909163 -10.246673090670843 -9.76929580296175 -3.306277075091045 
-6.067685496371855 -7.690399330161146 -4.446577832416025 0.16807029250456784 -20.697908031419004 -30.267015639247546 -10.519490691697493 -2.1683896709876374 0.5838048882022149 4.8322188230924725 -4.454933486911488 
-29.71585574771302 -28.57716325836265 -14.63008421885758 -11.077058736566007 -12.471757369206992 -11.028269472853834 -23.50718164564763 -26.19218370420311 -19.881488710276138 -13.424625763264292 -6.8964792016809575 
1.0128835709079218 3.3127421752679753 11.356519482016736 15.564141324408572 28.51065276136929 8.946897350406957 10.577830262232695 -0.6922849556659919 -9.637969208702396 -16.644083971928403 -16.336187768575698 
7.082175506340848 3.494571298074649 -3.6950104716019725 -4.661362573993185 20.229106338137527 22.50762115700625 18.830667738911515 11.169137364644406 2.8766367693170345 7.477356634203726 0.5139310265455712 
9.749164492953993 7.241825429131685 -1.753528129260555 -2.3363098581303827 27.022476006809335 43.020403602411974 47.04111429481419 29.424968406058397 11.86283995241319 12.431037858437865 22.20117117073005 
-23.358819593890185 -17.67962119697731 -10.660625181137153 -12.003661362574041 -5.870241785241992 8.094250728833302 12.792274565395745 18.139689154133766 13.965813114888697 5.727324517238852 2.896575891773778 
-3.0576119460509013 -2.498358517762937 -0.15577261113412422 -1.0556243627184974 -15.309428968961297 -18.341684760728732 -3.516743562821065 6.4832231518678265 20.450587789771454 14.564240289025678 4.547700582288661 
-8.528417573898825 -2.897233408764965 -5.333808975058774 -6.228802148649519 -20.82432125562773 -19.802520200497042 -18.537433693307072 -18.126521018155454 -0.6621522088080072 8.88592039993905 5.825436446173336 
-0.9770872594931828 0.5064040069385999 -1.5112114338489386 0.4069848836880132 -6.9574456871978505 -8.574093809768328 -15.018960844873044 -22.63900667183284 -24.77772822674612 -3.652171153091505 3.2327267286301025 
-2.7509058329008007 -8.88403085219708 -11.211684523743688 -10.103502667067804 -10.557693354063698 0.6428617083961097 -1.2754977885619732 -9.223022678886093 -25.14968185554843 -23.817328765010263 -13.532206661240854 
16.169101804813202 14.781478344458975 18.00863980488527 14.829088839015313 3.243012747754953 5.575825389595322 1.3469813812549754 10.253562844005986 13.681993224811205 7.442617271408629 0.9669128106191219 
13.726642120635162 8.346294809689464 5.516857330701573 8.564773845743156 6.0329232200291285 -8.344779957332802 -14.792191657840569 -3.028886201456519 10.735738069227763 12.23522050836853 7.6977113887312045 
9.880307318765325 -0.4034380114764249 -13.788686184747379 -9.676962172001346 4.714113119512568 8.565291180653823 -3.7736575750148096 -21.313831768898623 -19.991329590168505 -6.672220124665376 1.8129745354313764 
2.164974039281373 2.657756330031136 -0.2421727222461194 -3.1397487907671775 12.231407536653823 30.822786446663393 31.409700365373617 8.437655532729305 -14.366708627585114 -23.15601440849977 -11.027801923620096 
3.0956832382584825 0.26325368739890065 -1.4137451432224175 -3.5409318453440157 6.539804077257639 11.08437417633452 12.486420093595619 29.21955826785942 22.581964023559372 4.201969385056288 -3.8456702018582734 
