-404.2625696920803 -396.70242360869986 -401.35082495258507 -361.40332921255435 -213.5291060514655 -118.44317023304909 -114.11691657842651 -198.15568732749276 -197.82375348085233 -206.33715388290912 -313.45359647958446 
-0.2951034220998612 3.3342953203730947 1.436386013109544 -24.206279305431735 -73.85864007685845 -69.63985520004223 -52.498801213554124 -41.2852109612101 -36.89959904808609 -37.74010482060022 -38.86003767807682 
-5.141673263938355 -4.2801012243658425 -5.391248153196861 2.0659974224671247 -8.946528335249793 -29.09100631920704 -32.410065312910774 -28.22553553900552 -34.12820600815118 -29.8386088386262 -6.488263323354304 
4.8234461573920235 1.3459329805513507 -5.615165700594435 -28.35332513099161 -71.96311834061113 -87.57270112442968 -82.13596223893484 -67.32059448186952 -23.9269383721675 -9.41001887651484 -7.722523495493687 
-0.1920903862650501 -2.552042441318018 -6.107781732978129 21.731790671040383 32.976656895510814 17.917593117831025 12.32366932850153 9.536505923919744 0.3880034058315186 -5.58113272504213 -6.242948630041533 
-4.0914036707901795 -4.338328467588839 -2.324457284927587 -6.042918142124719 3.114194221434776 -3.47795644721989 -13.10223158000258 -15.69428992054293 1.897518664887705 1.0079227149507002 3.6951771203142 
-5.638415773206291 -5.336228798090003 -2.0404272392178346 -1.4892080671924834 -9.49125613319432 4.469697104709766 8.868250816221524 11.582440258211165 -0.8475941993630693 -11.812098342305816 -5.4220282931243196 
-6.9675121781691765 -1.0585672917750808 2.2507472027275064 -8.28269725924472 -14.438318399038877 -2.462031076677646 2.9374006770322514 7.705170909626874 8.80929660820696 10.128917555171151 4.971508496926365 
1.8228320399231677 0.45462644853193135 1.1603803247796893 5.102093681450392 3.192224905559663 2.0413541343916495 4.811185458406017 5.459171707154355 9.524382218641968 7.744828907665582 1.7976175759445552 
-5.899182233390001 -3.82591851552351 -3.8176746031396895 -2.98059272356355 -5.124099723908568 -17.15191914509296 -19.16326883341808 -19.93544058426579 -11.264656298232254 -3.2847480847074846 2.722944847328017 
-1.980034481531034 0.05331241915334317 2.379651614618225 -0.495901895711371 14.445878487998284 12.371221377917323 8.252140149029836 -0.19505320521270034 4.31818163278386 -0.7320340345748425 -1.8246044557024068 
1.402744621581367 2.97963392993175 4.0763991129682235 5.886282156708583 24.067781336520675 24.652341493286386 19.37455265859755 9.492314453039555 -5.513400058709299 -6.780209030522341 2.436893047884848 
-0.4842933431916783 -3.5070232484343506 -4.126920627944138 3.126394493175142 21.267375855535676 28.24649270978326 25.709742791820503 16.25035504847275 -1.405453930468568 -5.635546050763681 0.47278168479864235 
-1.008772880121297 0.03797202974744779 1.926491857755549 -2.5354250865884627 -8.45298980518431 2.1355468090931677 3.6176444782668167 0.05129921979614216 -5.516880406287871 -0.10030696456577881 -1.277700050806486 
-7.292197473546384 -1.9373815534407814 2.7017105734803 -4.532863172003685 -26.446071204473757 -15.010106271671381 -5.923801354182423 -2.133575875811596 -4.8629140403917255 -0.05924454921783151 1.3959976707801471 
-4.451997906178587 -1.3432067080925723 3.725604522708267 10.721155481721691 -2.6046636778067804 -6.1997624658784645 -6.350447294313936 -6.20801120575305 -3.3936403488809255 -0.13706267945310702 1.4408806301199661 
-1.5255564968209305 -2.6006095937234868 -3.891410063272369 5.810651704204831 10.431465641957978 1.8818346247357978 3.9293195148153326 4.6886456599007795 1.820056510746397 2.871547291807572 6.852611035455185 
2.451605621061623 2.6269934079611033 3.9695320963570047 0.9710773024665674 1.761246265862429 -2.351048050382618 -2.3821696993697876 -3.6317711912624335 -6.748837493539263 -12.28751796554919 -8.582059465590604 
1.8287940803512641 0.23398250486386146 -2.4672909494420097 -14.653750092932665 -29.646193204618925 -22.095679746492007 -11.449989766250164 -1.6899459154379395 -1.679848526902362 -1.5689417196643172 1.9760116244749817 
1.7542828818982954 -0.20716318682328494 0.06797383692056481 -4.4326386998083525 -3.3859280633662108 -4.188422910380342 -4.30443788315021 -3.9270961669609257 -3.4626498272077515 -4.8621587735875655 -6.652588778329257 
