-341.56809116857374 -352.1695633119857 -399.3548325125864 -414.59424072213557 -275.99811201422074 -198.02496701384518 -207.7620489866951 -289.93290991991705 -393.14753293578786 -400.0411455981932 -407.4391969333993 
30.39466224182501 33.251847206808876 50.810175225482865 59.81418347595814 -2.7699483355699077 -20.75908748730301 -11.495950264263787 21.320936492612795 51.92263271433303 59.0901272473664 54.466512617569606 
19.401949503029353 21.563527431386373 18.596803248728477 10.067900720038075 18.25065190650168 5.611529545964226 8.20653957614463 15.921330934670468 19.017661990645117 18.58140940531014 16.87879219709729 
22.88014484182373 19.59074910632149 13.37599628866747 16.46355712460044 -57.244508600915424 -74.4954994229568 -73.30626022347181 -52.41683406986773 7.014555019540644 17.554636739307245 14.614085819656145 
-9.380902152555525 -8.947797344754454 0.7509564370683383 14.117478823518441 52.873203909818 47.60009549176983 36.422020195764915 22.02050817382211 8.816796965613193 5.44550879784204 2.851839538363311 
16.148120283520825 16.182932069050924 9.095375303869623 6.786403499787455 9.218776299604698 3.2339888385714337 -6.451735882459328 -12.870013593668517 -3.7451446645518933 5.142894288457044 4.069198110540319 
-1.614594354016773 1.2687761145945504 8.858760681618808 10.329333814382014 12.466466396674132 6.835430954958153 10.591466503022815 23.396466257219775 20.728330206676066 15.789411328248514 15.193015327918754 
9.044483494051718 8.915330273740175 7.363378633062011 1.586659052774263 -12.582476999261779 -11.972191288716868 -9.809106041429207 -10.401007524594295 0.2203055322904226 8.35363021363225 4.821617270305562 
6.004707768163611 6.8281611681042484 8.579992661574124 3.7448435913166085 9.648759885460027 9.055187053138418 12.733851261809196 22.362565824052236 15.369856396406202 7.119358154787592 4.858930282991986 
16.110670071398086 15.292653108891084 16.68870287114604 15.266716768877064 16.96442495046906 12.56074024782275 11.541865159959176 4.7606373227866365 14.558800715187953 18.831332459158997 16.54476517783218 
9.101433769774019 8.678063369120727 8.310671003751342 6.174509359597093 -0.10629488095630268 2.2567235111586683 1.6509709590607997 1.5655928046795615 6.605849036507433 1.5889680622225406 -1.8080132520641041 
10.977118684813009 10.042761194183747 8.250727366876575 10.136719378815773 8.281323171210618 8.198499444469933 8.188856501813481 7.932464533900058 5.114169375431025 10.918005968794269 10.731246561742948 
-3.677679915530315 -0.47131350567698654 3.934836372300973 1.2831677381053688 -14.908105346422868 -19.805388231532536 -19.869105062456377 -12.213783866738268 2.3514018574754587 4.730981011047236 6.5705209646683285 
-0.3656056310760294 -1.2065963033254683 -3.1224478741429156 -4.134001853012242 10.054204277025693 12.121309751823535 10.195340711859668 0.919036726720101 -7.314493516224129 0.3663482834003926 -4.1205000477804035 
-5.591373612391249 -4.146964843137251 -0.6766293734986746 -1.3713552559805036 -12.472918663785432 -14.847769878275395 -13.853560122865495 -11.925460542169164 1.1242413911983822 1.976705222918407 -6.196069209226875 
0.7291775612511951 2.449650803222107 7.127569886165216 9.57839689620313 2.5762660887957702 -1.508890726307874 1.5005194077824935 10.13190494704158 8.07872905868524 3.142121037090824 -0.17327307032865058 
-2.4541057523392387 0.330115676079745 1.666476436425031 4.877253612841912 8.674264396570752 10.339858266811564 11.040998197337476 13.528478795363318 8.709409820508549 -0.5241248087501705 0.3075755625920813 
11.091961579800198 8.622510020967717 4.4931787045793055 6.304929458896297 14.579436332910532 16.744055385887492 20.661815328128917 24.287266529373582 13.643861443300647 2.7005558447263236 1.67355933408058 
5.457799291865276 3.6756874077419788 5.361867377699198 8.539294159411774 18.757938993379934 22.71386467978548 25.910120781428546 21.610011411534938 8.108547692592582 9.036931579683834 7.152879526167546 
4.150541519712171 6.034289659971338 2.9941778080190624 0.994157614023221 5.606576689362266 14.933051263746645 18.278467891371644 12.31956733713938 -2.3571451622798287 0.7998437459714239 3.751431242630973 
