-251.24412276113452 -248.83367970974987 -251.0558022611509 -248.00471715747435 -245.45301236179117 -199.32565756007617 -121.74207937096155 -106.15092621050205 0.0 0.0 0.0 
78.59252202351668 80.03574345131503 78.41795405600828 76.89688155473281 74.20657301031859 45.478781900738866 19.80446653465766 16.957887779040465 0.0 0.0 0.0 
-13.643720793959213 -8.80797112673497 -11.235642924962875 -9.431776787624711 -10.895824936555417 -12.314874786940859 -19.302251233880156 -23.899794918325767 0.0 0.0 0.0 
36.11201099583537 38.29909382272875 31.560384165592602 32.5337363492978 40.940006716452665 31.097400772694513 11.778805384865354 -0.8912361428755762 0.0 0.0 0.0 
-13.18317091857948 -9.679445992062522 -10.191303558099396 -11.473110549526588 -9.109342817803945 6.92814983936729 22.26701731998323 24.73305908528362 0.0 0.0 0.0 
12.012635758290905 11.870606016408352 14.735254722070945 18.47281633346749 16.42993279634167 9.773551850127323 8.003386864703867 8.737412422353374 0.0 0.0 0.0 
20.750209688215183 17.046648977088672 8.943370938058044 8.964918504064947 6.5024778308012525 -19.103774096265 -25.11790979649367 -22.32308150389723 0.0 0.0 0.0 
20.1423563409532 16.37501982562396 5.355949715042241 4.688386420139855 5.3372982004447 25.02365871593748 28.686153005576948 20.37619162530288 0.0 0.0 0.0 
11.000558822550953 8.865228791911239 7.267433116421353 10.478220062508196 12.309292376540784 2.5299149292973597 -5.430681905242346 -10.107188276415382 0.0 0.0 0.0 
4.803959976538028 1.5719438593915835 1.142892260431555 3.4245604128962754 4.677289369161482 7.964315599027388 9.848283851495545 11.75486764321284 0.0 0.0 0.0 
-3.1568383826773276 -0.36832154794432514 4.768351962102317 3.7706894447690082 6.352425656551043 -5.7433485488202365 -7.512683449430829 -3.9738634014297602 0.0 0.0 0.0 
-5.634118192701777 -1.1296108368619853 2.692280439991599 2.189348762392206 1.8866324239011147 10.672659913780308 10.21202708959733 10.614944824824896 0.0 0.0 0.0 
7.724544253943172 8.257325742636745 7.346571739436142 9.024005417322657 6.003384989566435 10.528884518705944 13.174072957664478 9.423586631899322 0.0 0.0 0.0 
11.784479626581799 13.337707389315266 10.49352363229147 13.514715563932235 9.493274626766041 -2.3431516433646253 -1.7516400595940018 -1.5750432900771825 0.0 0.0 0.0 
10.642105824284418 10.338543600381747 9.348675993632433 11.3617049920813 9.533432802782094 7.809476005104691 7.220088254563091 3.0209005194150427 0.0 0.0 0.0 
-1.708632317522176 -0.7302657034712732 2.846069795675738 3.9385331758500577 5.531642960748866 4.617125996487321 5.796095079127689 1.0304869350945076 0.0 0.0 0.0 
-2.631487285415149 1.1664773667680353 1.4187648771639982 2.2586326893484325 7.2053482816744365 12.560076476687764 19.12003568142223 15.080551760389964 0.0 0.0 0.0 
-2.7173503239573344 0.7147065491962894 2.535664833438618 3.330822280844206 2.4828890502547893 -2.509161243552085 16.456571075607823 22.265296602891663 0.0 0.0 0.0 
-1.387124506132353 -0.7584152505493468 2.4215743337488163 -0.2644766987506709 0.3408933299168437 8.839280672732329 16.478625776068462 24.788121858737 0.0 0.0 0.0 
-5.387404741749177 -2.0387445627916496 1.3403052576390106 -5.675630075724051 -5.075970166172176 12.126472225600878 6.968852611094663 7.325791169879087 0.0 0.0 0.0 
