-738.8609890870061 -750.3528910077899 -768.1102027462667 -677.5454849794515 -636.4741560430621 -601.6791708638884 -327.7337294692671 -243.24155602655173 -259.55505463804707 -348.17611440723635 -371.9543000756063 
-5.096641012843204 1.0123553835095636 15.72772149210324 14.406037701509433 8.88638923069967 43.565548680513 71.10060796791376 74.65289463672221 78.5720512989796 84.28276691508458 29.660494118301425 
16.82988098658292 17.91978132420413 11.18774342836629 1.5165883171418821 3.2839518590167196 -2.437294435117545 -18.52394690394622 -19.098498341100722 -16.944628488006174 -9.89417881457075 -10.545124652085864 
-5.833151137372553 -0.02725468416210647 8.980403401504745 -9.238423293409156 -13.584785007117654 -44.22996853571744 -76.50355914219921 -80.81347019344028 -80.24338420987644 -66.49101415485151 -22.425217626280453 
13.951882046690997 14.59527398499974 9.77015546930016 7.928657759095181 7.6748895889859226 5.641309182120823 3.999543632216473 3.0277486400045253 -2.027196662569435 -26.45408670428162 -38.99535791358305 
7.69189869243373 6.492292262346769 9.87703860371245 10.104393450922418 6.5833903070394015 -13.6893400719269 -18.273774448931775 -8.875902077975363 -5.974912385301627 -9.71220299539036 -3.6182848682771596 
6.632908207538527 7.142214301886069 7.429311186688182 -3.0914329305665547 -3.9338435219880266 -2.1405130853366625 0.060014804940253796 2.43965766439695 0.11413719980127357 -8.411915137803017 -21.849680499875305 
7.373099997646409 8.301112559386327 4.591236629050822 6.074729292734011 3.4674807154210456 -0.836009250753824 -16.587108573348203 -12.749080847810749 -11.478338493993157 -9.860524966793442 -4.4355349108337725 
9.211541052695061 8.811982472476302 4.535148093657216 -2.6881529750882365 -4.063365538669172 -6.826360624121855 -19.15003818312576 -15.598077221976 -13.357662618257443 -8.695462695647382 -0.5231511968826537 
2.2481453217530114 3.918308888995628 6.5085320231898365 -7.551809848577755 -11.530619497224764 -0.4314929616447396 6.790730433074186 7.337319891214017 5.415018815865382 -2.4248462294142437 -5.3531607067069995 
4.0050367560376365 4.379375212588361 7.048431409918605 -5.277809741899829 -6.840817078256536 1.7333565355008167 -0.021982354374449203 0.09000699994495931 0.7479656929057559 1.1954590167441792 14.819818168698989 
4.329390958542364 4.83427092647903 4.678645972305297 -5.201329357346096 -6.50791221396458 -8.703953380605144 -5.005094330877113 -2.407723190011686 -0.2477979299984503 0.1476763287907187 -0.8272157864592871 
6.478718523234919 5.083663084286168 1.485714054622271 7.162456948003076 7.927205745726052 5.36433456630078 -8.752508231270445 -7.710343185817634 -5.9894952312999115 -7.094461685226795 8.718939770761096 
3.8173735495564696 2.2208470269017404 0.33077920849672643 3.51585862297222 5.014930413027063 3.088550030087583 -0.8783742920373327 -3.251274809111581 -3.3386856049425355 1.059734318873624 11.323426293168946 
11.579499288582383 8.344868876541469 0.7879984350164788 4.651314216595969 5.552245409682236 6.101428472032946 2.3052633269662266 -5.7565524429698876 -14.405111310812838 -11.542448150742032 8.381298951594253 
11.40967619932961 8.40387361634442 0.6892493537726199 -3.353272839232554 -5.699734043624195 7.886487143728995 18.919075173874308 12.695905954877283 2.2375813139203964 4.938779171276371 -0.3331839705578679 
-6.568937100613271 -3.682601180649918 -0.8429274020676446 0.4904292327304536 -0.5433639755881657 12.125894938414334 24.64157925504639 23.461143358567043 16.487664995681033 13.863744338363919 5.64917455515792 
-3.9972619283857296 -3.214118809730429 -1.6772224550713954 5.733155132990724 5.863324746986771 1.5016028637306509 31.457673458365498 45.009376074515615 46.97747513960822 33.38307817909064 -1.7080411078862385 
-2.1814037485418165 -3.727767641086632 -0.6373022397513012 -2.0307230741002704 -2.52999622161618 -5.747294202788282 1.4581780034938199 14.133383656011254 24.80369808408272 26.82812946624554 8.665011256795427 
9.432396671510688 5.913968075727677 1.1864356728464465 -6.675384287521428 -7.681150044102209 -7.863987476149164 -27.417027060370792 -16.703803824930922 -2.5438902210388172 6.284784204653685 -3.629437139680012 
