-750.8185148397948 -720.5325103953453 -629.8461752388821 -562.2294185404177 -281.90647310396554 -141.5314896830844 -118.89937396730679 -188.2795263130064 -257.0436902196869 -276.2489891637785 -401.7399981255736 
7.014565201706521 -4.304356988834536 -2.712633727697294 12.42617011206095 22.08880038036893 25.31936099375737 28.703428265289702 34.64345792322229 28.169809140960915 11.05071610185711 23.13106920493511 
6.721563916639308 -6.027034656838274 -39.33426065615081 -58.085797913891085 -35.617264205013676 -43.735815640541134 -45.06831275585146 -37.37548484295109 -41.73091664117946 -45.42761602702831 -41.23025514712252 
6.264262146661446 8.112614134159978 -3.9783878457842254 -14.08221763091214 -50.89032690528644 -58.921622351956415 -64.6096873837459 -68.97781538321803 -8.588168257374594 8.394222633969893 1.9581282157307613 
5.685618883128408 14.086013567857359 -4.165037710055277 -19.350596989657163 -11.851108526407145 -7.325428824119356 -9.466312273186618 -24.6909008070571 -19.53527976579534 -3.5051431736645204 -6.8045407006357514 
5.0390181543063655 6.202067167752325 7.3925626236798205 -10.485160165674973 -15.43058169185792 -9.994445937411086 -6.235664636511297 -5.920600057765234 -11.717776544540689 -3.1550076843201174 -2.0941340602671596 
4.382450116850769 -12.25348904060936 -15.940613344330327 -9.025918995255164 -20.13970059632431 -16.52381008179324 -14.608258548079549 -13.165227240639474 7.686524631056625 9.76015459438517 4.449900451093315 
3.7722469954503155 14.65870084927464 22.347940006880986 13.495450689221036 -25.9507017869485 -18.16712185058043 -11.552605211905743 -3.7928742668558986 -4.01462462152755 -3.145820348077228 -2.733426176915172 
3.25708458019418 -6.712469683746033 -18.424615609835108 -3.1307952271076487 0.6379120817850534 -9.659294664099395 -18.435842725397574 -23.252262392779958 8.86343742847414 15.163698615148533 10.68401685923476 
2.872923684725702 8.4487211324094 4.72039260956806 -1.165903820256828 4.188166586690089 -0.1695130473807523 -3.2951302125448834 -2.036669829210837 0.9392583270082714 0.7171025052103749 -5.191172175825635 
2.6394515099933105 2.9053669566222102 1.2028430549911024 18.500996797167332 9.679311588436528 12.067021652337734 6.91082043325571 -1.884947760552067 -5.431891744226162 -4.12171763872839 1.8410652468719233 
2.5584043442583755 1.0348611959843472 7.669806752920766 9.978988554438555 -9.751838121459595 -10.892054057870698 -13.325247224392356 -12.133799520385217 9.569598972471873 4.380562507012879 0.36991581837465237 
2.6139320643701094 7.983708670053239 5.46289892165207 -4.67805339992209 -1.595674891078563 -7.871326928421864 -13.348104080589867 -15.955954132102612 -3.511904647723114 -0.0069545269119506425 -1.7429023218763187 
2.7749279408199214 -3.6217466698554324 -0.20932873535136898 5.147437505048951 11.431697646072639 2.419498114166175 -9.260124445985706 -18.78533302068228 -5.600803137306916 5.169024944880848 2.891277445431623 
2.999022370021958 3.992824055047946 6.370058510816339 8.249616282130694 12.213871620723552 12.02840676686386 1.5897347857596211 -18.486145773314295 -7.473900218680351 7.804364985749413 7.395646838313091 
3.2377526762604942 -0.07247619683161194 -3.0060036801379884 -8.557702128120132 26.408348743391958 43.323796030208584 41.318957018060715 19.611741075983126 2.998318405600168 4.567550409087929 4.843751318947663 
3.4422944504329815 6.735290316294615 4.613883913901992 -2.0320840207679938 -1.1899666942781217 20.777899631174755 30.69613453230136 22.691966649188416 17.67717631186756 5.717201318039033 6.369231562894416 
3.5690870142338738 1.0409843245052057 3.0264770072824314 3.7005768157918117 -12.8272698007171 4.634559557466105 25.86383720700144 40.46686515069227 18.837617847646847 -5.123989175632567 -3.8368320732361574 
3.584711513456999 2.7426679787293375 5.573608732356222 8.06181055722361 -18.225108175895876 -21.48784749749963 -13.43280707265762 2.0906154109893675 14.462758052123892 -0.029780892408320506 4.1745549203464645 
3.4694803898230395 6.358325699152501 6.568125055494561 2.3691954111292457 -2.7207367807587457 -15.373266632717986 -21.78824782153572 -16.7448536006331 4.9374387931815225 1.5542883085510264 -0.7610070253625696 
