-674.4572913538875 -640.3051667797739 -596.8776232743215 -490.37359994398776 -289.1546765013183 -221.14370466190795 -213.22710056760488 -216.78397587248782 -178.50021804914553 -168.98561398882228 -280.20677669317433 
6.995746166754797 -3.3348041046805497 -9.532871218240405 -31.629351357674057 -98.95563878007468 -103.50305832842292 -79.58852934295277 6.983420668367955 25.613920261834647 23.534465903350867 21.972010674449223 
-29.76843377064209 -24.53976177826607 -30.77330467140868 -67.48778650363536 -97.49777589579486 -96.9747115606605 -87.207417058732 -30.66521417810609 -42.665159040012554 -37.74930657499671 -28.928539915505993 
-10.497089580320175 -6.855110393893027 0.08070998098725635 -43.02093377672416 -80.87251092543143 -90.9507177111038 -117.7902023882383 -63.88319627749969 -0.16787723790651815 -3.28132377053297 -11.52040353136708 
3.035743863988081 -7.236505040710925 -14.210120528844087 0.1742884447700418 -16.88060901984275 -27.980690776316333 -61.289589280093196 -24.02030721500126 -4.6703560974302105 -2.4241029941964425 6.347982699841312 
-1.215723188614277 -5.410192776463381 -14.013724523263617 -10.081238537531013 -16.782970123023784 -19.352892430773693 -18.674082361121904 14.821431165187409 3.530347240031202 -1.537795160819106 -7.077744893566439 
-7.665885903416628 -3.04485228783682 -1.308787527870302 -11.93077317964266 -20.200059951627136 -25.019634346703405 -18.78349695834607 8.545456572430142 2.2382166641751984 -1.456374690250151 -8.38739323067664 
-0.2927548680041765 2.788302359414875 5.1762836623605235 -2.4021049196902338 -1.350029276838182 -21.579257820682813 -34.62128614154949 -18.757759678312908 5.470165428091901 8.003716065831345 11.244443755957755 
9.100166165679454 7.8154372389431845 1.8610812832142427 27.869057747365957 39.98981492192404 23.70565771365554 -2.151293239584775 0.9809846370742785 -5.1753834077591065 -7.48690791162953 -10.196626283064841 
-0.9054010521507558 -1.0617078173747954 3.946305513096641 6.334614786936564 20.646696810156527 23.22084634366809 3.7058753331023873 -7.828376121375709 7.687810556222558 8.32950545992305 12.131033599035234 
-1.8908348749083765 -1.980570056368055 -1.5383591803106893 -3.2738257886702375 7.859062917322134 26.208950701819976 35.8864118800516 23.60300672276434 -9.158477477670019 -6.647694094398412 -0.9811992989073713 
2.033206481062143 -1.4045670525248228 0.5591491290522352 8.313604536314324 9.144646736622475 17.17687154970442 25.500322824555557 6.277505447516456 -4.561572347214607 -0.9566075767248214 1.7905928411611187 
2.426386619291927 2.5779300340758113 2.2656963903000804 -8.868133633503518 -11.581119229990763 -9.476413990031768 2.8996095402541284 7.102375253617598 11.21425312815385 11.946409921856922 9.830345064991782 
1.2174024608140344 -0.11519481607719823 -0.9163434094532135 1.3363636420023095 -2.969802947394886 -7.009689647483988 -0.8822302083718827 1.836825299668016 9.310549398705033 6.871364891078951 3.098620805269631 
-7.526262679923481 -8.601060416113524 1.4559840935908492 0.9667540191153756 6.60270269359733 8.717811801702714 13.151846801740849 0.9522392670872469 0.48138245590927586 0.9461208272080025 3.8924956148834644 
-7.041237601631408 -1.620491539335414 3.2826690380891987 12.300342517971401 10.698999352836521 8.338212554295078 7.918822850536765 0.6176984384501333 -4.977084042948388 -2.579044976035541 -1.1428782957839598 
3.2667304438248683 3.9358962700158653 1.607941850175819 -13.128358935421785 -16.931753265900532 -19.10877803910274 -23.098065112722157 -9.615873576884972 -2.161849065461416 0.4412077697916288 5.668146910125268 
7.790659940098511 8.06027012740395 4.78693380820515 0.6269654575179278 0.43431261917393194 -6.404826980863602 -15.942545529937421 -12.677761105330571 -0.32507219788202646 -2.4877364531369057 -3.299285456302119 
-3.093434770706007 -4.506436777139017 -0.5164818288372504 12.928419002966605 27.71154539722553 29.75362536338112 27.601813966883196 14.382665163223312 6.644439589902956 2.6201335432942905 -4.009115115614565 
-0.8279744357518215 -0.2804187395560118 -2.4179673882231603 3.4719747818118067 7.253966830414191 9.539709037362497 6.053250289584886 9.685243892018221 7.832263213680799 5.846589366835985 3.594537211749941 
