-644.1022556854914 -246.28492496488118 -85.30037578941086 -60.07753494969679 -138.83412450174572 -228.34607931801324 -280.7188597228776 -484.21226837628336 -491.6719961962723 -397.27655610155676 -377.08776133465364 
35.4580058249728 -11.021640595126067 -7.640578191963273 1.1783475772912397 15.269225561843935 29.98168808476505 31.874720333720227 53.56775463495041 140.69528560395554 189.22923379817115 198.13692265740866 
0.7618055389861922 -24.65927007942835 -19.97897991767011 -7.407762026156417 14.212837689540684 -8.563880507214382 -17.749093918219053 -15.521920601717834 5.454497690497416 -17.856588032215196 -22.030036321431915 
7.58322857372057 -79.02803491647626 -86.63632340535234 -86.8661560983779 -74.03669193926815 0.8578384810886931 4.145919456609652 -1.8857239817283389 -37.847050946790596 -36.6933292943894 -29.424740097756796 
8.663475577114825 22.6313450016681 22.103094707297224 17.408513728137223 2.0780403830831844 -13.799987958377686 -13.849426904091068 -10.48504747801971 -16.380310219484706 6.260685689536865 16.77546980857501 
1.1261124746463405 -4.70141068627836 2.99859917572865 4.283454377728771 -2.5756905801785512 -0.4688516088824416 1.435296326576669 1.654347655721717 2.9806432590087972 2.389324688635898 4.195923268405926 
-2.5195127849524717 -31.800381584527507 -29.254858169517387 -25.50227325187864 -15.703717410883034 -7.734563734619323 -12.973680768254711 -17.422492547463325 -11.021914650968508 -21.132692610537713 -21.781118528015938 
-1.5106367031563765 -4.431659668376322 -1.153555766193307 0.7669834622142598 -0.09619046740812082 1.474344621791998 -3.1228658289510727 -3.7511566103166096 -18.275428669315396 -15.931600517705988 -14.084091693231526 
-12.90256055748059 -8.48124016622392 -2.0149535226443165 2.7445670915104605 -0.9191488021417717 -5.244155352909992 -11.346907886817462 -13.388175345634188 -7.654943640134372 -5.979773156623929 -6.822963122109685 
-5.191233737946105 6.281196062861315 5.730904737235755 7.570356995181633 10.37337696690295 -2.1345181781837947 -10.79753497840921 -14.652832455010659 -4.00712494997712 -11.312213915257566 -13.132104027845589 
-12.70091557289328 -14.835928857564731 -10.76704474053982 -8.342660410118608 -2.2609828465947497 0.4840186805693062 1.0619047935569632 -2.955329129770819 -12.160710037680817 -16.527042086520208 -13.803731826158861 
-14.430670109036392 -16.71892341120364 -20.050735926375772 -22.883487360106017 -21.71719180104467 -13.403069498796928 -10.515491143229406 -3.8730524349464313 -10.517746533163997 -11.284510459678488 -6.986614816489669 
-9.489738917493089 -0.8024951528187093 -7.677710183026887 -15.486377922585511 -23.272005185446382 -0.7473470475411361 4.2223792351511324 0.3374956640355141 -5.605239574868811 -6.746920528285203 -5.546598417496911 
0.9111621257130461 8.084167350151796 10.864011473051676 8.41249977072476 0.7319803965821887 3.0670808628772623 0.0053156652059555 -7.810791856723364 -2.4203358180075023 -10.055478161067555 -8.017902202766342 
-0.4430126024060683 10.97007790901393 23.110143973977404 26.94434145138349 19.089115669809715 -0.9357717823579063 0.5632987673976952 6.3050372573213265 -7.222626425312233 -6.86605983464304 -2.7110442504741314 
-5.111069686088524 10.471532652575867 18.639878949313257 26.083365113730792 32.01003134549393 5.05523977774549 1.2085147847124835 -4.043335283855432 -7.504351379040948 -8.71523965359464 -1.3978235813782867 
2.8154500375406153 7.725490341665637 5.4554538970052135 8.276658865126297 11.780438391336936 -2.091612380595609 -5.724542491563797 -10.036253655144272 -1.726738393282794 -0.21269516957895768 3.7909783687708027 
1.060367349063838 14.048665754315792 6.52636716942488 2.476441814288468 -5.295772470264906 0.4387221834244224 -3.721812327625039 -3.6877820838855113 3.2399777742496356 -3.994504217288363 -6.468368045227559 
-2.375668513407694 5.879893358069935 1.3994622904163525 -3.149746532688212 -7.210329171292354 0.7423728455284919 0.5341294522753426 -2.5962618663612838 4.643990197765012 3.1395656996246144 -1.8835503891078724 
-2.3652602875022346 2.58112434280239 0.938125352636503 -4.829431829121367 -5.500792816272799 -6.2186311589821255 -3.5840250231188087 -8.148547621684774 0.3998169477585892 2.3657453740393874 0.38164166968482816 
