-114.17261776120658 -113.6580891480577 -192.18569634696848 -224.32891143425232 -213.67306731692702 -314.0738844165268 -520.2679378781581 -586.0029793759853 -583.1116721301623 -620.8155981949203 -656.6068763421088 
-8.665294124541742 3.227651055279086 16.040674898433732 34.684649402154946 32.87395189151826 23.661244969643718 -13.658780159006085 -9.889207842031132 -11.2754781259064 7.66392355106118 37.250085027916356 
-39.246257725235225 -35.139043408234784 -27.450303394759928 0.7163335301774988 5.284398607108252 8.464759446624498 4.869462890096488 6.020482449332121 12.789897151682364 -1.9318460471407137 -5.589032327357735 
-46.3593378244333 -55.266294398350325 -62.4400853666747 5.933264759964413 13.454975360913934 10.257681488529942 -8.99679731251673 -31.281590509462312 -38.27098663892508 -35.62197455714664 -21.695110764358436 
15.258602952313058 5.170802432479783 -0.7039250109503326 -10.625740637198124 -7.077100607078562 -2.1048339795519615 -6.882110355462977 -19.26067015620329 -24.079045840574032 -25.743408889746576 -28.091643859449533 
6.277302968842005 8.092758257677056 12.537822250678918 22.621915911886163 15.995140516539376 10.670368650474504 -0.06427974026023686 -21.83762681973824 -23.490319674824576 -23.75522908829808 -14.1424485616113 
-2.7740629780575983 5.251803009129269 8.74085775861921 -15.923979243662798 -16.588976696559467 -10.975392019269293 -8.264469900983846 -5.4594355097413985 -2.323022027794741 4.3652268176689955 6.857129598376232 
-20.918041908685822 -18.30327927783861 -18.436099635834317 1.1719187252147205 7.3920646222044635 9.277465901932487 8.51090929883693 5.00558088400095 7.460609324795742 6.094086287130221 5.960592690237654 
-3.5564304203669823 -7.572925506529065 -8.28525749008335 -2.4037151921990194 2.82587967777064 3.6207884128214243 -8.337599027905526 -21.134773649370107 -24.460969273718575 -21.72633209664601 -20.863019041203138 
9.1702110107272 0.5617193663383382 -7.723112050127905 -1.0665012470512316 1.4943092965062126 3.573450981889003 -1.0027737723934451 -6.714872417881992 -7.107426169699415 -5.07835947319718 -0.5010301566743254 
10.869336708307312 5.298983064984269 -2.833666004482028 -11.338421525807934 -14.983138474133533 -12.141356996738342 -5.461714572396875 -13.219393810220225 -10.041948282648097 -4.065928973673694 -3.1432439198926985 
14.531675766912873 12.830717629826328 6.304785027472369 -3.720628849281087 -3.005004558913935 -1.0553455294668599 0.5963744042782632 -11.506018359705475 -9.321793882100687 -3.268970543783274 0.24826938910118357 
-1.2885106356528078 3.6830240463347432 8.850713099786649 -7.350731548280203 -8.915899119505745 -9.08576371330511 -6.3524919829909825 4.368493813575309 3.0509282399566335 -1.205467408871679 -4.132829739249056 
-27.418554808938534 -22.95673177992984 -12.296084130768246 -4.667446364457654 -4.272665318009967 -3.1968648374220288 -0.9648989935492711 -8.381469303951954 -10.800848952446046 -6.6157243267635355 -4.338540301485687 
-5.474599375842631 -5.694182282069407 -5.108043898717165 -8.983624059549658 -10.754281799659854 -8.839485144861689 -3.7165117669726393 14.403336316209703 15.776022715006935 9.807221648507486 3.295289272143595 
3.2239405246103203 3.0207828106310686 2.518877582785797 15.623129731067312 13.60180823029437 8.849320860817883 6.163911921198158 0.08871239742376935 1.9904115058897607 4.418239595223817 2.8836108857305236 
-7.712428423775014 -6.206003675978915 -1.2871558369404523 1.8381441123231577 -2.720998073874589 -9.938802071144357 -2.8030486041279166 12.404110761372461 14.939210508474886 14.168239448024526 12.550496311174424 
3.5606847795706322 3.5683459053645787 7.213536936407307 3.5822931555690856 6.89967409807146 7.989603259394388 8.137364199765795 9.160416426865181 7.917699498398389 12.532319346642222 8.57364384196482 
14.378615588991334 10.26181065763236 4.24314161044621 1.6768158303374183 2.7759734835712138 -0.21688734626153858 2.1611414133934757 1.3911755551543652 -4.1977389123038735 -5.39688594020824 -2.911228993558385 
12.575968451015134 8.433078604077714 2.3005220703258384 0.05826350213411935 0.5120632989674343 -0.21339391549485542 6.8051237307434995 13.906394144517582 11.624548458884291 5.4910015044837985 2.2986309035795003 
