-608.4656555484016 -606.3048912044286 -538.4643796100047 -229.94092188406225 -125.03146269608875 -141.25661602497246 -249.98788944220567 -289.2120576616324 -352.80482947659436 -521.7834288418162 -564.3938949367372 
50.82294932952173 48.67360421629357 39.19892548838828 38.22509335229644 49.21054058297983 53.597719764649995 63.747405607466234 93.74112223474582 82.71675268700318 49.32936882396038 70.73324243786442 
-20.044834754895447 -25.381085311448743 -50.153668905084274 -47.84391225568655 -46.11276532761485 -40.36142294307871 -41.189969406134836 -60.550695822860064 -39.25175041032617 -21.090643383783153 -34.945724504066376 
-11.92872684618352 -11.176989120205297 -42.563734250565304 -61.2669514590354 -73.27955185466872 -78.6212271587903 -61.03991532416571 -0.32662290049305454 -5.562939351650121 -19.578079257004767 -13.787058192181927 
-13.989515435613985 -10.73825471753204 29.068567938300035 50.00906111218357 36.486898863930605 27.13970893967584 30.927920624946033 17.540320972084103 17.194992056803287 -3.535324561118959 -14.499703688124704 
-19.092963167607614 -20.038496386483494 -23.805409363598514 -19.852557486110655 -18.69227823655318 -21.509262430985114 -22.43848576887087 -7.087342169744985 -9.784715861806593 -20.9394667282274 -20.86676248811721 
-7.591214142422576 -10.590355638194573 -5.967682581574987 17.56983826443811 27.816202690605323 31.527779849186707 27.857057223236136 0.9468198525304203 3.0499303328531147 3.8559963293460684 -10.124486922450178 
-6.317344334966476 -7.014835543156371 -40.834149889903976 -41.54995412709643 -32.77349024428183 -26.701206886019023 -20.31533176309078 -9.769726888742202 -13.974781213160817 -14.494578452391178 -16.100945965493363 
-5.392036332956787 -5.5102225664012465 0.361911699434876 -8.342690274948474 -16.10180523517402 -16.50489413388391 -8.288547378358402 -1.6482481832684341 1.693364864082084 -11.422891032677736 -18.260904650522846 
-7.834672787810735 -9.024710298531485 6.692275091878255 20.284646631847295 7.996241946357002 -0.13666265706349595 -14.645416817491075 -8.130710572991681 -6.926936913275325 -8.428504102854825 -13.67701291782815 
-13.01274096989605 -11.683159472079012 25.92492484241511 40.54301330002906 28.826565335504533 18.349751416223345 7.173096910638008 0.7045479223060068 1.6204971672499107 5.437385760045712 -3.8900447076478035 
-8.576833607475336 -7.404629773230004 -10.491110634311324 18.20704333489416 21.796369473003107 20.644035090718567 11.80409430689954 2.949697658840195 -2.0783579959724356 6.4669050737884195 6.097622165049836 
-5.769136435611251 -8.311563893656038 -22.648441110126388 -16.00414474881754 -2.5868521691637385 4.590561863278809 -0.9766737332034534 -5.271361914528846 -2.542910355959988 3.6434104500474294 -4.517843898638334 
-2.5034281463955455 -2.590657142340808 -6.610000994841499 -24.43775048447842 -17.415524405364323 -9.401831339396441 0.3068912668277272 3.4103264705214613 -1.6615402277689753 -10.932470829436703 -11.102554694508267 
5.337761332683903 6.815767237716061 11.617688768429701 -8.265173613705308 -9.958260000301497 -9.243273261295053 -3.618050481646452 6.650981371425969 6.880903764974347 4.987366009359564 0.5905452072743997 
8.587939738539934 6.032154428227637 4.126380048653159 9.669008533981772 8.477121033132033 8.016746166968556 6.514627688124124 0.9906420057478611 3.36672177675258 9.84641468947843 9.192294124707859 
8.9616233965838 6.308788764813885 -5.463307545127206 -2.1464749444561875 3.5973737199490823 10.089340733331746 8.92836492236373 3.2406742706656084 -1.14591348084117 14.56512424542705 15.490563734766889 
6.081999214819092 5.2088509222164365 -2.4852817596628154 -17.43468904894538 -11.459929977617325 -2.1486217944158925 3.7045180501210098 -11.075655202742894 -6.58329062259761 9.98048300868953 11.730055433540644 
-0.44045434023359586 0.00506227454148489 11.001765636022121 8.127203305320617 0.6811905609839954 -4.377109061225662 2.4093272767350804 12.162924385947083 9.109363926886664 8.428870805726053 2.557769298659416 
-1.3862754137670374 0.4950848756302322 17.450144842728157 16.02321172181378 11.19616924188674 5.38122890340632 1.327367196303093 1.682381366548733 -1.7133065538537184 1.0407806176548169 3.5382680266114317 
