-549.2245832269646 -538.5447949782521 -531.9950107952048 -532.5233330848519 -263.4727579255989 -101.76810043433576 -81.98487201961254 -152.279524979897 -251.63607399547365 -315.7750874642459 -400.9327853632839 
45.034744046371934 46.58437812523403 48.790375828630914 55.278340770573564 98.84300873389408 98.82299419968214 99.3615088833219 122.27345566374703 112.97003680379734 33.45708624946026 37.338669642938115 
16.57769272553073 15.209229046794174 19.04679851678612 18.96263436094751 -44.11458490037846 -45.26520018095202 -36.34732260363184 -7.681923008620782 0.8525273730696191 -21.680948479110498 -13.015729647481994 
20.551410989623346 26.184396561193225 25.573026361830248 18.149261684387596 -57.40628778678733 -70.54683028800694 -73.39875786553881 -74.87462658152415 -41.41235649886742 -5.53993874159466 1.9699339567453535 
-10.844317102690582 -10.200622009304697 -12.196380207658185 -17.712993049413456 7.663272772670702 4.480086779195115 5.583416560450544 -6.141386812978355 -31.0236259809708 -5.42116488473658 0.8802986025958763 
4.43454140141111 8.583754370534091 3.880412945743119 -6.4583057227737335 1.007718180879242 -9.741026734043537 -13.184171797877973 -28.88766930908807 -34.9913816962017 -6.857615595828777 -4.705899150852035 
-14.021706023614593 -8.816893986619021 -13.047557605087608 -11.970022597682377 -42.704972586078256 -32.61607828027515 -21.52433868753972 -10.295402352221803 -0.9502927494561861 12.058027564015052 2.7824689747865845 
-23.884662461857694 -21.35233835563928 -18.993408610459547 -15.248024232006252 -12.587318701866318 -17.608090985487205 -18.626823005982338 -16.319046502724163 -15.22967531837518 -0.5234756597853856 -8.590925875931621 
1.1253315673423214 -0.22423666727594013 -2.426740961157278 -1.3493851093827542 -25.42273556837266 -27.372346232058543 -21.588556272595653 -11.221191984247806 -12.413274520301407 -8.224362350604702 -7.999784310050373 
-5.34745228456209 -5.755923615127813 -6.828505795487597 -4.969764140067687 10.665865662091818 10.660178862434833 9.555459400035401 4.681409975659023 -0.9001764845975064 1.6722627024036325 3.312631809978888 
-8.85492318438575 -5.914435286390596 -3.3667807115467823 -9.17197877370155 -19.41759066920655 -22.57707986754872 -21.45128414126947 -19.135384220517814 -8.621356575112312 -8.688636736997323 -5.010508483386171 
-12.182774119404382 -13.01831548340951 -8.59315436125831 -3.5924331011607817 -6.052764797847958 -2.0361132806967333 -2.086066767881956 -2.6889387358338857 -8.313909465481013 -14.685544653995258 -19.48073935710141 
-18.752966432498525 -17.845413364254867 -14.883333824670594 -17.223315620392512 0.2958432663827322 -7.503758878910162 -12.226128937517995 -8.74429272359137 -1.1903678344002637 -1.9982637691983314 -5.470949422926937 
-11.057772815483748 -5.369936628922434 -6.970669186967408 -16.319115982559158 4.732343431179398 0.10846390937594608 -0.6566660809846427 7.4490711023932725 12.76440279132011 2.835241279043073 -0.5688698017457146 
-3.3404585873173054 -2.7324156702228706 2.40240117530613 -2.5548386769665523 20.90238972630048 9.991369943335133 4.724911381735628 7.326877349643014 15.348959249249312 6.041070287312607 6.695101374534339 
-5.845954089015521 -3.685283326575308 1.0974478122406288 -1.4832153748516372 20.655578194243137 15.291284564894255 13.234809155801226 14.00812076266011 11.643166347616017 -12.94374852555432 -11.990099145302278 
-4.172000779117156 1.7692205535569947 3.221748942708742 1.0397195568418445 4.0985151331739615 16.602145205312787 20.519521555610154 17.856203286560415 19.0370200357277 6.073739751706703 6.960055167361535 
-8.151460828315122 -4.777794879558712 3.1711551129944784 7.886925127513902 -3.918319915570301 13.995773564157936 25.273291602907648 30.177997745290078 16.498579252696654 -3.7728447263755696 -7.886903494393358 
2.1959761879810697 9.817989089875638 15.741852552373382 10.881854231871204 -16.57812218285543 9.368892643672623 24.788739135321478 29.064471847358256 20.822521930919592 19.042732814217207 17.221642693004384 
7.965657138227621 13.09298176073721 13.671627918103624 6.032221497694138 -1.6252192238424392 -0.854071911168073 5.15744359011456 7.683473737509546 -2.2586709963117833 -5.463753869257017 2.2062872938145004 
