-635.7598772513359 -561.0947220537054 -298.9021284762649 -114.08952466273975 -64.87265249920677 -110.3882906446383 -116.90578596292468 -102.47969504004116 -182.80564350732408 -345.53461232909194 -481.9905804559546 
57.43953748918267 37.90955442337285 10.684949609200801 -3.035084662204757 8.609141645632313 32.65178868866768 40.472766992708145 35.803655852028726 25.721436975408785 18.046387413959668 17.503505488902444 
13.451490318347348 -29.528945677751224 -13.305876454431282 -9.361917865198983 2.0366865552035582 11.943442150728945 -31.41718990037915 -43.057861099365155 -33.13315346364435 -10.786343021282445 6.44321238301829 
-11.673655966352136 22.35963381122817 -59.84573876947922 -60.73481930474323 -60.907443451582054 -59.06715224405755 -13.112523949869463 1.2453060776444786 3.435730927734399 2.3692871711727594 3.8038940028542463 
-30.716692279785992 -4.691044147672827 -1.8501537036979367 -2.7963679139551316 -13.396369124779103 -27.910904230413042 -3.135563813849439 -9.514191485206206 -9.679540956201095 -6.279742742854069 -56.8111454578047 
-34.21134277331048 -35.04241737036048 -21.617208083987215 -17.126642754425575 -13.6646362774657 -20.731267511574163 -5.973021897910651 12.682792513791142 19.082501920150843 14.877828680660528 -15.307844052434309 
-16.973350695730243 -3.7383791119772445 -25.4998306348486 -20.852097669930906 -3.4915753074403395 7.085817997943949 -18.1440537021287 -24.762131538066363 -27.554286784696117 -35.79986076384901 -35.144413504850945 
1.535204671008815 12.270980143397367 -32.53081134378866 -40.33347120209609 -30.541737481708285 -24.55366071182023 6.938181998237926 21.059406352449592 28.506552851412433 35.61746520628289 19.976054679924804 
0.1392580006103877 -1.476182759057852 -17.95859562030017 -13.617228226577259 1.584062076533333 12.759992611317221 9.078597982026917 -2.3774140718052923 -8.371313728222251 -10.01646409009995 -11.461805075837468 
1.3264762555623233 7.122495785924232 2.924155589905374 0.7588663882080704 -0.7090637408099307 -8.166205788703465 -11.789908277600269 -6.1875008214428755 -8.785707765802975 -2.3877193034350586 -2.133318759718936 
-2.6868247956620346 -4.306025808841444 0.026972079082448086 -0.2897786262582289 1.0378173458149558 3.6716576021017486 8.740974616233629 6.535440428579518 10.017109264643063 12.325334644121932 11.154907455441872 
-14.86136733071608 -6.50670650433577 -0.4223468291958944 -2.784809551021663 -4.521259272793403 -6.960033419051496 -4.752912920890639 -1.7148953832108393 -2.355081795510105 -10.501269313559296 -27.028908584893713 
-8.483674721495017 -16.75232746009776 -18.754256701000088 -20.93873983545875 -15.70492737376565 -6.243391664438679 3.344141419758728 -2.7253124858575086 -1.2892644353140854 8.307877656711543 -8.695832863432491 
-4.466516611220976 -0.5848216795355692 12.22438452989292 9.09915830642369 13.327922107537926 11.175596286123305 3.8378568354099305 6.099505621250552 2.29424144300273 -3.6514788114451227 -4.023871647571383 
-6.287809521394297 0.9666636707535927 -8.330158501398957 -7.955186119551975 -2.7591792591044895 -2.102906935297662 5.776454801336419 3.670370522092548 2.8079330392748005 5.234530582002099 4.223536254754484 
-0.8712624828273484 5.276798695971152 9.395539047877861 8.073095901750879 5.997806973859705 -0.6515868940904374 0.11021401989327395 3.106578648007853 -4.132604966639488 -4.74724616829376 -18.419907633884325 
7.660564837282623 0.23398017305712893 -1.2186022571061987 -4.901798991115274 -6.057513909832521 -4.391084190287558 8.455664203094011 9.839489435495935 7.382492492316316 5.0624063483058706 14.556225056262498 
3.545739879366856 10.454626950124126 9.03334032938415 4.2038781364099 2.761814132973271 3.2381785353667354 -2.2098788929769366 -0.7816891824217427 -5.1262788624389515 -0.7856153889148989 13.841331064511536 
-2.9731187271313475 12.499218808672376 0.16549958085732897 -10.79833416463341 -12.173511173307269 -8.383517562231376 1.6053388497213725 2.3606679948156684 4.563800622815789 -4.432156987059089 -1.4919881561726034 
8.247361120358804 12.122937066568987 5.885685111834887 -1.4332220743996593 -0.46495193773942445 4.242247282830176 -11.251444542423226 -12.5406397885912 -8.382263066946246 -0.33436489822315446 -3.1494448660235452 
