-725.8414214949896 -725.8414214949896 -725.8414214949896 -725.8414214949896 -300.2576813903299 -131.8003325637784 -97.8184287809083 -173.4034863141301 -325.20572785085665 -325.4353914964172 -408.32301662031375 
0.0 0.0 0.0 0.0 9.35196372482677 9.903291376927914 27.1763116086043 51.04061285229046 43.83554111666595 13.790972293298248 11.661661890393002 
0.0 0.0 0.0 0.0 -29.878748826240766 -29.58822741031107 -23.156980401756115 -11.160107768131972 -4.837586348092048 -5.07828684981909 -3.8137544850402554 
0.0 0.0 0.0 0.0 -86.69740226589424 -89.58486325763283 -94.62690652261105 -95.55380238682977 -57.53927717466486 -30.901133325728992 -29.75841423410011 
0.0 0.0 0.0 0.0 18.001025901041913 14.824861552445753 4.526000376549002 -8.39296186663982 -24.685749495335457 -1.6398958616717831 1.5093142193610016 
0.0 0.0 0.0 0.0 -7.221460623567365 0.39137417836690674 -0.344828303423502 -4.917426104734781 -9.640409472730463 -5.2936280283777934 -7.88634039571936 
0.0 0.0 0.0 0.0 -22.600747260695954 -13.346561083637242 -5.147576518874624 2.5679048669992706 -9.795179869888766 -20.46890628454715 -16.155858087850568 
0.0 0.0 0.0 0.0 -4.021277650172021 -0.03895586639651602 5.659193411326018 10.431052272006019 2.460461695221073 -14.58491031033373 -15.160463525455599 
0.0 0.0 0.0 0.0 -0.9075312239459769 -0.958629621592578 0.2535382795961429 2.6609048194165776 13.011192437949171 4.41114928745961 7.209950544412058 
0.0 0.0 0.0 0.0 12.778429790949144 9.951762069760793 4.468050629168222 0.09988397540423613 -7.914489417955176 -8.432878863260836 -11.251185288831506 
0.0 0.0 0.0 0.0 13.129723120371075 17.22069100847878 14.971432022220474 9.538010344983197 1.2121988267596162 8.134539344231651 4.70113555706817 
0.0 0.0 0.0 0.0 -9.049682770487657 -8.4167180594927 -9.559221053648898 -10.800192479160495 -8.666374890763302 -0.6331786560416932 -0.19408039694639456 
0.0 0.0 0.0 0.0 2.230297802761071 4.092987547779119 4.195772432451795 4.398441874410297 1.821772033385875 -0.25838717934817507 -3.066885368268941 
0.0 0.0 0.0 0.0 -3.8146417037425233 -3.6293936983003734 -3.2169950910407223 -2.01082146080138 12.110711254390953 9.389812248348619 13.775969317806005 
0.0 0.0 0.0 0.0 4.582363938340094 1.8516524749155798 -2.8507815783974153 -6.300170257267796 -0.9822355257577566 -9.659370277030785 -13.566818088043703 
0.0 0.0 0.0 0.0 -1.5191218515529452 -1.4220053353159765 -8.470579376250171 -13.517119547884777 -0.5231430481545002 5.057861069250581 1.5084286388146242 
0.0 0.0 0.0 0.0 -1.3398286353081097 2.0234672239568052 -4.118326839865751 -9.335607781267353 -20.103380291240455 -12.109778626461454 -15.962083940238553 
0.0 0.0 0.0 0.0 15.09942541477018 20.853105767302047 17.91822498601899 9.895339013341772 -2.2958665656939443 10.156499837131115 7.492746277469447 
0.0 0.0 0.0 0.0 11.859253153077425 20.13619521265925 26.730295927922825 24.239113690733298 1.7731974747111683 1.0702948849971983 -0.7817373763183457 
0.0 0.0 0.0 0.0 9.571734614328971 15.971068114799 27.228309077204052 29.084964372853886 7.7013209310014945 5.574161641579581 7.884949262891656 
