-501.0134917047178 -534.4625329954426 -619.881051646944 -639.1215280977959 -525.5725527193243 -226.79669026851224 -139.1776612060624 -166.06352724138844 -289.3409541451793 -432.9734831799005 -602.3501119514464 
-15.791968984594401 -11.856455980122202 12.600702654342303 29.085520758664774 19.839260766804813 -16.39285998977014 -2.442238606306523 14.276977223521577 18.627527115157086 -27.2652240442414 -8.959426764416518 
7.950363463344921 2.437260954163085 -4.554542777901011 -18.721947670550463 -23.1662226899857 -15.333834798543855 -8.720928846826185 0.83098467965608 8.862337369371943 5.1309283306524645 -18.944995704916685 
-53.279295819605565 -51.12321675352749 -35.17573095974155 -25.407939699837996 -41.63656978575338 -46.368952036318404 -50.95168113183469 -55.00226258890585 -45.826685860597095 -13.482800439702018 -40.110707124314345 
-7.479542790023814 -10.708178368024445 -15.712494455068262 -27.9423378469517 1.4698227519860072 8.201509425897676 5.209799926309075 -3.053848437338203 -19.38446898390416 -18.28059132980934 -17.401040356817994 
6.776751669100602 5.193071761392158 -6.67004994123498 -7.895645270027526 -41.35442964643761 -25.49969536464076 -15.465762577137266 -10.513817345292079 -6.091746869407528 -2.8592454847487394 -8.129447642707255 
-38.29771288107246 -33.270598311035144 -24.00353294485074 -20.841687352710288 -40.460849624663 -28.98082840814326 -16.05215353912238 -5.4426053123553295 2.3413920654816067 -2.2236982717437224 -5.350174971833649 
0.6143160329751979 0.07508415593439777 -2.3045690791272158 -1.7042865473927036 8.148187668183896 1.529282207022708 -3.6533998081208496 -11.544314020414749 -19.656956861512263 -10.663489484778863 7.98276235885368 
-16.626974431100255 -21.781943704527578 -24.511866576554915 -9.632947527375006 2.4643209499427936 3.6794813343617276 0.6603614755722413 -0.7657821314040241 -3.794459866813631 -6.046668894700764 0.21553777483769182 
28.975621048319084 28.987957128682638 15.09414733448741 -7.8118317861253095 -16.473036574622263 -10.109291000763468 -10.96347995584537 -14.336560530022172 -17.25439123693578 -15.814664890281044 -9.032542986035104 
-26.59061632929012 -27.51765146684656 -31.27016529579363 -26.75126047445327 -12.276893331458474 -7.004577304677993 -4.666201717615043 -4.104105309051606 -3.3196037954687725 -3.5242517635871096 -11.31521981234318 
-4.318025683460531 -1.7319259096075847 -1.523256524769403 -5.583406455538995 -4.147712448847827 -3.788183642426309 -6.572289036396767 -12.117200546456065 -13.735768185215125 -3.2556804170148506 -0.4249622329571323 
-16.496123830891577 -16.07624776053101 -15.952867136031585 0.9656446965167557 6.909483031962385 0.0935341080083475 -7.940745734344408 -11.110412988436023 -9.40908702835802 -3.4877068910800997 -2.6759032860612932 
8.188809903143065 10.198929303045693 7.938641831072559 5.294869468435941 -2.5435775486120002 -5.501866967442227 -9.699702088410628 -3.7998550882189113 12.05754779811581 13.48548659766388 3.3162205884235467 
11.151592306983176 10.339862073120168 6.055407812035046 6.279839809740673 9.722089000099658 1.0113482220910353 3.201718309584527 10.311508718665053 14.423290505842536 8.320214930308456 -0.46789486930882696 
11.303056680781335 10.957260543121233 1.8236856673003765 -5.630487623518983 -2.290532323875616 4.462753678354662 14.423070604488537 22.340632556425547 19.830221881836053 9.123333179783078 4.899478053583759 
12.737055672536217 12.484874720587685 13.226875250769721 20.948924851140823 16.326843071684454 13.305213476702463 16.423259566905674 16.922446622362784 20.08987232191589 15.959757311237524 2.0975104299594367 
-4.890870373759906 -4.250217466580852 1.8508329553836598 -0.033081626428381083 5.220593452042574 24.496289028422918 23.77305617518703 21.43478652451803 8.434735860541013 9.736236211261575 9.070488318175702 
5.957201063956957 6.200488961785979 12.058237750934524 10.349720874301124 4.784914326450126 21.908988268491452 9.94059202336544 0.35947884853055956 -3.8203792372338734 11.333754832050735 9.266905473528269 
6.778596324446229 3.61671457572883 4.534438460706582 12.125314635171337 -4.318141567154535 2.061177611928283 -5.749424016759912 -9.99476644867605 -7.0625835394711185 0.505028540183334 -1.9475506785830041 
