-505.4081821008265 -499.3944153169249 -426.1119527701278 -401.94728856185895 -394.61947819548834 -157.8911001584046 -65.04926538076917 -88.36780675711218 -194.43848844003313 -290.7942979453602 -403.58920566530736 
66.84321660872679 61.525496302217064 22.801496854715168 19.463754439212103 36.45796005143386 0.7607142749993894 -4.130049617812934 -6.330962262755476 -2.355624485909592 9.148116184654773 42.526500796287735 
29.30577580661164 23.96077234733559 12.668995510219604 7.73628108157202 -7.357676770364476 -5.991738894379152 -0.8749977959412504 -0.06926792846312313 -9.045435382823225 5.602499204469997 1.8455345782172456 
13.920619841716167 8.854831467210902 11.697177906163585 13.968237302511735 5.531078755339113 -29.24739390797327 -28.038170783834097 -30.03672593856408 -32.827161039872635 2.5632606107793214 -5.055076643481055 
11.22503495709815 9.351112759623653 7.082765229362012 6.074949002097531 14.174384166620907 25.757664743265416 25.924264932681098 24.78421921979716 13.608485379920756 -1.616367451959512 11.15833842155893 
7.602073186998216 10.494476936774703 11.880544635013383 10.805690862307737 -3.3486197879541493 -11.338113568113021 -8.89929113116466 -2.2712630397002185 2.301099073777438 1.6954888454543378 1.0874364163440458 
5.161294120691602 3.594672867470411 4.889449500693595 3.60041200053327 10.772629001903535 2.628805748462743 -3.315284905134117 -2.0437758537105153 -2.090302771240424 -11.65494111743013 -0.9611222098751423 
11.105723130833237 7.8678326442091135 8.490553470533998 6.591768481501587 -0.8459525631358469 8.544330336062048 -2.1259139826780658 -12.256753754797602 -15.448661417226472 8.974864038705869 3.0429329062074313 
4.472156561354506 7.186884424365473 -1.264241241044466 -2.195688567329771 3.8494074185928855 27.33832475450815 29.78980884200852 22.74176962418427 5.452232562574749 2.1385335211822927 -0.7818226538734365 
5.201290718514036 1.0345461485491674 1.5888947226467172 0.42343750392017476 -5.344385923273794 11.800665493310504 32.570213813910236 43.1013556709927 29.41609198152264 14.2477854091993 1.7832179344578727 
-2.3377787609003473 -5.676080182468172 -5.585539332193732 -2.01874666546338 0.11118974717055255 -21.789990354226184 -11.227186166028439 2.3020650933587503 6.0366980212681645 -10.038696326390339 -14.697828172216859 
-3.4108743259003473 -4.71693522411518 -0.09028069666738203 0.8028647558254182 -3.794917594175063 -18.918500213495655 -26.74505092079432 -26.050409036217385 -9.204768894228632 10.362097380676401 5.067302997311628 
4.002764222438345 -0.31297447118805866 -0.7954415564750532 -0.11655959820056871 -2.4451476410497444 -7.150419479870853 -17.252648019168483 -25.879748825584773 -25.435724977670127 -9.720628832470979 -1.456442098384244 
5.1900496953214645 1.7707576317639036 0.8487817179621677 1.3139883035539643 1.7605325537280248 18.177338115566517 19.283379979334583 13.641186621025026 -1.7306179949555527 1.6054291972631423 -2.2798529949608692 
-1.9757376437149192 -2.02808592767491 -4.879916697884007 -6.890572613500453 -5.183273259075303 4.710298412732782 9.33539640493642 9.4510976276991 2.250247628435611 -3.8069537985006794 -4.113904527369693 
-7.12390366677725 -5.071059858074469 -1.6984025493940331 0.0643312879418454 -2.0033313404013544 -3.670547772233482 -6.690098697013988 -8.766058411031628 -9.779421538271658 -2.993684981868709 -2.437305811344491 
-10.682252498928928 -8.918098211136018 -1.9486511488290998 -2.852864872207141 -4.898310351082896 16.77349401113123 11.178827778824427 5.346960825036912 -7.675896497610477 -0.23247294375167826 -2.4366851231836786 
-10.03652397458671 -10.078110585876498 -4.223450659377099 -2.7052599351608837 -6.847457224480225 24.747608124117193 28.32846803493618 28.4211831947906 10.079156694262664 -5.306724256492893 -10.774474164229776 
-7.713498683607655 -6.974118886497305 -9.893515983180698 -6.13426085832797 -5.41578207056312 -3.5560147914119944 7.402152204190163 14.907529986482018 19.208192604079507 -1.926187215273685 -3.195389617086928 
-9.035399835762478 -6.19687300851465 -12.231166993926816 -9.802389634044202 -6.969919441376618 -20.294626518309677 -16.887151651279 -12.50049837096945 6.068137427213265 4.785224813555386 -7.536026766879505 
