-452.5227982096928 -449.9254795232855 -448.3530081808971 -448.54933929674917 -410.2786050762902 -221.91661729080144 -134.907996708973 -139.96694835560046 -240.85679103239914 -289.13112423449445 -326.6808812602752 
48.514845925216704 49.167988228524834 54.5918802038737 55.5395792589034 46.18341936991044 55.410490219550894 64.09791427940868 75.18593484103002 79.94462543597302 34.2706823665778 32.69758165550836 
-0.10946666923712389 -0.5121258659449306 1.887390494462531 3.7043651019162285 5.301140661600389 -1.73588607633329 7.885328087468665 8.007841263281863 -4.694028145054775 -15.349942173186406 -13.205667077533096 
12.602832508367456 9.084723390223711 7.827626654492807 8.584316411626444 -17.35642710355472 -57.79246797869695 -56.340772303719774 -54.89033750851875 -48.82389085550059 -13.286537910929226 -11.522389901577089 
7.972806762058837 11.102828400586098 11.132588314507306 6.782320490797316 15.716784122971266 31.84270189557757 23.50732344934734 13.742604502683903 -1.3580621484658972 2.680025902514857 6.78640524057216 
9.807022474787566 13.636212514951698 17.461033509824254 10.908319474467731 0.05359614830061399 -2.373649753315808 -1.3547169780793176 -3.468326000446206 -6.980123136513115 0.8731965627792265 7.253066182809629 
9.153155229999136 7.989132963599305 8.30389581939069 9.412780370645244 14.922144593684404 10.246286113495218 13.6470503074469 13.472667285814357 10.964493334234586 6.461598648217812 5.705971240883896 
-4.384620268889865 -0.39675105536449184 -1.6828982956736265 1.8968737953891504 -2.519268137314333 -5.853598710311648 2.6542104989691104 4.761352328351901 1.2419496301749557 9.010921453247857 8.355218008345371 
-1.3466878776985007 2.732180735202875 1.0393732245553768 0.1729457980484388 12.615154862483422 2.389653043978059 3.441729811306466 3.2275835674873017 1.9957714380926184 0.8781423002057394 2.7839413278724283 
8.185152241270265 7.3963312919675035 6.464760383719247 6.079097851151296 7.7627391843373434 15.722898995421776 13.327785787279664 9.561428284348054 5.6677097763805495 14.192726778472005 18.27550703218631 
9.349904241318846 7.513317344823825 8.510690366761681 8.676753857040367 16.40718062615466 13.291006437393564 8.439269144907652 5.63046611501599 5.43773936858799 8.391590537598377 9.049650747528599 
7.788432792245906 6.321088122139082 6.12813012753316 7.251982167832638 -3.4871904370300713 -12.802349281805414 -9.672554987750292 -6.467855939402966 -4.942244411201525 -0.4554645207219229 2.297756253164369 
3.08607634436951 7.166635328505838 9.782377832778355 12.54752293070599 7.869444154191883 4.674133061969153 13.304181358250636 15.948163779702039 13.946206882431724 7.9445622528982875 11.29813202633315 
-0.5437825722832033 0.8476372856751103 7.739273003485855 7.667296969810266 2.966904937197455 -4.379021858324474 0.1174065612385089 0.599637872935851 0.9702877751947582 -1.322379634834562 1.7372152158512622 
0.23864031044985112 4.08977925345372 3.3946332147470843 3.7228748346845606 3.5625153778377188 -1.9692091529068403 1.5819304017479838 6.7256256269011105 13.431146716729888 7.524824972843717 7.79420349681693 
2.8938612491371725 2.026162551127709 1.4400717499139495 6.492114331683844 7.910340456119843 -0.9122397533003459 -7.295870829175735 -9.435194049363805 -6.186567190871738 2.9664845882268898 1.9560707724060329 
0.34682483489697513 2.910626369117584 3.730807809402324 6.745663016598309 8.109522048099759 18.41403099810512 8.102944317681956 2.9025869525255574 3.868338458223273 6.972377070301087 6.389864372336151 
2.384806595015669 3.487975703602558 3.494178093434692 6.17743003576158 8.240261694542289 18.983946505690625 13.840583023934341 6.203506002796322 1.6932306786891287 2.5061172479806655 0.9365485381470215 
2.9048738154861993 3.556841358129525 3.1114118157695696 3.4711755491275227 6.537396832769747 18.722161600677794 20.616800005753724 16.209912615683464 12.305676843802814 6.662965342317566 10.28915863022585 
-2.666084045774067 2.502021680782932 7.396182874986994 4.8547387234035995 4.153727040407633 8.8079511870867 11.9916243138257 13.6508916592972 15.431624641193618 7.510178259074015 9.19955948012609 
