-696.0333136061861 -700.3218501891101 -706.5195440121194 -713.3310352584524 -714.4073803097699 -341.6987764763424 -127.40566106164971 -77.73479845463504 -130.49735736470703 -220.90667142245695 -266.40644478085164 
20.34031428426463 21.232687085728124 21.219142679322786 14.041098889512014 14.155573420959058 63.6464252947202 47.44025710676923 45.40052486659361 49.216733134686905 52.00124265906186 11.421131013937398 
6.531531037522616 8.239873061980845 11.085595079852359 7.102664289670245 8.024688860748027 -13.327926957726218 -12.298094662979732 -10.390191143598372 -1.9179180960516835 18.730897290193383 10.678142828108694 
9.22119419964493 7.33259055484494 5.529151871476611 3.9573485682341905 2.751519576883164 -74.72824045616214 -86.00001018346734 -91.14034138298858 -89.50993407510018 -48.25551281309321 -15.190659431749658 
-2.82566154084108 -3.568763326875903 1.2944855703491585 2.968369357503966 0.40512866044696955 30.44305965815162 22.974556824160423 19.878307684819127 20.435236480485557 -11.937629686916502 -1.065799120187697 
-6.015645147655375 -6.069590369083738 -0.05673095233948555 1.649890036750293 -0.3778261513767643 -18.585408505861885 -21.76354597555018 -19.64318330015141 -12.92655348249031 -8.276741391695321 2.5555399200132807 
3.8969194474195357 1.7862978973062458 -1.750987897220821 -2.3130617777585183 -1.831355780762247 -24.943442255233315 -17.740913841648034 -10.971092679090237 0.6816182333033507 -4.251095027564285 -14.304694619455589 
-2.4615598812052544 -3.914475051124993 -5.31874407227278 -6.566022846415132 -4.211519133608467 -27.13609568174158 -28.4971606491221 -23.12602807391684 -12.567654506585583 -5.91200692925489 -8.567770351595119 
-9.730884718752304 -6.13018270111734 -3.1493364372928987 -5.407922760639282 -5.865306580352266 -21.186395736147453 -19.37411502139203 -19.092280366734723 -15.843788547059406 -14.289171829155745 -9.283886473711808 
6.120082589477327 3.5935907866393744 0.9323805495986737 -2.4136033852978978 -5.44989069098259 2.4946863825341126 1.9252465590930397 1.2331108173852436 1.9299144887183668 -11.515613880747502 -2.8049431013332193 
3.1669579752521653 0.8744982865162393 1.0636073059282034 -3.141451395221176 -3.3665081725496675 -14.285078679356566 -16.103342172993187 -15.2269460202187 -14.005174433316071 -13.307202776894574 1.1672697384473774 
-1.2680190469445938 0.7582805128322445 1.087747031671488 -4.496864230498683 -1.1678262068099237 -5.802747696229846 -7.654131490901411 -6.33168910694651 -4.461338658243122 -9.418012449010192 -11.387989222046379 
7.071564567852991 5.790895617941322 -1.0869253493818711 -3.9412705366951934 -0.14960030244100164 -14.013299467493754 -16.236145119635967 -17.04322169681302 -14.617841338101634 -11.073488863504382 -5.624875960275044 
1.3043633709070985 -0.4325872154739121 -4.027886714846711 -1.9021437185518062 -0.5444485179370193 -1.5756349673856727 -0.6349569613100156 -3.438201890458256 -5.035748254502993 -10.074272790807694 -16.650366043511653 
-4.988013510732241 -3.5493035460799964 -1.9349750592116526 0.34734129515514695 -1.5416453876339613 -3.9157942494271394 -1.190640057354621 -2.0655513243911665 -6.559939290723644 -4.868949148354218 1.1758610499283586 
0.020579632501074085 0.08757157717572431 -2.0492512233207156 -0.9033043711458122 -1.8875326634287146 -2.5466708645985627 -3.475887144900268 -3.8037608415262363 -9.270091800490167 -4.667982132173371 -0.9897184811844337 
-1.5421544123000253 -5.822665692636957 -5.327612492718186 -3.3099608906950344 -0.9285295710106303 11.14180071991834 1.6262778500716566 -1.5297217626857798 -6.823028638616583 -5.127316647213369 1.4656253572609348 
-8.656660957856914 -9.64855566776476 -3.018035021521915 -1.1786891555275725 0.5801704466092938 13.24087770463651 5.7215325204693155 2.0553807403535505 -2.380897565864505 -5.825609844990653 -11.53607032571173 
-2.1235662300978126 -0.5855572739112858 0.8269938976600678 1.9888568306425758 1.0411760706126185 26.50489331723156 19.7143006489097 11.32307813836279 0.2579384523680156 -0.2449590664361076 -0.7541461536681243 
-1.238898739871543 1.5485169826170515 2.1045504884329915 1.84300204691185 -0.1458870006357677 10.48636777405125 15.88215436073617 9.025988142734914 -3.339015808870025 -4.94081578532103 -7.491243384471072 
