-620.6605919654542 -529.7492534307728 -200.69594669288716 -107.35181385327343 -121.05927683292522 -213.26672552228553 -283.923648408188 -387.1009587179045 -563.257683520146 -658.6043048357577 -651.6769111030534 
53.043757833101324 90.22779818060657 72.17519896327153 69.44172037213085 70.16570544807624 73.12924846073506 49.25211955591601 36.920561102994014 62.612905796846874 55.57149891566951 63.325929337696635 
5.741926872053119 -6.603907660134485 -12.335235387964921 -14.752040727591268 -10.842466317662785 7.44130283912524 7.322059859475761 2.9461251985472448 10.104693376653564 25.07052348733665 25.71820362376974 
3.8842413406535172 -52.04392713641881 -90.83972558355379 -89.39992278603022 -86.75303730632473 -67.93139003304361 -28.626250646830847 -24.99452272417277 -4.537064132006434 8.292473311978537 2.1248224832761875 
0.773799964823725 14.46339730401843 12.901498369730174 15.046157577167339 11.162593074168988 -5.160732639724645 -6.484511625396275 1.6364053806864982 -10.737925296531943 0.1738599820161394 -1.6386503568228206 
12.981584080063516 -2.8656495117119833 -19.87556964190112 -16.97596570682478 -14.941345382090384 -17.960487602904294 -15.775539891683053 -8.356787906567025 -12.576238095391309 -2.04456603414289 2.5459887797376335 
16.94095784642999 -20.165161516541954 -26.0302712377067 -18.745750887153307 -10.765458993400191 -1.326492274402396 -11.36214655995471 -7.799965831037393 -4.900118896034297 -1.7746707270717135 1.7971078309950905 
8.072228873774993 -35.12912736200743 -33.01475403827572 -27.06455281126019 -20.69054900581596 -12.059740723858877 -5.769909760378978 -3.511493696298665 -3.5573421054826673 -1.8790816625695967 -6.221573288293115 
3.7773180623269105 -15.076211775856336 -21.404835751912003 -21.29938155163919 -17.183085010118802 -12.124145882649733 -12.288041937571844 -18.688002150917956 -27.577913037145944 -5.683475558546604 -9.582810826212095 
-0.6239666441077286 2.9095722962845922 0.7006864117100753 -1.5734584528128908 -2.4999057020625393 -7.301052747081726 -7.955441905791078 -1.085455901752944 2.590966879630451 -7.323243559076976 -9.693533160406156 
-23.89221161912085 -13.902507005624729 -14.060889431819103 -13.630299711518315 -11.100239122690681 -8.59893329589265 -10.878174170421634 -3.401011156787078 2.744160112179057 -6.925598915153862 -9.721719317881009 
-22.866480259087368 -9.545088739745388 -9.416700732216665 -8.041834186098626 -7.141355401162077 -8.875531268289604 -12.997425450523743 -11.218340677316249 -16.428732976741678 -10.861440845788367 -7.210571169449448 
-1.9506556320855721 0.18736392861444892 -12.563174088034053 -16.965385756944173 -17.784583118961738 -13.42735981230682 -6.322691404251089 4.4310465367786644 13.427325001113857 -9.514416421010296 -6.3003103803289076 
11.4534892009031 18.306953507877417 7.780502507167029 2.5115571036135855 -0.9753506532347231 -6.80375146546481 -13.071534507247652 -7.0086270420486745 -5.786811798612795 -4.823431211725998 -8.886996421392414 
13.105515570645576 16.27999726985346 4.93792121666611 2.8422850768905707 0.4919724216457042 -3.1251548989655635 -0.5141685141188828 3.9905407968218816 -0.11480163724154191 -3.5692325590602265 -7.488008007060344 
-1.0029130224733995 16.914015997396405 4.331230026496295 0.09188041798568947 -2.8604909803880587 -0.8392537062106771 -4.2397445051741425 -8.396951867005553 -5.109900329711545 -4.008065515447683 -5.115287953746266 
-0.33560512009552135 19.873826356163647 13.026596787243264 4.251029501106681 -4.442487138816793 -8.246059668921205 -1.3840329796104425 1.7252198633700415 0.9911088805822041 -3.2557971609885126 -2.849369136200703 
-8.535756383130657 -11.148695815758558 11.474087325814434 5.701141796664638 -2.4064891028016753 -7.481556063546021 -12.151459870676012 -11.599198919548005 -10.939199400308892 1.5711486813869335 1.091576185546275 
9.654551387463789 -4.212035336439346 22.914419743553093 19.984810703308195 7.64551672334319 -7.961150615373434 -7.246647545979312 -0.893052675464464 -3.206261278271409 0.5577600083186443 -1.0569637763750819 
10.683082843746117 -10.840351385635032 11.238989143665986 16.396669211175762 13.085972607503065 -1.2302372254757903 -4.9301547507586685 1.5741178931397808 7.391397106794683 -3.3608057216478167 -6.697696349976822 
