-718.3631397625304 -711.1178735008134 -696.6340618928315 -445.1818463499856 -197.87000969330512 -141.27558248759357 -185.33113890839218 -244.96504822741403 -306.71215330650034 -427.89626297496267 -636.3317953958373 
15.104436691941514 20.63481937709453 34.45488432214482 107.12864740043366 82.70683895981635 72.59303869793025 70.21973215957078 61.17083458963273 39.99015691602703 48.88113097908921 57.76525216695146 
5.552283266938231 7.272751813504275 21.132205564358273 -5.395193778300484 -5.06835717644611 -0.012851363704183688 14.04883823195802 24.61746934912039 10.168295668560283 18.826671240945817 22.625096735788453 
7.061084478172237 8.654499549941178 7.655196849634857 -73.46060740808531 -94.81535393082177 -95.88062862794078 -91.06366431534967 -35.383814848235076 15.641413241890668 20.88243801034787 25.19102236950897 
-3.6047172102980194 0.4508048533814814 1.3759753522428753 20.877281170524704 17.472863317333726 15.977789449549306 9.118091326260505 -22.76969388100772 -2.4882747394693894 1.6837224263063237 -16.615101603358365 
-8.407139923583301 0.37355966021108755 7.846070767499937 -24.54773215519856 -23.190739243968302 -21.559084828649755 -18.81408939242747 -8.731810321133803 18.541788190795472 6.002110243769264 -25.2765257846393 
0.03107662747133577 10.035345677904976 11.174238756628608 -36.90081777281594 -27.076232161753737 -21.00669693926966 -9.842043118834216 -7.448272226264534 -9.157894132357733 2.795171884800191 3.8637364414125415 
-1.724457874486002 1.4635940692944551 4.724693522806504 -20.5706963854867 -22.712685996906835 -18.227262564050363 -12.033367542724179 -12.086498074289311 -12.245879675984988 -3.9740419784111154 9.73297484631005 
-8.84126408605232 -12.783795206454457 -1.751238210261929 -11.37567643775653 -24.082290826756967 -23.55240951533149 -19.06628814594734 2.7337281983698993 -0.8973707971884151 -6.3251987220203185 -25.986280242376054 
9.439401998949233 7.680179182604767 -6.667141987106575 3.373469144712196 3.941300768330332 0.6222108445046141 -1.4521354691807051 -8.983717038554449 -10.993868707756047 -4.919666883892226 15.006849792207714 
3.2716750189271053 3.319476536653595 -3.9698870414305247 -8.902934306964935 -11.100197376002342 -10.741329742080474 -10.203127207186732 -11.94611934532977 -1.1710697393209724 6.441428292686368 10.318574641997207 
-2.0367770599592196 -2.1487298334500764 -6.721099805929339 1.005677144420332 -3.289844286609958 -5.01546928891636 -3.866691836054092 -2.0887821596478564 -2.9382511727470284 -15.022787617634009 -11.806501779474603 
4.823280082424897 4.352592599108256 -6.29416457023871 0.070120631154277 -11.812517898371834 -14.499864920037325 -15.308123367555595 -9.650965511260942 -0.8417459861631444 -9.055051103341569 4.054065655860001 
-1.6499742252865008 -3.3298676135227083 -5.8763002377169675 13.244727973232191 2.6380406070681746 -3.0648363289936085 -11.00365443532128 -15.051633453240061 -18.842621264710864 -13.131697847158808 -3.022927812000605 
-7.6729585153443525 -7.840405355355136 -3.8707317687683918 13.076626906808425 7.780498083835654 4.66851937405357 -0.9328834984628527 1.9983067852830056 5.555356059525456 -0.41624568871154705 4.524655422684967 
-0.36348674442454887 -0.03474572300703441 1.3951997105364462 15.120901523555045 10.93827218572202 6.545975653418182 -1.794563909123496 -4.926275002243203 -10.468384669540587 -10.262578909099663 2.493360214572582 
6.703415061080187 7.270870647061047 8.508587889835962 13.502070812683572 5.701780002430821 1.826979834443859 -5.215362725329989 -9.30528722696964 2.087924444216175 9.913871744960742 16.421151391407577 
-3.5616114678587882 -5.947641720836095 -5.611768720284132 8.032458525779877 5.3071964549038215 -3.5048248004217504 -14.847048918643747 -6.937648952974973 -0.24299848142882663 -3.940913723758562 -4.759385782778905 
6.192540146453153 3.5516202599050817 6.549227983569963 5.0898726869954105 10.655729757657223 6.416143627284379 -7.181715858894239 -12.139961203025006 1.592665583969145 6.296760351299305 2.1912666044809384 
6.161288959668441 1.0672731427397504 -1.9241078510853176 -5.818458774500272 13.984805838408716 17.198046705967073 10.003340565570504 2.227811224938584 5.012839936972659 11.863844500048799 2.2139123711643705 
