-463.4724642137383 -461.51599601834124 -467.5220822263825 -471.15524522604846 -262.36086238379306 -147.48476907087206 -136.00505658937496 -186.6769381342213 -294.2449206479931 -432.01377386090627 -449.892291813618 
49.69042229932565 49.1249534782294 50.633365957249374 53.57966641429904 -14.343128397138372 -48.472084774938466 -46.24632844074297 -13.848871165174337 19.133283732153288 53.24319471548184 56.12924476805601 
19.14620281239352 17.988826170933734 19.167070972989983 17.40305846727462 11.053377735650487 4.29219505300446 13.420084399510811 16.544839107507393 -9.03387348166504 26.29068110278881 29.628857800718322 
21.77329580872036 19.92615863645691 14.343160950351546 13.074073470752873 -45.81939966564886 -56.3782073612841 -51.59795992843689 -24.690585234726644 10.615770170658866 26.59958101055696 23.19946626319179 
16.320080040901566 14.302800552672139 9.432993514529347 8.367008450183071 13.121911020615695 -0.7876298232255108 -6.917218745219714 -7.053867261753402 2.937694680267982 -4.906829241766232 -1.5176066632267284 
8.598890769458785 8.287457416862898 8.642985580630448 9.276462882765511 -0.92358965439964 -0.8159236538683153 3.0345218041365576 0.3129860268701519 1.240037529736295 10.29583583785558 9.350206160754556 
1.1332162947566986 2.6953467125053083 7.505535041476618 11.462424849290956 -18.839902725064405 -19.48935685999787 -13.319299505646587 0.46677593799416267 9.670459248249852 4.325962788189219 6.286865007502679 
6.910250672183758 8.334238877396256 10.04315088807143 11.223928743967846 -6.337695939875356 -11.966270827169893 -15.038823228558874 -11.629502113078463 -8.288530026770106 2.4276283210394207 5.759119216286862 
12.409265073809328 9.763859283132877 5.19491447550346 2.5554758909482063 6.761595043961748 1.241554491802904 -6.285823600985237 -5.723604474775648 2.6725080143114797 1.333639464470838 0.01577608580145884 
-3.6100368414215365 -1.6730874439286167 0.8296703619974559 1.1930481979404683 8.473107264212157 2.357417342655775 -9.963332966322927 -13.025994669293604 0.9360972490838457 -0.5898010911904776 -1.6601945352673184 
-1.0232797896763266 2.524029287527494 5.5619228205824225 5.491639524843273 21.25784328697293 21.597804113136768 12.994142744002778 5.811477645529132 1.6976152282544974 12.790292646542145 6.153621952151397 
0.4943530199683265 -1.655655870921825 -0.13540111366606467 3.453377713584015 25.794576739594234 31.913239419477566 26.392396229969684 8.51003273725615 -1.2923119516223924 2.5268067400069367 2.3266968196398414 
-0.6937713671026864 0.9720571872492537 6.644409080804971 5.913020110128896 35.685199532643516 47.349813428621474 50.339628978701995 26.448700471701315 10.61249059056584 6.911436200108721 4.8121072898137385 
5.718712338649128 7.728028954968473 7.405207472567636 5.841132283030232 -1.691857827004948 15.36000198865505 32.08773486278321 25.422204027200706 4.007998033371023 -9.037413107799665 -6.5432784314951205 
1.1764374783899145 3.765782817822683 7.447937836662844 7.451013122786987 -21.584097998889384 -14.410199688585644 -1.0914414599316524 12.700277505133194 22.7135861179491 -2.319385767661677 -1.7616769395104035 
0.9104523901893062 1.8532539604701161 5.965052747323103 5.42533627066052 -13.77034993969929 -17.691473356182648 -17.925273338996476 -10.99177602900064 -13.783974944178915 -6.930342864694069 -9.37015678141473 
-2.099384035101189 2.8117384413868165 7.776775304871679 6.464159323466934 2.4405889001699625 -2.7445848751908737 -6.643947013176909 -10.747906416592084 3.4417396381819665 -0.0781146835009488 -1.1239075217931087 
0.6092868112590635 4.498774715403257 6.460289330081961 1.416359541186048 4.329340533583606 12.043420715650573 15.633270410834358 15.361907454749236 9.427740563496073 7.177851959766167 9.372853086031368 
8.54830301022426 5.618782637365095 0.8236852888740247 3.0451417169270343 -7.939738644704374 -4.275606490036958 -0.6708440351254383 6.687772536832908 13.900509800680762 -0.6097272582053488 2.2338568880236016 
1.8451206204469939 2.9148410114379626 0.6020971065435239 1.4428240062948978 -12.555206665125212 -11.143479454682982 -10.557791593698228 -7.56473592875097 -3.411088483554557 -0.9659002881632917 0.4858731669768874 
