-210.04392148289114 -46.73621997857675 -0.6167091840985152 -51.11746538631933 -137.6240628404668 -237.52920843981875 -432.742092869158 -534.8433704841773 -572.8120766194311 -608.1620531430044 -642.8567725409713 
-7.819577267468318 -1.4126076035083113 -5.0406825847101056 -7.7020597231192625 -2.0468918663407196 -15.944624613600192 -3.9386109373592166 23.18436887518495 22.165496008199263 20.64182838443583 22.81615389114482 
-27.91610514172548 -8.814854439693915 4.772607049739031 17.776893357014824 13.547550288938183 7.867560342325282 -6.124765954339156 -9.192383648141819 -12.338470139923071 -18.696974946331903 -9.214461856469939 
-24.28527640266405 -44.649429346159295 -57.6435662072015 -61.40928295201185 -11.431662132245417 7.146027848293509 -14.990598355502993 -3.8621578955299785 -10.277312134096395 -12.338600903189601 -9.596501095190742 
12.706468608350598 11.939672034704511 4.516484909410597 -12.163691798270229 -16.353794927125627 -4.401371988349105 -10.887163944723142 -13.500583721041426 -22.962499970290587 -7.35664604562781 -2.0880459877277278 
10.059403970867304 10.873533098332953 14.799436015335324 11.693999662767375 8.237390355112424 13.881657774880416 6.655377955012241 -0.3411051034196247 -0.08603110280509683 6.006423916860479 0.9316871882188544 
-3.0422644742891327 -2.763585589735467 -3.175302511225434 -2.798544982306109 -3.026086820560236 -8.491938742218997 -20.641711057967946 -15.249642213264206 -9.9686586249692 -4.267219323748234 -1.1289112263955794 
-12.925132369931486 -8.185575983781735 -4.4886029377234085 -2.0205885948370788 4.6783225604312335 6.214499650954933 -6.048965945187396 -15.507422386493277 -14.038338252074336 -6.242830829797498 -5.464928406661533 
-1.8600952177437104 -0.7379564868502027 -4.551946509172511 -12.636842560281334 -9.424248106630063 -1.0893390291964151 -20.062372424677726 -17.08569896696701 -17.55455413679934 -18.146859475439612 -10.639404997121169 
12.84029335419536 14.154524716193876 10.40907426940517 2.6301924115169486 0.6769107443136901 12.90371617836591 8.505620944606559 -7.124702276529178 -7.442533412353935 -8.267384451393074 -13.045481300062338 
-12.588539195163118 -10.883028286023057 -8.302273173222469 -4.205806760413006 0.15015271526406898 2.08149831059559 -7.632218983345762 -6.081377203250867 -13.512788178254546 -8.309414442824806 -8.294470344686669 
-6.101388030458432 -4.473848453783876 -3.8957032383724983 -0.8075369894689961 5.530856792937365 4.548024553639725 -1.120879877014942 0.9920327631874832 -1.4515200439793499 -2.809936400066194 2.762358993582448 
-6.080953053734356 -5.040368626088831 -1.2108778266068592 -1.8318094585292437 -3.6480898600769867 -6.685375347553478 -3.4732070415298715 -2.6851741409448904 -0.6146832954963539 1.3588832531412325 6.2657587169458635 
10.063380456592327 6.9539776437840946 1.877510696935251 -2.8855875957581474 3.09974513074558 0.07810495809507145 -1.2891760938231864 1.2917862085422653 8.7291725827319 3.9670950990596476 3.8433831671157197 
-0.14744025415019113 1.436468812357864 -1.9833626355975915 -5.671490811694837 -3.8821144542130246 2.5724421437325247 3.255225866772949 6.543163305754238 9.28577489913523 -2.1122177628118353 -4.402015592431656 
6.431863515532644 3.6247251833195477 -4.295131976036602 -13.24005934225768 -20.15463863963859 -13.523624954473846 -9.683183860796767 -9.141281567509928 -3.1976907682290845 -6.8868446787240964 -7.401570690467036 
15.672605905803206 16.27075835125848 12.273546869582574 6.166599090739654 1.742428017563192 3.5241198957109647 9.605437870684984 1.1199426238805945 -0.2677078236004745 2.225218579375762 3.425511238474336 
18.154312763162615 27.406490898852383 30.54190791000137 26.536849095621502 8.057710722429071 -12.070213896225535 -21.542307946531956 -1.9492489943668754 -0.5294370959042907 1.774684463935111 6.14789852668039 
8.127799753702085 19.783321630868045 26.962863510134476 27.632027902140877 18.60203880792739 4.855781193852861 6.164663451628012 -1.572581251485769 -3.6572770141681783 -0.8945049071957955 -1.9858568356671091 
-7.168838635198986 -2.70380048141158 4.635885336470885 12.56266212195679 4.544362939773419 -9.028075379358341 -6.655887168717749 -0.9110662015035574 -2.041853701015866 -4.755032738813609 -6.3539433796766875 
