-444.3434052162893 -409.4051764276437 -426.0475157160691 -436.0507069340402 -294.7939214250765 -206.60661756574237 -220.2444122687722 -345.952246326273 -556.6277876026384 0.0 0.0 
13.910410799321433 3.480462612418097 -33.01705297499825 -59.33574539238422 -1.4379953959986922 -0.5959580990400487 9.647046344383092 30.663310909301067 26.688955688461462 0.0 0.0 
-7.828810518903395 -1.6413122346766595 1.6402122479041759 -28.205465008412286 -44.72989136770576 -42.36241122351326 -29.006316410302333 -5.038527630503907 -7.2430097597716205 0.0 0.0 
-27.15025189131143 -22.140768590258467 -10.242286423505014 -23.637296169697525 -115.35620551220008 -118.85862850071221 -110.80039721311175 -103.00658824293342 -63.249686642831065 0.0 0.0 
-13.027134482623893 -12.59586491050893 -2.656012617361423 10.905836089056548 -2.0344762322777012 -12.32774877009356 -17.653522936597604 -25.147586960165423 -12.782256525136056 0.0 0.0 
-5.559357228687187 -2.9467485666055566 -5.581096309608498 4.599502498689734 -17.93384700847108 -26.751618027496036 -32.3102413716304 -36.88969432961615 -24.753574787245356 0.0 0.0 
-25.973480450346116 -30.090802437474146 -31.84018092663446 -21.52042856442448 -9.617017193079342 -7.490073448942754 -7.814803543106974 -11.285527130600041 7.623319001010192 0.0 0.0 
-6.081396004283057 -2.3311607455983987 -1.5157007471994866 -1.1953311315650699 -17.407357574275363 -10.016325031425179 -3.7820008880814795 -4.437808502718292 5.817912825414277 0.0 0.0 
-2.7267775652715844 -6.104310040101237 -1.20314863925549 -4.2014778313737535 -24.586248214770755 -18.063391583098444 -10.898873664396 -5.241350752207927 3.6283336443928382 0.0 0.0 
-3.4352291441365326 -0.7590084221057283 2.950693113031215 3.6795743293957646 -12.422085247914618 -16.423643980944494 -17.682284787263065 -14.520142044180805 -2.95726329176866 0.0 0.0 
-0.5073715657753539 -4.216539127762241 -5.93278485310557 4.9860994328452515 -5.444877166021374 -17.631274043869155 -22.980374368671804 -18.488912603525502 -6.9349277183097735 0.0 0.0 
-20.43112205567156 -21.84750330288481 -25.36487638781323 -12.726007135056912 16.363800753055116 6.058276775633722 -8.96807328394997 -12.809471205685146 -2.3139330481024514 0.0 0.0 
-21.043863326665 -19.106161096104632 -13.29551830168165 -7.005309946288927 17.41721026882125 22.361182199003267 10.902054440737903 2.092690380486285 -7.910092820258932 0.0 0.0 
-7.816042896973332 -12.938378666177627 -12.341577070174012 -9.697777014996444 22.4996715520613 28.399134152248436 16.869816804025234 -7.072223017785262 -5.9299097903881295 0.0 0.0 
-12.405086687878232 -8.663132449478919 -2.962560266039109 0.7029804336294232 -3.1508059478863606 11.543535058640899 15.398435807072907 9.72483161915217 -6.07513729510715 0.0 0.0 
-8.289332172277646 -11.892608259172412 -17.670632624894676 -7.504615321467983 -5.28346188405161 8.292023620690323 14.275549077654315 14.712728605284672 6.740110948953989 0.0 0.0 
-8.727214176348586 -5.793885923615822 -4.166208250358421 1.7308385224816794 -15.381446624715913 -12.592834886100507 -9.511654206279948 -3.728074410264649 -4.306068538226882 0.0 0.0 
-7.149417892276416 -7.039715702537295 -4.133932930135309 -7.045733955451351 -4.051270026714326 -4.787880400773691 -3.5346610180057936 2.083212382569278 4.0617988610175395 0.0 0.0 
-0.6067903829634014 1.031060425204941 0.9551451299705122 -2.1003231096344486 -11.259394290019891 -18.4345453405051 -17.54265769176991 -18.47153613678058 -5.425479484326698 0.0 0.0 
-0.3609331363577558 0.30548570236790457 -1.8029105962543506 -0.11748598987015868 -0.1463777872514581 -2.4664131153216973 -1.5541919015107717 -4.569196285135883 -0.352848434727119 0.0 0.0 
