-566.2164361854052 -566.2617725283237 -571.537125522413 -561.2493809759344 -368.0028181401727 -238.24730891055532 -213.09020678690072 -261.71438425288534 -341.6268239682293 -350.6627888990172 -383.9524377428816 
24.759232906446798 31.990960459334524 39.27519337142269 45.706394951622954 78.25517620694949 81.20311138096743 88.86115810529799 107.37643678478406 98.2833904506009 37.7430877167517 30.951267418309527 
-9.428075675714748 4.328874425349875 19.82410165410693 12.380698185358796 -49.186109377708405 -44.20818545494278 -41.48029470634964 -40.22730497452888 -23.268557129181623 -15.573163033864473 -13.032978525716619 
6.191462317473091 12.766750090063635 17.018183750573854 9.174525834331966 -46.8409615713383 -50.27151201433402 -54.92360653762498 -60.15893411909452 -31.295750855084528 18.27042715776178 24.546055899587635 
-13.024144532419829 -5.594642214522308 0.7273599544315729 -2.2982096848489464 27.14978828601085 34.8099278148087 29.056091460579456 10.576411430866388 -40.80980935019752 -38.91552888786695 -31.224770363921657 
-11.298172000721753 -6.849790879182046 -3.6959901592594857 -9.596264357063607 -23.762249238045563 -27.14186554624096 -27.384323595170162 -29.220320493947515 -11.267850215515594 1.551957104968417 4.255970360242651 
12.984068103482727 4.343299492350349 -7.848001134546184 -15.083637289628676 -13.218555389416137 -9.750494523970119 -4.118446421563539 0.9347441106242614 4.6888323292452885 -0.08152291278699414 1.3422664331200058 
3.7910963744534163 -5.506315966853977 -12.32906254887433 -11.13457817176295 -0.3201540021705698 0.9210392991007541 -0.8562658796543154 -1.8580062317702615 -7.248327275047405 -6.457116830627445 -6.893721566901785 
-9.354163928941741 -13.083531927653434 -15.01189708805899 -3.82908806683756 -9.434745973220565 -12.491661432573972 -12.045374807445146 -4.787963759236203 1.3987412101825067 2.7718827402765354 2.655890269483363 
2.2353138306392606 -3.1735171855927833 -9.500728893909212 -3.895979032772207 8.146954852891717 7.788279790943015 -2.036281318991196 -2.2042742685101797 2.150247766157451 8.769546807125831 5.594419506808898 
-9.871996071850923 -13.173892676773963 -13.182002534561839 -10.626973984736669 -12.550093616265958 -6.792170943935694 -8.82198696417425 -3.6217755372799916 6.683633156060928 7.16604990873563 4.173432389304399 
-6.019696416559132 -8.00858827583126 -11.625195971198526 -10.475460854355202 8.883712595154565 15.751602324762501 19.355487583019094 12.567190976747842 0.07868708542912273 -7.229870158266724 -10.259185141030702 
1.9975055058945927 -1.5293670058689424 3.252356618378953 0.8952492494330782 1.8182757611053344 13.57247964502727 29.544653998447266 29.2309843797387 9.901659952872604 1.997876017062687 0.29627271505737807 
-5.835828358355845 -6.668476660367189 -4.350116957382668 -5.927514553050308 -2.973127735442258 -3.5271249928783655 12.138241062099272 20.71682948288231 2.3499801729277316 -10.551609302056121 -8.277880899303685 
-11.376754102311963 -8.362787752592459 -4.353059377309924 0.23596594225922515 -15.85527827842563 -20.954870085038323 -12.577699800634164 0.1619539707449969 5.134524514348993 -4.511012461083869 -1.4330871714865867 
0.01211494010848424 1.8419469901343928 -10.071061374911633 -6.854252352488668 8.084070501112281 2.8681557496574293 -4.67873725292654 -6.328355781082417 6.606052336169421 -11.383685884439435 -11.705045388183851 
-5.735999840550716 -0.631308728043579 -2.6178657173076783 -2.8659700775466486 5.522967845854625 3.81230122768525 -5.64973410273003 -12.892313022484819 -2.665605404336883 3.2593084789986975 4.924777272081888 
-3.6469387076931543 -1.6559181498909383 2.0637270692988032 1.1169962957077302 2.8382067242511475 6.401905604924295 8.301102559250577 8.168743436768539 -5.98625830667208 -0.555156128512871 2.0923665760766506 
2.6422668258298003 4.591648062309215 5.189096228395865 4.477401016160025 -14.041617004889666 -16.276930688118306 -13.724192461797582 -8.24970686795595 -5.647823081685111 2.257223025914949 3.8422384616336074 
-4.68687281574412 2.9529442874788354 10.223339606003051 5.324374204418152 0.009790813521331931 -4.735699946232668 -6.212280640663444 -7.451121942869846 1.8148012655103745 -0.12230888525397567 0.9185548291069728 
