-291.8219940509444 -272.5572747028506 -278.4466959397011 -320.8527499574243 -380.75340672711843 -391.8010793892214 -395.93936385585334 -395.560905503205 -400.76790438210026 -403.2940740094894 -404.7630610651741 
98.40086983711109 101.35274714842745 114.83141880292175 102.09477305122493 54.775189976896755 54.33970079530628 50.308921022706215 48.90713430098934 44.27274778731499 43.53866136366213 41.78538640079917 
-3.518622960961367 -0.37951052803990104 13.197983195148698 21.916057831630496 17.260401463283404 19.48909194686821 18.802583871142673 18.171821837338154 17.82179841631077 21.383823160234343 17.792968890058553 
-69.5265575537221 -83.95809889287456 -77.23234533694168 -40.96732276237129 -4.932631473678585 8.205628669078184 12.969724823422407 11.69732222743668 8.465329578579823 9.977983895965142 8.694067667934068 
-8.38180750686218 -15.475674752541504 -33.20635785710653 -32.181505682694905 -2.1439910111295934 5.331486179481237 8.464874025247703 5.706614435633833 8.77187027285476 11.149359507387775 7.907016864908439 
17.705816951674922 10.080799560366936 -10.147584445691578 -18.22356674492753 2.587728376214401 9.061533363968369 9.952102183748941 4.112119683770036 7.260554419711788 10.767625332225649 9.2594245607864 
19.307169926962942 20.43432817672399 14.456775933441124 8.620561272354088 8.014580746471296 0.3324238244492005 0.4229807064879605 3.916569687673842 4.932676972096492 2.9669895312461927 3.620786536661503 
2.4328133316099585 0.5953344770687723 3.736178378076625 18.14997532229899 12.605930675934346 6.978756911508342 5.206781899286897 9.706287289920308 8.25038346665616 4.448281066521707 3.430623933249513 
-11.666973537990707 -11.596480078953562 -6.413632194389514 5.651614926137032 5.420311134644248 0.3145641507747262 3.538256247063101 5.618955019259122 2.924943515730914 0.8193572541814063 -1.6977362217001588 
12.288936080441857 8.155735073402674 -1.1138988239255776 -6.071646853687682 1.6578541922999623 6.825491889712254 10.515591632899344 6.750988631238965 10.103413846413407 9.539957462600073 4.788247413533805 
4.01617380195926 -0.34548009200964863 -5.9223390793774975 -6.867673390923803 1.0227986626762786 2.8915556104792923 1.9581962835861253 0.4641178405986697 3.501520591671804 4.528644248536339 2.053647374398544 
9.740063406406431 7.741357403210845 -0.8718901147632037 -2.6620103580753343 -2.385161434284889 -1.9802199604035553 2.938901044903047 2.905068991801025 4.709238456188947 6.923223719603953 5.798414399475252 
-3.49878042672465 -4.523519357170846 -4.3932805194962485 1.6167438193380477 -0.48868289277176946 -0.11076100250175736 3.9003695905193814 5.252114267185618 6.01753296367988 3.9233810772627873 6.461979557350471 
-3.4517783969932037 -4.096655530636836 2.1452891563759935 7.5129334828059635 4.384423440152561 8.570321072959539 8.884514860443993 4.973015454319754 6.523657461236226 4.051175982632811 7.088710010049417 
-4.351811175183396 -11.024537254776437 -9.887601445592002 -6.919672474689288 -0.2283426902624378 5.655317329408023 3.59997601793643 1.2264394257061038 6.52092436252612 7.1303024387376635 2.5565523581787595 
-11.678664369811514 -11.503734498810685 -5.958862094408081 -4.802255005293537 3.961667818227941 2.8638582095234177 4.4476664013015625 3.4552463531457334 1.3090541636359967 3.6184942462539835 3.7804730959797133 
-11.28041604115009 -11.85553384035277 -16.806383035885233 -12.592326036579104 -2.136532579255395 -4.787728657497541 -1.909713434207124 -0.5863964165578623 -4.8020552174711515 -5.076498484771998 -4.956682935715417 
-3.0789913374595574 3.4410361450760063 -0.8658577330692093 -4.9758519040011935 2.170502439525155 1.4518492623496118 0.03444287101061866 3.1406155397190605 4.853024700128821 0.3658914506955695 -2.478269721370193 
12.007676329966175 22.269242618880945 13.379570622715145 3.2506087593673634 0.22224460664768794 -1.935817351390161 0.15556893984064768 -0.5913827900223787 0.8963698613231439 -1.457525524286132 -1.7453581715987077 
17.789411151209613 23.894268856747445 21.76353890081586 11.94758629203249 1.5876145987236108 4.344084004053623 2.611029150092704 1.7248729799473574 2.1118356649417587 -2.4397387145667206 -2.5122778590306627 
