-336.23994827417647 -318.9105722706192 -301.4191636011623 -301.21376148503003 -310.22113878657905 -325.5218904989946 -300.2351612514359 -100.88171629267741 84.34201986690998 145.72343020293755 148.88979992582313 
64.87734903457172 64.39231401629793 55.34870971193355 55.293958827434224 57.681240921554135 60.10597181196503 45.29986268802422 -20.65267627102188 -33.95690905009923 -33.817295468091935 -27.634127707094578 
37.66429358694757 34.60997355093837 35.554398126789565 35.26640471934356 37.80333673245828 38.05761092921225 29.326335903282057 -1.8510455459607063 -9.195325503289494 -11.612002356459467 -8.503205572633203 
16.98509208557069 15.65488240666364 14.25820906658356 10.348054633208081 7.709639741231018 12.458304148786905 34.7015262042266 15.470653931043366 6.528159439444318 11.302207090958081 18.859058990819968 
15.213299429074103 8.420758964044397 2.464643313311912 7.5368138996594105 8.312878576849362 9.113464453056007 1.3185297587426517 16.883145871649457 17.746186658566828 14.22702294242707 7.093285822240478 
-4.93630320153858 -8.676721810484647 -3.2702841080136587 3.1063320260919753 2.4889516722108813 0.8662254677119209 6.819412654321771 -4.934300613598139 3.874047114271601 1.3231406225852056 -3.218538304834804 
-1.1241560133272506 -3.6464210928629983 -2.897119524973598 -3.598310703106467 -1.6437470015527083 -2.5259853524188047 -5.05873802653303 10.783581189935479 12.426512748424514 13.013363762843362 15.358076885066296 
4.060007387650499 1.3228783199186356 1.3108086195792354 4.166449917596743 7.367351951123609 3.4601271034121233 -7.507917914556518 3.748108821006327 0.13385606859311272 -12.030177011059681 -23.166697812026605 
4.560354201919885 1.5531826649386264 -0.10868949963235197 1.6892250295351854 -0.8373551417539649 -3.3842132885792564 -1.7938361471989794 3.733884503410497 3.327240588887266 3.545837491110972 7.191387525218164 
-3.420611396800594 -2.5667610196263024 0.5881778101895686 1.0397627782016088 -1.957175794922013 -3.215211339029308 -4.077493995473205 -10.800252343844988 -6.152751106882173 2.265552954202272 2.41555719797943 
-5.289725420713856 -6.026583637776017 -5.6246589558863604 -4.421910254736171 -5.739521868907021 -5.640462251855262 -7.1850900800921105 6.733953724672216 17.046386191061302 13.385124725388188 2.484845965431173 
-5.993895438418125 -3.4676780324662233 -2.6343401976404532 -2.663734073582564 -2.1309249413999485 -1.7124597654311504 0.19654489859660051 3.448956422507486 -8.609742941128083 -13.337652465295452 -11.938715427439064 
-8.556965846126346 -5.291094713946684 -6.9371107729958545 -5.708560066941022 -5.896227199428072 -4.532082201951208 -0.48922327585312275 -6.346523883940749 -4.697695169926703 -0.28370243473728446 0.012038476422553221 
-10.414593081928285 -5.287302559970705 -7.821330757692928 -4.933127141736765 -1.1273455813348856 -5.95704340080686 -7.350777098091259 4.49067482860769 2.113076298233874 1.0703957685645569 1.9626970214739896 
1.9107327049022547 -0.6848520759103821 -6.135795688137028 -4.0076495850516505 -1.6012182358661677 -4.580827664957527 2.9216886289875443 -2.083079024649082 -2.9671432955810864 3.393035639607799 5.9155669057262905 
6.959074440311828 3.727596236111295 -2.771244412679922 0.621148394126497 0.8909676858226119 2.61815409739693 5.092299814895885 11.933234382840947 5.5266528690586405 2.9312178662857864 -7.230258185048818 
3.2831049382061064 3.632738547158875 3.5875642071462064 5.586606661674354 3.038439912465847 -0.9437427911126024 -8.587845030181082 -4.2520571584011355 1.9279836112465885 -2.2860346968753458 0.42485544015029775 
-2.4031312727600325 3.252484794685955 4.885565643758587 1.8118962144398294 -1.9606192993983504 -2.010940759588693 5.561537461147763 -3.5494434076818546 -5.754362847763234 -4.931451221957239 6.327309525919836 
-7.687967243730775 -2.2104603208890783 3.758514488069336 3.236044967764821 -0.7203924895827098 -0.9762843659081875 -7.237966886061583 -6.267316136966497 -2.927401332741809 4.339072064713587 5.637634293655544 
-0.1439908784452999 -1.0198593490972547 -1.362039429699678 -3.5262503498946876 -8.159951614021342 -9.804864203859076 -13.0649145513108 -0.9516549544372013 5.403060185358926 1.2043873577388717 -6.954441392863874 
