-481.80135568731254 -489.6727351287186 -499.4044630150599 -339.70257307093345 -225.42699557842528 -195.55706417636125 -226.1977587514435 -308.4456546885887 -433.0770370244359 -498.3084174397975 -502.2578876305939 
67.94770663949714 73.4709481242214 74.28593245716756 -19.385132073930844 -56.40259137637574 -53.161323255612196 -26.76013374631782 3.291238969279341 37.15065785401791 56.127055417759955 63.651571315448805 
20.69966028100468 20.67162399862513 26.370429274726277 9.060575974003587 -11.494285874552698 -14.650915080040006 -5.594242683597262 12.257116117452894 33.13669680386843 28.124656895285465 21.162940776031732 
0.4310478414071087 4.087058198360522 13.125229183410454 -28.118515858446422 -45.483929597093024 -67.68523213240954 -82.66098520684673 -79.92156591613082 -27.677672529442425 11.968198158483958 7.1908674803142265 
-3.5211972893133128 -3.618205124102859 -3.116795568028941 40.28876652009032 36.25128870130086 30.032195137912147 24.348038541848865 29.21857615394955 26.67644258134593 8.341147222429223 1.5523583493369513 
7.5874390885348 -0.23012605804069775 -7.5555209025209855 4.4178636556612645 2.957483991878819 9.677950846440808 11.627940197153993 10.378868957906402 -0.8327124783095236 -5.496455247935128 -6.9412833567062 
-4.415170520408958 -7.2561649485169015 -7.856898960785827 -35.07269583145468 -32.49446417800162 -15.951541787496645 4.4963044444178415 13.566906710964378 -1.7599936040462796 -18.590524931252453 -14.72543217695127 
-5.631711214032599 -3.3586602650448025 -6.657065666724112 -1.2295745314246709 -10.927509707013911 -17.11093761450426 -20.27090999057149 -18.60763842353947 -11.840900650505741 1.0289292827534249 -1.010042588683359 
-5.543206408047553 -1.1008974086629761 -2.710120767151756 0.546407080983607 -0.5558453430194532 -7.671239840913504 -18.079498022336473 -21.29764780889817 -14.848614893725145 -12.003004897287214 -9.769996834246356 
1.5846381266026484 0.3543386891580723 -1.6331270531845248 9.329577971613528 9.753389749600675 8.665127738366088 -2.1550831117566274 -8.778721608047634 -7.4471121947214325 -6.291115358023883 -4.59694558997884 
-0.7349692062666042 -6.013754018181318 -7.141826240687784 -26.717466074479084 -26.287251404458228 -12.841843476598443 -10.339309081246329 -7.904708647384527 -1.9950647636173229 -8.710300826042817 -0.4585154868479807 
-6.045621480310637 -6.940637465940425 -4.527404414501422 -18.11918206303411 -23.32817317441911 -7.1751521135501815 -0.40657597741271134 1.466476866159474 -4.639564987984647 -7.752366802574498 -3.224873253373128 
3.0249354777768973 -2.5206337562853696 -6.300811815188495 6.6001261088808665 1.0505453729330012 4.735349465411054 -0.16894902717879146 -3.6515399651541345 -2.492957950231268 -3.959721677739487 -9.066146725573411 
-1.8727009823382816 -3.4733740018476054 0.549709041014753 3.2297525247910186 4.204429789192227 -1.9880661565865714 -17.834416110421735 -23.247348131553686 -12.895459720898199 -9.154326449989767 -9.687383439975365 
-4.223910165316246 -4.139251115302365 -0.08036333714565728 4.886245194156666 17.728272565494564 13.532472555278868 -3.0436525275734745 -14.342148026843546 -8.486021684512277 1.0739461045383327 2.3865007807555236 
2.581279345411039 0.5752017316200954 -7.769491934807203 -0.12923462898115512 21.126337591238205 31.844974211441894 28.32120565039934 12.254402805264737 -0.49484876562395447 -1.3481102550995716 -2.456858139316486 
-2.3240165972006226 -3.9599941624185595 -7.301360072753084 7.458255245986657 16.88674771143282 25.177323084892276 20.599643389728826 8.460542002986415 3.0925452045034696 -3.721591278671124 -2.9278495974008245 
-3.9745289411866747 -3.1506828944811636 0.5800153221563755 -16.609960663315498 -18.679809220084785 -9.157914635971249 0.49637581797293856 3.4630757062891355 -4.594300215331948 -4.244320226824222 -2.610230667889213 
0.4633200491588165 1.0248679469300155 -1.6356420369187838 -13.816863440871616 -20.93903890012539 -22.915188054188743 -15.408095238290807 -9.859279350562325 -11.070588501781291 -1.9416866663436188 -0.1760934695261988 
6.985821939359592 7.08988570685849 4.887152070746096 1.1274058981006772 -5.5055454088601135 -12.000760986859987 -9.735378885792452 -5.302666375727578 5.888922969879955 5.205552938956751 2.791663119235058 
