-513.4246381319242 -517.3932432810728 -525.7971227859426 -531.8487629937906 -534.8490631204198 -525.7779590479662 -229.0149432335704 -104.37795278019524 -95.77205446170862 -158.1360772921146 -237.38633056363975 
42.95183544795832 44.93381361274619 40.49975494342514 33.89844557177666 18.982680284082264 13.268385073546256 54.42018989953188 44.54101299077386 47.9859914101998 40.811645773677675 14.701692672970246 
-2.2084340769026305 -4.093794290006918 -3.478754164066653 2.622249714336232 1.54463957485894 -5.199906505416621 -12.250566887416632 -14.077358318196556 -7.951533186052777 1.92602649531438 -5.1494137136061156 
13.593842797153215 12.081475730201776 9.420629507324271 4.7553325128628545 2.3333465229921737 3.545598833268146 -69.36790348937822 -73.13844767459186 -77.85558166864469 -60.51507571602353 -34.14464005300157 
3.4438187468507193 7.618801558040984 0.43449950586216785 1.2642609970896093 -2.480594044169994 3.6354474009258935 12.076071548775662 9.93964558816425 -1.1939974208401507 -33.957530898426995 -41.80340200807153 
-7.7303812196830375 -10.234670143901985 -10.086735481684133 -1.4827541223445355 -0.2526938190623378 -0.4250128815100598 -8.74576675243923 -7.650532290568995 -10.383379363767185 -0.9446665186064581 5.154263734303715 
-6.6255824157932315 -9.1722333157524 -19.34960597027375 -23.527137789615686 -10.864994933326177 -6.741864449936277 -4.803074376188909 0.3829782550575621 -1.5565915830290968 -12.953245015152863 -19.293302411902232 
14.86685870976731 8.786852856054603 -3.251468373899578 -5.8794301954684025 2.8503239114247676 7.0659697441026825 -3.3608708793147466 3.4487672766683586 6.421414573348718 -1.5194725536764897 -2.809532346788538 
-1.1231835256778202 -3.015124477464721 1.657698491398058 8.522494632114741 3.889272756071198 1.1488379561963926 -27.65489940406821 -28.03994108218354 -26.96420884160908 -17.710489018514004 -17.155726719591648 
-14.570984495804472 -17.618342417250755 -17.64154638840834 -11.621737685117346 -11.7073233112218 -12.288561522644732 13.617343655963603 12.348669776011938 10.754711336413664 -2.673336445378831 -10.298936254158475 
2.9767433189358203 2.9847338082701946 5.164601117465019 3.5935773580949895 -2.395103655900593 -1.361336312113133 -15.09203882453927 -14.633302239358434 -14.459683670522924 -8.660112943170063 -7.073397753941002 
-0.947237993898763 0.13605971950841966 4.5202337936002674 0.5531782145800899 -6.097622020369558 -9.055442294508499 -0.010551280234202043 6.49689191220064 7.963150038710003 11.22940144418465 1.3501394064824408 
-13.392819689615816 -14.773434274288352 -11.104316213681397 -6.563117544763953 -4.266731293735102 -1.2627061898072944 -16.547810266613062 -18.112830329126915 -20.006144162061084 -24.232209526445722 -14.515285077784778 
-1.2885095773044413 -6.736311990550576 -12.475646374263224 -10.036626046947855 -6.562984372761761 -7.1053639680523055 0.3756902191050538 -7.921274252376146 -13.749240431406923 -7.54373094212078 2.421254081241522 
16.602133487090583 9.263855304348779 2.5128204500510463 -0.2412862495951219 -5.230413037434179 -8.014220366830617 -3.864567824469402 -13.839776823950578 -19.7227854419418 -21.207713517027173 -4.071891720629942 
-7.172426408389782 -10.78639984194583 -10.507253005165254 -2.8126443307986935 -2.6385694796921078 -0.1406629271174724 17.468192271979976 20.260211249614496 19.419771352392704 7.541582004240256 -11.936809031162284 
-4.058855341474648 -5.742165497776496 -18.146944934996313 -19.225207077462642 -16.53820170484777 -10.872324159246663 17.810207351834876 22.88804077942948 25.517383232184272 26.444779842642184 12.709240772756068 
22.782479529851393 15.301321376024477 -2.7336767741524 -10.932167893156317 -7.947921360009154 -3.4668874326216805 25.05950120215772 33.16532737772327 38.96318165864807 32.023661951890716 5.07306691162062 
10.351288853738005 3.8379274481248915 -4.40129707014189 -3.2786066689670026 -4.598745646034658 -12.652645945567128 5.041157555038164 8.961040764308912 15.21508650739504 11.479668734533345 1.8636621363639776 
-6.741399935504421 -11.034945818178212 -5.134033556551935 1.5570908781161503 -3.9911683472014956 -2.031269939258933 -21.48422523759516 -18.285403180380417 -9.417225819702924 -2.1766240238204753 -6.959283996139389 
