-26.014233099363338 11.291859255163775 -7.330208167154037 -152.93660684700419 -263.9869239234162 -283.73169511757544 -421.32052895149656 -554.7778499066392 -571.9753078334766 -591.8028910797123 -608.544126085089 
17.90014564522876 31.145393411147175 44.475707434686974 57.53165650209921 24.213996986343634 28.231258270289693 38.64139208866484 43.67416911276865 56.747041596633515 47.33614036002502 39.88039279467745 
-26.763501575186496 -24.727687806807673 -20.949390797595797 -17.444748745033717 -42.340085326145726 -49.25437121682206 -33.69757718231052 -14.767303827997505 -5.665027325662686 -0.7975332274714139 0.10825893222557403 
-0.9134355708521515 -1.1273187407977765 -1.077564903741754 -5.656226535754055 26.684989478465894 27.552241842602612 11.130566109311639 -4.202983364799135 -8.123023589269746 -8.482939400819975 -12.472765757720028 
29.558305409396738 25.055833642013102 18.957143852595422 9.71996738377766 -4.741015638037817 -8.078071401057061 -11.731793685166783 -36.94327048708553 -32.612652569020064 -30.278198459639604 -28.597767312143922 
-38.32514293830514 -26.492649361593237 -19.862538367307025 -18.26549657275126 7.15677955019926 16.986903171068555 10.586903000437998 -26.5385224208 -31.24085562429055 -27.750920810277012 -24.468158257862868 
10.602066140844201 22.47595356961696 31.49670711473807 32.67171794721067 -20.959439729329283 -25.741153978280142 -23.396177514030114 -20.730292206661854 -21.31486462360565 -18.232956395968493 -16.773684860735635 
-3.9576066385671966 -15.750857931194172 -22.84073230322113 -25.55485624125071 10.297554338116372 14.580901692883511 5.39799414722636 -18.01236897725903 -18.362274918757734 -13.847744267798108 -11.54933450013765 
16.574217966063223 7.719966949599575 2.9817884872981617 -0.5502812469173375 -2.1317621340524946 -3.703799380491053 -1.7153689619059085 -14.484343497272206 -17.28877393775941 -14.714537830902044 -8.56577408258699 
-8.136372027609678 -7.869294259424146 -12.242123549594574 -14.167241272683787 6.172049342839128 12.325686086973132 13.865815419782564 -4.174297649247922 -9.836106724794869 -8.268075117080052 -4.373573637850914 
13.957361703402878 15.383895538790982 15.827898201794222 15.719635653465085 3.2961816566202957 -3.91099834146445 -3.8310480794897375 2.083062887705225 1.7956427621653686 4.42372465332908 7.019971071828606 
4.115504471234189 1.2019974843900583 0.9879322336252192 2.1258478677436545 2.9418185222954607 6.716741731670085 4.718820040571551 -2.0432875187489805 -1.5800512730777523 0.3672206273379951 2.8290922525401863 
-6.375548402730323 -4.56669648385811 0.22441335691699738 3.889565955527499 4.36546608934291 3.570020056850117 5.835681462164037 0.1895608631720622 0.16749692965620777 -1.3809957390414334 -3.121014095565069 
-20.262847679910394 -21.65371302569843 -18.689513422641106 -16.95558200628537 0.4137747550138719 2.788779965169404 -5.141835651382397 0.3248927183114403 0.8304259765544557 -0.1947250256877916 2.0264442043351765 
0.5290124343422358 -0.7858458879064352 -5.130390672771253 -9.35008860646526 3.524912976774173 0.9282470094210216 -2.2677321910862194 2.1818583657474044 0.7727132914422927 1.1835502337648067 6.620043651477124 
5.58388515567149 6.935586701612376 4.54659952449223 -0.39282055422543083 -2.4359951312678643 1.7313002444363794 1.6326867474275086 -0.8482560669969254 2.0862187717113265 3.2408026508103527 8.623845454229507 
-4.698473756035554 -4.056079259095794 -3.4681737266074153 0.31211329720089653 8.173804511563286 7.366927055170368 5.686509696202357 -1.0443226282139475 -0.2269524960047027 5.368084909521951 9.016883924181684 
-10.361604273345103 -10.053437346675915 -5.137035198470214 -0.15708825067837162 -2.0934946702835293 -0.5690104270340339 -0.14635940876034448 9.464966244854974 6.859506628064378 8.0320903443141 7.0094486199152435 
2.183200793809148 -1.6588713615948887 -6.5114222598309 -9.12706512415453 1.0816651819595793 -1.0780267190513295 0.9477230558055145 7.616378170506021 5.680108054709068 2.149480230893461 -0.7978830252114872 
20.021722670999175 18.625734753810622 13.970353742175572 6.572550156016602 -5.925865881543296 -5.521724519986729 -1.4518649519971785 4.158419231463843 3.21745344520446 2.4123565971429652 -2.8481921501872183 
