-600.2917895382802 -579.9021766703312 -620.5426765907106 -567.9299505373323 -191.90262773566582 -84.40254913734294 -93.81127368026499 -206.53719035292679 -392.44779484728406 -583.1193170737628 -634.8299774785071 
55.03166228759928 64.38789371066778 45.16099881339223 20.721934764609777 17.3325676131928 28.348591324077262 35.470439895962365 37.07306869031454 39.89415858415759 35.356265898199446 25.71089953168763 
21.59898167439615 26.879702117414034 18.321730908797736 -5.117421290696752 -10.0466744443195 -18.476305667443917 -20.43149176995185 -9.478891935112607 2.0130336062337113 -18.471281317059095 -2.0837141519481266 
-24.64718305983132 -32.74429819708376 -15.15036596709455 -54.388781496318956 -89.38911201166584 -94.0325136597201 -88.1240631555 -67.4332392570358 -63.322772000378066 -44.432388558611194 -7.984189321397001 
-4.2451805531648965 -1.4899418727953313 -6.679599885224791 15.765580168173575 4.603853022823426 -1.4046228359354689 -4.189393662936495 -22.874123204074316 -41.77098656986006 -30.083131303011996 -8.996313626093649 
3.3923015152596214 5.145658091672072 0.7005196326865222 16.690557142939625 24.766646093780093 16.8589674598676 4.642396103231541 -11.953654492585056 -1.7540019916948448 -1.7781579983910614 -7.679371410779672 
9.21270605467027 9.090502566184366 7.730089665201902 -6.959767844091084 -18.468038990289074 -7.322843919968927 -0.4203694322409619 4.947942046262342 -3.7740517273143457 -0.4236553521400207 -7.27953912936063 
-0.018905545463437284 -0.650305015200206 0.585062109022733 0.9397117544841004 2.4912458993225877 3.2824787879719506 2.6091769742339244 9.997117658612597 -0.1287460816738102 -2.550186855022047 -8.67548636320743 
-8.315908521817528 -10.170092757621113 -7.240759183357573 10.416470602042038 -5.249328222947993 -11.513359093016177 -17.87821286135273 -17.115027522818167 1.7344311394488536 1.9840943058783476 -7.704741370001608 
1.3578095004650392 4.99140845830814 -3.14444878921703 3.9446603012227834 -16.58680500282578 -16.932685377507486 -12.13195924009819 -3.5108235828439223 -15.295981928161556 -17.77975972204313 -2.70015727089495 
-5.76659716070633 -8.538709071010787 -3.6195812513957195 -5.333732867615467 6.283758652746496 4.040702775469395 2.3562941947438545 3.9431446121500833 12.789887826353493 9.034085308927159 4.001672453518895 
3.34648615780478 4.192820994533635 2.6671295357635354 -15.90215153600995 -18.84042849370028 -19.259514272370694 -17.368995443173517 -10.793515014887312 -5.195476863241204 1.5458606924172056 -1.1165026294519564 
-8.192321437513709 -9.745729125307694 -4.6773470750476775 5.926967519146793 -9.151263373502843 -2.19001686740555 5.055833966258004 8.082584092172695 2.0019896717052945 1.9899128762490843 -3.0202105098755316 
2.6144177463524505 4.788533028780647 0.2568431306051928 -2.4648173556954154 -6.5665389422007525 -7.139999454206066 -6.815655322842355 -1.3574068021171382 2.398425688003704 1.951973143633024 0.6285250193013461 
-5.86760021955732 -6.890589042459017 -3.98059012752583 9.824105929236708 -10.07805744482565 -15.334801100331163 -16.37708234365171 -8.5765783582698 -7.85402835335901 1.2770405005188397 1.4328416659073806 
1.5563471469354775 0.6137993330093019 1.2036797839598998 4.269609433468752 12.465899550998252 1.9823094516047544 -6.624302386015942 -14.855844877684138 2.4826559904386283 2.889581253613068 2.275843194645513 
-3.3334228987604924 -3.480404040982013 -2.9877268278984577 8.410789075443851 35.30346653703822 23.819029326663774 12.604110296340483 3.4210488257242297 10.351548711600575 -7.737868137190771 -2.7095372561877475 
4.075845438288173 4.858669815770135 2.259781475867654 10.381326334125154 19.792596288601363 22.226679459297713 20.504519499351723 14.484347012364072 21.173782462354406 3.8000808451360806 -4.3447697353993435 
2.746385034715048 3.200877634698201 2.983823843618588 5.947720828666624 13.14658045840989 27.606983821326306 32.292058134723874 32.19536827415198 18.24462471633624 1.6937518110668233 -4.687071173644673 
6.6927442708299845 7.216002570017114 8.02896367724844 5.950053484402613 -2.378360252162487 7.788196533742893 12.410468474988651 22.38071579143803 13.761701207254642 0.6863646657689085 1.9688741276034947 
