-636.8517598636126 -637.3681158489622 -637.7083702347643 -636.7617209467842 -635.7155785377595 -275.32715822587403 -74.69048576555325 -36.46073519402143 -96.91740225808887 -224.16014275214613 -420.05408281347997 
1.0811241507007003 0.33483991999424473 0.0 1.0649260174642907 1.8965674865228186 16.399257320918 25.700565565490216 27.541679446005944 25.448069948943434 32.233574718186105 41.706447474245465 
0.7183114382433706 0.06348289965811263 0.0 0.48128554714791627 0.10367609432260683 -7.235562356196397 -2.9522145850185537 -0.8162738408448624 0.7504142752669607 -6.920900943663698 -32.45687380438502 
0.20122930955483379 -0.06232559998564771 0.0 0.0010732323440956065 -0.8723866339514368 -66.92199596343985 -77.73439984692764 -85.3064165588919 -84.05405879606779 -71.9014798746724 -64.74820373010243 
-0.3586662230967339 -0.033318949794464384 0.0 -0.27593144018348204 -0.6713816791097988 20.70319031076484 15.390710026764314 7.245973470862186 -6.812021933509978 -36.88379936696924 -38.899196034021 
-0.8407858677715149 -0.07752050777265668 0.0 -0.5776338679758649 -0.43144959457600673 9.711248717964718 20.393694480575505 18.369065155626764 6.401074446153093 -5.251475845251087 -0.6417392119934076 
-1.1414459312866296 -0.2908622055289485 0.0 -1.0069220521319828 -0.9886794430397352 -14.708760646497925 -15.58615032294343 -14.634689060061303 -12.83383002504133 -18.288473998443678 3.089485092090519 
-1.1962241273194574 -0.464188566414354 0.0 -1.2835562134307712 -1.664313625042396 -11.400758559218705 -6.869455372053375 -3.580750108692519 1.904305192051595 5.448509079520834 -5.703756978242831 
-0.9937998168400152 -0.3637734651421173 0.0 -1.0660663915928192 -1.2960966737289616 -13.494147995583806 -8.89362744305726 -7.304338161733935 -8.711360020875407 -10.322537953220246 3.8542711303624886 
-0.5782975366265548 -0.06517792982342352 0.0 -0.419404161432949 -0.006441869645035056 -1.4670115469682543 -9.151409648111 -14.63647661980027 -15.884735728924424 -13.050911500027164 -17.45504943526645 
-0.03964779859127193 0.14058750573317988 0.0 0.22266813298282148 0.8289282456813076 -9.558249518099524 -0.5875585813840343 3.581662836540662 9.263275496160556 6.91870011331811 6.125981874106508 
0.5059247443537119 0.13652786713736909 0.0 0.5597831378461098 0.42568576110486156 -17.839478570055526 -11.158439459107653 -6.74231850747782 -2.452422134106492 3.196726244499533 6.2312358084292025 
0.9410423843704295 0.10941885406499703 0.0 0.7135396244320797 -0.30281555222665496 -7.225107615561448 -7.498926946773835 -6.573308415428377 -3.295723554010988 -4.82702934328939 -2.3560387424894618 
1.172492964103336 0.24112197057848458 0.0 0.928379359482691 0.036612059681455894 -8.934178014109047 -9.622265420467798 -4.994118369662038 2.0685421254427894 1.0433032367738755 5.816315172884245 
1.1512509120616232 0.415383047871504 0.0 1.1307039689851515 1.3818838036718635 3.950628551065714 -1.628333744841472 -7.694148046002676 -14.49700779278539 -7.628228154463733 -6.55284315533955 
0.8828891539999278 0.3698473536547141 0.0 0.9834014639762334 2.1954682098146647 7.4150931274736145 -2.570196314013949 -12.949627242471811 -19.444623729986915 -10.47339058287824 0.9516480327405372 
0.4261647624204032 0.07730389135249585 0.0 0.369963501189046 1.4195401398223222 21.146426997714908 15.915958525225085 9.80766828641056 5.944577390051181 10.947367382682854 2.4378931980057446 
-0.11987099273914534 -0.19460907479636286 0.0 -0.3709375794643963 -0.1961047352379887 9.636690806275897 27.450144323020147 32.970420821068096 28.531833922696066 17.113787443126043 12.38750200103231 
-0.6374051823559908 -0.23589451216153057 0.0 -0.8039915364066175 -1.123833320611365 -3.8317058157878483 16.725330519324928 29.573344432243488 38.11318013647633 31.240402172870333 3.232510062889231 
-1.0153467302079968 -0.15762060158140534 0.0 -0.8736874911499967 -0.9876440491874905 -12.327649391967633 -7.7306964482876035 2.8160322080026274 14.903842909314658 18.59530044616308 6.924995568012994 
