-519.6727263284838 -514.735233657451 -513.3226274419708 -394.0810145813166 -238.84966102420807 -158.89120780691883 -152.0339861209628 -231.4815905777577 -418.64300371155326 -474.1465708285057 -496.61790397385624 
58.789597080019156 59.32875577667561 57.09268883650503 -22.639187935549735 -84.0190600667016 -85.23488152895315 -69.81874678985201 -40.64997411395507 20.872061548426846 35.65362760299642 53.31762833315162 
14.736685489214311 13.894941300061202 16.35593946408448 9.520601716498433 -27.33454098142999 -43.544714599128625 -41.23047700977416 -19.355501234213918 10.729331067055455 18.03111260893794 23.078201404094543 
5.9207359628467024 8.381675366865318 9.431487468239773 -18.558443038122476 -30.72481170533003 -45.4760668008669 -52.147622510178664 -51.68262115445857 -33.54293617296065 7.305256174562526 9.164989375893844 
-3.021364809046136 1.8021595162273005 0.8290982195867764 32.944178874192524 26.935825845459913 21.82594349514838 18.05648454634816 13.858168216601294 14.066553394269304 -2.6046325085603197 0.8811518785244932 
-7.893090156709436 -4.161338145969878 -2.4327530924532152 -4.182701770575691 -4.110446544369457 1.9157060431979982 2.095536199447624 2.1851051378546904 -4.57711063941831 -17.18850019846102 -11.802053694816554 
-7.880547558358525 -7.083542699659653 -6.910542599809816 -17.15267079777307 -13.441962390014977 -1.490441367716515 6.976786671967978 14.380556083153353 11.240376196137221 -12.201868180101464 -8.526181117163803 
-7.920047019051455 -5.434756271791966 -7.547650564735169 -10.150464220732673 -10.958752200852409 -9.844116050181118 -9.597431570275054 -11.722953165162304 -14.10598201255718 6.271666017300227 1.8125595708516289 
-12.181270413690317 -4.851834347944553 -5.373426238101161 1.484863503751939 3.238943972451896 -1.5666622167612465 -6.817020951577772 -10.88332082466712 -17.42603226279788 -15.42802365821354 2.1229340378391344 
-3.3832371784389887 -2.232269716183406 -1.805329890070845 5.075748304578736 10.79342972507266 13.132626202008314 7.880849596225536 1.9191318607289582 -1.6634978913338052 0.31289024662720577 -3.6969296044361064 
-8.000655133947314 -2.9487565556613236 -0.22227732742201245 -21.197416938669306 -12.670996952085165 -0.2806965331946856 5.29209616704667 6.484130036546348 6.517299296350286 -9.175500478812253 -4.406096060030269 
-1.074175712610456 2.3942223721009626 -0.3464327419506045 -0.44599266989728925 -4.084411362570677 -0.6321815368054493 4.676101977692386 5.519625477836891 1.3639466160326508 -0.3089815733672709 -4.503927254359009 
-4.575472750981033 -4.780649251886452 -4.379780343897451 -7.797718640871406 -10.991793513725987 -11.710949003889318 -10.450203091714549 -9.693178082465042 -13.735569829537452 -15.280611146998254 -10.419626042472009 
-7.905246147877463 -9.10856485350769 -4.532909273011222 5.351113836656705 -1.8646165793700655 -2.56965025346294 -5.445037768800459 -8.846182202970539 -8.842699610372192 0.5466594417199007 2.4525509931904175 
-5.311416153953822 -4.242651594347691 -1.3729142220447985 -5.385140768901023 -7.326277150170249 -2.2605320969456857 -1.3183385280173394 2.6307576184123675 0.47225889541050114 -1.6461989482099644 -2.362599221702575 
-5.159253992967127 -3.386154385086057 -1.262108797671132 -5.714803438351053 -6.990351498503108 -5.503908897758102 -3.9120856759472153 -0.5064503132432453 0.7960102561627569 0.4604081760106763 0.9554542952068035 
-2.8255472510450117 -3.6684969827050797 -3.797006879612538 -3.3738681616193085 -0.5508419717187223 -10.420963637954966 -14.030836377276936 -10.26962506821811 -2.6823989942959714 -1.0776030683668174 -0.18471006381222366 
-3.469839899367952 -0.4035140299270491 -2.8147974370699638 0.15473400349761585 16.80380021725189 6.8278045681348125 -6.306707966248938 -11.191733349868617 -5.7288441159104995 -7.2197407350162575 -4.538969808356186 
-5.017918338905796 -1.5078638480576232 -0.05837917705828993 11.006485035582806 18.560731136920552 18.664963932481786 4.456705650236801 -7.760562621202767 -2.85585333036533 1.3738359872056396 -3.0205409832486145 
-0.1687174465467478 -0.8747848028364145 -1.4550831103350446 -14.307764179288835 -8.043684281900628 15.472069886687066 17.493005413982914 4.432744504047083 -5.424615822758582 -8.000336352130287 -0.7893264360517676 
