-649.3426667805803 -637.9933586098394 -576.2803834565537 -251.39800177036793 -122.26239442530755 -100.41107620676841 -166.17155146122226 -259.7961699740028 -328.4209418399404 -425.7179144160114 -579.1931530655504 
10.494025128472929 8.513535295380457 -19.91368179968494 -70.12023919684975 -50.36281406691205 -31.9658689201616 -12.24955415049848 3.5627875841459593 5.079708687610298 22.77638968403374 39.36104042862022 
7.673147679979834 5.869536806423337 -7.567720221653243 -17.180085544834288 -31.93874642112035 -28.766801882715455 -3.3108016420535296 -20.151594758112758 -74.73466342326867 -77.44527500376152 -5.3843064009471595 
5.459848114189254 4.558473029415957 -47.58679485032583 -71.87583923066204 -88.86722505614509 -96.8457508698736 -99.97821719957086 -61.75410950147541 -10.303816767840015 14.356295214670514 19.596306583178993 
-7.053516492399495 -12.313927724139774 10.250190018309311 12.215427301607079 3.672452627395539 5.265119275865146 -0.5743599042641762 -7.924475582755784 3.6674521115513414 0.2221506397965557 -10.893449531129932 
-9.76398185902976 -7.265306248897897 0.46680200030684627 1.2094132164515314 5.45352662869708 8.569133761931182 11.74825250292329 -13.000913926015372 6.089434873627882 31.587932911002035 -1.995251648754489 
-8.796983936152742 -9.17766799820139 -17.347892474086876 -34.68089957673132 -19.166925952966565 -14.332473380017428 -15.290301593185031 -18.658681981501637 -23.648282821209087 -34.33313017303257 -25.239347598859993 
-2.2731513814021027 0.011863279726398779 -15.619825402389733 -38.2948563882081 -30.475860783225418 -26.7299373297135 -21.403852611978866 3.0058585630007406 8.624353761732223 26.018428260699537 11.811484375977697 
-1.3206064139559333 6.779635611426711 7.424826558007755 -9.310296149418157 -8.230693091543424 -7.496433480603572 -5.925783779769366 -3.7129642902345212 -2.4073989776852853 -19.142227934534347 -12.243365824217898 
-3.8309239541729214 -7.372563827907127 -7.918582931228246 -11.112991589499906 -7.741567397659013 -6.198300583531142 -3.5750026278448477 -14.79626525006456 1.8465262960194497 12.36641803123721 -0.6283964789096104 
-12.081570129057322 -13.343169640608327 -11.97392951147351 -2.7849250339079514 -1.1660870705751065 0.4395610235674354 2.736413433753502 -1.3721946646064453 -1.436095412105754 -16.567668096451666 -27.445284815166524 
-9.56948115759881 -5.21235147810542 -2.3677551057189254 11.317243923332473 -6.08553286217211 -18.026732695024954 -28.77671625446081 -23.09822617215205 -20.45356665320908 -20.09572988001785 -22.325554756743344 
-4.418045430820038 -5.570241017595272 19.17045159440641 44.06088893986227 31.404411745777146 17.832121341375405 4.349640986441229 7.690498245932403 5.3251799632794174 -2.6814053208989823 -2.306077557603828 
0.30117268073700065 -0.23918917929653952 6.755938940023645 29.389613493674617 42.78958518867567 37.96314944727618 23.139632097142044 10.649628957870334 -12.581341394610499 -17.79195779956629 -13.91321324861374 
3.5657124059022722 3.2311077761338156 -4.241088152683657 3.0503206357396975 29.191088714374615 41.33202613812162 40.68377176502048 29.726720103996215 12.174455606391671 7.14372081007477 10.08435759474277 
-3.016029299657284 3.319969584531896 -12.821655855382826 -15.297967154742725 -1.683035624585378 15.021315399023706 28.620877950162082 29.111617677877256 -0.5676016145195577 -1.1996505962309314 4.497155494759989 
-5.501323052005903 -4.896753975482403 -0.5495670160610489 -12.995173001240758 -16.374725586339512 -6.033916369002885 8.410048961431162 13.903771874885074 13.627712412145405 14.79040659885343 12.45156208574335 
6.936496672286413 2.594973499448859 7.105879378695677 16.21665002945182 3.9862050110101057 -1.8310393658701198 -6.80937978676951 -14.612719261029358 -6.409127126823628 2.35455128383384 10.485557079466176 
2.216270227970436 0.364693860404701 -2.95350509913548 3.9422972972521846 -6.760335890721963 -15.49476061895702 -19.766302937178246 -12.957161900569243 3.1537801949449378 9.51432115785365 2.964916335053213 
-2.642300845410753 2.427290680130705 -9.170730085434009 -9.208995838392141 -6.414798515201872 -5.700157511514224 1.0574042408748907 1.5629274088898357 3.7328099060665094 9.262243449016053 6.593778806886532 
