-694.3592700193985 -687.2425833315559 -685.9430242655052 -382.80076006837083 -198.53654368145246 -143.74762571852887 -180.94713607086365 -291.3606060838042 -350.024005208728 -400.43582012900487 -518.7552431904938 
15.707246690310548 18.126022932895758 19.282166598128732 -30.70003071847137 -30.7169634540194 -15.503802059025379 6.195827844698979 32.08798794352583 37.2256385241958 42.869308451987536 37.44295078148566 
1.604730984432826 -1.935785041937385 1.7374425889052971 -1.01788813358462 15.14692219806279 14.721926810876475 15.037443390813188 24.852946721543454 10.350872461719307 -13.030535595472145 -9.663326180312382 
0.3202240321610965 -6.166219148666798 -5.76478495972438 -134.2485321450707 -115.06039089170824 -118.73678230521304 -118.9637027042624 -98.28167959113179 -16.02823505313441 19.795340430042668 31.049470652895664 
-12.456049754559569 -15.423585719727617 -14.726693677133206 33.91226772696733 22.764612588969584 6.241419214190062 -6.594004856532383 -13.663416445349021 -17.01328376000746 -11.60833034537055 -2.1547327180365836 
-12.606571387685133 -13.125120893859563 -7.654526865479462 14.122140839042675 14.782171941829828 10.60590890164616 4.744423350897371 4.905513086386427 34.08547657397334 51.56967294067984 16.202525391925203 
-8.139275897180882 -12.373609512282098 -10.752370271776773 -1.9464595737784067 -4.981322569605127 -5.0379072606659765 -9.914380243302421 -14.852212992709116 -27.25868784030113 -33.561021909228806 -26.522837030112708 
-7.9618715671134535 -11.224593125142718 -11.82000705127539 -32.36749655781638 -23.53008252808424 -17.324504040127344 -17.788895064784555 -18.11725660961303 1.8108771510075037 18.129313268874235 25.514226671035985 
-4.374694788373484 -3.258375063469751 -2.9950337603102897 -12.512596765376745 -13.794030553235224 -14.634340327396076 -21.031922980530602 -15.699923009549448 -3.967499043542709 -31.243681073862547 -31.89511009726158 
-11.46179348999216 -4.050818978923628 3.3504070987639576 2.011821359841483 1.8204136679714646 5.972004649770361 8.433654026160607 3.0771308769074253 -13.93983915280893 -3.9194619759370926 12.029731002549905 
-0.6518103599536236 3.5717041029345475 7.694935232141599 -26.910712425714927 -19.767711601350516 -10.046871770086373 -0.06480732728547747 7.232542472066587 -8.183996469775696 -18.951816944935032 -13.72597092677777 
-1.2390245805612963 -0.11016108563272652 3.3525579500474856 -12.093575814933484 -15.90988845126645 -18.120810066317045 -16.90142371084197 -5.8055200511419125 -12.328695453949123 -2.3002036683882228 3.0481990975416426 
1.7250864616357413 1.6501394012156567 -1.9791608812393848 2.1118646373800063 2.8202733223163183 -7.8942116978664325 -9.21829097845998 -16.110361871678464 -4.712746731669901 -0.12625152847293875 7.40609593826092 
-7.719728952829394 -2.234299286524532 -5.832689070310543 14.092589649274487 15.690023362409882 2.022756251520496 -8.932137867090667 -16.59629187042837 -7.22003042730664 4.005339056709066 -12.333726084949358 
-8.480180017582658 -4.434069772732706 -6.81134415442233 29.79773681364699 31.69135427568231 27.66581329440073 16.639171071267846 -0.8819325658836825 5.241466883069959 9.282475862545466 15.803008775890842 
9.259292166914294 4.159296626627318 -4.3971041076435835 28.516464134831363 32.351877161339374 40.77454156465608 33.635415787775614 -0.6255176558881401 -24.653978231911513 -24.696931987109934 -12.516167138482551 
5.740230370494581 2.563186376141278 -0.7907634923232965 -9.324878569878166 -11.523609784099307 12.305054549261726 31.806199955092755 31.152901912827765 14.661017108539166 9.419751260427637 7.495758109541145 
-0.11683935910307175 0.10164481127488822 1.7312927662688613 -18.02008436832928 -25.22223219851204 -13.440424806589796 1.5715448322269898 18.066044378048176 8.640582921919023 1.9357952665588185 2.5206836488801208 
-1.9339654052540558 -3.913835743552555 -4.5721077001092905 1.3038693695740948 -1.679053203160406 -8.073324915920836 -7.544641813818788 3.428333845291391 15.831704198222694 13.859340629424342 12.489784971332021 
-0.025508942632076148 -1.336824215462327 -2.148495332456495 8.707590193740758 3.208162799469829 -8.559387042573864 -14.216738757252179 -9.357052404489433 4.664022504832881 6.85089773559403 1.4888711905082959 
