-273.8411547447061 -321.70158203436813 -441.7136710232099 -438.35038217868436 -404.85415032567806 -226.96403207052876 -102.2474323721859 -83.45178521860059 -114.15010627642945 -100.0369448684493 -103.64265303877883 
-5.028676490837901 1.3038363009923102 29.211178022637696 3.6333859369284967 -27.438388211637736 -28.750158970669027 -32.78175529301862 -19.320240937471986 32.433098629116415 39.92386521112866 29.887076596048985 
-37.780416358037826 -36.60172271064256 -48.3660019012488 -35.98130877041736 -20.240941264289877 -20.639445285977274 -23.666902567174787 -27.526211672378345 -10.344663204567397 -17.69904024041633 -26.50497932125485 
3.054412228608182 4.124436577880842 -11.314502194453134 -37.34917943566742 -37.78966883489562 -91.34617847783062 -89.98977323941375 -88.97069661831998 -58.763161790987084 16.565634666139058 28.94171023603145 
-31.730610970903385 -34.80882963186325 -42.02578345118423 -32.075401569850996 -31.63045840176573 -51.00227100640229 -53.9802789075796 -55.221044521219326 -32.65991201692391 -9.422930719944937 -1.4417340128469718 
8.71727122314304 7.04084812024108 -0.36682196499903497 -15.069381206310574 -9.659481275795542 -9.37664679992293 -11.432550683653556 -15.034409551422076 -2.7713588599053156 8.286370112789609 21.580127596711282 
0.8065237399883881 -4.872767517947091 -17.988522262127276 -35.76831123143788 -34.24818903740406 -35.44940280437018 -33.86347195920918 -34.48428075584466 -14.107218047729235 -4.605650644531869 -6.6501632884995034 
2.6776901382510165 2.5436854001247666 2.9659007172101184 -9.44180359231229 -6.646809396473253 -20.775027512057697 -21.311757898357655 -26.60545700551149 -13.455024725841492 -7.439944227960938 -10.68007018122757 
-12.905169405344449 -9.138986332705391 0.5162553225226053 -13.96135575497333 -14.905286788139069 -4.352745836034816 -4.2919862119846375 -1.315584561427144 18.082786934803813 7.487746061903504 -3.6421662714592973 
-4.5155298024005255 0.6108632792193308 6.3780826240109825 7.667390855435702 9.274124976049713 7.132334759914938 4.457191463267109 0.4170662576703643 5.386720212757754 -5.024147793168973 -7.704575496033282 
-6.231905316467225 -3.995450825158814 -4.290468858665676 -6.947879679456118 -7.090381887868788 -11.969695080575708 -6.693255083951853 -3.9178316006510645 13.017689773206536 11.72867473193672 6.901109653857194 
-1.885226201999926 -1.2115994410168618 -3.8542039413785885 11.92090835940321 11.282089100215098 -10.72544601736363 -8.310963937448298 -8.467863808445433 -11.414900503826725 -8.799624913568177 -2.6364893658266384 
5.344533645305637 5.792571559231352 7.468628685847599 -8.20948601188652 -10.337703145243424 -27.43132922170359 -26.636102589146585 -20.383427213008808 -9.6264392481064 -16.89371785841665 -12.30453366840204 
5.005638622583309 3.005954814359087 1.6893351196169712 11.595912105138755 9.206857359042758 -10.263390490643767 -9.424923954965825 -7.97367493187836 -4.316070460298919 -0.5818607560270986 5.246257513275453 
9.996695592297513 8.142141371074164 10.248504626225545 -4.796598300132446 -8.022559937911154 8.948220203156769 8.423093555436571 7.286737081289231 13.996143788197962 5.799673575157422 0.31889635812759143 
11.999428931530229 7.311519787758809 -1.6102147332426926 9.153827026637206 11.708713840565284 10.213642921691335 8.405486675922639 4.378633016742809 6.101409853831909 7.295813153203415 5.171020352023657 
3.9442060011849094 2.529253785118626 -0.7427763785396587 -11.644683030829455 -14.054496703990132 3.163003169644769 -0.9284941253439772 -7.405412525473497 -5.5270712134272895 0.09372170072088903 -6.143539622238913 
8.410898434374277 6.992761095564846 1.2098922767522509 3.3161795829364387 2.299005819141626 10.214215817880715 8.57844710802387 -1.4071307446611652 -10.843120664271646 0.7190012845985434 0.11157533786106977 
0.39878117833807347 -1.5573063340979314 -5.381058388356024 -0.9499096266355691 -1.856114164613309 -0.5269827276169139 5.799607863895024 4.183559136120408 -5.874642201870637 -1.335745074043394 -2.083823878787062 
3.3649570295711024 3.125441260109893 2.458696832904625 -1.165455509381038 -2.9374072682755425 22.19279808258458 28.09925264597821 26.718627553591993 10.13119883394357 -1.4431008919600454 3.740806195583738 
