-488.5692224562068 -461.14155559818704 -232.84654933806405 -130.95743240114828 -109.17480120258324 -163.8329972569388 -203.65989649325866 -168.50012676409722 -216.87012622972412 -378.2316304796058 -479.3617044788895 
69.89056963371391 82.2341217656529 51.567271742105426 51.65807009066289 74.88107526302377 112.57564333128852 122.84739073917578 126.62415005693694 148.39547871935525 138.3048641764506 88.4489600494675 
11.569668297912855 7.243334655642707 -16.278376810857985 -32.257802315425025 -33.55199728500487 -7.912267968610598 41.82500958130291 46.833561281443856 41.691744789252255 36.546723714515835 29.7628407293026 
43.785340478153586 21.51127285536002 -33.111787209361964 -60.76263474367787 -81.11834934762419 -73.11504004250364 5.755305589932355 33.56139582317076 34.946196826314825 53.06251475801828 51.9916703783756 
28.88509458795865 19.734765164274645 30.80224052842558 19.283729553582695 5.00709580456126 2.2824423437836296 5.591098952130391 16.967273499358836 14.474181079780184 8.957932304013557 30.661407623352538 
15.640432330180118 7.549042976463009 -6.7800943275151475 -2.1255726375780637 1.9920590081643272 11.830503478836103 27.79300685170917 30.723434692481213 30.669439415083552 31.041514633897442 27.529963078736564 
10.745195306252707 2.197312772084971 -34.13714126206318 -25.82032037689897 -15.540359991981632 -1.182737816234673 14.830805588101423 8.738071180456817 6.281069548726958 5.435027875616562 21.362990988133035 
8.885575136943475 8.441073855501806 1.1988339379374398 -9.075671597366421 -19.330121403655042 -20.29929452709076 6.182422884783852 15.75248380489548 22.398201845716677 15.554634003522205 19.338801242066058 
4.452930843668085 8.212656921321674 -4.658024392682188 -17.40417230221769 -19.928072371833494 -9.477707562981356 -0.7740118299122161 3.595276392180055 3.468307868773285 7.197882026473115 12.562900486956561 
15.620509841454858 11.668941672630922 8.343951997191718 5.197632882554715 0.30470853113299473 1.6759392974517602 12.864444652623495 15.31927656465523 14.920685434929702 4.029253151011476 11.129189930643022 
5.52843859539186 -2.659635497436848 -18.3613591820084 -19.17027434552942 -20.003684622953926 -4.6169455325632365 -1.034780385076139 -10.891980198269689 -8.059239330298311 7.872959509925641 -2.213446307240968 
3.3480409010529186 5.001330605798435 9.261695106184426 -4.087236685849862 -13.668328134820104 -14.20761952286653 7.163258207991676 0.01553759456633974 -2.4205744288463067 -3.771447994320673 -5.038607658876899 
3.0271491524952627 10.230843189601055 3.4661926533875462 -7.561961657753287 -8.53356774366902 -5.010180553154743 5.233795737882746 7.789835675966035 8.355310408277425 7.847697846626993 8.225937548755848 
-3.1390332374060983 15.04392716516476 36.42587793677039 20.165090923367583 2.4666816825446585 -10.548068301801212 -2.459771786019882 5.34366762446812 5.103231792620466 5.749961951199604 6.183624232393946 
-11.760761605739045 1.3278756792032584 11.933889870229859 14.112607039522384 -4.6408091383354195 -23.276043491303852 -12.695102238191733 -2.318463111955748 -6.784500911267626 -2.9490615925360344 -1.4169959881776202 
-2.6957478698699866 7.549101506720288 20.322534620380367 54.22877672816996 49.41297537151325 19.359361423631473 -6.752869421189974 2.2017613245175753 3.048085506453302 6.896121698649528 6.562515219034065 
6.153693865075213 -5.243141139665127 -26.256791330590662 3.793355295725745 31.433359129034738 32.47622774961916 -2.124259700449507 0.3367847067701244 -0.8582754765223619 3.322197368054086 5.807472451923488 
11.075502065923652 2.569025355256394 -12.553492451536297 -10.659164572591639 20.845732406159293 38.50297368886534 15.242432239637017 0.4971798889849147 -3.6201715506161785 -3.116841323657692 7.289899908361649 
5.468525486572188 -0.2820118965415858 -14.328842188743272 -31.462207432985622 -12.970240426085589 5.49730173803575 10.23258704359332 -2.483480669092411 -0.9486047130745807 -5.789775393490697 6.584602388998198 
3.6961520368419034 7.705658807472432 21.04980816179006 8.824167000797111 14.64776906992655 24.02506785753106 17.401878896599662 4.584337859164535 3.5953792974866867 4.599988237153569 6.504116252634652 
