-363.84610420115115 -281.15444108464874 -252.81271413435957 -324.78272719551353 -489.2299011991283 -500.9036551550401 -506.64629384330726 -503.30454515460224 -523.8113618708077 -542.880651908152 -546.7293043028668 
52.855243313318795 42.73671851297873 33.69759752718218 30.884257884483656 66.872935690216 72.99743592545136 79.37072970818927 76.07168366384383 65.65457770136236 56.261420172212084 57.33098858102808 
22.11805370940197 28.371581366366648 40.48967141065815 50.8977463695293 6.007821146083806 17.94437467289867 11.005278168944775 -1.2310180728799198 -4.249012783885959 -14.767611863679647 -14.694692198751135 
-74.87397321256876 -97.33809838521418 -98.20431524226174 -85.18538021479006 12.870110634885634 39.8493050898921 43.8483580055393 38.48855718030323 24.594385967196075 16.311185461621648 19.31128272413731 
25.653556015453734 17.105133096672976 -2.7207600163825645 -20.638152716019025 -12.619402271305102 9.139774883909094 15.38632385653571 17.463661717205575 6.639337583108544 2.1470699486336797 13.303561284780105 
-9.717307429555365 -10.600473863847409 -11.258186233446507 -15.704771326732192 -9.511660528929331 8.072996765701316 7.486309909616644 3.3773139658768834 3.2059767506735666 0.405382896767261 4.446957244656802 
-0.9452462259607719 -7.948930062006412 -12.747261578170185 -13.667612325953186 3.924103595514261 -1.2669265461527162 8.267104618066647 14.66035684511142 16.602530610944374 11.935840537485863 15.624996232872718 
-26.280719080766335 -0.37895788586970336 5.568886044546666 3.7266523754965566 3.512567083845201 -5.870646382436222 -4.373877572576824 -2.5585941757245685 -6.379749881599009 -6.212400516177125 0.33640765054864075 
-14.564942634540582 -18.76448403064302 -18.007489471367606 -16.232916597635274 -5.710326153463518 -10.844524362075365 -12.795063403698332 -14.746229698519311 -12.170165195693418 -10.563376367859968 -8.328713542479672 
9.239404314202382 0.560155192965781 -0.5139940168081066 3.6272791886741875 -5.5870998398940355 -12.928821155224895 -8.917190122583762 -6.312579901898625 -2.743884782760385 -1.1033353830784014 -1.1798650574696756 
-1.4076270377629272 -7.194864803694732 -4.930163666713681 -4.065990538117308 -3.3915344096202915 -2.836325492482681 -3.2368870489914863 -1.7077866846923624 0.2994097778356756 -1.017051566510231 -5.291143750643489 
-1.0929216209862973 -13.761708060838988 -16.310224620347885 -18.52559238911267 -20.8228588682094 -11.691170538728032 -6.718431871680359 -12.350622505153183 -7.4713826742792975 0.36584309390787245 -1.9069367700457085 
-26.673474975156758 -11.664774534483517 -5.1758047889706 -2.6270860263810296 -8.593698169951896 -5.273743441735476 -6.661013060457062 -7.848993500710053 -6.602076489934876 -1.4956637232375258 -2.1355980273677004 
-11.837450002080665 -9.695865141783209 -9.717609789738956 -7.424929481933372 -9.062756875170045 -7.611663100632409 -4.5779429649469865 -0.3949765799109608 -2.450962180450604 -6.503190542364932 -10.741757621763604 
7.664366359689449 14.582234585074586 15.61177503935241 19.14826720320547 -0.6561543739329394 -4.810256148994079 -7.092930514108094 -10.374280102009273 -8.401160544259223 -5.394289558486794 -5.418073897409 
35.783446711341256 40.0180766963408 40.3094200325808 33.148855940359866 4.0921366534603205 4.494147567042328 -3.1505027487237403 -7.505681528864196 -9.015165438332577 -5.605246995337978 -4.050412499508485 
34.47587554790178 39.909393277656065 38.431544640203576 27.7125592527444 4.704095198558446 -1.6440638595180084 -0.8042648238798213 -0.5057304349125658 -6.194045637065046 -0.7729941284518268 0.8720109231695791 
25.460930020591768 18.002200840687756 9.670049690543308 3.9977435096510368 -6.28186715533336 -10.157799291138614 -1.46123035011219 -0.8603834454082631 -3.6268747461777076 -2.3127980969837836 -5.903108109196264 
3.817676684251305 -8.86367239709029 -13.722125335923788 -12.929343381021202 -6.456406283343243 -4.366438162579712 -4.15844874316622 -4.287256613963644 -0.8420217609888222 0.7556139170318318 -3.7343571582831663 
-12.365309617108917 -14.238572453286885 -10.570065217127187 -3.9973197521633033 -5.415592344120531 -1.4898924979197605 3.9446757731631052 1.5527096911269904 0.6986061341039143 -1.762392058734639 -3.4252207458430237 
