-427.94812149027535 -431.4819793136048 -461.43460912526365 -291.97387430249086 -194.74565771851638 -179.26287269096045 -207.51067025303405 -236.09321610612386 -345.7365535837337 -493.30794919599856 -495.8023520080718 
32.01224084620504 32.064258001884305 56.33120779157853 3.396319557315146 -12.945498707503903 -0.8539143573644294 41.12755667159618 60.997536175667705 72.06635849750543 83.15398973844904 85.98680412924082 
15.19778044966267 17.711324599579008 11.926920624099088 -34.579764243936324 -46.46586971990918 -33.98803897600732 -1.33618627147631 11.092348494784822 33.688763536973234 25.79178120166158 27.34694379725996 
48.661685764334464 44.59564847754507 31.00626818847717 -11.787600695242793 -37.417924102480015 -48.37107863560577 -15.074524207647869 24.15343522912446 27.819685753425823 26.736465414534784 25.564059339979096 
-8.804764493862294 -8.83621393046377 19.035544597803607 50.155756805917946 35.64505739761051 18.213635498422196 12.217701140487907 5.693702335290517 6.042469913241617 17.86902883963885 14.530266713634202 
30.060990954832242 29.358166094091793 16.75426117669428 -1.2248380880413954 4.34161931218957 10.544551807068107 14.287171149781434 11.384755082130987 7.885610521168128 14.169442485118925 13.536956473546752 
3.93378513449262 6.160331472313505 1.478362829943415 -11.41383196836657 -3.163033380170863 10.791933155073247 20.31144448926844 2.9962492261643137 3.8005231022551875 9.749570562644298 8.525957894555837 
2.340762098389881 1.448243834010841 5.068368479523986 -8.35096569985155 -19.321220566062436 -19.62316972197585 -11.942586708857267 3.47022042762658 1.9093584399656411 9.810651639165426 7.42676014940446 
7.405200144379483 6.81817546998664 15.603527586348346 28.752759732929164 19.140617770533744 7.0573275775057 -9.087086320339314 -7.021405092946322 -3.270423216179535 7.460744788504719 5.3649147855281925 
2.4410018486886416 1.8193181445070838 -3.7501693572642143 10.969465623666375 10.080188130725467 1.2133423169101962 -14.422275908144178 -5.665892081759826 2.0364901943191 6.215617174155591 1.3829990756010855 
6.3678657394815446 4.842107374776205 0.9393967726552185 26.46210734588818 31.651451337237287 29.615404059675576 10.016102421526622 -12.314399903254918 -13.412671585015556 6.850706344108459 8.438425789784205 
3.7030683525754986 1.5013980791662693 6.288915672740487 18.742733792353565 29.533333047779543 34.71745001271017 15.817719231511946 5.893308146141818 6.933434536247564 4.6906116185318565 1.7070357065399304 
3.3867702631850687 0.8887595607612125 3.166554300025969 3.45879410813577 2.630712666052291 9.872100980474222 7.766270744800455 6.292730998687875 5.535751662655099 -0.913694434335981 -6.569532772302461 
2.110984952593112 2.561936398705819 -5.766900350171907 -24.955630381191725 -24.24635224408891 -15.06777666814762 -5.08565902247807 4.585876448111714 7.26356177184728 -0.27157004599128776 -3.502730186237502 
-0.8253894493494038 -1.3593315768851966 -1.0285502781512166 -19.369104259404086 -25.185053020916257 -24.05772410414518 -15.81223817149499 -5.924715076807499 -0.34759781420517655 1.4318907789658588 -5.322268201932625 
-4.805608987199553 -4.621753739988918 5.615075288217859 6.051282617050749 8.489914021315718 6.430743143853471 10.226849143860623 12.63335896198151 13.279552523708817 3.236270380521727 1.6161060664267872 
-3.786854417409883 -2.366748340402851 1.8768376105636972 4.8788550360399565 6.78950603998144 0.49017338174057623 6.588093615955269 3.9678132057194304 0.06223554021406541 0.8073798785550566 6.305508261049956 
-0.08561900613575779 2.8259461433632165 -10.88266173630987 -21.527177673904458 -17.43466114338945 -18.707701792308356 -7.518840943512733 -4.618145499640556 -5.146114627587441 -0.8766111196437427 -0.8827437338147518 
-0.1428072802726157 1.6337872715364314 -3.7346658898814313 -9.632565570881676 -9.834112874185001 -11.566551686529152 -11.080003978250947 -1.0631540504007688 3.530396720318712 0.24844839866756208 -4.970412177376829 
4.077554985426667 4.442618630638474 5.397464376183462 24.538234577729035 24.689004728818965 16.549216683544685 -0.3814173241655946 -2.1125690040179514 -1.298268505074342 -1.7775803865177577 -5.85291379661262 
