-484.8082505871598 -488.7993584367346 -449.6465276221897 -240.01830255342534 -164.96392634286084 -191.37216726251592 -275.784030959513 -363.7803313998825 0.0 0.0 0.0 
55.76913517666755 64.2813893145801 62.06389063489959 18.42211352426988 9.919985512643166 8.876515536865798 20.12981615667707 40.858446623737095 0.0 0.0 0.0 
29.90804405262448 23.5142553202937 7.122420203764342 -32.30389173063916 -35.173195335338995 -28.702260433722337 -13.511381455924408 -13.010671536102278 0.0 0.0 0.0 
18.839803811370366 22.739911345503188 10.306174356696035 -27.34551294969702 -26.397788468354488 -27.86355984209326 -18.275932755430063 14.965983407369812 0.0 0.0 0.0 
8.646912323748708 9.065244809012908 22.20100994572597 17.204629789011094 14.129014127426235 5.647637596920091 1.115238395494325 -6.327234116790757 0.0 0.0 0.0 
18.600392752062135 13.344742009194196 -2.4639377273432848 -16.886779640592287 -16.834140315790062 -13.525929038580319 6.423950073008633 21.83945331532159 0.0 0.0 0.0 
5.850284111471237 5.692477435929882 5.849276091141972 -1.4560072909088106 5.852350595098858 18.833533282969398 27.614411763254502 14.568966981180719 0.0 0.0 0.0 
8.178202299983488 5.973009909858665 1.4952592248555825 -18.240729019706507 -28.815307864504454 -29.320387687512827 -12.17591501722272 11.89485226227602 0.0 0.0 0.0 
10.734918477500827 6.043267742740815 22.968009610164113 27.159803849857305 15.593108866909695 3.0730452445014222 -5.931521562528886 -11.035624380150324 0.0 0.0 0.0 
6.332046821401342 8.985456368352482 13.960204369182442 24.117898554691585 25.41939668580072 19.01824515809735 4.631092525143925 6.50960236753431 0.0 0.0 0.0 
-7.635488881843775 -5.383891328423171 -0.8975453039133985 25.01360411368926 35.667850733716556 37.722255815392 18.720400090126123 0.17592718228756876 0.0 0.0 0.0 
-4.859588298744907 -2.3659475837592323 -18.913523929221164 -19.314714314544815 -3.72617275974689 12.933155026881902 14.299972206127949 4.757709705776055 0.0 0.0 0.0 
-2.3589074784921853 3.620442877533705 0.36422655142492727 -17.592021827906468 -19.412564873710952 -13.626147494666615 12.662378394766307 19.31648569345216 0.0 0.0 0.0 
-5.368958930421036 0.43407199670679764 -0.36351905248401595 -12.780777265968258 -18.48801302576576 -19.26712661579849 -6.374542055674324 7.140829288753275 0.0 0.0 0.0 
9.336994412857306 7.043257797022882 9.608847223635888 8.632884944580823 2.8536989884831003 -0.7999456872696116 -7.350789296022171 -3.2698109651912413 0.0 0.0 0.0 
-0.5982011026927585 -0.2670949773602276 3.4743954891003557 3.839840298047177 5.824778363107798 7.65219625882836 -0.8883382587829619 -9.020497499365788 0.0 0.0 0.0 
-1.323086826240786 1.0858949760582342 2.745620341688804 -5.821209839246157 -2.7123810740608105 0.438932975838613 0.5538975387137094 0.33917986506071557 0.0 0.0 0.0 
5.156035437578238 5.278916203310541 10.840625955830728 0.6835041013938752 -5.878996154035081 -12.148380776659138 -13.446832120337337 -7.722084679911106 0.0 0.0 0.0 
10.870593370418753 7.312713477768876 4.564267298644396 16.621155408518295 14.14264637010508 7.5944930619280235 -12.567891484744333 -4.1073025638826595 0.0 0.0 0.0 
2.264802503170589 4.643778549305985 0.47456975173679483 11.991346518549957 19.784712498975527 23.31862381114548 12.534577731635743 10.05310255888119 0.0 0.0 0.0 
