-369.7368905420764 -365.2977513402011 -362.3055952116242 -356.97524935883195 -293.2386880001709 -213.95323828576278 -214.95621346686372 -266.7801821864415 -338.85743978414166 -369.3062093700162 0.0 
74.79912996799668 79.33753742818328 85.7000874498366 84.71995826556602 63.41584540983852 43.22932018238099 43.76889011306511 58.68533376875204 77.89643382028389 79.99027339935937 0.0 
24.289601868179847 27.410658789587043 31.698443195382175 38.607327967505164 20.911366782963764 14.73388716131442 20.527865992760596 25.753801555549096 22.45854030922736 36.67607921030139 0.0 
27.394937123048166 32.16537585801764 31.593926339096207 26.066049006088775 23.65211566046377 12.927747722189338 9.86855162774777 12.25732017165043 26.353661019754213 36.61571830944561 0.0 
12.424312206782343 13.868080613104876 14.256317260431448 13.072981723545414 25.02409654895676 20.42001583459231 14.262278955524021 17.90538701428421 27.51835958548952 18.01748637413371 0.0 
10.86179453317201 7.857197072238439 7.265103234968667 12.405026817833642 19.882057816620055 14.351823319836246 12.783253275464537 23.27605223908939 19.30678623493129 9.631348152190593 0.0 
11.593999739954775 13.329617326515368 16.12429818150286 14.74827979444829 -5.682873148000877 -19.134975890780204 -18.75259559531282 -11.850360122182392 1.1747819014805154 12.135647374349158 0.0 
7.848532300168412 4.623726674345287 4.052775252258494 7.13548332489148 6.892245323747009 8.845526173696166 7.664912610980588 0.9914375104559212 -4.5183436892283355 0.8418500389780926 0.0 
11.006463102442424 9.50064512935004 9.580363442624662 6.339359349034977 12.458667190682236 13.679588251287775 10.516705135177133 6.284605326339701 5.186950174120961 5.935362084883504 0.0 
16.486331906689088 14.740977075207674 11.967270564747821 14.827728197650446 12.686560250148661 14.456860986743767 13.02604477735091 12.29050969867563 10.936057895427952 9.944740110328953 0.0 
7.706528328334279 5.146400984537004 2.0622592881753414 -0.3483988971539236 -14.747642154463172 -9.30337857362078 -8.680576852141352 -12.31907444094789 -5.7273200435758636 1.1628316917916381 0.0 
5.583274154957457 6.0580062448606 7.2125505650104405 9.231574009050956 20.281280146942798 20.072892559483833 16.002222759581755 8.30583636246885 5.396734983385599 3.3338468180723533 0.0 
-1.9831860938004944 -0.09985428199178525 4.682052049669576 1.5482267128712213 9.728554715249707 9.981139809630422 8.566414310554528 6.541053672363924 4.009336987920662 -4.463600576025268 0.0 
-5.350947867558875 -7.060338656819852 -3.60040548611322 -7.996229772785073 1.2200411483476623 14.54943270642029 17.037592070088127 11.538045365290019 0.9499089765674964 -5.879056083413612 0.0 
-3.6410136676147933 -4.891736083939751 -5.2729019561918715 -7.172433712352719 -18.362758743791503 -12.638522353995448 -10.691170377641265 -12.547516556703641 -13.124120664877136 -4.878640291893344 0.0 
-0.08472448522718046 3.393342896866723 0.7660496031686888 -6.381915286458176 -9.883020362868315 -11.807022501062665 -15.865128644165319 -19.571181610084444 -12.621329278844442 -0.9947696672559321 0.0 
-7.287358140104987 -3.2460524026631625 -5.069828314588028 -4.393114133312445 7.1741515476463915 2.9245884930914867 -5.510206799016287 -12.349248980336492 -6.644908673181537 -6.828844209622738 0.0 
-0.4902596055919215 -2.35966519656559 -1.1239746633961183 -0.7102430923277682 1.923510758752226 4.950407780736669 6.8715776756653755 5.472012117432104 2.3547069039689346 -4.196371448253308 0.0 
-5.88636717736777 -6.14683904066542 -1.7167930362259134 -1.1777327727733147 -15.421353582595543 -12.802776444760404 -7.274715228063781 -2.4863053630913536 -4.8276179862240625 -5.927083515504458 0.0 
-14.714483992975204 -12.948540967147292 -9.880860451071236 -6.519677100891805 -6.5690271951581645 -7.358837541589463 -13.387226937208464 -17.06154814902893 -15.873870736968104 -4.991213418281437 0.0 
