-352.7290867356358 -350.76974083591915 -359.8841428320704 -361.05404662632156 -304.42162410578067 -181.12788579184112 -132.79389465146585 -170.6413411172316 -268.82576275711233 -350.391214679035 0.0 
97.2506610249071 94.06421192104307 79.10566511619797 75.87394327938952 62.94190203914872 17.870294858517518 11.768844897788973 11.469005079282296 31.155108927215892 78.65760824706402 0.0 
42.285501132177814 35.67696376996513 26.424430251716185 26.364571165958377 23.895237425787634 17.57333443001005 16.219023649569728 21.46683009847162 26.071855188902493 21.879348195496746 0.0 
33.32448339906626 31.95485789100858 30.145039207121997 30.715932397973425 9.307005998813658 -2.2877766290138153 -3.4969273318486964 -6.071457348712742 -8.1650489637641 10.312437194527456 0.0 
20.65515443775621 17.76730723795621 15.77619753120985 18.479933366869396 9.44707992932114 6.774075682509685 5.224893407367863 8.793345975314677 20.358593343680234 10.38021795757045 0.0 
17.51959421933119 14.108002520011274 11.259765583267125 14.593039976422016 18.113000291231124 20.81520349005073 18.067889356979165 14.407601386103021 14.76874196601175 15.044370518813366 0.0 
17.321305756196193 18.425044184106852 14.73961428497929 11.289462781841962 8.681798811615081 -3.225310657835128 -2.26804652516113 2.2093453622399237 15.74937405916347 21.293894066400767 0.0 
-1.058002238462968 1.6559452151301737 2.275791723321292 3.3388092064228925 12.434683662172645 9.030264053541854 11.554671532108639 14.123795718456872 10.457549202828108 1.404428081346636 0.0 
0.800754770945733 2.353734506193958 2.8590793696420382 4.99151949654245 3.417421408830198 -6.213605511335975 -10.723802119764194 -9.235181437871907 -5.579389682135624 -4.699808319202109 0.0 
6.386335225480887 6.34990115297038 6.0993488842878705 9.052649978976742 9.087856025355112 0.5501115480276347 -3.9590350496128357 -4.15946592729022 -2.2450253447679387 0.2316486923268134 0.0 
-4.357535879660944 -3.8818362553611587 -2.924021406210823 2.5026113607629172 -3.4851753087951804 0.792391334310203 0.492558802856979 -1.6965261373393203 -8.02017504222073 -5.95267193782203 0.0 
4.230357371705616 3.612900347509278 4.157023300595259 4.294618675263118 5.821620770496507 5.175726164448671 1.2105638975866484 -2.5100742560643976 8.221022623183476 13.449594394555266 0.0 
-2.370293549888765 -3.1110307699111903 -4.626430466316745 -1.0984912741100183 1.3544402463457543 10.55165451748685 11.253434016766732 10.643117969453431 23.419602507810275 15.370874475149098 0.0 
-5.054866126301473 -2.5087172769729547 -3.1708213683968403 -6.12984364757609 -9.013299094522354 -1.7520665871603558 -2.1595753141103735 0.13761467773255825 10.461242429358853 4.266605535670288 0.0 
-3.933486298940866 -3.232787770487533 -3.025128510054876 -6.5333699975613815 -8.695848886819302 -12.364737148375674 -8.807506396369112 -2.865281852693265 -5.764921890367927 -7.112905937189996 0.0 
1.8053116310837967 1.6520101890050423 1.3807277081376372 1.244705250361023 -1.468688000759461 -6.919563423797074 -3.75856150627033 -0.9228751979954826 -15.13582020414519 -15.238103094831981 0.0 
-8.031858842600016 -7.320693040957641 -7.190768143376698 -9.897159106847875 -3.636369230436034 -11.576974864850229 -16.46106066963762 -18.3265935947828 -18.78884447557536 -13.647162498660473 0.0 
-8.356305707138855 -6.058477814625824 -5.171371040159562 -3.3049969905483008 8.369317248818955 16.741158177858583 15.5822392491867 8.09431948183509 6.3093930265802 2.692451192081104 0.0 
-8.918581289171087 -7.994410623323677 -6.606163692508391 -6.1298826573376015 -15.747078473875018 -13.023357082957048 -4.778074845872299 -0.4626616274870813 -0.7387293441681333 -1.0320864299091452 0.0 
-1.8361559626174828 -5.895773303194931 -8.150568164870972 -6.376023698412085 -12.76478810876491 -15.1664726393067 -8.250204525318512 -3.1426492203842527 -7.302338966728138 -13.222596388643629 0.0 
