-479.4096748724643 -445.246680768188 -282.0679074336796 -141.1808884918376 -114.24664351684633 -148.80554339436583 -160.7168966300628 -191.6992901750311 -283.73735793636104 -403.61655261411596 -477.9105146729506 
76.55423976302896 101.3374351472396 80.47347044085879 -13.42959166069376 -43.9646415345846 -50.18013218878224 -21.909783754376342 17.55918597982781 67.32985183297379 95.94580110040604 80.87091275108166 
23.462588491261748 7.05856252742259 -29.1849125472813 -12.411015626161124 -1.7928800437276724 18.309667824733985 9.66673101769607 -1.0388180821424482 2.3356281753725145 1.2462309249221764 29.338132638127348 
35.366304302078134 6.820908189011367 -35.18091077093234 -27.027241539095684 -9.12461264054173 1.2533770260879733 -17.785187672641204 -30.5363993389458 -35.941017573611546 -11.478308576710084 28.333730681436684 
9.579828789934279 -6.297493069627313 -11.100371552284267 -13.33784690843478 -2.6987070457720623 2.343674969294182 0.5261357269424668 0.6744908080213319 1.7179857888517787 -10.027624709966798 4.627668120285408 
11.842387134970242 3.4168997343775187 -25.144189419398906 -21.523905623443312 -15.439131151674026 -13.90661275652958 -25.65470371612731 -26.349769620075023 -26.654867930850628 -9.87599868240559 0.7334941525479646 
0.6156914704835901 -1.6119431313865358 -6.965797440792727 -19.60808966779366 -24.05614761544357 -17.7699120275309 -14.056636609396412 -6.687092546645244 -1.3810314546598548 -8.002845478282747 -4.359380646772085 
3.654889831267389 9.608548926599706 -6.223292926403449 -5.0519265833650175 -9.165443764262005 -16.64879130003866 -24.52236521601931 -14.417851450316967 5.218094853306365 17.89910490939365 5.816172042400058 
-4.930106050355632 11.663486576154476 13.060018952452001 8.489769322882982 -2.074423232787432 -9.67943676059462 25.615200035971228 41.629351454052824 37.593736675174476 18.614999324003094 -1.087802453344023 
0.030127632725453025 15.90859288011437 33.42034200663136 27.93512311977192 22.970715000004127 15.47801171810209 37.84423270806417 32.603570754164025 21.190473630660865 8.975068286239756 -2.5857198234559102 
-6.257567412749678 -5.321933730989287 4.3120768629607475 15.84610692952283 22.955508463481944 27.095879813773784 21.24468884190624 -0.22056882896528768 -20.196965988172174 -20.41264883400348 -7.391470609513247 
-5.51879435160533 -20.64300347569551 -10.041345068794158 -10.261362768712054 -4.770822251736209 2.051502441636633 -21.001833933681027 -36.95262230173646 -37.25636772424782 -19.49638641076033 -1.5190162069859137 
-5.997141713579197 -19.24293672364071 -38.07628994199908 -36.0382436486056 -36.167026574639124 -37.18329501380591 -56.77135274331977 -55.208746110161144 -33.72007714629069 -18.910856963663804 -3.777289569411178 
-6.618290110294731 -6.931830745110082 -13.89820349159729 -20.684995999149734 -23.253146111894253 -25.472964457739362 -26.151631101490306 -10.885719811304256 4.613647148969949 6.138381890699984 0.9099369680742355 
4.793693282890862 6.51191894103631 5.53827209946756 11.625107544096942 10.587298843200397 5.520698086571839 10.345046542324264 17.22189567671179 12.797623173440389 10.887845915941895 5.8832562413349105 
13.591994975274332 9.788986568846905 11.602240353621252 10.638954751599483 12.905929261964502 10.779726325803985 15.013525256179829 12.512085609885325 8.870301817043813 13.953311201588019 15.212951450071529 
14.161925106769624 7.220798388453145 -9.117293487748142 -9.037969585929407 -9.620002049694122 -8.468770578517653 1.4905983126770552 5.536654083242786 11.978985900512146 12.946225693850273 9.63889806755628 
3.758793975984174 5.18214064945308 -9.792442491345152 -13.837260732939768 -17.999226662730145 -16.842991655209065 -5.115598773580599 7.648984858283843 16.337317942700988 2.0593649035380746 3.4563572200601067 
-1.6842172695373079 7.711192847913165 15.288130579119564 19.737312122406074 19.753378217596822 16.33361346894483 16.165930313149918 9.934221581988194 -2.9734468819181847 -3.3641873349280926 -1.8577537060749907 
-7.983919828922642 -1.143029055548028 7.399038763852598 11.828870993526515 21.903327296560846 33.253325029414945 20.19727281774832 -1.4324123792460826 -19.750602191523367 -14.617239637918015 -10.83837761359917 
