-540.2915038643547 -541.4611709197244 -544.5741314914785 -551.5126431720626 -538.1215285366952 -408.00875824643435 -319.09580715053056 -300.4878126020803 -317.80094806908954 -376.8912380391725 -430.87275402172514 
107.18012298385366 100.19696772811565 97.23836516528559 93.44803355745252 105.58622089344657 116.11238035148483 66.43162402518803 32.637370107734135 55.57857115931682 122.7193406151519 152.2293441667074 
30.01236873965508 23.057036505450245 17.26730537996898 17.598166039879498 19.028832522422555 -34.25881469002485 -56.12195833985835 -83.35924456888038 -76.25316113874855 -44.5321632665834 -20.334798556038596 
37.76872985819699 34.723369320484 31.065805164034167 28.191546459037646 19.420440231847998 29.883297321085493 45.21784621552629 45.441205394630444 30.57121929552711 -5.609031094061697 -0.18370151332060183 
8.132058379940805 8.386298194889735 6.560628145067475 5.581473838527989 -1.0149796692046145 -1.6372640873123916 2.5225115433363143 10.045514076286551 6.371666223268491 0.022841764419108956 -1.8097677202322908 
1.872685454004405 7.514361776923769 5.42422520042714 6.4450718521611225 3.139291844588933 -2.1864902537626563 -2.4348679119885075 4.6832894887694945 5.129369567562553 2.1597839423921292 -4.666221353480741 
-10.182775219433823 -6.413553712065536 -4.565851359296653 -3.526915144337171 -12.691433326892957 -26.474280838259805 -33.812128059488984 -32.14825288182193 -30.30818711166145 -27.355234600058694 -12.998020364740096 
-3.52090588999474 -3.4431266860143372 -3.124324560470356 -3.2944047273238555 -15.482053011806801 -25.99405589834781 -16.9148870047209 -9.56245344702376 -7.8491106249517095 -4.251462137285798 -8.334099212113653 
13.382588257510044 11.588855683120794 9.755347331014855 9.79249520500323 1.87606590559351 6.6510709920661695 13.348007169637375 22.502488444458027 14.524123299402156 3.5972371428559664 1.3903481135937918 
7.40357530384712 3.1304362301044693 0.6459292543771603 1.7366371507661722 -1.2012316755451875 -5.352042746801239 -7.899641304413615 -9.30465071497845 -18.16343144160068 -13.044877020467744 -3.1542930251008534 
13.732740887537494 11.946553962287457 12.521958794113118 8.9295341128486 7.671295181157669 7.107957997553136 5.569150534849133 9.456368882093987 18.544112315844824 19.041144988036386 14.155098121009734 
1.413887549123028 2.397743262564014 -0.05850641665707923 0.7866328415338963 3.6375227543347632 8.565289827081436 8.420295616904953 -0.006141089655365889 -3.2662976313092082 -14.24953625898508 -7.494620763583216 
-1.5417836798404307 0.9343566941571745 0.3764283679546272 2.2259788666706735 2.4889643481396155 -4.598696561132099 -8.296756186203162 -11.493150803072506 -5.331133452383462 3.1079283754993177 5.413788266111438 
3.3868468534294136 2.6381533590684723 -3.5868347084467063 -4.335011647590155 -3.0352119505148156 -5.442784145115503 1.9907899904717294 8.41400064136821 1.297199930957493 -8.540861425329886 4.5163322814121445 
1.4805217415315797 3.533539067092767 1.6605893113020522 -0.21330232573492047 -3.455677388705345 -6.634722112163831 -10.742515347287394 -11.907359078726984 -14.729789205635562 -3.39088531746976 6.468052735719244 
4.261856560983219 3.8921250054654415 3.779187886364548 6.549685701393918 3.0176905985975275 -15.102100024369589 -13.458391189993563 -6.038375328417102 1.4883855503207064 12.065936296597757 20.275588197171253 
9.426121612131716 6.76676154742164 4.0436910956035845 7.51565873013607 9.285991365528512 -0.2480092617269143 -7.247529197832562 -11.483054741681475 -1.2456985654944062 17.310465683807315 22.157349414402518 
4.752244050951502 4.092802303294173 -1.1959643630181505 0.44836423283497884 7.388867120467788 -3.778871044125302 -3.0183857349257166 0.7902328264258768 12.414405915092498 24.319711614275693 11.423695516669477 
-3.6904269989862866 -2.7463699917625624 -3.913165506607032 -0.4614346829694539 5.810620315584942 5.372391955867372 14.662738778418861 20.810266907204273 14.147177186617869 11.856247349418513 -4.421360464817683 
-20.39510749499911 -15.405545333919525 -10.016650865864857 -12.989080633476043 -12.266747636355857 10.905589692077633 21.507361278370688 32.3245322462805 21.95848724926187 8.842476038417583 -11.69119421730238 
