-260.83162170452204 -256.94501690951915 -262.7936204927716 -266.8246068215744 -261.7859212960829 -255.70454814928732 -258.79148696932657 -256.62607906274917 -254.18690566809101 -260.01955339199236 -265.9616560068646 
31.87933793256139 31.871268347582877 26.72395897594395 26.448563587573343 31.86611255407159 32.91899115911405 29.143628983234226 34.451956581682204 32.91571043362645 27.137110492274253 20.607520291896055 
12.009109548740454 11.369398453789684 10.727147239847351 14.152953891966774 15.739793740105345 18.765552524029964 19.06405512465883 14.846658107433974 13.222005724669282 8.298305314538066 3.3368844167302223 
13.804920929648972 12.999043982883935 16.5359064630031 16.2918313841106 15.920941009848956 20.874742402103145 22.823007516030614 17.274671364188983 13.425805191230365 9.953526392483154 7.293247425577956 
9.511583854194468 7.659281515234708 10.25045862003083 8.801218072677706 6.3311674093775565 8.046613043953787 11.695426009841048 13.366549987160214 12.771910803550446 7.356598500478125 1.8988359757235473 
14.611123190578308 9.913180864633908 9.050265471411418 11.121950845556581 8.401319146305834 8.514686636761157 6.582866571539244 8.882809118561385 13.790920451264608 8.360380723606283 5.145725978334726 
6.435729982884241 4.937212091375089 6.171347414811649 9.942938364372264 10.968277442651704 10.074481906478605 2.211120911973667 4.983512190371838 11.358605491637217 8.257130782671146 1.1906130334655174 
3.272595731214907 3.0648625321582608 2.488500285141332 0.2918424923311538 5.63109078831855 9.027634507809076 2.666012403531573 2.7797867560173968 1.6575742225637702 0.5654752261790155 1.7705068290372397 
12.229839381189388 8.904714902061896 8.913926600954774 3.5943572259823413 3.295889814438655 9.075612296008451 4.698057949442927 3.9825994548348382 5.62243684566452 4.341569648094275 2.170592486907253 
9.112249348729126 10.218476928494708 13.933199400942108 7.186599006744028 3.7092055145806837 3.3664342458293524 5.219252889590191 1.6197332516643104 5.598897053047962 10.251877180783563 8.5007270423445 
7.642936670007947 11.292665717657968 12.1888272693616 10.470923730535006 11.153530702976223 5.621824261508567 4.343293890851459 6.385223262236173 7.831586386198661 8.345384217820381 4.240235825659489 
9.323361233151601 10.410073247172944 14.78404911081834 12.883628903551699 15.923219352903034 13.976167641618819 6.521487061160078 5.372714292158669 4.862599257946751 3.403309061792408 -5.335224238292421 
6.1187138640884235 8.429279720380142 9.508859455168103 9.505378254031289 11.147576983432543 11.002563738774416 5.338203750992941 4.648511663026023 5.367258652515688 3.7449861621034533 1.0993906356038545 
8.521948309436773 7.62645725306785 6.374666542727086 8.398718990842129 9.998310366213069 9.856968809469272 8.087493083660805 1.391040366062279 2.754695621862554 5.342433563570717 3.711551249764486 
8.926270016448804 3.2301772549596888 3.377999185271181 8.447726131805078 8.298813454859369 7.836368352860951 7.303818807120199 4.50232165548979 3.5729020512925307 3.3093674146474137 2.8863970234768166 
13.772230948530561 8.344895811680583 3.16537826323393 3.324740559983298 5.390338993189342 7.981941384745973 9.316482230743787 5.769522830162923 3.550498776634301 -0.5167138963820693 -1.506439479644307 
12.079862873568178 8.954363131229808 5.442307120267924 5.296966112318573 5.750171324734975 8.559318979509237 8.233618071103585 4.441567889614767 2.46794662927991 1.952088394284734 -0.6770264060823528 
5.553887204309927 5.184454982940346 11.342822822668158 9.874099661878034 1.1652419655255186 5.462419992350355 5.7762288921528455 2.447514589951834 2.733690452805057 8.375010062146227 8.407821579351253 
-0.13931753045843182 3.6991094888635416 5.971965841719166 7.7273633566332425 7.324588495955218 2.931152182780288 0.26305833999161565 -2.330324409892575 3.1594008280024486 7.445871514610669 3.6013975384462036 
8.189942019563514 5.5346416280867965 2.6684640881073562 1.982715726336142 3.747960096199747 0.8545839401573384 4.352361725155106 7.33980858511176 6.107981663771385 5.059728357973608 1.715642406944693 
