-487.5588870232155 -364.12762755893493 -224.36455525269497 -172.69200521141175 -172.59337902024566 -186.08819616047217 -235.65182074738482 -315.09378168364 -368.1180537904655 -451.9046910695724 -582.6203153385454 
76.98324830731153 111.08952410272602 60.86503584834959 33.619238772404074 27.94671172574596 9.537648590194156 13.908542343337238 53.29826551526635 85.41813358608887 112.89515999643368 104.98754296584195 
19.89074153005442 7.220795205106416 -30.163056331025423 -55.72501522995465 -61.782966109771465 -44.31373035805579 -31.267961257650555 -4.099197220402066 21.35797810638827 39.800849496052216 38.28949605150424 
34.288294269520165 -35.26548919557563 -21.972732168122022 7.793139216765372 37.96035593689508 30.115084126953164 6.886856870196404 -5.8518348547478105 0.8198744406286063 11.994506627370617 32.11526185863435 
-6.082665812325358 -24.426403849655344 -33.04563154649083 -37.05716049967002 -33.23771476247847 -17.91603536205127 -4.152771050466411 -9.974720822542306 -20.45569467036541 -7.449926706475045 15.777236607865103 
-4.4520416458130105 -11.347784566682279 -8.397567056700689 -2.549857075254719 -4.275549499889796 -10.065385241005771 -19.06843673201906 -18.93549719762995 -6.543350288930809 6.4078864721873465 23.688375615080698 
12.227621734242838 -8.648106449749353 -38.84962052576725 -27.130194350935763 -16.836259634623328 -12.810088972988979 -7.9812773042961185 -8.225968027154284 -4.24279680786762 8.548646251720607 13.683613514915795 
6.773769400636536 -4.983622226666001 8.485561415004614 14.825881006493361 11.51355506454671 11.958141794704298 14.373014626575209 1.3237666660341874 -3.614800701842155 4.684482635256921 11.257525600372606 
-10.304159339374332 -5.008395057934773 -2.667950303058546 0.6238217791346116 0.7298518981261148 -4.469199574550813 -1.3127062304119388 -5.248653307675513 -10.062933635394211 4.133765514369127 18.904349392096538 
27.02814715002634 15.6972292753316 -1.9567199148353145 -5.925114374365526 -5.950007825397691 -1.6154109277299606 11.026271207182912 16.83730160079972 11.429029189043217 11.366394916757748 12.991496037917994 
-1.1365402443625252 1.064863005320809 -1.6957518067379391 -6.025222748023104 4.256058034877357 -0.3878877292403841 -3.9370688225151227 -2.27137178635264 7.079963747869418 12.341376411199398 13.599619677817842 
3.6889022656385695 -4.542076359248544 -2.632391642310318 -5.678321034716754 -1.6740504318707616 1.335873978800528 3.34680347743276 -3.1013703569495084 -14.314623205925585 -12.179463256817446 10.505288005314588 
13.334942036978777 11.385335631417268 -4.836994981693964 -17.19841325977804 -15.996702581750032 -10.117619203255906 -11.651269683228922 -5.017405346214404 0.2848155821957532 2.796828711764625 3.3556943477383796 
14.104114230819524 18.34775857664964 10.314123109438018 -0.5446979759534044 -9.27505079279157 -7.445177769888918 -7.030413802471324 -3.37257692846451 0.9316630778094579 0.3335680239422955 2.6643816031253706 
12.410555389122814 16.11480176352494 10.55798670615653 -1.9761514697161704 -11.130643222546457 -13.165046226936349 -11.087873618033008 -12.66179872165567 -8.99785483757097 -4.15589982711103 5.642146038077321 
13.324555654483556 48.98313062538762 37.87308058247456 20.33869364200178 -4.475969451207703 -12.42281657459091 -10.715803610850134 2.1487975129551806 13.875737742855073 14.99985847108029 4.794648182669321 
11.640170508978429 15.57870394053322 30.226582096934102 33.26283417569258 21.573802114415543 6.8544083056298835 2.496392424656949 -4.475100552435895 -6.389660944368575 0.9221551338809542 6.008632007575175 
1.9439264949762072 23.59380928908479 35.81091325891309 39.392912861314045 32.47989183706742 20.306699084164705 16.51160207901657 26.981260956782762 30.944592094655444 26.260319929688205 9.756629123790278 
0.22206793636688543 -10.775045378363677 1.7244786663860872 19.56577485269463 34.50747402775964 31.1335196474937 29.022182595781793 30.980879567662523 29.820139431899197 24.39279554953908 4.879265221177189 
-6.146861134391423 -8.793467046234863 -6.248582380312865 1.4861486230494219 21.631971498167772 41.000200664655466 40.29162172223823 33.24703639740851 30.54762939135233 18.751776367051267 3.407198436172357 
