-542.8544887291631 -506.2425716077166 -203.8025078602382 -57.43948005858677 -30.353963254526356 -30.753116432373577 -51.76989421560898 -135.41468476840106 -254.7928997098016 -360.86578595277837 -451.63973741970165 
34.503150265874886 68.21039367516212 53.41196235089768 8.846162077469867 -15.485927416851144 -33.9886934339963 -27.112016481811395 -1.0837058728353548 34.990842711475764 53.6006550732735 48.22759910054566 
8.021066306369622 12.012816335557746 -36.91732363192392 -48.29288650549721 -49.628945336582504 -49.63461630087852 -42.552059229539694 -22.435743817673156 1.3566875169463979 36.76758708876348 32.830777047483544 
2.693425147113693 -16.882632553125397 -21.38637879778604 -3.91421441605772 10.71596958497182 22.32655634594942 -1.3584397726382893 -30.63167555781687 -31.612739478175016 -27.083829251534986 -6.006261877047546 
-1.740818120382284 -27.373324227660348 -36.17732251906382 -30.610548363793686 -25.045929429699775 -16.76081950543727 -12.715932214642311 -9.836673553369986 -9.96297888371893 -26.050900499359912 -14.107395345564512 
-2.804178162846144 -17.211632771893235 -0.013054610695790392 -1.3573044683130422 -3.787015328271971 -5.128914132013875 0.46532608125532904 -8.966291362354234 -13.224703580216826 7.909197619957829 7.199493341533312 
-16.830822995387035 -21.016970497718923 -42.818246684944796 -36.059293128734105 -26.99062271478098 -29.19973242888904 -34.68571477960501 -40.977736223138514 -26.700566694991267 -18.494770121707717 -29.994655310963058 
-14.057637441402736 -17.96086126312516 -18.661324575095836 -19.019338370290967 -16.067291770403617 -7.706023645299144 -6.918903094869072 -12.55382388770002 -12.444744581865244 6.83903405957717 8.604247324120292 
-5.6191090873178124 -15.908252628358408 -9.130293917143995 2.1712662938305884 8.564610163370553 6.920050793354373 -6.220449124054705 -23.381218691053625 -23.978999093459716 -35.49878686256851 -30.457264764421836 
-5.81894268582726 -15.036033907162603 -20.27033042387513 -19.11385762818786 -16.78040579349363 -16.072089264797476 -14.656671042048133 -10.130825137485534 -10.553893367433151 -16.322392433530553 -18.783415791912418 
-5.96392831101467 -11.666426459025093 0.4615861988899139 3.9356001477571936 5.497729114280546 9.23248927731236 6.8084420492793285 -5.320670865256484 -13.384153236900513 -0.012122627823480836 1.1934412145493434 
0.1405249693743844 0.040658189891859764 -20.329991135774897 -15.495874413394226 -11.62036206700203 -11.103719629877475 -15.788486381354218 -18.419973036235437 -20.78745665509058 -44.01135087952042 -33.43059708029305 
-6.34267620000107 -0.03527844011080061 1.6144767446676414 0.10168530950138685 -0.3788120174421431 4.873268736506999 8.580589293039711 5.779313725152711 -10.189127597070053 -11.196228924778676 -2.902111211805396 
-6.088312150197423 -5.772785321089386 0.6114033336366068 -1.391567884786845 -4.087268817662309 -4.5353616005999395 -5.611424702649847 -11.326611683378363 -15.421009301721327 -23.984843074420944 -24.868808542114508 
-8.309615611768034 -15.234249848731794 -9.212026393295293 -3.301347864847168 -3.5081584111954296 -4.089239636386839 -3.5171303048519107 -8.516777381636697 -10.983779291181452 -1.2744031431963285 -3.838663600149368 
-3.764542147512911 -10.571061862366054 -1.1265499287603888 -7.218350189331274 -9.536842181487579 -7.218958980058506 -10.71757069201272 -19.709684180679233 -18.87358113300354 -12.78228653397479 -7.220667642969616 
-4.041436436350997 -5.479854044018644 -4.9720521829478805 -5.160235704562693 -6.490345104575526 -4.769635386473292 -10.258088241303552 -13.90370339488934 -17.88967165556263 -25.10061874293031 -22.764246420473235 
-9.860023141752691 -1.3022684305265595 -8.139658962691904 -17.343426911569345 -22.621732790478823 -18.94055468177092 -18.7325072241089 -18.57655274218212 -15.257067397448864 -6.709192682837206 -3.4164326262618085 
-7.829022767456504 7.765924190049462 6.651782484208031 -0.43722675663452115 -5.820928127754564 -10.732635915101321 -12.4793055564387 -13.114950845423918 -19.220171522034676 -11.253556710634653 -6.707328812292187 
-6.188800741833482 7.795138564154119 9.898788772877204 5.530394280189155 -0.8460818204597125 -14.293820190139503 -16.492703154136656 -11.667087055512724 -5.924807530895242 1.2744961500122756 -5.420887459764277 
