-226.1370902701313 -149.73085543749553 -115.26113687063396 -96.56094206008495 -158.6245576393249 -318.64455451499396 -477.0382480609896 -446.8996702758437 -439.8684564997774 -434.9416284655299 -446.5442296183718 
32.311015976413366 -6.733338624134078 -42.059847300106554 -28.492055111312574 -0.7346581772354089 27.460108269857606 13.84145861386084 -11.959497514366765 -10.221542876719056 -27.172805424005983 -48.25274472979285 
-27.003924605513227 -28.796497788110926 -16.24023288856525 -15.487344892298314 -23.52125290959955 -39.82833536989031 -14.609708286409974 -23.788181031020166 -23.911960746527456 -29.634044578253075 -35.12206635802575 
-16.615265465624994 0.14198431218658514 10.913440619016924 -8.038358932286798 -33.412091500729126 -45.33980773060118 -28.959494981407467 -2.8922875198789035 11.543712064425163 17.12231716834712 17.52019537150251 
-49.33501010667164 -38.71310965569061 -16.76851489701911 -13.510413076221973 -16.580725956091968 -34.290980470012 -46.544494748427596 -32.58209739628369 -28.554624342020972 -27.369150111523574 -18.340678509156945 
-22.26828270250637 -19.717042229206935 -14.148710847957897 -21.686218079770793 -36.57565400186266 -42.07870051295955 -13.486169611230466 2.8456182894306723 7.450861191188194 13.649958616955399 23.052465603775374 
-18.017187267491686 -17.578827131554778 -10.857800334291724 -1.7070980303864363 9.263278312685802 16.746996296833707 -6.1286463664528315 -4.419936118320254 -3.8197083726319767 -1.5764941881949996 -1.73793299434372 
4.136364609620278 1.7662937934526535 5.81782795113278 7.503214794708773 -5.54401929083298 -21.360617462121212 -0.3835385088262416 7.374148181556213 8.652590995406229 13.499328049482692 9.456447526317952 
2.4325624759397746 6.258261305578464 1.8961990567542308 -6.535441014737398 -17.75991944281303 -22.53681996288848 -16.741971910550202 -12.630365668103886 -5.123235813582426 -3.0052645181965563 1.8099386519772747 
-14.894970999641345 -19.78525579657973 -19.226099163247575 -18.82806393752034 -11.72161905071778 -12.913921489849079 -11.414917416312711 -2.8579064042203117 -2.320205272456003 1.3419472445945293 5.2154448154509545 
-1.7676822874733564 -4.099726371403815 -1.7857121129657956 -9.785034062964453 -17.10231501875193 -18.639555422278377 -19.38858832544093 -7.50732298938461 1.3191714689858913 4.176721554680425 5.160439133062348 
-3.3826182117932397 -4.7157319699471545 -12.16696116858849 -22.298289620346175 -20.126668765705148 -8.142968395493376 9.062070180290053 4.383687741212838 -8.911488501200116 -8.318337142736262 -4.701385742626942 
6.5938068305159625 -1.3348622526011693 -11.704723048669793 -15.076180612526462 -6.384505381003296 7.525797164452948 3.395557078786086 -9.584092187904737 -9.42631934106847 -10.02872522175814 -8.382029280479472 
7.736153440738568 -3.160935654039238 -15.246849350304998 -7.8931486804680775 3.686453649573825 11.973897213383832 12.350877248868574 11.883807994106135 16.808947471116877 7.931740983789917 5.638180297404296 
5.762443530139398 -2.476983529086117 -9.759739468329219 11.431073442725602 26.71245204684632 32.981189070627394 9.949732993257532 -7.81356521891786 -12.889324545425161 -11.341666208749526 -11.30008670012438 
3.5051315354847814 -2.168254008839044 1.0261546800174406 26.413083831643192 29.20706205548666 20.10715431943941 11.63549069694856 5.298632712570052 3.208573419493298 1.1770233540399722 -2.6812470777660353 
25.364553575196567 25.18587330986751 28.620971972222545 31.383891452209696 12.929845942412442 -3.561484970028273 2.153631053297135 2.8928099068114292 3.31474999065295 1.6123314848025758 -3.4030509447172537 
12.23099961300768 17.949601881330597 27.3443953649956 17.61378336756814 2.4170034715494064 -10.71514921187925 -3.5112430604214744 5.470969138317983 -0.27844645721944494 -3.6930039700725894 1.5150612061861612 
24.04617040772162 29.937911894078788 26.48846790249018 6.737202654516935 -0.13777618721512375 -1.1037854436695478 7.065641257532404 4.009046142782207 2.1817960909081577 5.859124655817642 8.881434064208523 
4.017919532333797 10.841596655864153 8.341674350630301 -6.843647950261207 -9.548349296939508 -4.253971593211929 -0.6293435345779597 9.608124765553885 5.139051370291974 -1.9037789713000655 4.462757968303434 
