-404.74612977909544 -216.99090126329236 -157.82620050992867 -143.32339766288635 -189.53286819218218 -337.24660038399145 -539.3544211526741 -581.339576316585 -592.9374158577574 -608.1452651150231 -629.274726609381 
54.488033828070165 -1.8027358262688096 -26.47930758259077 -20.354069233449565 12.053312449360813 52.382742652482435 62.89137420317647 19.77865394059596 13.474886564917298 14.670562930207964 27.81615983004405 
-23.501525343420447 -28.32394571272343 -21.781699205248614 -19.439277264068757 -16.50956383501978 -14.32645958725049 -5.04840998555249 -34.81511251803293 -41.02113058793941 -40.18157546649755 -26.30503820331238 
-24.182230419453376 -9.80808560975631 -1.1445345064597934 -10.641966400521689 -29.290930322266142 -36.04786885444102 -23.638854750797258 -28.103545514710447 -20.505318560177354 -21.475731554252988 -28.56441169900047 
-59.601012083423306 -45.60668974314227 -31.87024831415448 -26.55236340031402 -30.29396637562682 -42.104166674691925 -37.526774235203675 -32.95778108932247 -30.225885860586338 -35.85115796462871 -47.247582975699274 
-24.131249779002395 -19.634955610256256 -15.603477195694534 -21.439037645835143 -37.787714062164625 -37.255858314199635 -20.00236862637092 -1.619376613669628 -4.774760766340322 -9.316910806743323 -14.089660604571836 
-22.489661987613307 -18.66062497801029 -19.081662732730123 -13.141806686944838 -5.276374300663692 0.13308190155920985 -19.907274464008808 -28.892846997191242 -27.736274979968105 -18.04538579408691 -8.688076984605066 
0.6889696465872527 0.9146956498420066 3.8594528324132567 3.54035148596501 -4.2652026107327545 -17.047666800566898 -12.249599369376961 -4.547523940077442 2.5362624790449697 9.382927662291484 10.413562077307247 
-11.501227299848782 3.2374476444206977 4.189036201414602 -2.748176466823951 -8.93590063626558 -7.551124381188309 -3.172633974288487 1.2433215265308073 2.117750721194196 9.445706682354974 12.760808510019885 
-25.373199116763896 -23.28885220404622 -22.341095825736375 -23.55138778965765 -15.861307130532833 -5.666576500273257 -7.957750769563937 -0.941494328497363 4.8750338759144345 5.28084702727873 7.8185431606340146 
-3.2143848888205935 0.6961535815676729 2.7242245668104292 -0.3304820446331827 -3.3719951186455717 -11.073389162674701 -7.921927931818925 -17.061391183111716 -13.116792456388414 -12.579773010666985 -12.879059133193358 
-8.06925431497018 -2.608005899584689 -3.029888386760198 -10.460086460202206 -4.179076767727092 10.03874428215818 1.9244085623408733 -7.168327370627271 -3.8806697647305346 -2.9721725032037463 0.05641875505232308 
3.4991305424186043 4.107460374649113 -1.0997368522894522 -13.1318271562078 -6.9479502349445506 -1.0465829149024553 8.241977752953659 -2.0464057531640987 -2.704814360415775 0.16400615218703374 -0.43738850386851735 
9.813954468810458 8.2989996303479 0.2667783698231918 -8.216265154341635 -6.843420284924714 -0.16964653809001368 7.472406524031425 0.6529561504309459 -2.7898460890123857 -0.5457008670386007 -4.0233551649342685 
11.122973681881845 2.4489030942471253 -2.271067039927573 5.637560251424533 13.963940097325516 17.533518610501382 3.9211665129181483 -0.5146691935766583 3.3900402184372274 8.676940409575579 11.812219728211787 
-1.421576619487546 -4.7512103167407425 -5.101512838320409 11.194457062735903 14.824080601136616 8.223397822389323 4.630159934186948 6.029228834152827 4.054192519376945 2.62050416911188 1.3810980799975179 
7.5914635668754595 17.483051492264707 19.138400160548752 26.073808919017484 10.720813360419982 1.4604731347252737 5.954360365792404 9.990629218543274 4.775071878945402 3.439475659238137 1.6695911010174769 
2.773238829260807 12.878523234105273 21.685413803178072 30.286310994640104 23.00695754243216 8.066029764233427 0.08101206426832752 4.66110744690104 3.866982808282163 5.976286757193259 7.822923153040231 
18.721588696303648 28.191726051535063 32.67929277452258 20.47466870875772 9.02359049899994 4.357105638639939 4.831146225470718 14.793752524148164 8.635114264794334 0.011864018980561664 -2.2178613893733528 
5.085795739331515 16.55681337848161 20.269846381624028 6.884128526499074 1.2340471604796084 4.569105099751248 -2.43228421279521 7.704756356700007 -2.850533527894749 -6.205546608010887 -0.30167820945052193 
