-269.5290960336946 -205.03417521481146 -59.942915656466376 -24.650932768566346 -19.928603079468562 -30.820332629919474 -124.81273345178722 -313.2142056655152 -486.08590145313724 -559.576024455154 -575.5655730356576 
64.83553812713916 133.7346907228625 69.07408319867486 23.817916744174664 4.033846881707462 24.78149923314466 71.51942317321192 133.6409361213479 102.5442074469583 30.324690258555677 11.739195879593744 
-4.468791123508846 -11.114568375896756 -28.10908073591307 -33.77053116353435 -28.61136374058449 -21.445229106888284 -8.026702725094022 11.49433763834639 27.324129398329546 17.014722606773574 6.9636769274972234 
-1.2396201266683506 -42.60579836302699 -35.28229106041755 -15.739444756456304 -8.449763075670633 -30.37033418581536 -45.87524057402752 -34.8324355726462 -25.647221008863408 2.6688661074752273 0.6304225678805911 
-40.79772072352788 -45.99019953458874 -36.552889715245094 -33.45879527831262 -24.532534368659128 -24.3606494715374 -24.2807164723101 -41.615430091432295 -38.58081448224367 -9.223512988471331 -5.40732913547236 
-2.3686983727884057 -18.259511570567586 -20.898676337266064 -11.885503139545717 -6.579433705153797 -8.1917150633369 -13.382857155965496 -7.813506479806177 -27.237303337887496 -15.675941864571826 -9.501971174000438 
-31.99030223579154 -28.77797674978507 -29.200509296406082 -21.5641769509547 -21.313378850861028 -17.588710786644782 -13.901924877801635 -23.822549215485726 -13.963490335320035 -15.573080249832675 -10.725126875802967 
-2.4645711689121272 -10.991465783546534 -2.098308248672831 3.9610147676445533 9.083342518054184 12.274456529099567 2.6460286925300585 -5.1067339552244775 -14.430985209601129 -12.650108728300832 -9.103505395573542 
-14.856010513826526 -14.259164485016175 -20.16087737731911 -14.194575965404749 -13.508637604816268 -16.91482716910826 -22.05456132638524 -33.748051342156515 -21.79224107274967 -10.010905156937799 -5.511526156817791 
0.6162383125770436 -5.7194868418448195 -7.338576969030994 -15.10546095603027 -13.651798101862987 -9.608741848208808 -6.75453381549356 -5.520215846414807 -19.150801702052966 -6.855538611923532 -1.2862340003322568 
-5.523633929319445 3.4084903701722666 11.506300454915861 9.625169332126038 6.3741494615369705 -0.1763192046941524 -6.260817445070952 -1.080015893082564 -10.603577938823157 -3.9132647207277946 2.271944802978738 
7.261003939117772 3.2424518263927693 -13.611382541642048 -23.442213784136676 -23.170360401770047 -20.91656015366652 -14.485596312383883 -15.497136057121416 -8.848314588266572 -3.4517159008794103 4.320691850912437 
10.456367257328811 15.049177977941184 10.127738551428056 -0.18658801571915884 -6.387031076702385 -8.166283225695736 -8.767830607291403 -8.069448767892833 -9.591658102348081 -3.9833007925390733 4.675523785644833 
14.6449042699685 10.648368394489712 8.027915277215657 3.680569258922139 -7.172105978923061 -8.481130831892852 -3.055869265050351 9.841949436719773 -7.620644752897802 -3.0459821236560067 3.7432677527022573 
4.224894792904944 9.745576166263948 12.370804206426165 9.89095823291878 0.7606929323192604 -1.5148780509914794 1.246599032240944 -10.225175272000907 -7.005804147940415 -1.1507698886094127 2.2519813050399438 
6.260568962065401 -0.206407678981758 6.010055977516252 13.299167337228475 9.773767814805929 -4.113098495068326 -7.769054994367599 -3.857540779695452 -1.7450940472146557 1.7923522948389319 0.9110864222439322 
-0.7470674975163477 6.557712970300135 14.701400926065661 25.091900719324197 38.85455202532849 29.12337954907452 27.920798840954923 27.010097708320053 15.724789058513963 6.357936760780523 0.14507128672101924 
-0.2096668745567663 4.97411207587219 16.424423524929836 21.794717176589252 43.043826817452306 43.96839563233843 33.57369062683085 33.19336513169608 31.184317249971215 9.192547627238778 -0.005487664808700648 
0.28599582281670766 4.731957508850549 3.9822729522083105 6.5510040753313294 24.924158105331685 42.242701483794086 45.749187888479604 43.35348580607001 28.26161238150619 7.16943059205811 0.19621692957158982 
-1.735698840935945 -3.1147520874768637 -3.6952188052404393 -8.804329335447855 -14.539467719651775 3.8219570467821593 12.010024761172392 12.840962584087666 13.415510361871526 2.702279551182353 0.3779004507923408 
