-347.8676453434317 -349.96196442370547 -337.72069071884385 -249.01446737329408 -149.4215035928355 -106.75849633916926 -123.20799071344403 -161.40564799784585 -214.37981639876148 -224.98243110741402 -253.43892643312992 
23.09551015583125 23.68850452676495 40.564845053818686 32.267399247341494 -19.89293481228151 -56.8888096265355 -77.59879884836857 -65.66529232947917 -2.54114845325744 61.94059535001995 70.3022608254734 
-35.1797449730947 -35.17050475523182 -36.16127201189089 -81.61107268021622 -87.80911837143717 -88.82851828187586 -82.61182708480146 -80.14689500677147 -86.1229954663507 -81.43404771351378 -61.92767207253471 
-33.72660394688056 -31.839718563857588 -50.43460291770145 -59.74359281362089 -42.532846334782946 -15.636031568766874 -9.989200680160074 -31.786227987606374 -57.096283197947024 -65.72436037802375 -69.00165693518585 
-24.142392341977214 -25.049187371851016 -46.01045928932559 -39.105739677065344 -35.097847373866685 -39.27285905753235 -41.98259152074868 -31.756271140097063 -26.542673784837234 -43.14499785856273 -54.04358553625052 
-14.86684554311679 -13.219536619779827 -23.918463422776917 -34.3774718681999 -29.041520987102206 -20.712101480098184 -19.304688517078546 -30.67762260074006 -42.25735086572407 -47.82106939126682 -44.054138987595216 
-2.5707897292739847 -3.648083183448755 -1.7698705218861535 -13.833269008150758 -24.041976951507703 -23.668204510092146 -16.89294014306266 -10.991951946969362 -5.180421367537127 -18.95228513936007 -14.422290739589972 
8.105834976262223 7.127233857685997 19.166420123612014 31.152943892660772 32.24183078188243 21.23045250293889 9.662175116342146 6.993866834249461 2.419317626101345 3.5685379919458953 -1.0440975946903686 
12.39417682729282 11.324411154954833 28.666194625267856 48.99700568998087 52.73787632344316 39.21172835920896 11.013818751929628 11.272892127385814 26.832707799490244 7.795385110042575 0.8931085131542459 
13.720499839880688 9.253044755618205 21.651564002592252 30.788193211926334 34.24726087028595 44.73216507007812 36.91234092253303 32.32482871528836 37.8349325525225 26.92474389956062 10.658599426329637 
0.11691943854637166 0.9390021677823435 2.644404781031413 -6.035765675391708 -0.7950467567941819 20.247491623360386 43.323119679761064 34.303880691189676 27.858732137693252 17.725955767697386 6.876407604250357 
0.5639460994980758 1.9480071557980587 -12.795721805232976 -22.657134384429703 -27.525848356593187 -26.26008664324338 6.326753922573371 14.338003126159311 0.6920951198386484 0.2868745443785543 5.740736509069874 
3.962368318975489 5.730327096374922 -10.341040248750767 -17.283350391537034 -20.10080434741737 -29.55801612368377 -21.15318497344265 -13.009544482276123 -22.598422109112903 -6.992733479534017 -0.906520419172778 
7.651994801887826 9.610264810120551 2.374785646544056 1.0895411107544855 -9.556340683065532 -21.95766713427958 -29.874755595545253 -23.800406075291924 -17.30996339007639 1.3897422660034036 7.878629591768988 
6.935586095847993 6.6482892235849125 5.879880938963586 4.850556928175573 13.095855380218511 19.406491691324206 13.810906313452287 5.9294505783125135 1.3915046540590956 9.262447466723298 7.653912439227349 
-7.633397138518607 -7.3616604822880145 -0.101188647919759 -8.34917691241431 -12.347780433408387 -8.268236707553747 -7.058974322800702 -4.263241273822588 0.47071270663336073 -2.5891870648988187 -4.0884742541701815 
-17.04518432435733 -16.21711994047499 1.4492215161941813 2.8958909989632975 -11.667236597663234 -17.08765981539941 -23.853490566451594 -14.91113159886849 -11.298117928756596 -9.703863412564079 -6.599894163398796 
-0.48871955916739773 -1.3430043765271105 6.509743410102617 19.428506049364643 22.263000512926382 12.557713102811384 -10.249458106194407 -18.08886859829889 -9.552182944538078 0.23717843781926057 7.214174460144759 
4.114800290752618 2.057559806580626 1.5789966962528086 8.991384943524299 22.453916271591368 30.721577575945865 30.900324461383924 15.537560398356108 24.72320877557402 28.468880576308358 15.670663675718458 
5.569017578142156 2.1577891331010113 -5.9589021014244 -17.32344606927594 -18.078201540910108 4.290175978341749 35.7833659081693 38.63760676400918 28.96676278568558 10.06262236944567 -1.866097710052679 
