-566.8768366719418 -268.5766140325912 -130.40044941543732 -96.88610395505818 -119.68255374809887 -197.40021988060647 -348.354491521443 -513.8939327342085 -642.2465672270523 -700.1926991142304 -704.8822102683628 
137.94986129007498 86.30480385531544 44.49148980452995 35.825822209208056 36.529312626266076 53.058682994352786 110.5787407778397 110.52643125792129 76.29165516711683 52.85514747049672 53.72941847599734 
28.02371836024274 -16.710944970639304 -41.33610533282349 -45.09918355907621 -31.592174166098232 -15.015599577049318 5.828796516618038 38.00853380271505 24.1071649947812 19.128232852886065 26.79037120459802 
-64.69833867554826 -26.552838880987018 5.356268761744905 14.00786184217379 4.192813649474065 -24.453563710730037 -44.20527194169456 -37.040670680621375 -24.528735130149006 2.7659851025557365 12.125446258784642 
-26.06145196781658 -32.13570970284076 -33.39064231974105 -36.20406806214573 -32.2394362736891 -11.218176997859715 2.068903684789163 -11.95066707374168 -34.0418862316 -12.122024780224315 -1.5167197597529785 
-25.55116700054166 -33.89780286949144 -33.473939380394846 -31.976022888976352 -31.700734567593294 -27.306311668852874 -25.56859599646573 -28.654469295953135 -28.055846310067626 -4.473537276039245 -1.1418048477425298 
-22.570844268307702 -9.660705699675677 4.079606765453098 3.3902153210252663 -4.73775264668268 -12.496773345153105 -11.791874144616123 -1.609324331429867 6.913361384870015 2.710568970066137 7.089765135309102 
-21.141442102152364 -19.60668637905615 -11.349149877157569 -3.9414814285081583 4.348494207657785 14.527515352670074 1.34055894409985 -5.7792954976014315 0.0762218455109128 0.12054996085684189 2.866754339947909 
-1.5978450996912206 6.365343478696072 -1.5351060606412916 -10.853716030062328 -20.642561228035568 -22.939038599516692 -18.087797280297252 -20.644648491736987 -10.607786856782882 1.7538137601413524 0.5083309977589902 
-11.757466964714489 -34.624467275736905 -32.3876024822593 -29.482742544778965 -27.4987001080199 -19.059188873814218 -12.335021810214041 -3.9830659676455777 -0.21626262298578858 -5.739883649006043 -0.0374979365004976 
-11.850170223503431 4.769596967894951 4.44719138714727 2.1505385269030772 -1.4981734589984124 -0.5359107852070664 -5.094883604551009 -4.402744121420489 4.236200722815916 -6.873024201509246 -2.151772251702403 
-28.667851812742178 -13.351435254814476 -1.1073772169932525 2.4667881671766123 1.391385516401662 -2.1621518795930754 -11.886799632954606 -30.260526111813164 -13.637609179300542 -2.8669747586018244 -1.625045050743084 
10.577122954145981 -6.232332459536217 -10.878735963375927 -14.19449126424292 -14.151966299323538 -4.842059729129936 -0.3990315559165152 12.459284385252147 5.657533816964324 -0.5451379750462114 0.953808717973126 
-0.11324161361782303 2.088256538040558 -0.9876578873067005 -4.868675250510093 -12.938570152204338 -15.467041762812961 -16.055806760475647 -22.166234188571508 -5.9527850833004665 -1.8438068355842092 -4.839075740679426 
0.29377791197067704 6.068879293696235 4.02333061013784 6.073501312530064 6.860286851367932 2.2924220578398984 2.0778427850170136 -3.6318333386897796 0.12805041383990057 0.3775230498041315 -4.556697646623235 
4.012517713397434 -9.011753706566711 -12.368195454807207 -10.637146541022991 -8.923743245468517 -9.019825557992018 -10.830970874925725 -15.768284653215087 -1.7291717021252215 2.3653537995204337 -1.9390818006244874 
3.3942423947340803 -1.4573810244612126 -5.93005557146267 -5.388981874420772 -0.8771548279798081 -5.228687128390087 -2.6593509423765567 1.9850209432167576 2.537659131634987 -6.096807597460446 -9.002591652166593 
8.83214778174229 6.5829859018924 0.20953556756890412 -4.6055336815767305 -3.2175785184664027 -7.138331545878058 -13.191849005309946 -11.348149429860495 -6.295263059962574 -4.519641249390815 -1.3148674056021878 
5.74630891418406 9.418462835325517 2.935963633553019 -3.7815965649471615 -7.517546648283775 -4.839690987491246 -0.41190594698091804 -6.701802684050966 -3.703880752335139 -1.9301216389968996 5.261911805847495 
12.992109137844889 18.763300972588016 22.860043990657097 15.943697210909905 5.199461691657909 -2.635112217407666 -2.5435024447132477 7.3733840169997205 4.592298235985522 -0.5717709434928243 0.7048887045730251 
