-560.0310540928857 -446.44613580233636 -213.3885719171144 -56.41287122513738 2.5777779413889075 -18.23267269093476 -110.62000716167691 -251.11349911363112 -403.85279978257165 -535.9998881551664 -565.6619087174107 
22.752600448927296 119.36930355216494 79.50329979423287 13.981922391506862 4.029547409288359 12.427131823206668 45.338224830007476 84.00936265366019 76.85512500553023 78.0521723505294 82.26358585131375 
13.48268793506609 17.728691847528683 1.3054375262218167 -17.44642492185215 -13.22615868899219 -3.1182233261021786 13.067765777607605 43.69267189855975 49.38338584274478 48.505268752502516 25.2954874961391 
-9.087088725712807 -55.937638603443204 -56.65718318779371 -27.840889421634436 -28.675851781511604 -38.44312218792884 -53.55344515991317 -48.09942647271258 -19.884284441536717 -6.689254650905297 -16.305983284543995 
-26.126633417462685 -32.21894845941674 -13.55277579675958 -13.357267454997032 -11.324464790542848 -8.794876264739328 0.34087100491529376 -11.611031186351752 -10.913271890168406 -15.306300780571954 -24.841596488803116 
12.5438652292329 -11.280032740877882 -24.16020907662132 -23.594651145576947 -26.7512758832597 -34.06432642987157 -31.73520836118589 -13.10377212276341 -17.853521506008867 -17.957812980586347 -16.317834909727882 
-3.780954403077625 -14.770370942172606 -16.471955622820687 -4.053175051631217 -0.4982092246883294 -3.9252589515262715 -4.744312472767289 -3.71797018444361 -2.8664799699884225 -10.880009624183383 -9.79837982149202 
-9.873587699750885 -29.77197204486556 -15.319953105645144 -12.343444230761001 -10.323009529019872 -16.803482245386487 -21.604022514588173 -21.171468206588912 -14.781376330799656 -15.362043393182688 -7.025832193141331 
-0.7523707171944921 -8.95749405301467 -28.324337791972397 -23.927836409847618 -21.200457684550344 -27.875623991776184 -31.33399425778457 -28.51020248459828 -33.01669170764352 -22.80154258544685 -3.25126393859294 
-1.3682600251568737 -15.15819092722284 -6.170263980278541 -1.4580210853947753 0.2943069612451486 -2.497769704456097 -7.786991176318022 -9.589114470186729 -17.753038496249 -4.747701711829068 -3.005052777175008 
-6.757674612607881 -3.584857992783217 -5.225169662248794 -3.334991079962782 -4.983007360689005 -11.027425093353298 -17.662909036424175 -22.742001529391686 -23.317274690551145 -20.07953313565281 -10.603985555751038 
-9.599663068761025 -2.6110315756378224 -14.720332052419923 -22.696299001773248 -24.05723837993161 -23.05148300241783 -17.99784134406286 -22.72345661762225 -18.156220947297882 -7.883084915045475 -16.166403568913765 
-5.775709329154338 1.1254547812871531 7.392219309215298 14.271947879005609 14.0363021345273 10.951074486681108 4.394617569568951 1.698771030685616 5.8375824977160375 -0.7025552820282093 -8.467455737298591 
5.659585400000174 -4.240038936115432 -10.192213259494167 -10.039698659376022 -9.06406110779659 -6.771598481184416 -4.663693670188325 -4.711714825911702 -7.424878197403789 -3.030889010818333 8.24077103014339 
10.778603608049467 10.410027263054529 8.370797589227356 1.0019889843724357 -2.7635512881048787 -1.478445538802157 0.40996188691636526 -2.2754749008608575 -0.4746483067963335 7.9130389141110795 17.32048931920812 
7.832348695119373 13.695135641807108 5.990973936630775 -1.3640276590583569 -8.949063114719536 -6.991332414381899 2.4594919103689636 7.715730443665347 5.237263071020485 8.537061068966427 11.14792410249617 
-4.253183368389193 18.211489771849493 16.740763375656364 9.70356111994465 -1.9025324658176894 -2.645486404080068 5.01788760831775 7.298890444794206 9.032739048988244 4.227441581613658 0.3047768830128148 
-3.202134481415455 13.999782142976663 28.50439730905226 31.71862183878585 12.401782376879886 -1.1671410821987662 2.8345271326005683 10.187322417830357 6.935681015706196 1.6104686648023459 -1.451709067845266 
-4.265128841825958 16.558828392832723 30.10666105787368 27.408280729214408 10.576476093204537 -7.6875697660949065 -1.8700498574652666 6.5630338772711525 6.047214659913376 8.673536550434727 3.704724290900911 
2.687461813643309 -0.4120856457114773 18.724441471925598 32.917994217586866 26.196672852131844 4.44187094966839 0.5317457021459816 6.596783559162139 7.587696617033025 3.651965574901683 5.296732445205949 
