-538.7449002821317 -539.4286421933687 -575.9251518204883 -597.0950388412729 -619.452008398697 -657.3755141793791 -648.7081643492326 -579.9938489894971 -461.74837437295366 -203.56740779586934 -90.9966245954385 
-30.860373610393943 -18.626980206619674 13.481691652879888 35.730741330033936 26.79462258588094 7.490093201859639 -3.624919376488102 9.90831029145815 91.16417799533035 62.52947272520183 45.49575343655428 
-10.074767383245332 -7.818832944071318 0.8019804276028393 17.559483540258327 20.243832860886247 4.992199335388287 27.48926953067486 62.4325172571677 34.56861288616334 -13.870463963905609 -14.498727751669438 
15.84768088708178 12.872314979724635 2.668721927086934 -23.950204206850735 -17.981827335857652 -3.1450256056963095 -9.135077436714141 -30.49117991464005 -98.20427545075171 -52.324629403230375 -36.26661045458094 
3.028830626241386 -1.5952285265305854 -4.680314738573208 -3.783649188922252 -3.25363341748553 4.765069381739964 17.894390154364253 31.5770522960928 -19.957570609586767 -31.83526548917844 -21.57906138721043 
-10.051801459350054 -9.496225285004758 -15.100364567020549 -28.838898194372547 -24.908415731917984 -4.742736658413923 -18.342532070735228 -48.192171313256 -69.10664312993731 -7.539150310852952 0.03544993500635163 
-1.1749161410439486 -4.3158510507613315 -4.564297686899228 -15.012314912865051 -14.109754820468549 -4.207739716672584 6.219244487963575 6.1193449766693675 1.3172087265734256 -27.226271150952247 -23.630161156402117 
4.310263065640106 -13.164954932696926 -26.201273580027017 -25.59970354379222 -23.402619058370945 -12.314399182192956 -21.106901711096278 -43.39486229939201 -44.460529046975736 -15.474300316906076 -10.318884236432435 
-5.3636409691676565 -10.126343874114784 -11.772682394338165 -12.265950130332769 -16.401595720336534 -10.367111704168428 -6.549985223406888 -17.84264558376375 -9.989392152989002 6.4193145698785266 9.824240646054061 
-23.652560024898023 -27.318229003997146 -15.39493878327233 -6.1165340607226835 -2.2768326718150913 1.0480789577262721 -18.584929979251203 -30.043644836001747 -14.864233097160177 -10.974424351691134 -9.710794251159747 
13.04837480539086 1.5193405162360154 -8.660185394057095 -14.610741183444032 -7.443482934413825 2.862014956511879 -4.557586507939811 -12.161617128657987 -1.6603566741965305 0.07960264364099867 0.3551168075256003 
12.816342979438383 5.483855776804272 -3.1486088803121115 -0.7027064823285353 1.2698141045734923 -2.9185729773408906 -13.643363325816862 -15.219491464976386 -11.997663818101678 -13.308614635525675 -11.64547948759638 
-9.707303028672115 -13.591696609561374 -15.725466178470024 -9.947681432127618 -11.936509245118868 -6.617477300576271 -4.279839166680554 -3.5613702708731108 -9.88961032463413 -0.8413355285983681 -0.9903709658986303 
13.280787300096327 16.970681292545333 27.308448680429798 25.836519532845443 17.234628191614675 4.039988900261328 -0.1342697846974778 3.2775227755762875 -3.4876383249217717 -10.394964354629797 -10.73523113149026 
8.796474210849114 6.184565160778323 -0.921236501151256 1.5024660932893303 0.16946244464170782 0.01106511691478479 1.8575839814808335 -11.662794040863048 -12.8629608397995 9.541122283422641 12.4790852921021 
-8.986185453581069 -2.377164953337982 4.057680816558929 15.289981310352076 12.927335958636974 -0.8849748978831287 5.427146764623432 13.102532532603371 23.972093328097785 39.85220376432022 40.56999842460591 
6.361072988364586 5.475008971011112 -3.873193662893226 -15.390289032911458 -14.30272007332222 -4.373535037178371 6.650348803318707 11.851203719753194 31.891898619189632 27.826338049021764 22.682837172128288 
2.659198016484945 14.832030714796025 18.647515517514883 7.8560937648062525 2.9436196531641308 -2.8956679517396404 7.727250575400749 4.394698115830983 16.126103897690342 6.1853936998598185 -0.8671143780162034 
-1.0394993667910868 0.5033112806053457 -8.014917461421085 -4.3864192307050125 -3.443666832579755 1.2107971822894286 3.8726533001887855 -9.221819361081211 -13.414186449938633 -18.739473877325743 -14.22107721395362 
-1.275017708623658 4.277199536316056 13.940602461271272 21.511193565463593 17.98858756655178 7.237084527978899 8.334772231454297 8.58677132746511 -10.471669835876355 -9.246208517467178 -5.322285646934463 
