-343.28440556364455 -344.30855543611204 -362.0344653782416 -358.6292848693457 -281.5475181764177 -166.3457375549709 -120.11374228717882 -132.794672632818 -147.65277301286415 -197.28029527127805 -259.55790774654463 
93.3052347144982 97.16814561862563 96.91997487685889 105.37846421873476 115.37632148815436 106.37973019740588 86.23848706360056 62.14776886935182 72.24086208862057 103.29232734227445 110.08737724612939 
16.771123790466177 16.26905542272029 4.797308057912839 3.0893627885043218 -52.72711746206734 -96.26609082951472 -105.62978917223364 -110.66692429839145 -105.21902674524387 -73.26012155267368 -23.572191075370053 
20.657692998576483 17.493435187158273 18.18285587145194 13.06209071888366 10.923761869589775 24.912869870463375 36.91329521077529 43.377156807628495 23.687668486650168 0.8171488141191998 -1.6189210580789073 
2.823520430646015 -1.2590440266754692 2.2066166752687244 3.4154817727249625 -3.3541833712435922 -19.053454768847207 -28.99926944697321 -22.957600180199627 -9.969166090755119 -2.9499073683144146 -5.038939099644038 
14.635929042886344 10.160769790817195 7.019793100245185 5.0024969779793675 -11.303270142736327 -21.427268376768282 -17.492961085912015 -9.029620233210993 -12.778606662210606 -13.891398014829441 -8.812876016171938 
-4.858167429358698 -4.172172411300581 6.741206012007245 4.872806524905485 9.03618074632989 2.5797016877711645 2.8038011649981645 12.972378567262243 23.677127107999446 19.63678412193766 5.638889809001629 
-0.9120631933072951 2.963377036530149 5.931265803718869 10.010882770451811 -0.8706176357903022 -20.63334045691731 -22.221464146328252 -16.094671017635104 -17.01342845737619 -20.778494829423625 -22.621354892743184 
2.837042451973326 2.6746944388515295 5.624566079387595 13.428172233780078 18.004197713462794 -5.658961196655313 -15.900489897819028 -15.473660845198463 -6.618762209855296 -6.1592919652247 -10.014449009449494 
-0.372433937190982 -1.3166736226632711 3.6868155043028814 11.848535628728913 39.749552605498366 31.09620827382211 19.862331172115187 12.723083913201856 8.554702305816177 3.7193624914021095 0.21829350834093597 
6.815678818268018 6.562833831214918 5.715577756053909 9.17683496384063 26.12518023377908 31.567716122927237 26.220014691823685 18.672046914098196 17.303010187157216 13.999453449079923 10.045046082700651 
-3.112366381411168 -2.4261904324259325 3.439653737290309 0.0001380576103235942 -2.4098380704304962 9.476587566474374 10.030265358657065 9.894151415702924 10.196049188876152 14.590953110988725 11.426466654969422 
6.73684487244852 8.43217187731409 7.445261872024055 -4.121380761928073 -26.693524952345456 -9.906885961963798 2.080311287292974 8.07269394811249 3.0400754341760465 10.975733169343215 18.233319632958374 
0.6306076624050142 4.844183674460199 6.880351168921364 -5.191915360891034 -16.469140127289773 -15.285616479138794 -8.118639463019713 1.3373139704498547 -1.7461575693054796 -2.9555966404495493 4.305613057660713 
1.73827981309979 2.540505162679742 0.6792371377301152 -5.136192374639572 0.7996592287245733 8.459880071960487 14.131085998172196 20.107825690434062 14.500577102852723 19.93117154747546 23.423815160766367 
1.3967616462018762 -0.1382950667143908 -3.592704405369537 -0.1572787177549541 -0.5006132337968838 5.026418859137821 4.810966153294908 7.886869086990809 10.77877118175963 9.693147953184514 4.782313774989195 
-1.8663986405326682 -4.2424846368943205 -1.337516558921102 3.244556263309577 -4.24832422123272 5.245313034443109 6.202372790122682 0.5878584886453829 -1.2912606426882285 0.1349026465650615 -3.134112409873036 
3.5091955092080447 -1.3324068966814726 -2.6701973282553606 4.989547682448573 16.31305889841221 15.329691202958664 10.163199997747956 1.6069461173255877 1.6275959375064588 -1.0536458064538659 -7.392911534396091 
3.871048818719408 3.1094571105292683 -1.6209799294552192 2.2152174186540607 23.574460193889106 12.554344349739448 6.6557479595830635 -2.0529723014801036 -6.68345963603768 -12.921868270043028 -8.482620352367636 
3.278987079173774 3.7720654556273194 -1.1158722418393372 0.49035628910120177 3.5316254909664178 2.647973161809084 5.294394196371409 2.051148648679189 1.484699889170043 6.1817803290912465 8.466632053042487 
