-307.9697658992615 -306.152258989732 -301.3794172369874 -301.06408818852714 -290.0428017286824 -212.31979074550594 -122.39276245034527 -88.78105048224673 -111.06231212278433 -198.4202089317319 -269.8594510073075 
69.41180659883128 70.67474421839333 70.87259918655695 69.99278673342471 73.7821287839528 35.242080523018686 -25.046298052624838 -30.513086857114427 -5.717929167066901 48.34920355255088 82.37623356436478 
21.586628100302008 23.44317630471994 19.053708956643483 12.848418171895013 11.710135978387914 0.549329001228692 -9.039049481592235 -11.954292211084244 -11.347361228059704 -3.878084695125094 8.015904749447419 
13.17884874790332 19.215068558366518 15.004556196180982 8.807700115555063 6.23468375714163 9.380955388820615 15.723711362645796 13.108743994477082 9.188464125985904 1.9307031407800657 1.4960405177984448 
8.120543967772441 8.042575815527124 4.979467534566494 7.284808277307425 9.70886607432729 -3.3747137211676423 -17.169434633016444 -21.89031533588447 -18.698310155589077 -9.753726596727802 -5.174489670912371 
4.736492472682201 0.6889136316976353 2.382109727319861 6.785191972047981 -0.34611769450464575 -12.443944507056804 -6.600269270957571 -4.132241068054197 -10.74846573515897 -16.484426104453664 -1.0353229209172865 
5.481486844601827 3.7775939613165166 2.6219056910975422 0.9257883399660793 -0.30415276571372196 -0.30319928652689276 1.9037865613178453 4.74015566905595 4.520967602191225 8.648357777436523 5.672482527991411 
12.35225618745612 11.901938207747413 7.0442877870531495 1.1745929813249236 2.4588971086468216 18.01489683104286 20.1551576207141 21.647314427809924 26.95591595385799 21.894076996877423 13.526558170779083 
14.069235878548579 10.61112342884137 7.2396763827599955 4.615716734011148 6.61306038849014 -6.668158380979152 -18.69285217597018 -26.00036425537452 -16.99153154205142 -1.7232134557605607 4.7503627573284914 
1.8420034606631301 3.1213693103683235 7.115926738272247 4.252948899327756 6.071228054997569 19.67045457781267 17.159379421402548 3.8640203222306084 0.004040968202362841 0.058964735420239334 0.11305831650153864 
-2.0166841773850477 0.6897019982635709 8.213886595343162 8.284780336970366 12.940192962968663 17.931689479661564 16.717806436405112 0.6703226581223569 -13.593193661601475 -14.108142740245082 -7.349899000663415 
2.6970162593981044 4.864743407244448 6.153567606969252 4.161794016020067 7.571537101983895 17.844204407802735 26.87548536795836 26.561649295434222 12.139165374814803 -0.1142650470342581 -3.6478832260233554 
5.549351835646716 4.332529975093153 -0.4738033742802301 -2.5625323041565724 -2.088170604517844 -2.0185857158065654 13.419025696267791 30.096508284633117 21.197461370455414 2.5209376295066828 -1.441974464734959 
-5.278017631940328 -4.495679269240686 -4.84175964573725 -5.825024370734488 -9.133263103874544 -22.280105046924433 -22.007064439947406 7.5504661165469535 22.15577702023498 18.04160587696115 8.235892435795117 
-7.555893001649564 -8.391027226258743 -5.020544865757499 -1.7231950978584472 -6.827634884217384 -6.693553069971564 -12.251151029319013 0.5515400424203254 21.30359784838302 25.152861302389276 17.14789874291439 
-6.540871508724772 -5.967067241546843 -0.6156652725923851 -2.290109062357665 -2.528564565741335 -0.24413297026176872 -7.774977777396547 -18.21716362497687 -7.826508412026259 9.553012554896542 7.441738783071753 
-7.77728151839225 -7.640659734720245 -4.439946583120606 -3.8017956364078973 -2.0941573372937317 8.15602229528683 10.782635600229746 -3.519845455453938 -7.5315593399087275 3.417418254812543 -2.596925002455517 
0.8736834327891819 0.13289770719405403 -1.6390826561038685 -4.623966078840409 -6.342103993200585 -22.101403417497732 -14.100930634589062 -14.759719445066551 -24.5048528724085 -21.659302367699038 -7.92714563331703 
12.151624580898428 6.653549533670624 1.9656988129561532 -2.276476185874874 -5.396191734450121 -11.235299099073384 -14.054456426329207 -6.626321605861341 -4.574340827478674 -9.095398709346206 -3.6982602787255683 
11.41428514240847 5.464600621544127 0.24448458014954144 1.8792462366603502 6.6376813043024745 8.987613601117603 -4.412322112666275 -12.707382285566611 -4.4919092119116 5.127299846580154 0.21980048081283798 
