-491.8229709422544 -447.86623866180497 -286.6280450311809 -231.19592516480338 -224.81172878390956 -243.92196092241647 -323.22432221131305 -454.64040568399554 -495.36736827769124 -492.6652346985155 -480.73405153952046 
73.38882632859045 42.40292557520378 -65.52600486190244 -103.76612331408745 -118.93840246863661 -94.87136229438303 -42.026954762505746 32.322039230543545 57.592539874836156 67.61496628054427 65.23078129046401 
24.733244699841272 14.492822284396143 -6.466928577750233 -25.84878387087823 -46.08788901189655 -29.608329794221657 2.2491037111043224 26.055239749540597 20.531627879723246 23.450799442947563 23.506850254464815 
11.554838725152127 10.96180775195024 35.80527199125103 41.60771897731426 43.11151127777691 43.01251021172456 21.455078370708183 8.8495907562302 11.741872373681698 5.47856461708775 4.277512878041504 
-5.293037842311657 3.2425654040488032 7.299227402967843 1.2938343214410817 2.2486332910470623 13.606350724715801 23.672680406438502 15.954897050055859 1.0748766271272459 -2.065064515868647 -8.739939306559403 
-15.110224647632513 -3.0270954198311886 -5.0863316445370454 -11.394072203007848 -13.600354019972581 -4.892957667050692 -0.5735805931481561 -0.6929744985363486 2.3192081324519958 -1.491715310785279 -1.9626952975663188 
-16.18120483582078 -32.27531769188066 -38.37365423687194 -33.47633718300935 -31.011048806876705 -36.85482248786807 -31.850258677344222 -14.622461722425122 -9.683958516239123 -8.60408173800069 -3.1533500388759816 
-12.511792324410052 0.16692804791959603 -4.804041179637645 -4.908354582515667 -4.417187184412079 -8.620328195456922 -5.823061153388974 -7.986026562255796 -5.193269576808008 -6.572731155819676 -7.197350398541435 
-1.422762849825204 -1.6978578475641635 2.8400113703234764 5.571792733481972 10.31704702705677 -0.5650124256067495 -16.478720411315354 -8.66719551290931 -7.984069127166634 -7.617383164790274 -4.922197592006026 
-2.8628168639450746 -0.15466497912187838 -7.788968978933889 -11.943566523990919 -14.77299624951452 -14.227260781198275 -7.0874703019940295 -3.298107907749645 -7.40556123912909 -3.43018282409038 -0.541976655848289 
-3.562870819613017 -4.390310269553261 -4.203963311070471 -4.130954513121211 -5.027113626756237 -0.4579893997206534 -5.932290322889567 -12.650829010526584 -9.832934417689614 -7.194055654096898 -6.1800239015007055 
-1.8532573668896233 -12.31502617756794 -15.432012078476276 -10.27879836125604 -10.328757347323183 -10.69888564142127 -10.662604730808653 -6.658835585387477 -5.610049976091075 -4.904180268474881 -3.102520829250313 
0.9230163591595814 13.921354171532927 4.075618523523499 -1.4863220693918253 0.03474742862223662 5.222427935897038 5.796374245464001 -4.7641700743782485 -6.27799212507228 -3.373950521059564 -0.02843633265623402 
-8.96253183278855 -13.637218561495612 -11.393478976909714 -8.502164752965578 -5.876896398314749 -9.961754309073678 -9.650541939892825 -1.4596028193687787 -3.1811830486904653 -3.1959201262929406 -4.422377235348774 
-5.992072173179014 -3.846933729050752 3.7558565771247494 4.199044144561027 3.7504825477456274 4.14862194400666 4.308382228821576 -2.4977283859240713 -0.19787251262857208 -3.331773040166859 -7.055331307978319 
-5.912981884654235 -3.7621651168143257 3.599616646999521 4.761637225163253 2.6085133818029855 1.8918065007153522 1.975047006749523 -3.999043042075816 -2.0211021626647514 -1.649378976246872 -3.247472430012146 
-8.518492433984122 -11.084308553464938 -3.016505466659211 3.48546505878751 0.44605512596002034 -13.835807154686321 -18.510255540620424 -3.4526686236066557 -3.3753307741515197 -3.8182454435219495 1.3862032259123154 
2.693021828943366 6.306670698582334 10.023350286544536 15.607226943727538 15.172871262126987 3.377435326106629 -5.369725721025285 -6.4582045925609135 -1.4785716040170158 -4.168342795768169 -7.816063973907633 
1.9734585329221006 -2.9116516132355112 1.3228030279004739 6.2825601660970545 7.114686634968125 -3.9173708597404255 -10.016415116753858 -0.14121242543291523 -1.5714387472345366 0.19402975482617923 -3.6211766333589304 
-1.533478522954575 -2.135514569686001 -13.885983579450238 -17.551422632066814 -10.915602094076652 -2.237962354513409 -0.5560981886904999 4.462045565136872 2.3582471131140093 -1.587062170990557 1.975966762819163 
