-543.7007874338207 -538.3693098493461 -539.4881038033315 -502.0791723380762 -206.27270320828214 -81.02612400540242 -40.30206712212755 -62.713110641262226 -177.0600425330277 -276.84713678307514 -369.52934470352864 
35.001027867796864 33.49060442417361 38.94453495927283 84.63456878395354 65.274616279707 9.933814563967067 -3.477474271833665 25.22528120993785 80.88678507399183 72.21674711903812 43.510910669868295 
-2.700156969257965 -10.817852121497207 -12.7701791337347 0.09752738457417942 -34.66820363890475 -36.35000949280793 -40.04987665598415 -29.15849949620418 0.8933585823375851 38.25953202471713 44.9834527904401 
9.502989479689981 -2.3944574108500305 -14.006233246058049 -25.249878418997874 -20.69409064132966 -15.169086834587937 -16.590500237727106 -25.279915646270197 -41.917435885122416 -26.667774142064523 -3.210569846134238 
19.749813924525046 12.065792481768668 4.37229275203501 -13.302423807745043 -13.426139803582945 -2.7004436159888243 3.131210665655307 0.01710398728989404 2.119427038738464 -3.712617736979336 -1.4418085564096317 
-9.748693942063513 -11.006738747528313 -2.6721025564336305 -3.607617107677837 2.9215999138692137 1.59152269070721 2.388950805736149 -1.575100029643513 -2.4650510527775364 2.641710537281476 7.344914475111157 
-5.053977611908295 0.6204817024071125 4.8938355053041045 -4.323303834568453 -36.01141658812388 -31.380590593408957 -28.69289915710639 -25.286179425845738 -9.247463570192753 -10.357096024042917 -25.56214127725325 
-2.8129597543882143 -1.8373482773680325 -7.719312751909347 -17.109461393260116 1.60505127875887 7.923965574466834 15.39021822818274 19.311447654936185 13.096016260491822 26.513778666308532 18.958506318962492 
-2.7600878161508673 -1.925202897325637 -0.06883336492052072 -6.323496088308225 -11.595992124980881 -15.632441439324849 -18.4985236865798 -22.758372220626498 -20.25663154962053 -28.485378409853546 -20.79937721812002 
-16.763632218076495 -13.670639552444596 -9.194096063680863 -8.606254565195869 -15.900007750589397 -12.832137378382532 -5.730444085720816 -2.492100976887038 -4.926878064564816 -6.094049145171228 -20.0631707956215 
2.341522072676517 1.8093197987740395 2.6090524163234172 -9.667873274774704 -3.2723075505138817 0.010058094704604503 1.9093699674059394 -2.353462981489745 -9.62127801634147 -3.7171635892708683 0.30830810262456687 
0.8928826172158231 7.198011934142789 7.760449104153149 1.2133489570998601 -20.129463715914113 -17.556230687782282 -13.733480976481118 -16.209395066697684 -10.05597721658216 -11.224968311000564 -8.503137406801676 
-18.990154405616604 -16.74242097149032 -14.330678801268203 -11.672319182233892 0.5539720602307565 3.259634679658151 5.032355806883094 -1.161419209375507 -6.783252353047423 -8.662072631107208 -9.26072551179835 
-2.164961532925284 -9.38118210813199 -17.071958064049895 -9.45533819234459 -0.5867527840206302 -6.525739319305488 -7.818628123059755 -9.743362658486774 -5.83027542450851 -9.046087149797657 -12.781479854190298 
19.508928067766142 8.814069187487005 0.46387124292066284 1.2904403308457524 -21.982551081690296 -17.04756382274398 -13.314328289757313 -7.244976319957987 -11.033536132913603 -14.129624700765316 -17.06475418496092 
-1.8954110159116297 -5.181362107889024 -1.6362627069964346 -1.0113146928562073 5.296837522716341 2.1233276369452514 1.1253360325446673 4.3961034576784765 0.7362354223047812 -9.469255134174917 -8.216974402022455 
-5.523243083844848 -1.7452976505628364 -0.9986651936445811 1.3932588433169362 -5.315874132836445 -8.282269569769232 -14.883604233682602 -12.898318841617781 -4.7224039545806376 -3.038270995771471 -4.057238481356487 
3.0043700251684164 6.645084313131792 1.237610881835442 3.418152786935421 17.81130329085733 17.41512340073063 4.357595326810473 -5.688142272648873 -10.238169863423842 -11.785369381338164 -13.062274929288119 
-0.26489715539941316 -3.613298232068086 -0.7513377247209316 11.265950695407131 28.027552089271666 31.767395907132812 22.328810261151855 2.458889571809698 -9.885096740085528 -12.125374845881272 -8.835690633785816 
-12.351007538009078 -12.630231350550343 -4.305502850887853 6.862971888588632 24.352144862627718 29.29874892826099 36.681545572457274 22.972287921415344 2.0018021722654407 -10.122210397888626 -6.03604205115861 
