-412.2202395470686 -206.8584983878098 -63.48340503352248 -40.25522287739035 -85.78267544961231 -158.5053044129375 -265.3616960523727 -348.4137408806016 -425.34935699674236 -470.03612490510835 -504.7553000194362 
115.73304953529507 71.72050862719979 9.489400293252562 -8.751886009970114 2.1695913643615254 52.85196094228422 85.20617523137828 43.433393366152934 -2.471222447344079 -10.020434047740277 5.459688026577851 
-34.44618153368222 -39.98836513729711 -44.902326277855224 -40.729458676995975 -27.192090834097712 -20.853190967754223 0.8139673236733868 7.220786347228628 -15.03168408920839 -17.267842320935237 -10.345943358041982 
31.7582082341904 -39.23909844898249 -39.66902840397278 -40.38470480104263 -44.41434646362285 -50.921163406952175 -34.295670323057536 -8.141618747731297 -2.1369055730380233 -5.8014083148854585 -10.132573767537028 
0.2259197966562113 -18.228350170135442 -17.552073486560047 -10.149368839582973 -12.144983737610488 -21.97981371722843 -46.480275545723856 -52.11178504830363 -37.20506330144852 -39.97624888201152 -49.83113485038041 
-13.969609233005212 -6.268462745743803 -14.25377755992412 -13.966089442921557 -25.27059191113137 -30.629630479196017 -21.67710636134101 -31.27143888269056 -22.30612341819318 -26.282124910505367 -26.386936373430466 
12.995377007149497 -23.89679049404311 -29.709387983727076 -25.05451501991145 -13.65988223781953 -0.9511136264426671 -5.748732830506743 -13.591118237929976 -7.385626801440024 -6.067824678599523 -4.21204025554097 
8.334438159205355 22.472278005225363 22.159761842708136 19.66705916420706 13.069341164970236 1.6398555298356103 -4.006402539194756 1.890668409449328 7.852393665105147 11.562511869537516 4.867089346257482 
-4.835187264664613 -13.675093308401461 -5.4720355023793275 -6.146716954715295 -15.507140653665868 -12.276400911033672 3.0469594222392153 5.173757977022094 4.209670409892997 2.2220529783460754 -1.5008478162299106 
-5.408135300041317 -7.2696058186928205 1.9241725881441396 7.295910974691842 6.023219196907634 3.6052981439139 -6.347013848203927 -12.904546870311787 -13.152033913754256 -1.6078967662060515 -7.9637151794853285 
-12.626808890553075 -10.124289994637028 -6.684791545182158 -3.02307902792775 -6.0058167787930925 -7.531923745198398 -7.871083930801332 -8.916134074968518 -7.052810385542357 -0.7436288465284715 -9.69673903404355 
-2.8558335046628773 -25.68746776046239 -20.98329026812273 -16.829523624371717 -15.851210726476602 -15.689412643696414 -8.93388718983366 -1.295846730288994 3.176541552443915 4.43766662162454 -1.3406869727228672 
10.55523719670449 19.8465595527799 14.032727588640851 5.844719652733209 -5.283900492147898 -4.348233794656422 -2.3460925475061964 -1.604480700737423 5.24278545276152 -3.336338592203804 -3.4385084271000235 
14.364489118831592 25.59073307663916 22.926198138086477 14.895661991888161 -2.6034876604839723 -2.6206325109330724 -3.0719313971895916 -2.943796241685869 2.5149869638832727 -2.086842043319315 -1.0322193462704101 
7.319929090135638 33.82451739250671 38.637764591201744 39.89181364468473 27.698856551295535 12.375591183457345 1.1649170733951175 -0.5432800507511327 8.218601129470088 6.421064106118049 11.373985437441027 
0.31720545576932635 14.990317869662922 17.290017639839874 30.101567116191063 43.448668435828466 38.43821277523933 20.855493984130078 18.98809846184411 9.690103597532154 0.8798483636932903 -6.536320438138647 
-3.6874086801602273 -11.665761532415708 -6.228681234739436 6.564680345967388 33.861231951614414 35.3097359397829 34.070269271367806 24.54822828459659 6.699781521599262 1.4911031434361413 -2.624830446116334 
-9.664966439804441 -10.355238428598202 -10.568660003727585 -8.982845974010154 6.984893404275049 19.207309706699697 21.20509289812736 14.174058731293918 0.21427966981584118 1.7224079264771086 5.085528767363929 
-1.327354558937137 -6.511812597804521 -6.083990257177296 -13.412391410681801 -20.18764998918806 -11.372229178731107 0.20768931756764952 6.223026827144793 2.339139135690756 1.3439922957862567 -2.6961412231815816 
-1.5301087609634625 -4.296022133783104 -2.175842645835447 -5.219559563803983 -20.41833460705046 -23.619764266877205 -12.276586271692263 1.3801619107919951 7.7477683255934116 1.3091713712128368 1.923764432348081 
