-714.4298308379858 -713.266729697617 -488.2801500144426 -132.87477086606162 -50.26711632968159 -69.41838301960692 -124.81845297898928 -209.370298130537 -375.60508264404785 -571.5804718735365 -642.6708397113284 
3.8612795378762437 4.964453337585423 136.7187137630301 12.268883516601775 -29.67615174816622 -57.948769110105786 -40.881130108720065 14.66170333275716 81.22094027112587 81.53295144225895 51.039836751372306 
0.8252018758355913 0.5667652640857859 23.997080184167906 -29.842488855755725 -31.32655012968228 -21.519798332413217 -7.7618500830675385 -0.3611040800782285 11.756984009272307 -14.848842782498133 -13.942794426045932 
-1.2669119190929645 -2.953386809131132 -85.2668259931487 -33.974336146738025 -29.18023460231486 -23.700618683641487 -33.38950185819078 -54.642160118285915 -67.14491049335572 -26.020134119951496 -16.96150971149771 
-1.6476986879433926 -3.9021575970389812 -40.44234896039568 -23.189431983761455 -24.06284189403128 -17.464328313824065 -4.7810095199544556 -4.802739747497631 -22.20787720292484 -31.672523289046843 -19.804197201838903 
-1.5219183814770256 -3.043379175217681 1.8512981364022487 -32.13580898043902 -32.01069699352671 -30.373967082668074 -29.77301886222941 -32.27441560288766 -27.66487617880893 -33.46912891769283 -20.956395842796702 
-1.8896505950668088 -1.8311506655408345 -21.011258395543244 -20.34006363684161 -13.587308990884623 -7.281196020879765 -6.631344373792862 -11.384705969473657 -15.375129703743305 -8.352376929262027 -10.391291323839171 
-2.2454647963648924 -0.7617621616551544 5.261854128268443 26.241665015726657 24.616551476311315 21.392405272800303 13.810075597329584 5.8734150478306235 1.0168815697346094 -15.590529294629102 -15.892399782204912 
-1.6543825295978754 0.2929660837848167 1.3713161859698433 -7.449673589900666 -6.510139254431088 -6.662113574979276 -10.54402034648395 -1.7815542892504543 -6.145327523437569 -18.16879080886717 -18.271853348175817 
-0.2495682969663902 1.0455319065314244 -9.782730276154219 -14.561259361027096 -15.252788321148845 -14.329680985397456 -12.528886995509147 -15.766670483861713 -15.274020005076409 -12.564614904089613 -4.201910334796938 
0.9193823942174614 0.9696062943313828 14.601734827690457 5.6572324751934975 4.345818958783754 1.521422213770569 -4.225877187714379 -7.351467263903897 -6.934251831233741 -8.43633316989688 4.484974117626589 
1.1400378079704656 0.2782454294107829 -16.733340611104126 -4.178835398097849 -8.401577813624789 -11.501665655631442 -9.051869292340758 -1.9447089828970519 -2.9237022198927543 -6.733871643604841 4.436562547831277 
0.636352186154923 -0.10048965114809721 13.376834925388112 3.960676053770964 2.3604330341988264 1.3590478725266415 5.555922516582514 -3.2298791325824285 -3.421561708856923 -1.5438563549337214 2.5059785022494667 
0.06915952384446272 0.29532814027979504 -7.058446860083394 -12.225565934259905 -15.212177276898384 -18.058846803969594 -8.919037194900831 -4.802450291176171 -3.4867005983395627 0.6976209977828209 0.9905180436245673 
-0.16740488478453952 0.8852464627294414 3.1175021184427214 -8.566796765243474 -16.077404077576315 -20.710571483221194 -14.423107003671497 -13.880699854725728 -10.336017223539287 -5.555766368823955 3.1159158691826305 
-0.14102008510060562 0.9525607123789805 1.0975893833890564 -2.133639157183712 -0.9197493534956074 -4.741224517551849 -8.34607813318713 -5.8752715154021775 -1.2831148781977675 4.813732363274737 4.442419649579602 
-0.1072696319124955 0.6369421901124519 -3.5724696356095076 10.17814670945869 9.876410079131247 4.4150040057878925 -3.415908904196651 -6.8004313050854375 -5.267325194571855 -1.9080222581826227 1.7026548671692616 
-0.14074714410791345 0.5190168897603081 22.778735943557315 23.577214428594104 24.252046708752715 22.404983148397584 19.62012242392195 19.308381453510457 15.298245012820676 5.579002585543181 -1.5931179135508033 
-0.06184920218774309 0.5167159763286675 22.352828293243995 27.4796050938239 34.343382145974076 37.838665489585786 37.07179102832103 29.01135798884129 26.057575207006213 13.180403432216291 -4.27080071819217 
0.22412932533160604 -0.10307153200977281 9.22471108910803 10.53828517262449 19.344888789548833 29.707402105997367 39.77885543398388 34.51278286080987 32.439854591020996 21.248642055793923 -3.9071835659383494 
