-665.1910706668348 -670.2084593545677 -674.6956001226512 -514.702419445349 -199.6373390482516 -114.87957327753084 -95.63312854097163 -90.10622400248619 -95.12810242259043 -151.87021331355888 -281.59240682702637 
19.218186277309293 19.46576680333233 16.00271444949422 126.1444750559787 0.666173489435054 -52.90988594987409 -92.12913970225773 -97.70977924299083 -47.73435837429578 5.033675682019572 59.60869632679456 
0.13033214701471252 4.1422230450000574 4.310893519690401 -6.264924095766336 -11.437788414864354 -13.608846336056857 -25.125583555299585 -25.34207501737631 -14.639333366880745 -1.379313095346631 -7.626972543902277 
-4.204726210142307 0.8069023480012524 -0.6852692535096121 -73.07852234838285 -25.157071413651963 -4.353562742991711 7.006358194473643 -6.655444068316852 -45.32004387286331 -72.71845764034364 -48.86329295677653 
-5.616869280205188 -6.433717100812345 -10.387896944153654 -34.85343248478456 -25.809013164873935 -22.808504277316153 -13.236854586498122 -6.733660655693488 -8.470768059862337 -14.408657622702629 -15.657431606336807 
-0.8169844941787712 -6.42631282837529 -13.246477531336996 -13.88311354509252 -16.639123751913207 -16.580708173173946 -17.668813855213436 -20.009289126059834 -27.153020139514233 -19.04629365244537 -22.678936694161955 
-18.00242268911611 -16.420790208755328 -17.658380639035464 -9.800843375501719 -28.59415077215035 -24.284899437834888 -25.79191668441342 -25.500044013617813 -27.031924705924105 -27.33985645888429 -24.23709006159568 
-13.98892487800242 -14.012390584406626 -15.01433103941266 -38.036837752938034 -10.601998763222918 -7.366568339334993 -6.915272402228385 -5.927076153561384 -17.266056109859086 -28.643010404247686 -37.753830585053265 
-11.729878341335304 -9.750921676934077 -8.168272829234771 -15.182712516634048 -8.843898438896439 -5.213872929345984 -4.533844272942844 -4.092865994357426 -21.02436798514345 -28.15652027491236 -17.693459005180607 
-9.726543475485869 -6.7673848438568545 -3.3456110646878825 11.464559649817375 -16.558399557335584 -23.803656932078226 -22.136399177527927 -13.920594852187882 -8.885739080665381 9.681486581683743 12.969777314260483 
-5.444692641171532 -4.913641089486708 -1.5455415178821248 13.59101322976041 10.42719258880457 3.809707711618728 -2.7599050160288447 -5.452483863566616 2.403888445441891 10.300470374372107 17.732260047410104 
-7.219640869365561 -8.276754130068701 -3.103992914225144 7.61904001119231 1.0041919466949552 -1.2105808923746189 -9.299924615986496 -11.728432232802792 2.5032551386357262 4.534894208459081 25.038514960649103 
6.251006439315043 0.9194397211359328 4.042319414350962 17.36358636348343 25.026396533727066 18.644350644720145 7.463589022468088 0.686050336536524 17.02540307025637 45.56163856888753 54.81078361156068 
-0.3164120131979912 -2.4618135768143685 -0.3260280962829118 15.252932249613398 19.36530894676755 28.105858476366063 21.717456012492466 6.4190792231955465 12.358790165961427 14.442854666917995 5.603068361521584 
3.908713587864451 2.2186175034257793 1.5641561950119494 3.043106351704141 21.190649195932355 31.841635386027626 40.828836338378 31.60404306346081 24.055384021257566 7.100261628112584 -16.31736602920297 
6.866216649658405 4.274457030627925 2.0977835719923994 -3.903705650247099 6.5790001434610925 15.549522794303996 39.193451229486215 45.25230147043036 18.803360613600617 6.232609506782429 -7.287493877035855 
5.971432119945431 5.389605278781835 0.8796139291419529 -22.38613937146485 -9.923339745105846 -4.318797159610641 13.417380390899078 33.075966238331276 16.926382779718566 6.893602527321069 -1.9753240169861483 
5.742442156555309 3.1768920634796007 0.2706738079865495 5.4843549534868234 -11.089433600252878 -15.042968537843134 -16.839241935240732 -1.2788931414217068 -2.6546404475222323 -10.298315272458652 -2.07813871742291 
-0.13240697618998748 1.010338023521279 2.546489059211786 -0.7786556951265431 1.6254276959682197 -0.11066588009150413 -18.86615666045782 -25.079457169476395 -17.769754946927826 -12.876007149271882 -4.375680355793419 
-4.538447336524109 -1.899093557848905 -0.6817469972422787 11.11296564489803 12.530719324951342 9.074991819613805 -6.925889827307616 -24.554038994853784 -24.6800017904095 -15.406073511151986 -7.498873309057402 
