-357.36558293765694 -342.9839078204961 -283.67539526470017 -202.45449206358253 -111.66217480871713 -79.25137132086495 -93.4909897192762 -138.7605995173743 -208.56785308059193 -286.573931433261 -331.1085859137991 
102.3621317925373 112.79724825162876 139.28287798137848 131.9107560307387 89.20888102166862 72.39715395711592 76.4601910573403 101.13421897955786 131.52531226708396 127.73472722789602 103.70235817217116 
19.261287858242905 25.970276582536528 14.174344871567468 -23.661424609129636 -51.37578364781639 -43.86061916191758 -22.455578486523848 -22.243265821970127 -14.309981551099547 16.129816315765833 36.68772869120939 
29.254571310647155 36.08509356837432 10.570364993127956 -14.156653780793185 -7.306649840428356 6.714157718522811 1.4400548644329827 -21.980693460230558 -12.472590069507856 9.167199133364306 30.26234807466104 
-15.120708099887043 -0.069761847933387 -10.50421556718241 -14.230527978613694 2.3421510567660193 15.593083138243227 14.098402872429174 4.379589405195857 -13.136154540624126 -25.177238527327223 -19.789348986812456 
-26.257199166030922 -18.958190066293604 -1.5907847295001107 -2.856782559663719 1.570804909214964 1.9223651458482585 -9.90302304648629 -17.36743060843734 -15.169146292061118 -17.86911298921199 -16.889150166909754 
-15.08495629589516 -17.79995231565882 1.0070689605716339 5.675644604374741 -18.603655505778327 -25.536509978838758 -21.320283428598266 -3.305023994285689 -2.701938567355671 -15.830226553529961 -14.150501828519861 
4.579415010989255 3.336628091478148 1.6896134713849968 -11.238998786994136 -6.180930232937191 -1.6746623141536734 -6.199578128127001 -22.35548665696054 -27.728831664993905 -18.03229425266142 -10.943330078563555 
-16.526022661631664 -15.826413734410249 -12.836243094079814 -11.311370994741615 -9.864368703917425 -10.982626210229466 -9.213787047194439 -9.413640925528437 -2.3106977482241127 -7.454111163105626 -3.1953260716817393 
-7.235788131794473 -12.139417322201366 -18.777415802709626 -14.175819881072023 -23.58364471961728 -28.219169942470145 -21.45435564162953 -9.591178608564192 3.0399377135410846 0.5602368413869055 -1.9580762185652185 
-8.793776468730435 -10.840239349989645 -15.944946424207036 -19.773788658211412 -16.336478849421 -9.547950891829156 -4.009812019013515 -10.178596193213805 -14.015057006840962 -9.917960539153334 -4.543608100414725 
-4.294334927609313 -10.329441368512061 -3.3250915924917166 4.680971654369248 -10.0823074398778 -18.207988268966723 -20.844514307430742 -6.490031750334008 -2.772343841975065 -6.59289192941152 -2.5276379845193846 
-5.479900725299522 -6.45273246458698 -2.1399693324840996 5.08600040130065 33.976130790629455 37.5482684982405 17.008697691035998 4.765878738185823 4.963896833625508 6.999481572878874 5.840609538831595 
-6.5546588767278 -6.368247051055302 -6.555381191350049 6.745134220999139 8.886828412500552 17.28334981965839 19.571459631505267 16.92447027848888 19.397047758140705 13.012082998007351 6.705599875702306 
2.968123514089815 -1.0742453440429989 -10.130687674536663 -15.991470535917156 -20.83140116543607 -10.76815522021199 6.529902549386404 18.415979079550056 18.411627964447586 15.23330181741463 12.14319250025883 
-10.0353503843311 -8.684639049520111 -11.745708589796099 -22.81770852571494 -17.80561963327428 -14.98174301384174 -0.8071949323608232 2.975415952333443 -1.687738476717469 -4.769906713913668 -0.965841340602966 
1.0401265706003178 -0.9112065190176375 -2.2209663693006694 -20.505009668618627 -27.88168134979912 -27.514121530381544 -32.22514888995741 -29.661588921270464 -24.99059031803317 -12.375293032929129 -0.125182142544488 
-5.543201308845854 -1.605709370340331 5.43122216722873 13.501059050821228 -1.8609056873405119 -4.462362313861748 -5.74552269102203 -3.901871425114586 -4.590269337933644 -10.641000329657077 -2.5583315190791787 
-11.330480348763817 -7.994345669286194 -3.28298974725815 6.135188686784738 13.962175595255715 18.5511607633414 13.984481305038187 7.8760541798916925 2.560253559953235 -1.532703743198937 -1.4792809995385454 
-4.945967007168659 -6.246615803041841 -10.066540857722451 -27.306096001779537 -23.49178701081844 -10.873238120321009 3.0644755035193274 10.441836574476277 11.453801975168858 2.661936846935233 2.791999261695055 
