-416.74691528957186 -436.8578892239928 -460.5056094661107 -477.09780512273215 -361.9537508541426 -262.33969035710714 -260.65921381038135 -287.98451781963144 -334.4079954742974 -354.1611959761344 -345.79965403683786 
7.1169821775129005 -10.042229192381182 -29.805896254902624 12.82179921002001 16.279851934479698 -40.72128370330063 -68.01420613668712 -80.86059380517233 -49.956373378987806 14.478331225045062 26.147587429302483 
12.878823384832875 14.00813736343116 13.654229522420994 35.74961908282749 -7.946801418770327 -26.262554268892618 -31.67085475465795 -29.273571174810513 -4.478929531621526 -1.2160234838428785 5.284451715695937 
-4.770756899547943 -5.634016928983422 4.063469562543743 1.9580728662624667 -24.66572510315464 -1.8366964330044036 22.686894685607193 15.22944552439525 -16.577407332216822 -32.66179832401029 -8.025627481316013 
4.430548346181343 4.960997112517073 7.766057000298821 -9.341795407292652 -8.010914937157589 -16.884166757951455 -14.3534921386312 -12.609957905253506 -0.7522294120665963 11.05835658151703 5.628315537531971 
-12.518864596790038 -3.8163852423009947 8.606203341349286 -11.139150408312641 -43.738721259622835 -40.33066321075985 -28.463446420560068 -28.783178361005447 -39.103810765607705 -42.22027125201073 -34.01042273916878 
5.757667827211593 -1.6223224723935112 -6.9619127064036235 -27.0679364477937 -49.89394153577416 -42.52037094458433 -23.75903025360094 -17.806049338427503 -30.564730908980756 -35.375295398404916 -38.08883385063605 
-6.206965723133765 -1.601745102526928 -1.3755858361473956 -9.847948622931836 -8.412283471982029 -15.490008729802652 -11.243043719284156 -3.679848314274576 -9.052732147114309 -1.4206679096529669 7.416545903718548 
2.242880107135765 -2.169340654927286 -4.992321115021608 -6.6607407978849755 -16.112690369776676 -9.41958366331702 -4.784302899070141 0.07764532671527424 -6.321848038723678 -7.907967764445078 -13.196477954269923 
4.074351403461224 4.834922098992942 -1.4287634106043448 -7.8439518931802805 -27.432059569250107 -33.106680758842025 -25.641483597943072 -14.851867227064531 -15.233324096574403 -7.858479739903547 -14.279629571792302 
-6.790387150643805 -6.201500140473883 -10.764891546818754 -10.64853424726394 0.2272243804370987 -3.0033870500771114 -0.42088891405456136 5.080957145022024 -0.46888133350669425 -9.808030341666367 -10.26110302258757 
8.497369743761801 1.0847771841435971 -8.887229200967646 -3.6436912223125923 -11.80406739436227 -13.273312350201262 -8.56213433661679 -4.820314368065899 -9.954722047247714 -14.764774967369698 -19.472354593027298 
-2.980941175052674 0.45608935272900913 0.016070642258016132 -4.687782458163113 -8.692331281947974 -17.462177570567377 -18.07545377688676 -16.26496378738686 -13.200471773553932 -7.721659667370152 -8.327041941102472 
5.644578310926168 -0.5151320391002173 -11.296468483006233 -16.657669359976335 -30.397943166077926 -22.511660447614013 -13.012774205578044 -9.00013897309189 -12.851585968113941 -23.250835935739413 -21.342566161988 
-5.777275273846131 -1.8372419249873053 -3.1748706531790782 -8.34991087282797 -14.388567978122541 -16.59647136392718 -14.980766123764361 -13.55161862221874 -17.96372806026492 -15.164478497656898 -10.960201010538045 
6.967135224746625 0.46393961335305695 -4.5996033894476405 -12.189297795465617 -8.651999428591147 -13.704126968980871 -18.294938796427974 -16.137290898990795 -10.316182832894052 -15.581710102623994 -16.420374612740417 
1.1538826805085423 4.016100362482337 8.1001802206769 1.1743610371670998 -10.788921457855933 -13.810902929028003 -13.537422430235196 -8.504730856266818 -8.75229178118641 -11.722547702977264 -4.988390216998874 
-0.3824344435149448 -2.2660478037140424 -7.610726591113244 -13.035949557265816 -9.58215436601029 -13.562712947381511 -17.586800016118673 -16.013551600010324 -10.431206335400898 -10.774766852474045 -14.09761978018919 
-8.769255590737435 -6.219728847665038 -3.310324794303055 -3.600959232700156 -10.855407680303518 -8.042513039041662 -3.82103517989884 -7.018243307640582 -14.066173090574962 -11.40715567041357 -7.220108849456716 
0.4368542718707715 -3.762626827419359 -5.809727317289498 -4.2693421392431725 6.646762405394478 17.38252547645919 24.04140641550668 20.112137331455006 6.119865922970431 8.719855735161293 2.702269129155372 
