-609.5730359063741 -233.7967475705342 -103.60162854116203 -82.49291660035374 -150.9489673114307 -307.2722000265539 -406.7207983926656 -465.58172483848114 -502.6758477971262 -521.736161719482 -560.612065599242 
18.509060213222817 86.12494431212875 73.48553187927943 72.74847116294961 80.54243420071069 96.16946955557368 81.76295248672234 65.09689800258401 51.41964915216133 43.83652624797679 30.730696175700302 
-0.5240402613643574 13.781064869527995 25.94596910499842 38.89545620980715 51.39942304340259 40.65741855701205 1.0093636360809872 -29.161132131481523 -53.81313786494157 -55.49597237518166 -45.80980482092447 
-18.214391306101486 -65.90451645294654 -85.44760445337971 -104.71795414132922 -115.3368897918165 -86.76892059574361 -45.55749014272217 -32.578432024739584 -37.463521347816716 -33.83582925607877 -29.591509368925365 
-8.459213211447027 -14.798731685002643 -11.920333955440311 -19.206726062491676 -23.319272973730342 -21.563840257114105 -31.340317205743958 -29.31961995433566 -22.18220073172735 -18.488371054937588 2.6004834792504745 
2.95309333466151 17.5121306091471 6.13939126030319 -4.039398299118724 -2.384568813575566 -3.5778789638849684 -27.181069856679713 -32.93556399235129 -20.469168710886613 -12.40306945450548 7.656630393272469 
12.554785286515632 7.033930970109104 9.868318094443627 9.779251848013747 3.1573258148440706 -3.145209466865541 -3.5196158910451674 -9.1353926489086 -13.815658322990213 -7.741514750260099 2.868654647119698 
-5.34781448247636 -21.140194374900823 -14.041980344642344 -3.731345140325236 0.8498291381916008 -10.571880297840039 -17.269922287151978 -20.195754435087558 -26.353220140230757 -24.06824523864961 -24.336031611376573 
-10.506062536823233 -28.74826030176707 -30.91148912791216 -28.28054627132783 -26.34996692131525 -22.647474296888277 -3.009110240748415 10.958936700666126 10.762773293076753 2.259478654428041 -6.061224873485424 
-11.334248144560297 -5.803146136589707 0.6880511536358481 6.041352749828944 2.2209732336528782 -8.5853766844213 -5.106168926485063 11.159016752090645 26.394967546736076 26.49510938786206 16.131400759051807 
-2.791415103603976 -17.525450013667175 -15.533293481011704 -14.780366499337683 -15.014696398840425 -18.637151632473397 -23.832547481935848 -12.65109144690675 -3.8639314646485508 -1.7595367518224891 -1.0883031294426246 
5.2943527618977155 -13.456684798884737 -8.961067515992404 -5.86168598272468 -7.962712375330446 -5.638357996553429 4.449580973190962 12.629428024032679 5.987701917440729 -3.8951945751634596 -14.001629348895404 
1.386312231297913 -4.451946082529656 -6.282241034590484 0.365429242114573 1.7273066977306493 -4.532570046976224 -6.468308541177773 -5.6487245054497395 -4.574155013527547 -2.1736802919630303 1.0378524743436166 
-5.768508711326076 -10.191297703991726 -8.41357873122968 -4.465734135597656 -3.6194089815001096 -2.2595176432912307 4.055021383674601 -1.1096686144182157 -2.5836152056589246 -0.8711821355873147 -0.277272427487807 
-0.004642343555874562 -3.988335104707828 -13.805463366014678 -13.15659410431834 -12.816136290736791 -2.926414158187111 1.0196187985916416 4.859916933934757 5.187109573529174 1.57664640834989 -5.165974698475221 
0.34955115345534393 4.493971293346487 4.069073910055264 -3.810164471050698 -6.973749007074047 -3.7771283212961757 -5.984968333770865 -5.674986858002233 -5.74470115914888 0.29182342663997274 6.628243706057882 
3.461457089056622 19.35344337679998 17.107134959477314 10.36111458865264 3.0549687678493336 0.39301217253343323 0.7467570790372128 0.8516002507602858 -10.996966073999957 -7.927561450820553 -0.4535738361263906 
4.3711930185017955 25.802952610208912 33.86710630095371 28.12619594977979 14.841930184642377 3.3165464160826406 11.63924285709909 5.946837303084474 0.2835481096762589 -5.18983209725839 -7.768465480067784 
-0.08321996049873823 15.814777057504928 20.867128721199553 25.140480676492157 21.249529264350052 8.155776569729328 9.774313042159292 3.6209128972195996 5.167901107331467 10.000617283346772 9.6002246888779 
0.5408367999736299 7.189313804211459 13.892868464223554 23.9663529659519 25.82334116897362 18.535992598922007 19.35385047564416 7.923489781115049 3.530810243882941 8.817551233543561 9.61390809117594 
