-612.1072488697865 -569.515091212497 -218.6703681566277 -99.19999214142493 -73.11415886152436 -75.18419638348338 -104.59856900626744 -181.36305907965593 -335.62195743679666 -538.4559880905623 -605.2208243992367 
31.396169305022664 9.043338745891237 -17.10022238466634 -37.13089328123334 -35.993429813273565 -2.1631971805000334 20.184934645234186 31.25685159393977 70.43637541647936 47.34534781846827 35.657039416948834 
5.379565005709324 -1.1764523767002277 -122.29856166930925 -120.60196898770229 -123.67809195258073 -133.79694886686633 -134.05707363533224 -121.97152628833527 -106.75042875858509 -41.029630277332146 4.15881373212991 
-10.463954787670474 -4.11538629851732 27.141274647182698 35.08828627115449 28.10092231775189 5.779848228601837 5.876415462236714 15.564198754049933 12.408066831769428 5.431439740155956 -10.420567594397097 
-11.862197224284287 -7.82493323495218 8.126303381871612 4.409892007708387 7.181756316292374 4.547678084583591 2.1818755613406813 1.0141646206667985 2.260697324921458 5.090771041521295 -16.42538485985441 
-4.675099441975547 0.7777406549622005 -39.373824946536246 -43.07097297478872 -37.05190022278298 -31.937040708332383 -22.515866245792424 -24.12289327669799 -22.334012629360352 -24.144682317679468 -16.257940823665376 
1.6883267055209958 -10.835628306766047 -0.8375257703894818 5.9779452195258065 7.7280160379750615 -2.1094549891949606 -11.590862548234314 -9.264263374286916 1.6603095283726417 -4.842195573245162 -4.490349569970583 
0.22905785097289932 10.709258381792479 -16.665914328658772 -18.303354345104907 -20.507437568114973 -18.536540417420092 -13.837343263640296 -13.461437857636263 -10.42360631871835 -1.5161641671759776 3.002726324196346 
-8.370982059757253 -12.520630319703493 5.201439655780568 6.469371485971649 7.193347529429428 4.80041480378205 -0.9942375434104666 3.467174426451681 -6.822323231047504 -6.1195819196061265 -4.575360141200425 
-13.524470376418744 -9.269948373385986 1.8607646812098775 -6.463837834720693 -5.318511892236799 2.07286885602648 0.4608303334407304 -6.169491061046502 -0.2138938403521061 1.529344010154675 -12.211959036819568 
-9.049293825240913 -13.12635520791225 -20.760006322429334 -16.00024908863193 -16.50366720692441 -23.93735677167496 -34.76141447545027 -37.02801940035036 -31.352313229538563 -10.859632574914926 -9.959918088494582 
-4.084515876743108 -1.58902565932326 17.54921376358381 20.72727664451171 20.27584964520139 14.356953977173847 14.68078932780921 12.245584044448549 2.8469282907362086 -9.875050421018482 -5.72739455957097 
-6.25932359863714 -1.3485262741418511 -4.934141705742457 -3.5466969521530314 0.3182331398375185 9.191476391792971 10.361562776960321 4.149416493243898 4.72027253576024 -0.9848433762761427 -2.3429505033036264 
-9.45877368707033 -4.719807972671008 -23.773824226448426 -20.639438598703673 -15.665004359904632 -18.948661454948454 -27.980130337577595 -24.565645140531732 -19.485747359925846 -13.122235053545513 3.518723084620014 
-5.902936908525042 -8.328204017072677 -0.5008948843826131 -0.6773664221227087 0.6996640465760117 -1.758852745000415 -2.870365476721386 -4.363149050356677 -6.68085738648816 -9.355334542020042 6.0340588452486354 
0.3183444913711131 -4.371401694724403 10.639519436326047 4.75481998716033 -1.1296625175311052 0.375660134446385 2.982884198411943 0.5957052119656981 -5.5757894560260475 -0.04090097605173881 2.709655690879434 
4.2723319878233905 6.748999654495417 -4.255420623109513 -2.91092497597987 -2.1275210219585468 1.5380520410070158 0.09438789832845196 0.8780725551929736 -0.8742030983576047 -4.628738365373891 1.7003875861048736 
6.846336315429272 8.014367880268754 -8.951301843225734 -5.814316417769503 -4.593368445715299 -8.506465469209761 -6.5702600344881885 -4.254778107553916 -5.961000657490105 -0.9864939023839716 1.1867167501869518 
5.558671920320814 6.613237811408172 -4.222973485738922 -8.276958417543728 -6.958508777953906 -2.2994749895510718 -0.621266116238657 -1.7246003655649123 -0.510062000209091 1.4800376761442982 -3.351812364475789 
1.8094591336486356 -0.4174106587262548 -6.19538025083548 -11.104998238304088 -16.512898311750796 -13.007302379477743 -7.74982024807484 -9.737290500713982 -12.827114667093891 -3.15236813113971 -1.624558067086344 
