-593.04869745791 -494.75844102291296 -180.33002899395467 -72.59610129683354 -48.52523385673124 -46.14818740963799 -81.83510603447735 -165.92293268627444 -328.27696580055505 -521.2651630802052 -568.4505649234192 
30.734959659896617 -10.984812926979316 -23.246112701786906 -39.61432249123029 -36.270065719346235 4.747286027995914 30.73494758119162 42.77545243411099 88.22981223405333 63.59156315543172 51.24603538335792 
9.72802298412548 -23.12379611198819 -131.19936961483376 -121.82298836132102 -118.13225123161814 -128.22342459881042 -130.17402367416412 -121.90795111048347 -107.07208127756623 -24.73596044638039 2.411499925972452 
0.7903590680081635 -2.1688505484665233 20.035476897518507 23.72249647883551 22.814046736743116 3.1843532235352843 2.120834740589241 14.957669045798422 15.119560790277454 -9.452209144467325 -18.10946914646128 
-6.226402037276066 2.427844490423831 -9.406556766810416 -14.160765160142676 -7.027939234311711 0.4174232230351306 4.531384521709448 8.980430817075579 12.920515788487574 -7.04153999069899 -16.06076371011787 
-10.677761172312746 4.067364516871598 -42.63531085160288 -45.869362328145314 -40.57483487040272 -32.581867993033626 -28.088559871467325 -27.806035778107073 -27.45848005376825 -20.240893665669198 -9.099083692438994 
-7.007488154711812 -20.356418118123962 0.2663903494182739 1.4462179034960077 -1.8483881820264791 -7.006145643771049 -15.480129772854845 -13.37394833387713 -5.004707495311792 -8.871063748675674 -5.557861938744866 
-2.3425548826849445 1.589189251732071 -14.527040485164207 -15.45719136056209 -20.2040632543033 -19.896422212584007 -11.741421908429725 -14.015663092552355 -14.652003572302078 -5.814769127002631 -7.855102793340171 
-5.9159997489871685 -11.989139398646856 -0.34823105608962823 1.9870350921416557 4.686231902923428 2.680847719483305 -5.287413636681672 -1.2509943938419006 -3.4900879526399553 -6.197667799854199 -10.695676172049431 
-8.912946721678232 -8.893259036409379 -9.300332580816832 -13.360948137543215 -11.034819533264171 -3.093739049981539 3.8524172435115807 4.405887922329926 6.964397369431947 -6.172965586071646 -11.223749660610341 
-5.980334258179642 -10.196315743546396 -23.783847997696036 -20.48346698768804 -19.930814686669592 -29.206977279372857 -39.044596648533414 -39.43948939360314 -31.791749787499903 -14.552974172273098 -10.536754749902194 
-1.7170812221212044 2.3017391013586854 10.495539947215917 10.661149811067741 9.126968597069194 7.795618312740213 8.61249937729593 6.552801993488524 -7.285921763489373 -11.44165622308791 -7.768927225906242 
0.2085918318104817 -0.9499546520747084 1.4016611788923456 -2.765592515488701 -1.1227723390690199 8.858583197535562 14.714335565212139 9.995316137686158 2.9939931899244403 -5.3470790770286865 -3.7323954229897076 
-1.2647899100096276 -12.961138784035889 -20.64026126320963 -21.768380319331982 -19.318914604176832 -21.583836285698347 -29.67396179941013 -28.401071132847648 -19.57397762012755 -9.064638008059607 -2.346342638713568 
-2.736120865684331 -4.063310917707286 -5.562505299723717 -6.245634076651008 -3.6333559077505573 -2.0326476406087215 -4.08636427293523 -1.6240556270480484 -9.36411428384806 -2.267164824646443 -2.9607318491431425 
-2.084476041986891 7.876128440129909 1.9419450605102466 -5.562639351676207 -9.953104826891245 -6.336890429101448 1.7240216816358838 5.8141633336350145 5.432786242111357 4.212183724382803 -0.3093484086044807 
0.01636298120345292 -2.381444516390933 -5.517102449948139 -6.107864218515672 -5.216349980357936 0.3035898728031549 -4.69298473084274 -6.065893018904136 -8.037781951604988 -2.5286387781899022 6.235391289512337 
3.8397764491447406 0.7141688726271596 4.077618461253617 -4.46471855428594 -6.64335921181269 -10.124772164209741 -7.935618039168933 -5.848169889349638 -7.535019551391204 0.2877870945456999 11.134548337121922 
6.0665141079168805 2.0388502856539983 10.566562325645169 0.08683001364878007 -6.902421900017265 -6.37800579886745 0.29774966174318496 -0.025721270797578855 -3.186596623023298 0.9573694588670787 6.627435412046664 
4.347162674319205 -0.37549686199415255 4.703832528751693 0.7568335379991651 -11.122182325086996 -14.061569747716943 -11.202003335317514 -9.330299576247183 -8.965572230127954 -9.172069347644104 -3.477835490629393 
