-794.6892273039247 -664.2094570106509 -361.5199201239502 -289.16044024071414 -266.2241322329204 -258.1222078256491 -344.0700999286311 -546.210548837897 -718.4884899634303 -746.7989770921671 -762.3075349478253 
2.715650770682613 -16.725579932209826 89.24042947186648 119.372541279829 114.90706539160296 130.20102639218507 164.31127255520246 151.5041235753613 41.96355832261743 18.43854335939741 8.690706692945572 
-4.905774661779655 -32.60763564720439 -101.87609730234686 -118.08835220736628 -112.86139372672746 -104.13137623610689 -100.02388557120041 -37.06249704213994 -4.820060727801772 -9.415605388915129 -8.804905150960218 
-2.337831583903596 29.865980831474108 6.4965627509832 0.26685786602038397 -11.990562716259518 -2.6634718977120526 4.822102224104105 -38.861426389192374 -19.025093296051054 -4.63687126629708 -2.0194313523071568 
-1.6510824931537829 18.13973468052596 9.902861735894334 5.862240195581205 -2.5735064052611247 -14.713492252692392 -26.50173806339678 -19.126954433087413 -22.776766803917262 -7.5213342195104484 -8.108368142308809 
3.5884109169362803 -26.417997927978963 -21.951971606642473 -29.381095518266157 -25.333527413605918 -18.057752498315526 -13.386358911257092 -20.06879207241044 -22.077768699807052 -9.386647544102477 -17.127832911154552 
-3.1166954385072785 -10.210320102449785 4.950859076433789 16.747387561766256 5.297556975160761 -2.44163178294935 -2.510682745085794 -0.5845022748492346 -17.02336314872556 -10.968078939895586 -8.821703254318916 
-5.5083685519656695 -21.636632613925066 -45.290961491328915 -53.05030241361253 -54.49983456766639 -58.03783341187711 -50.543340296899316 -29.705926453749036 -7.042952813330389 -3.852699347043181 -3.305066848894861 
-0.18904255624303865 -10.44979976768203 1.618524642835786 10.668206317517377 -1.995542299116704 -20.583010186304023 -31.49313580504576 -42.62731590685324 -4.312807578881326 4.327689982866801 0.6214285836001849 
1.5168434559724013 2.860945022560375 9.334550911056684 9.957203974397142 13.410922966918386 13.96283401389091 20.425506712383893 10.03759083354052 2.158445151589386 5.874291090066743 4.705128780421453 
0.6767581707115053 -0.4662738541686126 -20.277807343004003 -22.14713782311309 -34.45455097690717 -36.132019835513844 -24.081685331171435 10.669244228197051 -0.40845533073720885 -0.26131804632017025 0.41337970684607145 
-0.11461869299437843 -15.910248625748425 -6.541416309377997 1.4666648735510908 10.53674918160917 9.197136839998393 4.708060629311319 -7.308177983945319 -4.466158558620066 -5.772387950877154 -2.7793527344440276 
2.3454432392608595 2.687624288256629 3.4015142364345063 -4.351439125221263 -9.83966905241515 -1.110551998965289 12.6318113078136 13.545057321565455 1.3888126950672905 -4.277645614280517 1.617265174177943 
-1.0695696913235695 7.1279223544926165 -8.148897529403893 -1.5625828496702479 -1.1704096429359976 3.0199922744272487 3.037151422112237 18.67119798655552 0.8085702364155761 -5.5724535298278255 -6.989896718345127 
-7.543888942991559 -3.8254208644859236 -6.097303978659952 -8.280069612449763 -1.3218763011786674 9.255666901319316 19.96635602334216 14.512486019062345 -0.5843856740279084 -2.564782235485847 -0.7464623015024479 
-2.943753990427716 0.21559973327190152 3.057391115233818 11.92614642337455 13.086014786337099 15.841285337063002 14.475666897464983 19.366899352628714 4.664306423854233 3.3203350485110756 3.1921276173632878 
3.3320589293908793 -6.325288739552159 -17.6710050463086 -16.61211706733414 -11.778278563956693 -6.492702484631393 3.4775674299022317 1.688038864214508 1.6337642723920665 2.2558432525262484 1.5771483586468067 
8.713176897015998 7.087392421411202 -3.4292584645346915 0.9436406924995175 7.136393009595457 12.638842701913404 4.107712747848456 -8.797236935250453 5.2986275408937695 4.435497436534585 1.8556107318987054 
-1.1324392061708868 -1.878679571636266 -4.709301972812752 -12.333579401655733 -8.120744535873417 -1.370340260082826 4.907473799289535 1.8806550564378919 8.499508983759293 3.8943005813498988 -1.3445992480256141 
1.1910151321988014 -4.244423094414955 2.8734481920016037 6.34004618624681 11.198286286432738 8.921409303449636 0.47395727385494046 -2.357343548058079 4.805412751492052 4.327336673617789 0.663138275065939 
