-702.0035901401592 -703.1397505006609 -709.7407125524384 -690.584698683759 -326.22834921207607 -175.99881673629474 -135.03010856969996 -130.32869874463742 -121.53480262294761 -152.9720196004517 -273.7340185965006 
69.39305968085893 67.05023780765028 54.12479857502747 76.83205248645362 31.631274957538114 27.074541129585576 20.150661256148226 30.72169693127468 39.85554672378413 39.648861497849 52.05779151546166 
35.13961263659763 30.913348966699743 10.471415112142715 23.221539461677487 -85.32845304289688 -83.7140557502362 -90.73943102714514 -115.89930058347424 -115.85015111958096 -117.36346327393818 -128.6402602536752 
7.896137973148372 2.6637035163706937 -20.48530660138417 -16.722274157451817 24.40207131984512 40.28683224099328 36.451098078630594 12.67401443995573 1.4227872076616705 6.813108786956867 5.704771605667162 
-7.4670540361736535 -11.160692617280052 -25.112584789409233 -25.45837791078857 -31.474589088714524 -24.520042923877433 -20.51463019736083 -9.7265719737131 -4.549138141432634 -2.802980906575026 -9.886452607562877 
-18.238481956885884 -19.870388361961943 -17.417318523460814 -18.539056702509967 -57.89873513280589 -60.8711328239916 -46.91115769992961 -18.518900253578614 -2.763779271135992 -7.184203564557753 -27.360839406343622 
-26.190350010407933 -26.81184144508901 -14.169927529812808 -16.576464046482315 -9.56532313229302 -1.9890950604952513 8.322223150467346 10.107102451757083 2.5338020665038754 6.1355143379170975 10.747431198852237 
-27.98495083970834 -26.896293695147804 -16.01378159857297 -21.169189103535373 -8.781868615887081 -5.859118315946403 -11.434437334011724 -31.802178242384464 -38.317834143750495 -36.07791679777641 -37.30506535285849 
-21.958612843208563 -18.584896794508367 -13.222890535456823 -20.313926461527558 2.999031501285586 10.23949827026731 -6.2751872393784005 -20.56575356291325 -4.122303096357726 2.0954187369206085 -9.220724456654525 
-10.687167156987684 -7.067874342192496 -2.143445662463721 -9.510461390787395 14.721295299047018 14.050249998554492 18.419511968621244 27.684049345026217 27.126598922699547 30.31677938735971 28.150528589802818 
-1.0703762136973105 1.0105381279255596 8.38072834837262 0.31214998466576444 -32.26450601455679 -31.96736698386897 -26.446381477544342 -18.25378276377034 -13.967889604269779 -10.564187613337277 -5.464902184136564 
0.49392119986361016 1.579233140645624 7.0574628080312864 -2.4250246318910667 4.56225197731516 9.013051979624464 11.475391301942413 12.220361938550857 14.439710085508638 9.142686981406559 0.7513196336143716 
-4.697827153374526 -3.5691477919533554 -4.862970451002953 -12.927785908058427 4.988352980778355 2.606018190579844 1.4737479788097745 5.879202287893083 9.798886136212266 7.018366482963683 13.449446795586422 
-7.572981830706723 -6.548384865547303 -12.92623742110476 -15.15405041158747 -2.8961764641768335 -2.382208970687556 -4.2989985545263965 -5.002689598567418 -3.9773710419409234 -7.668849349570078 -13.5320266481623 
-0.7487717546489878 -1.5751357625617104 -6.5422592411591545 -2.8739111557043415 19.926973092869254 17.036978971943732 14.031828109922817 5.064003227507714 5.661418800437719 3.5654078600223658 -0.07102554467832362 
11.518915042623362 7.626847356252599 7.946610777462272 12.599718474860634 -3.8075034707196 -5.466228646379796 -0.485217544516733 -5.855834899634575 -20.922613693577453 -22.529580373966898 -17.01952657946179 
17.438870714898442 13.35287817961467 16.151299351770543 17.621368777159525 -6.976468331685346 -11.760281678908708 -15.534980277162042 -0.21648909432329802 11.106320696306527 7.628225237296784 -0.23626842281848165 
13.731385720249488 13.70471352442842 13.100998372239953 11.919585297226071 6.681221849391953 -1.087123835602405 -8.178716362780367 1.6147258026598865 -6.69924032132235 -6.252050750343549 1.3340409194653668 
8.49265362242201 11.691245308077393 5.580477768302504 5.395729502614326 -1.9714084230117082 -7.760000085991186 -11.383828383643108 -1.2890282859633344 1.3672211276351098 1.4160707899073137 4.087844769834515 
6.228808822983141 8.386792903625185 0.7449503288901839 4.539161512657732 3.539018963494455 -1.0059767429460407 -3.3097037007505743 -10.912812764270022 -6.938805387127546 -2.355357792761707 5.498582718747712 
