-757.8069702517591 -754.4067030460861 -752.7351275413072 -744.7683670247103 -526.2830279763224 -226.57364170069212 -135.45318301974058 -139.0979006042073 -146.87158924606655 -148.7314034297498 -221.7985389973447 
47.45665451507121 49.15729927166579 46.262987128833615 48.2024171335424 42.31339303551816 48.94789355145889 43.38925678932985 42.3663388583269 46.64883085378791 43.76366193569875 56.04159089416128 
17.576231235760122 13.311046602817907 12.555463828409641 20.725252128048663 -31.45654370868602 -54.314802530196424 -65.53455899655287 -71.95328689703896 -67.99621157331097 -79.8166690393083 -89.57146300467815 
2.5396043708773965 -1.0418269760337837 -5.649697204693656 -11.968609143942295 -17.688421447877904 2.5335953261003312 16.234574131570042 21.022499531275443 17.91282946380678 9.879485126939553 11.0226660018751 
-11.753480990213058 -10.446027144861192 -11.318563728464976 -16.398990176572724 -48.50854279692424 -37.35226425319515 -21.227870530904042 -14.35070510269065 -20.002400204594018 -23.34434732896665 -25.932872353351925 
-15.973282837270599 -19.095301278716903 -19.83321160061655 -24.227874937621714 -29.687731760780757 -45.808707275557026 -42.38648169483416 -34.68544573050276 -16.2298550700509 -3.5593933681478185 -6.1342605490452975 
-17.82281564343111 -18.048670127865307 -16.236224129245443 -12.78378297513301 -6.7021914275314 -15.372199003175899 -10.409823985579948 -0.8508036945967693 8.29834683105087 17.503250793963126 21.71958480684397 
-15.66430003730494 -14.61071672408416 -13.481633554425272 -16.362905770282822 -29.075939069460922 -30.40326928220506 -24.5901504366311 -18.076291631069466 -19.30383922557919 -29.909760803980998 -41.34841649976613 
-13.455307947857955 -12.505709628671891 -7.86082685682337 -2.107816339408563 0.5042444957379001 4.8838875708077145 4.2498914995609 1.0159415254237172 1.5627953539731014 -4.195429987072071 -11.707870731967052 
-12.812242299840324 -10.206595276016314 -6.68933828242816 0.9650775032208718 8.411454163514684 14.740374383690769 17.967951514374626 18.3131379704266 12.200126449459528 17.53993318274637 18.74790550200158 
-3.638751889996735 -4.100510276951193 -4.200461539362686 1.05574947122321 -19.079382882613285 -34.81738072638443 -29.104197778952862 -23.332046929936638 -13.00331490023202 -3.7176323036353125 -0.7007438061756356 
0.5368229161997292 0.5585619077202643 -3.866902610356541 -1.9653227190999814 7.00536549766896 4.721605862573214 9.54963368681264 10.738236686034522 7.044257483129005 7.995575208770298 2.567864713278895 
4.421320806444303 6.463627862223374 5.4114502685563055 -8.341126629696253 -2.498867642356536 3.3903129197503734 5.323530338951703 8.922000875072968 2.692693726902193 -1.7959902207035099 -2.92107826399263 
9.114067086182807 8.526134738744526 4.675953325194332 -6.966034721709354 0.8330894260374963 -1.3509826573372339 -2.2216616172593318 -2.1825255165932944 -2.4303763707201207 -3.5825675252973754 -5.724730554485863 
4.602456370380056 4.572801976064425 2.9443716828598268 -1.5799307767870259 8.23963729590347 10.459067816739894 12.20311558059258 15.817619407512911 28.032310960682807 25.40918151233172 16.37299693946613 
2.990324439530472 1.7287625785018346 1.0938795964941865 5.629109542256225 -7.3008075821192415 -17.180175158279987 -15.584674907952806 -11.078020639803363 -18.924540713684287 -23.430019474223293 -19.877240319037675 
2.0583473261137843 0.9936653156263073 2.2814154682343855 3.6370411208477567 2.725580026125759 -1.3575387773238883 -3.569755623895534 -3.4750063411891396 4.708258025316307 3.406289135044236 -1.60089607659934 
3.944132852367281 -0.46930847130462866 -1.6019355412075145 4.985398816225656 7.208543074298024 -3.7353472290742937 -6.056582745578947 -6.015831062250914 -0.9795376823465792 1.8890393577066182 5.43923808816092 
9.000154501095352 0.7391992891388881 -1.0159184024142942 3.6466482499367796 20.39805931488577 13.645415238519227 7.307704716246457 3.9468528520232797 4.557223902730802 1.5547504597369501 2.2359547470417347 
5.267729289245801 -0.22276986879809296 -2.0041991138052584 3.305447393091815 12.338413424901804 -7.610506212845942 -14.924297395958837 -16.232947617374073 -4.501450994270318 -5.1036289592165085 -5.82877572345825 
