-241.6152343936324 -85.3485141226287 -37.59715646446545 -66.59195344717595 -105.4285525829252 -182.66389095692819 -298.3562916161666 -467.7222338290999 -645.0246535143742 -695.9001624530229 -707.0843080701237 
28.661511544804004 -15.166322790661248 -22.229397744850402 -7.282656682333581 13.264718247344176 5.170120888996333 34.26744859766261 53.47487765811596 15.45273176352206 9.136170294427743 1.49616041906163 
-85.63299038558024 -81.83656009528218 -82.010052449789 -82.65024914661859 -74.7800439980202 -43.75762374011666 -29.047149745661947 -23.919816530878744 0.3228533432090239 1.4408870248342942 0.7314208975801157 
-5.8339503108251 -5.762986233336705 -2.9170599268870125 1.1738985660157846 -15.081317746804 -14.028246656275513 -3.5547851524702248 -1.0491514399118804 0.1784954863356031 -2.184229782680264 0.2748966675402688 
-23.215265695928778 -30.496450475291418 -22.970605114555482 -6.3587795298707 -6.006905039760727 -8.499966569341915 -13.49612775562355 -25.061980396007577 -16.292995492994603 -6.663311577297385 -0.4206551530002821 
-46.77612385064288 -47.92586805846766 -40.92473988512725 -24.841220527047415 -13.86644008940764 -18.38694652233742 -26.043091851477964 -32.82923750558686 -11.66591074068667 -5.314963936044382 -1.1110137613186677 
3.100538624179509 6.337765051772017 9.608501775896555 14.845423982607905 10.027614032687508 5.449899900790024 19.646302220210448 15.115746081424732 -4.9707271582562225 -2.918580952976418 -1.0964762203190201 
-35.595078561957564 -27.99843851390814 -23.170880184084382 -22.172316111807355 -25.3756095100469 -27.06020520699723 -35.97652803907387 -21.057793335180968 -2.5605027293395244 -1.0388463025637722 -0.9628753418307381 
-3.148756466374852 -8.81187045588869 -8.028281624175682 -8.01989179999293 1.285120106955637 9.131754618196105 9.449265107006054 -11.930807752460606 -9.855071543312963 -0.4027273046559984 -1.179300114970875 
-22.117465767016302 -21.274627359906653 -13.474552494459084 -1.2847586109583427 -2.332664146275559 -10.54595467412852 -6.863538374082594 0.07352636282893454 -5.154907505536705 -0.4844325324559845 -0.9852181095108878 
-20.12078350566391 -18.92966035884018 -18.632756632724174 -20.773425705731157 -26.282304105379595 -16.720861470205747 -9.918523650819552 -7.701662019414238 -2.826389012336306 0.02648023002225791 -0.3490360406582276 
1.7060487217876863 2.8596075688585363 2.0349372441303424 -1.7579821931096558 -0.18756313812166936 3.033927774807587 -4.173969161058537 -14.031351836770614 -2.6668713105847313 0.6363328464668576 -0.0853711464725872 
-6.952008564341092 -12.357036256394498 -10.245432576480429 -9.605201353325203 -6.702534723779582 -3.217282069828054 -6.07859635408791 -6.126051547592427 -5.064714796485688 2.4644129030584594 0.08788911110864837 
13.547059499554885 8.514425194355955 2.1270597999832135 -10.620220850671652 -14.497426241803671 0.7945751710948643 1.2910329077511042 -10.828247680735434 -1.9229811364233327 2.5565449066463777 0.6633233418673545 
-1.313519730557634 -1.3064835905164442 -2.5862825892546595 -10.035272858998573 -23.56638903922513 -21.299613040161642 -18.928662569900737 -12.625640062655354 -2.7373439423822923 -0.21842353693526056 1.0019741519838838 
10.682691337738744 0.6903082871806867 0.2925369263504043 2.3889658639610243 1.6108834140989763 -8.179223478033348 0.4241928125981722 5.477046760673556 2.6055790812708404 0.623947627726246 0.9485692173791974 
5.398286609776495 16.786576073975795 30.69008317114651 40.703111885851044 20.826720292858262 4.0187528693280665 -8.55505988754647 -12.239573407805356 1.0706591871716524 -1.141786746695371 1.1834076713756165 
4.245877812465537 6.352641426805315 20.8578604476875 35.66980762339199 36.70032284099254 21.6445436556053 15.08441901425173 8.42407871837352 -0.42091138626809566 0.6493403092837602 1.3458060472490505 
-5.378076115843737 6.018622624237729 17.26275659941046 30.63222768917608 43.981773184373154 37.710882998489254 24.071542518516903 25.08175616295476 1.979168442552539 4.840260064408675 0.7297512912391826 
10.661031039356539 15.111077927611088 9.12315704878657 0.8633497471468716 11.128822915987621 31.816302578984697 40.07271069007567 42.934974880795195 6.5750592703930435 0.4136092246891796 -0.08828410238713787 
