-538.4212125656655 -535.2313519117927 -543.9116931800895 -466.46516187215633 -258.83920814081125 -187.94295876254867 -173.47882130280905 -166.0290353591803 -239.1073361842234 -444.0897997396147 -496.0471706395256 
-17.85280143419505 -14.097444396007347 -14.362547007844956 0.6677058866205267 -21.228890732148926 -47.056108576528906 -64.13694607781035 -45.43233910590419 -31.959783056944428 -1.9493940855132 11.538359026918497 
-13.028584949227607 -15.36554360653816 -15.905747035906899 -51.809824327104316 -84.59743629941929 -85.83737173587451 -83.37943156307088 -54.176972685453094 -31.262984411265357 -23.591714081940125 -23.75699709026781 
-14.65273204517488 -10.810196269340954 -6.306230031079611 -2.804432593792029 9.402497452238713 -4.524011800343509 -29.99262179892768 -26.498035437148765 -12.237441317631754 -19.388552193912 -20.406740094527336 
-25.37248900792359 -22.8093484996289 -18.963040600067227 -26.08523288588293 -44.886202240209414 -47.50207261669128 -43.427870832734754 -28.195865698236886 -28.251608055254067 -23.154179245524823 -44.45043932944401 
-7.457837574545112 -9.383760309701987 -11.475404080648172 -17.912451881230748 -33.43883687792417 -34.778572458336384 -27.95309902252935 -31.140026920445663 -42.83403175482282 -26.751245754494626 -23.41503653702791 
-2.5715521262320844 -1.403969181197355 -3.521156725116206 0.6095120302622767 3.7825693785108787 -4.52358840238476 -20.086161928222598 -19.207997203035745 -16.63827609014144 -11.682060087807548 -5.796795067415346 
2.9639137386927095 1.087272335418823 3.4648169578817543 -8.346782043162152 -36.486158183975924 -34.29891354696741 -25.219476036122174 -15.026754061422672 -11.424317610039017 -6.179931828214171 -1.2328413836598657 
-9.844017148878075 -13.907853723127293 -9.557896659672902 -13.338271398705285 -14.480124389863828 -19.7223941739322 -26.729020713208286 -32.76939121337672 -27.071304941250737 -16.580580197554486 -6.098644900927068 
11.745503194336559 7.710866559632359 7.321830481629933 -7.922230044971007 -18.526907818616777 -7.937384126152509 -6.214448693908329 -16.07958721808935 -19.36431799368865 -19.373609682902483 0.18768679919777037 
2.018201011957374 3.0445844358150413 2.2722564336184754 -2.9247519555387527 -9.54131310070078 -11.255597476134477 -8.492989322413797 -13.706912890990523 -16.03570553638513 -9.51431484709152 -2.310903943252281 
4.613780042755888 3.833812174049352 5.196794222244174 19.234215511571254 22.69417581291554 27.89781190258035 23.161859939912553 3.5901149025724814 -2.6830281952389345 -0.8128617745047788 0.9834983216844153 
-1.3247649043586684 -4.130860720132521 1.5841757777911525 19.12839625234959 22.22436123125697 17.774953876183957 27.501354268868454 28.735683014094196 25.06052995575885 16.51468207424614 7.4714515167863205 
-10.440492408744731 -3.922423001793983 3.912407744333632 10.45296656461052 18.044426370977003 23.86647509013867 27.61019767719666 22.716015212832477 17.475357175388147 17.407695055285252 10.89541799681465 
-2.7026948891439417 -0.36728347189242494 0.17437485073615178 -5.659027286340671 -15.786060397219968 -15.598992170141146 -2.3684668988081725 2.3181588124884676 8.580302078998713 21.376593895109536 11.185805835832303 
8.292932601435496 4.160111315627571 1.281073605762364 -10.153519893947948 -14.36437238725824 -13.34095519471246 -8.776840960277358 -7.336021540598751 -5.540737435639173 3.36979288510271 1.8675327358614084 
-3.034761529799341 0.40781913903432065 -2.391839827127751 -4.423550148225559 -15.98409765081327 -18.657515544379883 -23.272484748026645 -28.58778903967855 -28.59385294483824 -19.794378649412 -2.8662491974670874 
-12.144781152263977 -6.351204064649476 -3.9113477578291995 5.242558674150205 8.754840207999571 9.1415213457465 11.785929072038934 6.851503200427661 -2.8668475336914785 -14.780518053876252 -2.701389705561783 
-9.063450333389767 -6.27646760945005 -3.102409304554982 7.099961587905545 1.2351360732099281 -0.4174474432102697 -3.2228337730811902 0.8970531809170152 3.9771114759375843 1.8230718964272503 3.007701282283027 
-6.670376847180613 -5.432691883464338 -6.389799178374185 -8.08660149098074 -9.516591737494789 -5.877531811243014 1.7400249041013416 8.444589267249192 15.819968135504467 12.74027757840088 4.6844365928161995 
