-680.536552960231 -681.453902783056 -675.657199567791 -619.6368091153138 -608.0260483245282 -453.4114825907158 -231.5463636690736 -131.31107899633517 -109.2166921231689 -132.57070004344132 -171.08326473617322 
0.9630638282363418 0.32464278468179303 -1.6215912150093967 -49.947393513052376 -43.25447832923359 -41.465199755405735 -0.9995044817964928 25.25172734294981 35.561978970337606 27.610489599280974 56.78170288559794 
-1.0410099040830312 -0.240718541479703 -0.5116226682393807 -8.054037948037337 -14.050728956989795 -22.41755033288753 -71.84925791967527 -104.93279517587362 -113.06905604338574 -101.93238716023632 -79.8944887888847 
-1.420592586763019 -0.009623515923848247 5.334158373724955 39.26369928869484 26.893331509544463 -26.37608870100277 -39.45585493390317 -29.847076719824454 -21.249180587461613 -17.14934736346454 -11.12416030042359 
-0.3715135509357077 -0.15957858500325456 -5.951991404476013 -30.54798897971995 -38.17689901905676 -4.504265816961148 -3.688282615391344 -2.6225987961946107 -9.95944611125077 -10.401100974117547 -17.74306840954744 
0.7450448543432215 -0.43645056789518466 -1.983812833265029 1.3585444717033135 2.761418785204393 12.311008593566612 -11.994088782092103 -15.076154851896913 -6.687426887445878 4.457733786340799 8.746913003049286 
0.5960645030488559 -0.24410841604452732 0.8698023656257854 7.01125185189231 14.497444507485028 -9.900328632712899 -18.99587532353371 -11.859631750899688 -12.645523350770851 -22.141516665375732 -27.260359692611612 
-0.5169294802628394 -0.18849908780759744 -5.183211640369253 -1.2984190428948 6.871148692495583 -0.7301684498367218 1.4766380926008376 -3.7893181738661483 -15.187842724719438 -11.431822548332551 -2.9429123339381613 
-0.5018029622567379 -0.1200482033099495 0.24482616968649093 -6.1258846807974905 -2.602263210185157 13.304098624917339 8.962039368338111 10.310442781922614 9.750377857438396 3.7901423138048265 8.330437553764742 
0.671590269159345 0.1979990705887387 2.0233962883961234 -0.18440354448243548 -1.7196821849589279 3.6721663069882884 25.743133734207614 29.110020974148746 2.383384226609127 -31.340835113599486 -31.30535961342281 
0.7850559157561945 0.22648726545504036 -0.0894215241560899 6.093422941734625 1.2888076618560287 -6.641276046404433 24.197631748515935 29.26771478505499 32.678870294948304 16.164173364035793 4.292507384176454 
-0.4794415091112314 0.20809126813905934 2.5797163712993445 -4.338597944756264 -8.745415431883057 -6.614074999310718 10.405358655782173 27.13233201855288 39.27195421235152 39.5214275672847 12.225446255710006 
-1.5477824719481317 0.2620091732142992 2.4544633843717327 5.433622993130623 2.3015996269113654 -6.211215315109939 -13.671620256378095 -1.7808356759745092 22.275182993364194 44.468100996548664 23.913800062791623 
-1.1761406713568936 -0.04493851876569316 0.495119626286463 -2.6065307424433244 -4.529220556783349 2.1971942737560184 -16.354659731682837 -19.467485717962397 -7.065656342120375 30.234110187408106 33.914294080198985 
0.6994963555578912 -0.03350267730329165 -0.17284382777131738 3.578219898708417 3.1777503198317163 -5.214468166009716 -15.211349264080095 -19.716585513125843 -23.127100384128333 -12.559765994362252 2.0558967003466355 
2.022463379262222 0.3804051009840528 -1.0459091848677808 -5.680109756712945 -3.2231530465934 3.9252810010221415 7.789237706760909 -0.22793763667802747 -14.491621100645602 -26.925500816778825 -21.46379386011418 
0.9563593066945262 -0.030736712038974955 -1.8337763620569265 0.6168956569015354 5.99181239229045 -4.515159761310499 2.1636532959413923 12.549023053790386 14.005159471247705 -7.233901820524446 -13.870110723729816 
-0.8347971449482172 -0.7030750445428665 -2.415345302909753 -0.8494590043064099 3.5911782482746313 -0.08305853780538586 -11.82346590890094 -8.633799658851729 -0.15947822394695055 3.604627972800249 -6.214133353918669 
-1.090197767344097 -0.40154412059296596 -1.6251349477036399 -1.3465607879653252 -0.9733686211745545 1.8565385222572133 -12.693685521983515 -26.410681589658964 -25.446241925987227 -6.660045341285082 11.65920931557865 
-0.16538539869638974 0.02190189259073369 0.25227406279217085 1.7049745205604403 -2.6572065931838096 0.16888793037066932 12.610146675280323 6.930704372332543 -7.036828333154642 -16.930787461494752 -6.034133788971103 
