-661.933364456531 -661.9275440026772 -661.1375863567647 -662.0585104555681 -661.9463425339533 -510.7015908019609 -287.14523775928023 -165.85499973312608 -137.75989219778725 -102.69789095329337 -94.41016081134701 
0.21704203276839734 0.17843698788480933 0.7604748457700266 -0.03318105471060122 0.24526213883991957 -37.539238795468734 -20.35805341047488 0.11257471197045732 1.0729133459000635 10.665354096075585 35.85295098527962 
0.006538302626971068 -0.13353676201766115 -0.6432354402607448 0.05961583500404803 0.0968856785777037 -8.632698381250265 -29.07867500745001 -82.61804354906488 -108.27412171454887 -104.87811320392487 -91.12514532210284 
-0.11604301214132681 -0.3212556982979604 -1.4327383643135385 -0.004486323110686575 -0.08772973373227134 -12.972705063060408 -26.02514285253992 -27.29848056370798 -18.221981690405634 -24.72427905470231 -24.469341110834563 
-0.05665847646416354 -0.21381447813258175 -0.8635564004751416 -0.09296390213037962 -0.23940202136683408 -14.45406427355759 -16.17873101626865 -20.940179806152916 -29.36757627791939 -29.467711829386246 -33.56718681649582 
0.0876821823627155 0.08761052296325499 0.51607839668646 0.03134095712527019 -0.30132722998769 16.96312296304758 12.473272891622731 -1.2827502522621224 0.021738707067317592 10.721754597799595 13.397020353869287 
0.1369660416844437 0.30447893060037146 1.3948544687001327 -0.13617508090708513 -0.2503700306453624 -15.912246664366554 -13.832619849453863 -6.874903586159971 -8.203442896905175 -25.777175497463418 -17.157812857264375 
0.01692814854139238 0.23847965248545663 0.9488179855119314 0.04207833907120935 -0.10571484180280163 4.919689313891197 0.5012935164011925 -1.941772717899355 -14.623027179566602 -26.96980593531916 -4.908750595990934 
-0.16890506608751232 -0.04653569975289956 -0.3836211631889581 -0.0210058432739927 0.07836014572731032 3.7957096869534204 3.9284444812746218 8.059861028132906 13.392992295201218 3.1322099076415997 14.022256368097988 
-0.25342053624360994 -0.2855983760942087 -1.3334016487644782 0.011075610057138183 0.23286311268549426 1.4793327177416569 12.065023666987296 23.639694596058007 20.325654143591635 -8.031563107779697 -16.171551455772423 
-0.17927996756995762 -0.25854834360625334 -1.0133469542566864 0.1163553892182381 0.29996584378555685 -5.609902724098021 14.50716124510721 21.989438473265672 37.09038568754782 36.63516111174336 18.426922134550342 
-0.047883678802058655 0.007475653826465978 0.2506388979441731 -0.03823266261767915 0.25466539011566885 -3.3441903491561664 1.2617384189087117 8.631399796953557 23.602131075391554 34.731747051205076 18.269093910895833 
0.00047754874027657046 0.2653292441503206 1.2508207675978222 0.11648331996707023 0.11410981438943338 -3.1934411650123034 -10.220228607895539 -9.954355139876164 -7.070519935374374 15.12733753155041 20.93566783661573 
-0.06123753064544112 0.27759730769743796 1.0551128817370903 -0.05443468380302237 -0.06889373199225346 -4.321267824435207 -7.978929410804923 -14.937284311009265 -22.865125238910785 -4.587102977693576 15.182557157544407 
-0.1272655087638885 0.03498171561503924 -0.12183812168910335 -0.017267652391400948 -0.22573064392520092 5.689193002260158 -0.4170228853557628 -4.073351130071499 -8.073330929139834 -15.713613954014747 -7.200422047896886 
-0.0868722698624535 -0.237687922769372 -1.1503549189211988 -0.01106575639744966 -0.2977232561644136 9.218798284294838 2.7252799414400357 1.1052658967424354 1.892211473217468 -11.413185570051484 -14.254835899301966 
0.04707202264096988 -0.29078394644870403 -1.0730547318916308 -0.12693049777304866 -0.25810213072475396 0.4757726296839817 -4.386936081046594 -12.17421682821465 -7.433508669384688 -9.402137207301292 -16.527578332961127 
0.1523325732467422 -0.07913136720866792 0.0016357301526821189 0.053211922596873955 -0.12197086302312195 -5.920490268906935 -9.365181368113802 -20.52265054532646 -31.759764237073483 -23.24126833343827 -12.226969736783776 
0.1365578016116698 0.19986185926127498 1.0358870734361818 -0.0875576836552278 0.0594488715446182 -11.047482015004352 5.721323994752885 10.325910649647557 5.149554598061511 -1.9423400077885342 -5.60223327069405 
0.043609662893755015 0.2911809855899872 1.0671180816799894 0.065546837361073 0.21810009720934725 -5.084495460554756 21.24168918553878 34.31917446499385 35.13475686270067 16.9290414287673 -5.322836149439718 
