-258.19495215564524 -181.50468588889746 -114.74112535639635 -133.50230461007462 -191.41396607082402 -179.25534289240147 -143.28638042378157 -137.89734424417162 -168.2177437269174 -228.78177328400315 -285.27926534349774 
15.244450602729973 19.251514596052534 38.0200631156448 49.22658030907901 50.61122092253838 50.868670398103674 37.07303058220749 58.33943370904275 90.68998919715132 105.83215249973523 91.62535828555227 
13.255135505054247 -18.892227784501628 -62.109852944864656 -77.11578496417988 -57.016408972076924 -72.67818323334279 -87.22057680978011 -91.47489778068402 -92.28549384600788 -53.837626714104246 -20.367953373940402 
20.872130981130546 22.235913664447253 25.884530197539565 38.13738027065423 31.111848310098466 18.825133320600912 39.85507124087677 46.715658144815166 30.277448048655714 10.260016732398835 14.041441086446412 
1.0652960217817184 -7.849935672509049 -21.130176468953337 -27.216559007444502 -21.151793626610235 -11.283632474133569 -16.266655323978963 -23.377461442294447 -22.47559224711696 -15.521319807797893 -18.89270068115485 
-24.713936668955874 -46.71298496313405 -65.04106307777761 -63.01451559626368 -32.43118152899849 -19.97067965940832 -41.331225809842934 -57.07850207944762 -51.81864457732743 -38.15367285858022 -29.659815293477582 
2.468418483483817 -1.9372413297452429 0.9629448179076333 0.9681739211150192 -1.6937638612064687 5.9922075479857595 12.65362573193688 8.905046684787651 0.34812254036091306 -17.381066565120218 -18.102774288308197 
1.7629074645313672 -2.6960945169438992 -9.132698599264192 -15.577936502256112 -16.857794971395514 -9.758305694174906 -6.9339860242477975 -3.472564451554196 -1.0299906309321922 0.6388051791849454 -1.7287876215301154 
-7.056704775447367 -7.842762602801003 -8.763789598477423 -6.790270216211893 -0.4867067371620307 2.4420358305313377 3.8195205890375403 2.022096402882407 -8.256731355601978 -7.062927999300586 4.88208643110184 
-2.656491216912621 -0.5624291424085998 5.360605257129526 -1.1752576981716483 -13.064337825751867 -20.751127636131905 -18.18787071333263 -4.431381085757922 6.9060138737937145 5.218736370178135 6.06076536391647 
-3.436494029765339 -1.5123957291508252 -8.927282477656945 -14.578943223203074 -10.008021278878903 -11.981990723062308 -25.865779794472115 -32.320198677648534 -23.699579673143386 -0.588910503968624 6.051690584222632 
1.6178760656744862 3.5596653711433044 5.391935450010922 5.528514767121877 -2.4780459147697327 -3.6495234182452463 -6.697435660173255 -18.729112840897972 -25.109037890535728 -17.2354293568079 -2.77535936581969 
7.838381237773464 15.959013203478136 26.680788587806006 25.005148740391405 17.9132742924977 8.756994577938721 6.161675964949612 -6.821231216009635 -8.758216855988621 -11.023050624768821 -2.673590708065259 
2.1615884584684397 11.300532592178445 17.013304289336556 24.966420373660334 32.28057442742832 31.31892497519901 27.103512825932274 10.101100965924086 -0.9691441762849546 2.722498245335393 -3.1923484952690053 
0.35894656620222615 13.565111986535197 22.923911706783805 26.384011518357305 33.60644710873852 31.371248744818594 34.411271041561974 32.092861084522866 13.74350044220903 4.197626692478033 -3.5721315379404315 
7.201398332049817 4.482505127350663 4.850303157814906 5.635243595489545 10.523449380832954 19.459464195801516 29.133621500975217 41.89604240942394 27.039333450015494 6.448127279066889 0.9976687722294573 
-1.4173874387591012 -12.41509594144189 -20.97377553519945 -23.24108369190268 -22.382131028863007 -16.747860523152916 -9.158784911755433 18.28888903134669 23.00474629437987 10.513344246990023 -4.259562151644843 
5.932810940604142 -0.8851056645455609 -3.4374467367054584 -3.6475883217781253 -15.595220319253048 -15.069445847102013 -10.304719802285089 8.738639850086614 27.77304472780014 22.741256915976187 1.7863825883024314 
-0.4873857442239853 -2.4218547519812983 -3.3060214202574674 -2.225785100809953 -5.91049848883009 -10.219679094355776 -20.047925507045544 -19.434838045674972 9.505179128367653 27.734654027105435 16.401414825198497 
1.6494965491246838 1.4563511130598006 5.121512025464762 10.891388835726461 16.30198853019574 10.821194919047894 7.309133386743796 -6.243084832490526 -11.58596132512384 0.2611552707572462 8.920716781563618 
