-288.0023165336894 -158.6092559037781 -111.05046356847934 -114.23644222682935 -135.29615806582783 -202.37079777600457 -362.05441385373354 -504.66748502584784 -488.99915993128684 -480.49571794754513 -505.6143385442695 
66.00023259641827 68.69150933741469 68.5965682978929 63.44413876867303 57.60606413460911 67.00922307503276 68.53176648667622 42.5122053443654 53.3403061117434 57.67720481481388 53.34815541979825 
-62.51478923437054 -86.65471322974786 -103.16623670075268 -96.55378266188158 -87.16900994772303 -82.29077450322468 -43.65989122690059 -2.533061405219859 -4.502633199693435 -9.357542957208583 -1.0353127186980395 
-8.802071851610481 12.525056255879914 2.567561582719235 -23.924553294867703 -18.727757686464436 -1.5118149678400825 -1.7045756368437242 -9.584112183887148 -23.335312279363528 -18.57246153464684 0.17960386543944823 
5.769684980016709 9.69941581610927 12.14471445071557 0.9518921810882838 -5.772511048270164 0.4719771236269991 1.2422400058224654 -8.295655973813439 -11.093934623839186 -8.000973724049425 -1.2948009814783512 
-14.446616621057473 -20.36328353643529 -14.919171849897529 -1.3464052057667861 0.49604247149662606 -9.138099050594528 -12.298937720565979 0.9635856763283317 9.188502593618146 11.083990252821597 6.27747710834317 
-17.869252628819382 -4.998867290285223 8.916960192322481 12.581053627227284 11.603765413210915 4.948654960056324 -10.891317244037772 -4.639520021343856 9.065035578729857 16.362134401597594 11.346020632608344 
3.0647970843342156 -3.6351472731724144 -15.687851850312097 -18.676054450488444 -14.080382513727699 -4.097951360201142 -0.5583810381221127 -11.862460265719058 0.9274377991827909 5.707732316826704 -4.694373710831751 
-24.59700492456581 -15.770879155925712 -12.580518489673818 -19.753340379084023 -30.3647281294281 -33.046004427407894 -35.870363829560375 -7.683104204892571 -17.11932813151656 -13.39419626433424 -6.817275004685031 
5.226170337052231 5.267118428159799 -0.12742119550939301 4.045693029866262 3.437221990942172 2.6846872291852515 -5.787277989218243 -12.928033901352386 -24.791607209002226 -23.922829359819886 -20.939577064608407 
-4.886027168313967 -5.519857200951476 -6.989593346273378 -12.886738156471004 -5.797788243635441 -3.2379262145326013 0.8889988767942645 -8.028516961368947 -16.05230733173777 -13.032936906647356 -13.670510357142179 
-26.957567639414695 -26.713320292210597 -22.477379414175086 -10.38221458942581 -10.255978198646705 -12.498335572157318 -10.220472469171028 -5.297788769545905 -3.753653115083102 -4.542561599972869 -6.999677392809371 
-11.769737075466878 -2.712514017705112 3.489432543718112 -1.8248707795767563 -13.42379438059876 -16.251448343533838 -16.689063529042294 -3.51823618219378 7.229397643743514 7.733725638260326 3.783849457377754 
9.765744960851247 1.9351720121576572 -0.9864267309973218 0.07695646342191298 5.100393737921823 3.8555006185057383 3.5114411552344573 -4.981610143482996 -3.210392379099308 -4.342808444892599 -7.532866731366151 
-19.100320120683783 -17.648413517447416 -12.501068146345867 -10.23006791797366 -13.831805940503493 -15.195138415285673 -1.4201589243256372 -1.9871480493216294 -8.87387938427386 -4.27188466787354 0.382171079282585 
0.1694282734797454 2.527693447975192 -1.0449860521360705 -9.287949646577854 -9.169115321254528 -5.184964197392 -2.6909329829724933 -3.6138214390796 -11.415747407496267 -10.794836984678348 -3.2453042586476015 
0.24268189654043992 -3.5194465969404476 -6.610924682846404 -8.062764420862784 -7.2324459205709335 -6.447560368959909 -2.7155722367197117 -9.450350605139123 -6.064538101920146 -5.458566791359406 0.8170980850956835 
-6.451787297782002 -1.7150369621532817 0.04771450683590206 -2.0140072783291516 2.335989588875067 -1.4077975704417995 -1.4008831267439803 -0.049009709234333454 6.206297932613849 7.616106353284977 2.8386137103378477 
9.991057289118016 18.502775178690833 19.673069219526752 25.587008175911425 26.72198999898216 24.91119781653638 22.027285920633854 4.125149016498967 3.237668025196969 -4.450931493468549 -9.380922398670567 
22.302011789252695 28.16071943268734 29.036235631845123 26.619663124310645 34.88856771569026 37.11546005666404 26.021204455244913 -0.6175958635171892 -7.495396251597181 -6.763650445557261 -2.289065039437241 
