-617.0945604034299 -617.0945604034299 -594.7730134567067 -160.67188821835376 -42.240476331008 -29.081978345610242 -69.80773919654315 -118.38759495056462 -202.41866725821114 -392.81169935927636 -567.382787201291 
0.0 0.0 11.831338027337079 14.814198457901636 -13.289394519798254 -27.440053650268823 -13.889748030114491 -0.7552898400830085 27.041760832138504 91.07505452907304 41.49734135169396 
0.0 0.0 -17.739716885431186 -99.15994380215213 -98.23751217742246 -98.58493780237546 -87.89859162708964 -72.57141177983031 -56.29978980400131 -62.330702096597406 -8.862507548282606 
0.0 0.0 -17.28795338605409 -2.5938758280732923 3.591046495276636 1.221666496970317 -6.2336701100906655 -18.492054176234575 -23.13113936856837 -25.24171111270516 -28.975413431772377 
0.0 0.0 2.0548151764491056 8.865004342088856 4.3680746849216305 6.873629721296586 18.60686884591871 16.79983732908103 -0.6019287577151561 -7.913966180992464 -18.544344495296407 
0.0 0.0 6.302358037381829 -41.61467033623745 -37.4362785857379 -28.55369817685705 -17.61159712674604 -14.166318097385762 -19.42692069817008 -27.48225052002245 -6.045155479638485 
0.0 0.0 -3.711321529431861 -14.510209101406371 -12.46219698022649 -11.193529768640389 -17.096694535056727 -13.219712356173048 -0.2548127449810616 5.660390453626961 -4.20982807467192 
0.0 0.0 -4.486152365889264 -13.448734751337632 -6.993750561313649 -0.9365211638158234 -2.53898662602754 -10.091777015753422 -14.494634601029489 -19.490356770623954 -8.371832825692016 
0.0 0.0 4.469477041567423 6.1948503365723715 2.7397568299835884 4.333814295890871 14.988076096034954 14.205430397282747 -0.4590662573129101 -16.341651127162734 -11.066195778468076 
0.0 0.0 6.044126892586694 -23.024501306857815 -19.906818140664665 -15.994545514146964 -7.841092950295287 -9.637702659431458 -11.586182528007427 -9.660662332346273 -9.39368773365747 
0.0 0.0 -0.4086799331621145 -9.132314634427402 -4.608564650918167 -3.504849429798158 -10.563437640423285 -13.359814465460804 -6.1231196014838805 -4.053287325001106 -4.683789356137307 
0.0 0.0 -2.694945731181792 8.638920351434145 8.224828596017119 5.898048674241959 0.9244693759572564 1.5318611693002553 -0.14008370179369822 -4.964744809181106 0.784839006951457 
0.0 0.0 -0.3543255216259072 -18.69366275549438 -21.836407662553057 -17.284205819849515 -1.1687711877551554 -0.49633711249836376 -2.11899707763824 -5.50907443756871 3.31413269073842 
0.0 0.0 -0.5435485634161636 -18.689092432831764 -21.328781154891715 -20.374258293476643 -10.607522887508448 -12.499236348318945 -11.726982607843675 -5.875809959862844 2.1127372381876848 
0.0 0.0 -1.2765865294275547 10.148654897623707 7.047999777936173 3.658996368170777 2.3941890845383704 -5.93887958888399 -13.100176336481791 -10.838226253390289 3.61862997097254 
0.0 0.0 1.9027932848423978 21.08095808696421 14.781461739824891 2.4631119646861865 -12.342024853431848 -3.7473209003652332 0.3859826746281836 0.01123297666518508 8.850516751985676 
0.0 0.0 4.004361523385715 30.115351232958325 35.98163717034629 29.090396615377003 12.139713639532843 11.548469669828613 8.406213528063606 7.124958000103234 9.031386085895061 
0.0 0.0 0.19485751240082616 20.368225307197356 32.166736413361534 39.83308690516125 37.22389560071367 36.96732199434185 40.89083121673284 35.36799794755463 4.2111529853181775 
0.0 0.0 -3.7967120096649927 -7.7487556198141005 4.34821588134483 22.471570752612045 35.272762851950695 37.391417811442906 39.80855213854787 37.5323244549854 2.629165341691244 
0.0 0.0 -2.11941214444638 -8.81579328865024 -7.130083595147586 6.670444119479171 19.926885495766875 18.219053399452164 13.613472615298523 13.421381401305418 1.445788877335 
