-636.2088152390932 -389.0177146632116 -115.0002138469972 -55.67156155483792 -92.35243398673227 -118.40647213504569 -150.34776784645385 -241.0420678446368 -459.86001293659035 -618.622975314399 -621.9393796963643 
0.5363093023145813 57.767902382491 22.540187404502234 3.440282935886504 -10.63232236636154 21.0842770124347 37.93105751806017 62.01631040407063 99.9908544024496 17.178619433474374 12.956853727680775 
-0.024077189409141497 -106.9949095518376 -105.00906897124935 -98.57643677986572 -99.40447646622509 -87.61097040091244 -56.82507321566127 -51.821680690908266 -45.10636505713475 -0.598892962572087 -3.772865083626709 
-0.3639289991905012 -46.73082330102072 -21.859042418443874 -14.459741238678813 -12.211329023343119 -8.882534388407446 -6.7891721137771945 -9.884152432883255 -13.340512081948138 -13.162568635959104 -14.715417083616673 
-0.31146793557070984 3.2340111683645922 5.1781507603403085 9.171544239785806 15.181248331059269 14.321392089077836 -1.8240597500045128 -10.547448920140482 -15.293098002454181 -13.913668986228455 -12.544070008408404 
-0.1418417245866487 -40.56350364357611 -42.004343350901244 -38.559477307239135 -27.681003210641805 -10.417037004952522 -19.294141680038692 -28.15132383757231 -36.29254796399234 -7.2759635471613855 -2.4247317580135945 
-0.1541941776658242 -3.284854326410093 0.1516993876476367 -0.9243170429046121 -4.59732849601405 -1.102039174409239 4.495178325873145 6.181107949928162 -5.218459063900637 -0.7070032893317162 5.498205653092683 
-0.291409620694812 -27.374706890494508 -15.419389692792064 -10.868137787162546 -14.21530301309572 -21.26569311137426 -19.613146122616676 -14.462472711332772 -3.262420832331411 1.9512658695745375 6.184135093034767 
-0.27694759628551335 2.2670492638525124 8.510613309153477 10.959976369572196 9.430235881319536 6.936154368392952 3.7650918487131806 -5.079632895640728 -19.389297602190723 0.7931057184200392 1.9668054240086912 
-0.032668263959594324 -17.10295140827389 -17.310780981114462 -14.645792686624398 -6.934559003400022 -3.7703989986599042 -4.575684810989838 -4.834224976767001 -12.308901732920965 -1.9673629506650872 -2.3062667785756585 
0.20941909110614096 -17.955780814661757 -21.321600969401658 -20.141792220121314 -17.586166179596347 -13.806077873232812 -8.071710365146284 -5.477502303148 -6.40777994730678 -3.4287705915838758 -3.8593992417076577 
0.23484890751359241 0.30480273805773833 11.547123693643602 14.047555315878803 11.616909732233896 6.088856377043934 6.04938133895644 2.75192280098303 -0.08178167483679952 -1.8981985454235764 -2.600348108700831 
0.13627414646942965 -7.854338840061775 -9.083452486190529 -8.310594775453552 -3.873110900147217 4.241111243516892 -1.3647532936121534 -7.581473842427284 -4.753250568526008 1.6648286815576823 0.13367157581970296 
0.15610762430414624 -3.060218175510814 -17.769227520535566 -19.68439721928606 -19.316553704937547 -18.253506087873774 -9.715333722182965 -3.024869143231058 -3.027408551646778 4.5647508295686805 2.4540042599391434 
0.31046146399213426 12.448490734341098 8.365347982479742 5.224106981659279 1.8811139725522465 -4.65464008680817 -8.430461687175441 -7.101729167565811 -2.2633688506228626 4.921550499005764 2.875622532226256 
0.3370071549943081 8.733503961549518 1.9279069758094727 -2.796927866267792 -12.581431743980268 -13.049888592750476 -13.204690253162447 -10.400992423499753 -1.9971414428356689 3.356993189009957 1.5781427992389934 
0.06070378938778924 3.6700570165854627 6.296585675807594 8.252712074800963 2.310036733510219 1.708496469065518 4.213352254625267 5.1097497937868335 10.494235925119314 2.156081354416365 0.31926901810654473 
-0.32308709457877727 15.57843593364824 26.270948489494856 30.885301936278548 35.72354506650724 32.45056371252496 29.65772968405518 31.595810318065233 22.1225506068973 2.3845365599137014 0.40742112489326443 
-0.45916450492466004 6.97893154492313 11.636167759157686 20.818595218447033 34.61930605177343 32.65646552816282 33.195847692021545 38.19735440600111 24.56821999341592 2.168882817119226 1.1209267678886343 
-0.27757609369218134 2.224000507057745 6.520777091674553 12.997111363838167 26.937871538150727 22.190399332989315 21.427366590870058 21.84793238810049 16.711923405079183 -0.8451883849972721 0.7712664219982711 
