-489.28796927852903 -480.43727739942244 -471.12570107814787 -276.7792774442222 -155.6814671604333 -129.33968044782 -134.65986754003862 -176.68415452392068 -241.8791965625545 -330.2220778472216 -442.13890288397664 
69.55359118539695 68.53512624019419 52.80688004166581 -42.211979098209824 -87.0790921768241 -106.68496286004103 -88.12824156984311 -64.0767592655852 -38.4224535605922 4.8082175948938275 53.69851611974326 
18.91860842576179 14.938729273608327 13.62700294101548 -50.119138350320384 -79.07560561440373 -87.78323186796342 -95.13322380395519 -100.8783354408553 -80.27848304497297 -55.67236497267193 10.027082023193705 
2.339134683482269 2.6585397079483957 8.521899923010706 57.18395998460656 56.110351742405854 43.48196451082657 26.9805916771868 25.31142780187028 38.33507981543899 47.54907616151999 25.032042949371107 
-5.04956053243157 -5.879994364694577 1.101184493152753 8.01566746297528 0.321626929891224 -3.574783952195947 -6.469865501225989 -8.925094162315503 -13.325304346591597 -4.105224370286921 -5.075131049557798 
-3.8135537131731843 -4.4549640375622275 -4.690365752515929 -22.862305871456215 -23.867363944144053 -22.14343046858322 -17.885854614622836 -3.423218619005361 -0.5395548186760429 -12.507181840104908 -10.116295143339514 
-11.033676318060962 -14.608057691450906 -14.392234834617813 -9.390161038205925 -5.553792263843167 -0.6759061704528961 -1.9872833524250488 -2.729583964683073 -0.41557821180400867 -1.9930941015503918 -4.732122018067125 
-8.400757182342808 -8.915288597648026 -12.412397493282102 -23.096352443098482 -25.411721089093184 -22.57453409751801 -27.927008150023862 -35.49060193000381 -36.27755414405413 -27.89646459763362 -9.119473562379547 
-7.985790716517088 -4.455194101729879 -2.4543023983237924 4.872150291555669 14.859027442139764 18.443422929539196 21.60638374140957 26.222781627430535 19.290927342590933 7.005909678279836 -4.075966754783541 
-9.671919669295109 -7.837743435785454 -6.531329739189908 -5.013658288803784 -6.878572855948875 -4.146297694871877 0.7019447274627275 2.1812473865159285 -0.07199644188381571 -0.7763799264867259 -3.2785861890313557 
-9.083817411967125 -5.471274945275246 -4.616043888454163 -12.908851579958991 -11.392418117536781 -7.122249904962783 -6.209346535292132 -10.555361725824325 -9.051324141889307 -10.179033067867064 -6.76788729879624 
-6.944035308944492 -6.155895217569412 -5.806542225039037 9.562131031477435 9.449999473981668 5.918598147697134 -0.978501560860784 -2.089331719206496 -3.675135530876355 -9.899808543838523 -3.049295340964857 
-12.74073110810232 -11.117537334694273 -2.226935666815989 -0.7827776199578864 -7.823779780769003 -5.5578165039815195 2.8852371120267253 -0.14781220000862907 -1.4366039695867419 -2.979554523273025 3.085180819832049 
-10.840561852179757 -10.835087726167641 -11.51230187764369 -14.143835215198097 -17.84432141699847 -20.374096242993836 -13.312899320014036 -7.503677781154047 -6.18633335461385 -8.7643739968934 -4.069384619040519 
-0.3515091806441244 -0.3438112883895686 -9.293072276627843 -2.324899144704669 -2.4846073846513668 0.9644594752667163 1.2231817610238203 -0.7316694115947002 3.34830687269509 -0.7862506359314787 -6.0993721146101665 
2.103004378124325 -1.63470650562506 -1.9482790088694757 1.8677329579713677 4.622266830960391 -0.5154060864838499 -11.973002559584542 -12.22205102729286 -8.482267640064851 -4.475173600787361 1.939693128835532 
-2.990090232998029 -4.7659558260654995 -4.095357041342049 -10.187287713587267 -1.161286953302012 -1.1239137408821143 -8.951679354463455 -10.26616441834777 -11.787435912125034 -10.663233953827739 -12.039860308151237 
-5.587976803154308 -3.0946606222915536 -3.8148224557293062 11.024609209145765 22.69464030742868 26.084450851763318 18.412733064298735 7.446454972597492 -0.967263082712289 2.281146389722104 4.144057961147931 
3.653912957847283 1.3727922037510418 -4.4013355763548185 -11.682269840389049 -4.852817772372511 6.039106871178213 11.04489613398338 7.787542324203973 -6.066402627798098 -13.279883531524726 -6.981233416734453 
2.925224124728338 2.078250426709389 -2.1525988341919167 -12.377228870449244 -13.41414239527057 -0.6424067847817488 16.036808491126013 17.18106894212103 0.713042468623321 -13.608770970709722 -8.490040108093993 
