-679.1280772201729 -668.9738726653194 -640.3075697428711 -626.4597318315839 -602.6053019002857 -289.4361030138413 -134.51364681245033 -79.24529005699354 -85.08742895773729 -127.20185130373463 -216.06340182973926 
11.939361416340748 19.531644583186676 49.2797400992615 61.211312481996416 16.567575788196116 -44.66377304658975 -75.2450786671879 -67.2961830733997 -30.449022234029425 3.3013335229740863 8.848100683468942 
6.0046998391655615 9.383213536847204 25.452034107381387 27.41746016177138 19.98918744256637 -78.8808233779263 -78.71337704882852 -72.76461018232975 -58.642851075048306 -58.7083364922029 -72.48321901317419 
-3.484300822743932 -0.6223038188801834 2.6070952029330305 1.3079855146310488 -17.755850003375883 -3.200499996652932 2.194784917835685 -5.914058815711406 -30.7265354715502 -45.471837386524925 -39.65186089679406 
-18.489807186637528 -20.371190110065776 -21.432422592907255 -24.291873019874373 -26.354762154852708 -2.9894961961973827 -8.060251171756997 -13.811580574227268 -20.61624129990374 -14.612718120203816 -2.690215373672423 
-11.169598076912884 -18.998878762659245 -32.08182223030008 -33.48477853822975 9.844517607961121 -4.69407271313449 -11.33560288704969 -6.365178857529055 -0.652853416895079 2.169515816268409 -4.795305597972458 
-13.930284225422646 -18.69251171864539 -29.792084874459462 -26.10377997793823 -34.7794351825883 -3.7533456070366644 -1.9573662457475745 0.3454890822759811 -6.566225582383959 -15.568517784684895 -6.962383191376707 
-12.98352023895686 -15.357988886543575 -13.467197240657764 -13.861110119048435 -12.052843603344492 -35.719517186584795 -34.442089745552934 -25.832485587257416 -24.33454564577297 -27.495256599065264 -34.970259206379225 
-2.8455211713074555 -4.280243145118192 -5.160526841631821 -6.307110273270268 -16.03897009512321 -12.035816991302525 -12.150752328990702 -6.373821408163883 -4.968794790587101 -7.521994020899596 -6.024225728621129 
-4.8290783515723765 -1.940377821642627 -6.688562009320575 -7.484345865189593 3.170351826416724 -3.716125449451944 -8.903519964694084 -8.25626046009161 0.13427532190734087 10.612147196474492 18.856062727045284 
-3.5141421760213025 2.736169709749337 3.4929466707378882 -3.766554711257225 -4.401954230722127 -21.135772307122856 -20.950142247294274 -25.722387240397303 -22.809628662574184 -23.562197817865 -21.722130459210863 
-0.15321208400327901 2.2521089287163205 2.8881155862068146 3.6871548087094936 -4.197788765825898 33.17355177020099 26.99845349850522 9.325630535182157 -1.7263622714700055 -4.0325383227312575 3.9529052777591414 
6.434642261030114 4.558555007545763 0.1588814829472421 -1.2178494757696399 -5.412142640703814 26.086741837954982 33.17553831420639 17.03842305927853 -8.407437024504368 -11.642432558670082 -9.13882141386027 
1.6346016632695477 0.4874645234633763 -1.7815204944798304 -1.9557721373741739 -0.13500753797948736 11.509565995860543 18.90872170248151 24.966230710857996 7.953715783703568 6.642704855964016 2.8946468789553075 
8.288422531300409 7.307648549698142 -4.508185154490896 -8.866529389674685 -3.7884852018068447 -9.867551167441523 7.053504586046978 36.141764068599976 29.922226978950462 4.965292859397403 -10.31562090505181 
-1.654003103138745 -6.469370695827016 -2.8359557778659115 1.5410043268842257 -4.2376028460374044 -13.526315286041584 -21.661058381116952 1.4721675697530447 22.873446395135495 12.615574792379768 3.0982930792720276 
-3.654780568613608 -1.5977141866639375 9.146057565844156 11.229487294933147 8.706664022962245 -14.445044152873965 -15.905932582918538 -13.064374202572626 13.094265162025238 23.41684300350831 10.72188593237679 
-6.759048822879831 -2.5801897743332693 4.426656686410219 5.443890803245557 9.005114347473636 13.873847415208683 11.715279298264464 -8.468022860776706 -9.939248192027666 5.010248825460426 9.898482680868039 
-6.521457463124145 -2.8872993052948503 2.9591125746832923 -0.28317003657306583 4.244575719784118 7.1247836460298775 9.819747333082404 -1.125846553857155 -17.047124212942496 -11.558648516213927 0.5650534863492451 
7.258511063714819 1.0169890657288292 1.0924991968984397 0.6343238566980987 -2.949918456027869 -11.998507976480257 -3.972710337736288 1.9060447355788286 0.2127652184002669 -5.221538139045581 -1.0382029492250204 
