-381.2294482986449 -375.32044082027045 -390.2999958349735 -393.9019069569043 -223.3338126711936 -16.70032016286235 29.702176543806964 -8.855492530243746 -1.7294030414779176 -26.38102623593759 -159.47920895901973 
31.190176048258824 34.11490350401033 32.0916123589286 36.72651110413156 67.93033546373249 35.42843660310624 19.308092661086405 4.201654704515822 34.65150826778864 50.47684776091525 82.3926737348866 
-43.15762644634954 -42.87066678921488 -34.28536439311839 -25.674029936218588 -72.53388933564966 -76.31326584757025 -76.04571752133829 -73.04162807846478 -57.67401960538113 -55.09285622324042 -51.95141796015042 
-1.9238898950644878 -0.05533599859742411 6.379299948406253 9.295895067503306 6.368066862447444 10.649272072440276 10.062778320749576 16.02466078322647 -14.946043007707686 -22.384647523963082 -0.05152328298448916 
-14.0202865122952 -12.546172755842488 -16.56586368519704 -17.644748865980784 11.408141701040085 10.771164135968966 5.357100230626241 6.696317603776279 0.05215992779498091 -0.014012316386266113 8.73254768625281 
-7.299903705613417 -5.163131453673789 -19.828177165054246 -21.986113952167123 -42.20337410780052 -49.46105552455579 -48.95869725704431 -41.1511454828805 -45.25784074226253 -44.3353727604154 -35.93919149894516 
-13.467357990127006 -5.894678990231453 -7.241415210569752 -10.048026668513621 -8.01673296565285 -8.3687674118312 -9.359273181369204 -6.2511181622216 -15.39854049876222 -19.33886579056594 -3.697448018682756 
-27.73890460153865 -20.547742941876052 -9.603268081580497 -10.787006341689171 -9.31737024122723 -3.0015353560970897 -3.74716965625356 -11.465152988490502 -37.14479342782112 -35.00859514043218 -34.98123428940619 
-15.185478790365924 -17.705782146087785 -20.601811433458224 -17.618016521576713 0.3607299902259107 -3.9932444959063824 -7.827392505879341 -2.8787506138852708 14.890139805536279 18.398089428040876 13.114275549718698 
-5.772257005246412 -4.467156798706112 -7.068946077081057 -8.22596679425628 1.3568551918040157 4.139484880958771 5.910476248874785 5.766871627092195 -6.393742012883289 -14.706717108833493 -14.817401654636512 
-8.519882810430591 -8.54985338174717 -2.33163697862728 -2.4489753254817854 -14.617064557707028 -14.973820747338962 -16.041012553065137 -18.05648809978773 -25.374831360130692 -22.001225089801284 -26.077635268996428 
-6.733771500572499 -2.3961473064434404 -2.469732802960037 -3.2586782687959235 -9.148043239150812 -6.4862862493775735 -5.530867430858658 -0.7185617609737472 0.655671292395256 2.7869165514626832 -3.219048043711372 
-3.765549149997728 0.7859137195511502 -2.9278406375052626 -5.273825200818239 14.41517185725107 11.875321709668391 6.472435116088931 -4.913591420293728 -16.901461711170043 -15.857732105236073 -4.17748484473049 
-4.978557321907361 -4.686251692836841 -4.672519042898925 0.5065509776012984 3.9843893150726117 -5.432643548665645 -13.76390360581938 -21.018789140782083 3.3167769210924343 14.528781993805648 15.79464091886296 
-10.185372441368916 -6.48168900149051 -3.2709244267058835 0.439034010087978 6.3173244453516 11.66016818373022 7.699483722309659 -4.281944312278837 7.995057581328231 22.218011205740037 31.95197717107777 
-8.541827560504455 -1.2105499425229083 4.1243304184027005 6.156878565904581 16.971657678694058 21.94578752140989 19.490575928943557 4.700440023548195 15.341568156157296 16.83553893373412 13.860848528749699 
-5.658678843108692 -2.8143186968719247 2.935695358689769 3.3714970366718795 14.543493798556547 17.993386912694866 13.505960630008001 3.5674879654255913 23.503751061112467 28.401836465844887 11.382402687485554 
0.925857666647464 0.7570123149900793 3.338819994741062 2.415275765040537 -0.45671060069325453 16.591141141971622 26.640272714840812 27.71809486684857 14.752182789420655 11.994230194842682 -4.312530524798966 
0.21434673077474065 0.5577288987601461 0.5011487477553009 0.8956827406829371 -8.969947402799566 -0.683614336842749 19.98330141256495 42.42213457043964 21.41894859676971 1.3370596927504592 -21.31187662693009 
7.709080691930647 3.2375991645141635 0.49252019560742843 1.9781000009519913 -5.7489191032829225 -13.083583247055543 -6.416375412520079 20.32123017771758 14.649075835152768 4.623526161708479 -3.3300229919385385 
