-524.009391151732 -533.0209153172096 -509.2348536248783 -240.12366899738626 -145.11977564183115 -105.31263095502656 -114.25307897058376 -175.5408462372155 -280.5255040102056 -428.99265361010754 -496.6637118129027 
13.630614601582895 17.9291404471301 27.74812988448572 93.56294738892817 99.52781579707164 114.34814405728854 124.35513375739393 121.66923939218566 138.3271278345884 119.05162606080785 79.06081687824714 
-40.54954983279792 -38.01492198681892 -29.07307478507765 -106.22800362064109 -126.43448850505067 -133.53540628632533 -135.8821028645081 -128.38219447154572 -101.2626559036436 -33.31884625648898 -29.296985828276433 
33.32989867062432 24.69975636150288 5.494802299807836 0.5077827592324452 -1.4930720630937446 -5.350517674007589 -0.027289732314646334 11.56069724131526 20.718298701020498 13.921362481058438 -11.079649096158963 
-7.18563227431031 -13.179301789835336 -8.910222021238734 17.635206251519428 18.960457437910406 17.40613714946263 16.107689773468408 15.025846572368092 19.266111682788736 19.928189022925253 3.5434886607059264 
-8.829772977981808 -11.493395415303159 -16.37841222899685 -35.49857682288462 -38.58691338951176 -31.017875985413227 -41.54332228871295 -51.720614493271896 -35.63331610275533 -10.199633730054096 14.61014147332082 
-20.47409606283709 -19.80640405241573 -25.72543099067428 -25.865338575649403 -9.737661290783771 5.3054038595928805 9.67393781181729 2.9001353229649904 -7.450157175772944 -24.522229603243947 -0.4892352441965221 
7.503281380634858 4.462680189068614 -16.258459237985846 -28.081664579033458 -39.06154357466285 -34.968470023112886 -32.68525066518191 -33.49473897191437 -19.46852576038225 -13.207062790769829 -9.736167867867032 
-0.7107022458461668 -0.9454650915217311 -8.256353532314764 3.590404416588491 8.216098067688616 9.143093683007042 8.955610984924945 6.899964152581292 -0.9150846232208687 -7.1058340461425775 -12.933473801169114 
-14.724347534722948 -7.537890295202129 -3.9631165330614326 3.890745961814674 3.1410221385792383 -1.79136282530296 -8.239658496231556 -15.108411809221256 -7.054160880624806 -4.329779089306463 -9.409098121789022 
-18.176148811153322 -15.556396963964715 -6.729984238437952 -5.644631224394539 -9.576899731299466 -18.42089188908534 -17.134627332105353 -19.935310162464305 -20.743141538920753 -4.755736682534724 3.052076008787116 
-22.126444183444498 -19.266500883674837 -14.524554933385783 0.40187444448190646 2.288856582559636 -4.822187593291039 -9.563845260283967 -15.051643169742496 -18.74807018624247 -7.137584320430734 -2.753875568074599 
3.4957870996403564 4.9439144796081544 3.5173677672038846 18.35858512484578 6.07100434130078 -4.6696069093294605 -9.349779644529642 -9.383364248571825 -0.5711911191542617 -4.238397372661866 -12.564713084014956 
0.7533125968434595 -1.644379391766138 4.788129552755214 4.136106257271054 -4.242177069604163 -13.023301489593933 -13.161699958482814 -9.754490005600667 -3.859747436199386 -10.117257095553718 -20.20698908099999 
-14.045281270916217 -16.90758844121992 4.297260420724734 23.078076271278515 19.793448154657902 6.000963193313236 -9.178204102106848 -12.985009998083836 -13.483269631300107 -15.367765438236598 -17.472437702478985 
-3.795801687474231 -5.800449572264094 -6.756518523774974 27.22595566359503 26.90979741409971 5.580750463727698 -11.452920929623481 -8.661945497309535 -4.964195742277227 -7.596095451622706 -5.3945159261603415 
11.804043551729432 9.569138664740379 4.291842328596799 20.386385595297615 33.000443563152665 26.755071366698886 4.398824240348606 -10.486491695060383 -12.18056938339685 -11.803936604316519 -7.496126399110285 
-8.689906487050612 -2.9621646139862685 0.9905498551668456 4.244351636595679 20.64176971539073 29.41465750578981 9.900636257997078 -14.203327235745936 -11.622875728986301 -12.161876478001627 -7.51887426579505 
-5.079173698649091 -5.697981468515794 2.4234179242786373 2.4348796941889854 10.21024476939519 37.06821423403881 33.60789141295661 5.884281341598727 -6.378697995791179 -1.8020743030732538 2.971895549733234 
15.102321165056427 15.082754457941036 7.135238175281082 -8.990021379556264 -17.12605535708422 3.902964556245292 17.817828139751935 4.264224665056123 -6.003108074223294 2.4494141651876777 11.11899589309614 
