-500.92387743141575 -499.60394509096704 -506.18936874718895 -524.248189018419 -553.2869311196479 -331.0341377221348 -168.01620733230416 -127.02536018022073 -154.30298466530877 -222.36736323522385 -307.85585884338616 
54.35092175402666 61.79184120817403 61.76050670151713 57.791782236617294 46.82487978935771 67.42564008643748 78.52797131417435 82.0744845870314 90.25012742061918 94.23215911216569 75.82243245336446 
-44.35469346479606 -41.187499535816336 -38.48139042956638 -31.720449069486833 -26.00113502463389 -170.77959288026545 -171.97987845430498 -162.1298034231649 -153.7219687706878 -149.29624245581635 -126.20109120113949 
-25.897257150005778 -29.48148963641904 -36.62512318994485 -34.835837127195475 -40.82096720393742 -4.32959958940768 0.18463115387735296 -9.691288560166951 -28.356686762891215 -46.12547901688019 -40.01424525548154 
-10.756021200739312 -13.600007456346752 -23.896499070161568 -22.127911586724423 -20.233562808663223 41.246576575555366 32.299993829972045 23.73279791200652 18.981364258113985 13.738975336545145 1.1069471775994641 
-15.453399098559082 -12.665318372057605 -14.580911650978294 -15.542203662428573 -4.1873593500152735 -7.307723678345342 -10.265988374743593 -8.383484241420167 -3.058206088775548 -5.73159450821599 -12.502799135505846 
-22.985301801527743 -16.7953560201441 -11.330637642125023 -13.53073316500792 -1.499232293171315 -1.4627022763551885 -1.9867916683358684 -4.326108673324926 -10.871085846593644 -23.10856592354032 -23.74699289124734 
-7.69510688656576 -15.100401827389891 -12.546518495504213 -6.299927852994401 1.4051694186043275 -48.69532689728348 -55.95301173681486 -52.17369912951567 -40.527030982119825 -25.617707032433863 -13.258220975008271 
-8.039915393750142 -13.425880413095541 -8.362397086876815 -2.7750903622447023 2.316967312047132 -5.298494991082846 5.840764364363771 8.4924564212176 10.36122015830334 11.56633125376101 4.551758940375651 
-0.06827508098704849 -1.134621372591809 4.4387447827116615 3.2576712445912825 -8.608652009581485 13.621207790132482 14.884015340377793 15.612362726297995 18.123798652719657 12.395598784530712 9.53227920383895 
-1.4230494313395194 -2.6040451975603487 -4.623863539495806 -0.7431318244739589 -13.039507381582528 -33.353996180561 -27.184853903268323 -24.02835009312007 -24.522853498432116 -17.51154760412744 -5.673241049551555 
-7.689077014231789 -4.702307298356016 -3.1306012313964455 -5.9682627792996925 -4.950303462843964 -1.6310023342193596 6.576514940816338 5.768167073376318 -3.560707781600014 -9.421720024775055 -14.341237925160062 
7.722392446527923 9.36862833250247 10.77890409145251 5.763752232105206 8.408842001396602 19.95153223165341 15.125242298411186 15.22259015149019 16.194309748675508 11.103684264532152 10.298306331867284 
20.27232144249068 11.757598587401304 2.6636196374617693 3.6603792598292695 10.012122051597906 11.195316919080081 8.95462660735351 1.8062815050261487 -2.847703074342175 -5.960735366983304 -2.0388421450063556 
13.100232350712162 9.588278410230153 2.691224110254672 -3.2948528545353115 -1.8784932727115835 16.40071553593133 3.1897956336663835 -5.522040425653802 -1.7301859054810094 1.984727140168818 0.0499877073684043 
4.24904250518824 6.220171462312896 2.1536204973034034 -1.4881441716115167 -5.30814492913609 39.51240516025005 38.688466537390056 24.122527057535212 9.553419725085886 1.8846307695390896 1.8893639530447384 
3.441949813448925 2.601160559581005 -0.3018210041460852 0.2077286587510874 -0.9379368038182554 11.903542083706117 6.0528884812494015 1.3215539203554556 -5.5647026926174 -5.124641169026821 -2.3680125363375493 
-9.830576609935358 -6.3666922302312665 -3.6623275429488595 -1.5831705285438389 1.327207862280124 2.5693738398550487 14.55396792391636 22.07869727038696 12.536469089455235 0.7944108206962279 -4.784664675413587 
-8.73699310184839 -9.816501065964541 -4.262963130615904 0.7302769795012882 6.266671135803146 -7.6624247471799665 -7.064023276455421 10.684319623572529 16.607446625146814 0.4453712049913552 -2.963277114870288 
3.1068382487182076 -1.6695697199662478 -1.2708129127068708 -0.5442052776803342 6.432770416527587 4.072029443724141 4.829525681444787 11.835076803473498 19.750653400904575 15.874961153358994 8.900173278484134 
