-555.4946577385816 -552.4446396981928 -284.9707853257476 -119.60369607169866 -75.77645205965982 -113.17220140980777 -190.67488624158165 -267.8110267285317 -380.841513659005 -443.6610724263098 -477.38686576950886 
41.48312695160408 43.248719351732014 59.73550179473915 66.20233374515331 56.80706050106693 50.97094547932393 54.98312089790808 50.69363372826777 47.643612828784995 43.59793613035597 39.609961459600484 
-38.68714136725103 -44.23796174915999 -142.69956940770237 -159.63727041523993 -162.26413978722871 -164.55749873513705 -160.938707128716 -129.21695693063995 -70.0410073141883 -45.134037701305076 -44.54401021659572 
-24.147656831444817 -30.79917373285476 2.057852026497007 7.635942617755834 -5.490963784644171 -23.670873185799564 -31.08295310445078 -26.16934603657331 -14.882609540652561 -26.188941804851435 -29.834954857364473 
-27.60434572580338 -23.9637450468551 6.668126667287792 8.314051815022792 4.735177954938016 1.8089029224568551 6.021278709797709 4.49031988354081 3.474093448032952 -7.994380490945312 -4.234648661690383 
-20.979615169863777 -16.232915390094604 -12.851790077067278 -21.78866186724796 -18.444855845540694 -15.829848500358928 -18.725015370019698 -15.501029075488013 -23.586258797726252 -11.37738138537934 -6.4952746440250735 
-1.2393728303037819 -6.070380253373765 -22.973940371416454 -15.731009253145784 -18.78900989959096 -21.31833089703747 -18.217293035703335 -19.806308553706657 -26.827025218672688 -18.868590772022166 -12.425082667055502 
-5.11067069113664 -7.6823776585071855 -30.432715628284562 -37.6236446384755 -34.61984425548364 -33.62333330234809 -26.867168918741577 -17.46889487634832 -12.341876236374521 -24.394771236549442 -17.338345982996643 
-1.857966985209149 1.695513372322016 5.347284210074851 16.207955387774955 14.255355120031375 6.8904676068965065 1.175898078798317 -5.302306934977871 -7.043049884678618 -10.421798455735809 -11.280882817533021 
9.081618112434965 7.680114780287811 17.715017325146633 10.354051648840349 8.189451513577573 6.438113950128928 13.040927781461486 12.029576327062326 9.65802853386857 3.662431055236579 -2.8353768656475666 
2.451766582629592 -0.7573066695070545 -13.834408460781372 -16.706830546658818 -17.901339039943245 -21.058126982894894 -21.946717931915515 -11.885799085508616 0.35632336270080983 1.2649495232785881 -5.301949071527082 
-3.412705908048779 -4.505232521209001 -3.3057907590158138 -0.8239092209219907 -3.7384596942438044 -6.211765428635072 -9.14446337220743 -14.48725270107926 -3.206456407412905 -1.1640173841174053 -2.868531738657002 
7.306826098211684 5.084088035493668 11.8703092799541 13.065968413004674 13.361702252480745 14.170347688524684 11.33951190025042 5.7938086598611225 11.709675020192424 11.369736885708573 9.68825259765018 
14.499338113185491 12.995604541973448 -17.2542036037391 -12.257239842047237 -9.337395749787234 -9.053052129986344 -10.565022476363083 -1.097101448428838 2.497109624605341 7.055157852513604 12.808131628137103 
7.086589555176462 4.6300198969077 6.741982499696485 5.157117918161805 6.904251621818689 6.469530661292913 2.326815302093828 2.9980673374333042 0.9437043569305824 0.22513988551338532 4.970487414161408 
-5.505058477127742 -3.943630231717641 12.18711297553829 6.231657044049213 5.544319056470776 4.408376533202166 -0.271803943754073 4.019285791988765 1.2452498177737246 -10.01414517211688 -5.4746016693789326 
-1.4501305082944707 1.985912430896048 0.8629300918600722 -6.683675399053005 -13.099943534172029 -10.414775459980039 -2.607535822468814 -0.5486933516274429 -4.935587345495538 -3.3397353286415634 3.077983517992674 
4.644113530379327 1.26567461439662 17.872322960963587 17.565496553640727 11.224316660890224 2.7867194234342674 -2.3561931454466483 -4.636876932071561 -1.7877628609088665 7.735397966338219 4.846986753196353 
-3.4338105530071985 -3.67938075549335 12.895471110645616 13.851797002493132 8.366476898136089 0.4807184819740189 -3.1003862306972705 -4.548211376785041 -2.347422578455878 0.8483730799828662 -1.8332105932430873 
-2.697118531456674 0.8642468454191755 14.632629836499039 24.706849270720635 28.988334999800436 19.073111574625685 -2.9475224722110225 -3.608263160522891 -5.6647736427562165 -10.133189141569233 -10.25792347319559 
