-317.6164853851798 -318.17334716647946 -320.9082593093301 -309.6974059004713 -311.8397346401791 -327.51815187233944 -323.37808902841897 -322.34063813027166 -301.89380845860563 0.0 0.0 
37.62086973767957 43.29322903764745 34.12750059815299 33.045758570239556 34.488335004214875 27.5281736050961 28.943310832373342 32.28002923728949 41.49803544132638 0.0 0.0 
-12.040953507386046 -1.5384442581606848 -9.066150117259973 -22.238214939027184 -19.612168093951304 -18.326500503022636 -21.020891679892976 -18.08615586002752 -21.51357540479747 0.0 0.0 
15.220771877961997 18.195963282942984 12.01236660912183 3.560318597572559 1.5849856215065672 -1.461317091435899 -0.2860994057830373 3.0596412438498506 7.857906351400082 0.0 0.0 
4.586335574439202 4.724098348221187 1.4151089716372618 -10.206731848324356 -10.660205766562918 -7.59301333712725 -5.913269919305695 -4.516047964718567 -2.6262436034418926 0.0 0.0 
-7.270561095095646 -6.803495328194114 -6.93592736771825 -12.465690301297986 -9.996089375041269 -8.03355693131781 -9.752416316523284 -7.819175275848053 -10.668580826358564 0.0 0.0 
7.877568045096762 6.401803396735442 6.080287931875378 5.177550621732271 5.40860910239182 1.4123881476396916 2.817530329375752 6.25502188489159 3.688685309200482 0.0 0.0 
-1.0746146565237034 -2.827439893367707 0.20649847016048095 -4.257599428891567 -6.051965031027679 -3.9025289413245368 -5.49875579211467 -5.646698305325748 -7.952127329533884 0.0 0.0 
-7.609549519868318 -3.973245044577146 -4.24025382093688 -10.045907957794483 -6.199508675778301 -1.8911903657558948 -6.34100677908901 -9.837751920376395 -12.203723610358036 0.0 0.0 
-6.469981360721643 -0.6486498817044691 0.28048784580607256 -4.149659886271048 -3.9144192982531187 -0.8878137687698084 -0.9997994026769914 -2.223972438119487 -2.770220784417733 0.0 0.0 
-0.9419801363347368 -1.4755292362324242 -1.0735001927776051 -1.3963194558056768 1.6133366944263376 0.993035792452714 0.8848556194156181 0.23653211741915978 -5.36035277443497 0.0 0.0 
5.86423560019607 5.083881085365195 5.363619270798004 6.660657236376871 9.128247930490682 9.816537703012441 4.888717679576198 2.6886515745850166 0.43705847630127526 0.0 0.0 
-4.371274216438076 -1.6018134566866855 1.3540812626853538 0.7138051107032589 -0.3477377938117048 1.0227176768146988 -2.8834103548052115 -5.551715626565255 -4.841691628476262 0.0 0.0 
1.8381886336043913 -0.0020170767370517317 -0.9142872356463043 0.20205150055634594 0.8218706388320576 -0.33126645650466524 -4.569532759173473 -3.5550247680773213 0.8299602138597272 0.0 0.0 
-1.3176703792676887 -1.783989242202255 -3.737174553883988 -0.7319308243954461 0.7316075906247265 -0.030427577574330122 -2.8891261710135208 -1.915729470239456 2.3421490242427243 0.0 0.0 
-1.3776530604207728 0.37833841130277196 2.786054915686834 8.846038336791489 9.812143665930876 7.711070735387887 10.21019188838125 10.390164261782132 12.917530792702788 0.0 0.0 
1.9101829974109512 2.292126429877098 6.665832614443143 10.394887678692243 10.099225570315593 10.521292247161023 13.327386174258784 10.261965775764384 7.48009633887655 0.0 0.0 
10.680310171734678 9.101633702828634 14.294416864569332 20.17645729512997 20.006300181691678 17.394903432493813 16.490081324724482 16.615972773664673 11.492831324005557 0.0 0.0 
7.4605027652924125 7.345602360087781 12.071818273524535 12.555967756926817 11.737104864736349 13.75682652029136 12.047048158669249 12.066392047591531 6.2567377997731235 0.0 0.0 
-0.23082508740149277 -0.8380968376615123 2.675164017682147 5.249619133010475 3.7925535888007627 4.423024184360808 5.7799277076383095 5.003699837949702 -0.0615675986933677 0.0 0.0 
