-221.3503565995005 -91.39326210999081 -58.38743468711945 -100.76475773677517 -193.6590330709738 -369.81083902448694 -526.7735196004338 -529.891846294801 -534.4791328424408 -541.2565624868021 -551.3760475176646 
43.23763463061843 20.022956035290324 13.792606843998609 19.821811271679916 47.16670100626156 79.91690429588019 80.90603963337465 93.86898880069785 95.94487522452437 101.95990743365891 91.8122533861136 
-79.16884350651532 -64.50666625070238 -53.51126839059597 -38.15469247718573 -29.546942518585144 -12.262665062883395 23.001556443503226 35.09717652426416 48.42482183739949 64.74018522136787 62.39470114163083 
-33.081081962535166 -36.73660226033037 -34.70168939782697 -21.537047472364687 -6.8676714710301585 13.279740265065112 -15.250381631252626 -4.91920840637785 14.151963500603372 24.583983872120832 27.37826097498177 
-16.247743065769804 -15.498717304047988 -13.017763353833168 -12.714365158362096 -23.929874611800606 -36.612192719195505 -18.90958188968053 -21.82203151022866 -13.780133524076057 -4.516360642541712 -1.0923060106997293 
-25.10941977011094 -18.40975344090665 -17.803968979473183 -18.4716607687839 -24.52754679028005 -31.437945308004977 -14.604554420425316 -14.077040833190608 -13.058837182033407 -17.43971742775056 -16.862261257746937 
-9.38988608492491 -18.13469114927909 -23.43479384499837 -27.76705813399723 -31.20563523769178 -30.191381402139314 -12.789730734668606 -8.523172879265132 -7.791536280199166 -19.29193485593744 -20.892875666295943 
-9.515414830153464 -11.40416931387583 -14.48280052412045 -22.389411702610097 -22.82506467062411 -20.63734260751646 -15.487683914652006 -20.393623893436427 -20.278164222774038 -17.262044748910228 -18.42007684710343 
19.79768855534486 18.551970327658996 11.242303082011032 -7.8704705538454025 -20.979803800594343 -20.93886985099668 -21.395488738454667 -15.797542867724163 -16.79375694588706 -14.88995346454192 -15.082421165457777 
15.677298563929265 8.541730976469527 6.349308817565074 -4.812421147046267 -8.271200614737708 0.3829457602791674 -2.6839859558671733 -6.899336933338337 -12.018031123696566 -15.096560454866824 -14.207258993896069 
11.689199990801896 23.58682281664823 36.18206619290966 42.10385644568839 31.663092488847187 14.6496929150488 -12.958231226762408 -12.521202772377395 -18.195177672161286 -17.433279137751978 -15.86460651143204 
2.778565150497568 3.438013156718445 13.290194234509363 22.655691914918613 14.32055820753773 0.9159687903787855 -8.261764333613907 -4.241670548839364 -8.691811763342349 -18.637570683177067 -17.61976320843234 
-3.8465371956164054 -3.5649888300259516 2.479095889633598 15.317636418394663 21.378020992346777 11.239426432460608 -6.095765545395026 -5.643216948572965 -7.8272121753130826 -17.890415120415106 -16.62941436483372 
-11.45717386637434 -21.363566970242765 -29.176966892679538 -34.09077660128428 -22.711131066233705 -4.726936139230186 -1.3906191099542786 -10.348940164575566 -17.481791430639866 -14.075641122567918 -11.908070474498562 
-3.8430762709548687 -7.98830815846187 -13.8248143511587 -20.09411017801058 -20.961143822280526 -10.762684799624637 -5.219053767354149 -3.6172505506901764 -6.505942756229445 -6.922050219676851 -5.027158726594546 
4.055543625933483 7.368496093774503 4.514219003858918 0.06131023578803174 -9.529623658088859 -9.096591147474518 -5.123709698970713 2.327343483042478 3.8095350656298503 0.2455652666815109 1.3910492052409857 
-4.133237240813613 -6.650179287050774 -7.601825941621181 -1.6413173570864052 9.25380594331504 3.0924547575541093 -2.083547577010162 1.068215680354954 8.179523469765043 5.938686267799454 5.856806071180662 
-5.491829721288083 -12.357434597593542 -16.03947623312363 -13.778404101046736 -6.856536830609806 -7.4882592012997975 -0.7413381563727834 9.079463691980017 18.256898344004412 10.071414994111787 8.615734640567766 
11.204219052984254 7.089608298026201 -5.385017271211015 -23.075434658438912 -25.995067699173422 -11.959582254811703 3.211857208272755 5.252039988496427 10.013735323518198 11.90534252705749 10.277895308568349 
15.695490153469137 21.64334520321492 23.91939394264165 19.0560339156579 5.989870712942761 0.289752826094164 2.2481471560441886 2.289475141155732 1.5401434864877441 12.420603323781272 10.429272517713684 
