-504.13883973745413 -478.06580754613196 -272.32760904325096 -147.67348767509566 -125.55864819880297 -141.43054614935215 -130.48727505462645 -171.84225156913953 -269.1719240625871 -343.9832580529991 -386.2780190873227 
67.1613426260638 51.95614092523257 55.333341207195794 71.21389190271898 76.10542985526533 88.65742181489716 126.98120846651491 136.22507451821642 109.4773696600889 105.25304498224463 141.26349177942956 
-62.781728951987134 -63.1330373882943 -128.20715003970315 -162.11577319204716 -175.63742350563462 -164.44097067686243 -160.0317115617874 -157.87833048390746 -143.66108856340605 -88.7432112013141 -10.71736740226386 
-13.087399897666302 -12.819477641065166 -2.151125518378095 10.003082303388956 22.081836872779505 27.314714266919736 5.417323071372541 -11.301791491063385 -23.277438913203806 -22.95563341325733 -22.158380422058492 
11.633300308474656 13.726197806742189 3.998951809941852 -2.9993427784769517 -4.388534213025995 -8.465009436876043 -27.308113030572436 -25.26408182477844 -10.763999864756613 6.660541678350658 1.886888160154652 
-16.88880812812498 -9.56268958622293 -33.89045849197472 -30.6886474966784 -23.8066866110792 -24.61811330362034 -27.286358357231542 -32.57725022247196 -31.643698635710322 -26.221899166490203 -14.165771354129209 
-11.084960263130906 -24.504303394120416 -23.705723751077 -10.394278768986208 -9.861637789116163 -10.099944945066024 -6.916841993599903 -0.7402725606231273 3.0410766953464012 -17.436252453237955 -31.88881682641756 
-0.4558048594970629 1.646509812888671 -10.035403645274958 -12.841833433118802 -20.105214374864385 -27.30553735864588 -24.75473602529697 -17.744836918810694 -1.2489331464685458 -9.129813340154573 -16.302293522268425 
-23.075669841461885 -16.989252143023784 -9.209003024653368 -5.181425686669565 -7.85860607947489 -2.9807635475599072 3.8333519811920227 2.231007855103862 -1.6084741438625207 -24.82951505155818 -30.20748184726515 
-3.426925238957409 -7.330940097361976 15.710601328257564 10.461790756493404 1.8432312108561795 -0.575666983197143 0.40022410271786957 3.612561148630868 11.027210125420789 2.3064811933406566 -5.159428004348264 
-5.601783468709507 -6.569686253150199 11.58316210113313 7.587723077293206 2.437141099737425 1.0084881811491526 -1.878902555820999 -9.187138215392977 -19.144192596370615 -18.652709977341786 -2.10617903004837 
-30.52110756840611 -28.64907477262421 4.490717876531756 18.123263233785117 17.290152759641266 16.16355321047225 11.315431220179057 9.354673639986874 11.969214896738249 13.974038937131818 19.845900758198113 
-3.219243906625259 -3.1522941450364836 5.047017905753973 18.300917355326046 29.71189276851195 32.595005932259895 17.196380045356356 2.0088327704562676 -3.8906849803770593 -7.438199208834728 -2.50040209241996 
20.253890706265665 14.804225939745763 -9.810927054851636 -4.285195902129875 2.993854161463016 9.663068012562768 9.743516213382073 10.520052358080214 6.134596599824009 -6.479484673472618 -9.659389203877296 
11.76282424864262 10.296439168723452 -11.744602395419705 -18.21177811188082 -10.661186870908743 0.32163934657821497 3.0134634918736616 3.204954889553362 6.867290723487763 4.5756408517414116 -0.9192393318615719 
-8.802479095669979 3.511268118286044 -1.5528942366090277 -19.33819654774307 -27.283519029526566 -24.84850197264212 -13.204306490134115 -5.0796637663481246 -2.2655616053035113 -4.707955172496591 -6.155386558437913 
-6.3587926135795465 2.8543711594541694 2.5068047543466987 -6.18013690251701 -15.039388469565138 -19.961517273504768 -9.542337071766296 -0.011961226126875724 5.1472393868207025 12.781554220235446 7.831472784724016 
-9.934333396371855 -0.7424549572273715 -4.5650877755908965 -2.9166450976582925 1.7516092949125714 10.831831878880626 7.264945436984659 -0.4896166086760468 -1.1533211962828684 2.611772905197376 10.322762660971122 
-3.1111352770773792 -1.3572446351643694 -9.259510781969043 -13.552685636053626 -8.792957853983303 -0.08251689453729871 -4.902679009037632 -1.1365530033725406 0.9994948353353327 -0.882702531411965 2.583839261135334 
3.25141654563366 -1.388450846471828 -0.27801035259032447 -16.98017710993961 -17.225773917154974 -10.552123072317578 -9.304038098530272 -8.977083596741968 -11.840445858013377 -16.013973146465588 -13.890966354143517 
