-525.2594030657175 -536.6310341550231 -420.5877210527917 -206.04362001890377 -109.42737801383498 -93.2320484330481 -116.42101478579524 -153.7836255747546 -231.04958364200274 -327.17271033993643 -391.7064677084243 
100.43177442405701 88.53832884055066 45.59567320047654 53.2789828912372 75.2831573571128 81.44213139698608 95.5922103483177 116.91620516792361 114.54448364848024 87.43062766536111 77.28895981054866 
21.48638210815895 16.714247750677288 -104.36220200944055 -175.24369023567124 -175.6397324062777 -174.73935536766953 -163.2693065343323 -150.26848523382418 -135.77990636428524 -103.88597053768211 -66.021461019898 
6.176485838445389 -0.09175786416786424 -25.984684350022306 -14.129139474478539 -0.42172959078113426 0.6937222523102458 -8.187526686100167 -25.662133953518158 -33.89248304221321 -30.235796435708288 -50.194736196845355 
13.065688835126448 7.2639756775646065 12.668694730800153 -7.834715954714426 -19.615057819370115 -19.671019585824496 -25.96610525711168 -29.89785271986144 -16.10898647498733 -0.12168878360670987 7.958313293032483 
5.077205672123755 4.162967752533171 -24.821899821033355 -42.9381489991474 -38.77559169199381 -29.27528941355027 -30.022110956643942 -32.52627399639702 -29.262995886861088 -10.720618526619637 7.869539299668369 
-6.823151168955706 -9.069489045000692 -12.528518894771178 -3.37914983184303 -11.610958151463816 -11.749502420744683 -12.265526637170574 -11.80195230539532 -16.521704704196722 -15.001677212271098 -8.233535474290619 
-5.972104397786882 -6.651435806786038 19.28580855051115 3.927197654289907 -16.893454967585754 -33.34847346009323 -29.691964767249424 -22.26314203287796 -12.937099765804987 -4.015805682298863 12.736110628638327 
-7.243371683106348 -4.752636410498324 -3.4629488006755533 6.885838691556174 7.821476512716506 4.693625601244614 6.871406668765026 -2.085478539407365 -4.331818411044301 -16.55809608144008 -27.06972112875136 
-10.280380296880463 -4.845066433987011 0.23250262395274807 21.2347269919053 14.347331551654936 -1.7231258865906232 5.374201057127206 24.398831556168446 35.97590338299179 20.764147967915807 -3.5369971657819885 
-5.249767678422008 -6.815059641177289 -4.050556355609373 0.8093758120724222 7.517019016715709 3.247502370622178 4.620120359155174 8.128799558809629 3.7937472165163006 1.8522378525505288 -16.921013431241974 
-9.496301858243719 -10.178688166640468 -17.136396481271014 -11.59118764577877 1.3381431570707394 8.556317035512793 19.414272107922837 24.539222626369895 22.35214316735275 12.211281787476356 10.839956239258637 
-12.820019537935437 -12.326220288143688 -13.430814142491295 -13.110966213414827 2.280956278825736 19.338753973965552 16.659322512401026 -3.6038014948629655 -19.083083595577776 -11.757705477185727 -10.407683371702703 
-10.561031676417903 -12.06309133052868 -13.17007896397619 -15.587770251387415 -5.803930784998968 5.501182084283561 9.484041631853648 7.605332032346199 3.563274072664308 3.2168732182656177 15.300400324458364 
-8.481710167225257 -7.659686740216781 -6.146996802733489 -3.5591890706024465 -5.224607982215694 -0.041756251442122194 -1.069979027410509 -4.467114974141794 -6.587533448470115 -0.612595719012494 6.373062222613093 
-4.272923103062503 -5.954120605378888 -3.3950195757019923 3.187447219460851 -5.592685156864424 -16.388480941088414 -24.563120509375324 -18.931824833287187 -6.18243147458011 -6.174975371227156 -8.281964007106339 
1.6887182073928844 -1.1602881563229799 -6.7337022531821376 0.9519914110681402 -8.14565432920519 -12.730759875033685 -6.817815641757743 -1.912671323071859 -5.4920225040516994 -12.13469576185931 -14.58537496601025 
4.429824347474272 4.927829379011435 3.225147498414084 14.461792654231996 4.471570943703464 -3.294159345191957 -3.5215584253765693 -3.80176066300304 1.4864950938508423 3.625961835748019 -4.763249101946586 
4.482680749869562 2.813716182218486 0.73400755564525 6.859929955339837 1.9752176886040633 -0.2217085104814726 9.021627850860366 12.412647984425675 3.724560009969106 11.080177417512637 18.20122717775067 
2.824069114385923 -1.556968528721818 3.014508650930094 11.574717690989539 0.7103590200155012 -7.4547916037602455 -11.845864866194752 -20.86085536874056 -20.539291216384456 -10.988813515149776 -5.10273281075961 
