-474.15385157146017 -475.460978644864 -482.0872334011349 -479.816718730093 -478.93013748091846 -478.02507592055724 -484.4287052311378 -480.24657137053134 -426.6358358934633 -372.7104203180205 0.0 
76.69239441709738 69.99715536555854 61.72636328009514 65.52764970426085 64.99453884668432 60.4605953591003 55.51314614144145 61.8861502138399 72.37548501731243 70.38796919002442 0.0 
10.735301251209146 8.68208164651193 4.807132972993213 1.6958126749118707 3.9537281575494143 -0.06373459760733202 -1.5078272787616411 -0.18325793399662343 -25.37595744419717 -41.542475742630316 0.0 
31.557654398112806 28.94568891984583 30.388887528614998 34.459060721587605 31.18566837855318 30.131445155417513 34.54142697244537 30.31801831432444 35.764007226886 41.97919332932857 0.0 
-0.2118806114356177 -1.8405594828859053 -0.7588867797914398 2.4199741207130687 0.28683929863437385 0.937624200807609 6.51457268654001 4.804322226125215 6.339773112995858 6.563132515716192 0.0 
0.8155595255754219 1.7649797744766216 0.5730843821636026 2.3758064371508385 1.6436906517734644 0.5328498345689165 2.986017342172832 8.649672185742855 -5.7585175204804635 -14.53551224073689 0.0 
8.361957589994564 9.45675160590428 7.856303453696505 10.354165704655244 14.928144995595579 15.149123777196388 12.540231921510568 18.209196924659857 5.81629033016885 -1.2273921656862385 0.0 
11.93801246992287 14.66021618687175 11.488939843000368 9.137856083753075 14.123918001869969 17.945496365892275 14.976699465149752 16.21448189210168 7.101675569704037 -3.02289797807323 0.0 
-7.484589454200091 -2.861535345995362 -0.3076830191740437 -3.4446340491246707 0.776214861338193 5.231294075232025 3.505568629357734 5.672681959663477 6.795104859155 4.044316347224514 0.0 
-6.6856201870583245 -1.9162493710074195 -0.40566808558653267 -1.1437285911536126 -1.9938866453869395 -4.579422059952385 -4.106612871939186 -2.34975542876958 9.123208966557268 11.095575948585413 0.0 
-8.33515285899015 -7.920339072309675 -6.783649235848553 -8.391876947637495 -11.91295405227439 -10.95750910655389 -7.722244941855378 -12.930815740791825 -0.12353979499963208 4.690894600316056 0.0 
-2.4718901904373887 -3.8970739665784317 -3.5566779641665587 -2.0290670854714077 -2.375025993306668 -1.2871613505259618 -3.3316563614221075 -5.406670446274938 9.964725880398294 16.183546040754056 0.0 
-4.033135965689839 -3.512420067712089 -4.254727983760736 -3.4774209959286417 0.2558506491150132 0.2925170617773586 -2.3703968456175497 -7.984903642906228 -3.236830708877808 -0.38131259880431334 0.0 
-1.7400714099442691 -3.5104501893335875 -3.6024613559486034 -2.0755685075385455 0.4106699935499728 -0.5191854516102021 -5.019249800762189 -10.090976297515201 -18.494809030570757 -20.525810203584456 0.0 
0.3513549996060382 0.43030675189861156 2.1239114940568635 3.876825463861049 1.3087452348336124 -1.551024765645594 -2.298305880083569 -3.4722154873583126 -6.97092743275061 -7.705444137263171 0.0 
1.3977426964744095 2.0157657820281334 0.7300934654470411 3.0947381244289165 -1.5559135150301142 -7.480478763646676 -3.2117181487259723 -0.5685103734114558 6.282079317965119 11.96571719101182 0.0 
8.21164931201249 12.859128983427041 15.90096356165909 11.05034156388951 6.256607562772811 5.384240299010744 7.695772818806298 5.274543077211392 2.6420491246622553 7.56337021643244 0.0 
4.514960112105449 8.199538409153444 8.864612322164662 2.73787330804465 4.252683850634246 7.908364126080655 5.391229652973298 2.6833221499327493 -9.47401136792071 -8.00828723515615 0.0 
3.676492231266505 7.147918797758489 7.859727294959249 5.565468830271733 10.796109294051615 7.839036481283724 8.278066090617466 8.157152910898057 3.4850628801162347 4.3098953400173095 0.0 
-1.2167630545784176 1.4454203050609875 0.8073737703605466 3.7121022712540466 7.923938284959809 3.879556170010141 7.414664413630324 4.451464303901535 13.43921749009067 18.86381194382428 0.0 
