-532.243241622855 -516.948331912897 -191.13914810472014 -84.72701866738689 -65.93338563182017 -63.68506800376909 -86.5066046216139 -164.1602813273909 -289.1970509580409 -454.1696675484909 -516.6737556106341 
23.27135972550544 12.049215010013752 5.429609619066423 -1.747385086390898 8.039991029791096 12.152697587332337 8.448325646137864 35.55276694185294 75.12372529440424 48.41780571860864 24.71531099841743 
-6.526163555001056 -7.1575249290548575 -115.31336479886707 -120.68210908094457 -129.89697152397463 -128.54550555890793 -124.97677411000492 -117.12536573168515 -105.12898603793955 -40.05723039616353 -6.490044381898079 
-2.3512008061410037 -3.409195065772515 -0.01493180083768375 8.649272255464972 7.253970704051096 -0.37490831072857184 -5.134933197055134 -0.9439333248208759 -4.817874971935488 -12.691205691720544 2.60630962492427 
-5.739052984458131 -2.3865884220821494 6.756226407747604 11.186384235080508 11.95443964437769 6.381398889705437 1.3176625697919047 -7.300055537742571 -0.21425911752453364 -3.367889887710823 0.4711263440349933 
0.10038669717643345 -0.5332810075214749 -38.41304484873726 -43.67093483933665 -37.75727967733306 -25.274904305301046 -22.187843236475935 -29.723861257388005 -30.24834854272349 -3.0007715482819233 -0.4628787608744244 
-3.844801913796884 -7.932043076589212 -3.7958580624961993 -1.1090213825681579 2.321751686106204 -1.6479398007858084 -1.1081874961412344 5.381107678592559 8.054282013578252 -4.952521412050331 -13.989325637908431 
0.35574735477142316 -3.0416824588027915 -30.122924435188477 -29.8594718566712 -33.08886572437059 -37.10711301122076 -37.8179774538832 -33.8222995035086 -25.329556847390847 -10.953074995188198 -9.201691883769794 
-0.9336933325013728 -2.496428755745379 6.361138084022921 11.148101181134265 14.877562161977707 15.72415578740357 11.00462526280818 4.59992473614481 -10.798387983939627 -14.38485359223878 -12.115927779925979 
-1.9879951321398135 -0.7740174817463974 3.6248993845296376 0.9671505771245741 0.6000143537285569 -3.108391468557172 -1.1370970151351676 0.16115141099126185 7.7240213369677155 1.1291309402401057 0.014166700368281437 
-6.536033683867801 -7.945545521484068 -13.412050774020848 -13.2808126813995 -7.766837560686923 -4.793627726364365 -3.1483394070619273 -1.8462754714046492 -1.2239831592187125 -1.6911016583179665 -0.029283490383163246 
-4.72449325636901 -6.047454797478601 -7.813016331636124 -3.5779386936948776 -0.96812167393923 4.289879021611345 4.501650613718947 2.1372515332213378 -5.533500359696973 -4.749863166046769 -2.099697110278495 
4.558057088451877 -1.2077868835905716 -10.992927106155511 -9.674322871053171 -8.446826013218917 -8.8869398125211 -10.913445459112854 -11.318878144765574 -4.126956374873061 -1.7178554545672058 -5.348328264523097 
5.452276651092541 3.995082133565553 -16.989966280565614 -21.18782694008511 -25.643030230999674 -20.694218422381123 -11.505703019935513 -14.033992203551666 -16.60281167747989 -1.9869700083813113 -1.256672848981013 
4.878858181707798 2.3631143008114615 2.4334137998228504 2.8392410144321563 -2.250554798217876 -8.242025866029504 -1.815044200465296 -0.2519340550887542 2.496155676803498 -1.7789800798452928 1.5891525436401008 
-0.4895246509761568 -5.728006225320012 19.27126746210397 20.221000235752292 10.050160762382337 -3.6883059964830203 -7.233169788171672 0.11331845549298392 4.883659768044636 0.10410031693754851 -5.408121971542926 
-3.5506908052116675 -5.023755219292092 18.343167497319996 25.01559364261201 21.920714776292055 7.945427204417674 -6.977477840165291 -5.78350883096663 -2.0566150155462375 -6.872954785638806 -3.0178014177425405 
-8.289612114559825 -4.894157707711642 22.907122498487507 27.413222427868277 27.96272006322757 13.696087835845088 -5.566716701400058 -15.736979624157316 -7.271973404157087 -3.266288076945708 2.453062109966578 
-1.7217593194114726 5.68771265741033 8.655293288852974 13.691986556485883 30.60409879428574 32.25351311632635 12.905723541936851 -6.919473374896388 -9.736536581946208 -4.3692937385011525 -2.872030169194818 
5.264512495709804 1.527859738668025 -9.309770520505868 -8.183753883341353 10.308859679889455 29.917510165938097 22.41334086239467 -2.1792572063063065 -4.652594245127595 2.1626956930587955 -1.1670294973883668 
