-320.7000847327496 -306.898316014076 -303.04937811332474 -264.2905201221735 -91.22945033091504 -16.66525390737301 -27.191066029252188 -79.40369264586332 -155.92890949301588 -255.018345881104 -311.8885884495017 
37.68113349815745 38.22665787256389 30.020982245100747 21.988910552029452 30.395041294308896 44.658397402264924 54.612162946509564 66.83287834948825 94.17642379530545 83.65343060690523 43.816726357901416 
-5.610280036726415 -10.046709240198272 -6.331489600235685 1.2792081386337044 -34.050706043120215 -63.39791841106666 -76.28867082913754 -62.766778657645276 -41.6067835419647 -5.599198161597472 -7.855091837779501 
6.89741625180997 -4.279184749507474 -15.043631182825 -3.4856377339291353 6.936580350946464 7.4869405473324795 3.7211458828791995 -6.84880066154337 -20.06171744588168 -28.831820511665406 -11.701965831625891 
-0.11716665501880019 6.411342637213614 -5.9167492653129 -13.231790087994415 5.348852291053252 5.3294974837107425 -4.17383651517927 -13.048556038860866 -11.580972295761768 -20.204664865205196 -25.93952778017273 
-20.998317894369407 -9.108017949109652 -3.5485865478166527 -3.9192033878444996 0.9066697280589537 -3.9484277212374757 -8.281048451611001 -12.215506175270168 -13.419717410771483 1.9922288427017778 -11.779866413903633 
-22.371283900215047 -19.41081240355337 -6.764930078536616 -2.4209717264859716 -10.641895878529395 -3.7066318747091183 1.6174784569791063 12.538638222438816 8.70365071092343 3.8588444483290973 -3.500356949901843 
-15.204599587600796 -19.163972887404086 -10.301845367627667 2.636787354760915 -19.187908892020605 -29.08724754354597 -37.16806359110717 -40.5915399612902 -21.70430657636364 -16.451888990832877 -9.248615139198598 
-15.395478161842814 -6.583131071490299 2.978292719244234 3.9392809637605737 6.326886073683126 8.120820352332967 9.51380420220776 -5.61259360607205 -21.129084418609892 -14.786282740321496 6.2593763872830355 
0.7964415099863609 2.303953279563356 -1.1865593550575113 -3.4663194898468843 6.809497931919762 3.5403989720499007 -3.0571209158020496 -3.869426917086355 -6.8936646616267385 -17.0890705644267 11.765811748852668 
-9.252064717235722 -10.253663909005361 -15.112980150362798 -9.610205352539566 -21.86348891943991 -25.01165393658012 -19.582353007227297 -14.913230047480216 -14.620671678956207 -17.0960002595333 -5.976614075388994 
-3.6932557370332386 -3.954460548669415 -10.206795576682447 -6.0953813849407155 -11.914872311630925 -14.51148535957337 -16.62469160652518 -15.78977379926117 -9.941880548760055 -7.0921125805768215 -6.77004420860156 
7.066040071409466 4.174895135631275 -0.8678125561088017 -3.1469225469758273 10.449969228165934 11.187356352620696 11.020938544538463 9.167848581256198 6.149723244786081 -0.21094977513831714 -6.499499044983357 
-2.558719119090235 -7.127448091744174 -4.251647184529276 -4.978759059520311 -10.394514909855115 -17.432156195586632 -13.101077654801351 3.678206797463228 5.129811471661123 -1.6305870354945662 -0.9439744879863531 
-8.255668979853187 -5.359229643376857 -1.5574478233684554 2.042940831464813 -2.450400504802705 -1.6060112772157944 -4.377745927955826 -8.679393680439912 -7.54935227983525 1.2517106086562797 5.405701562028757 
-3.317979196935271 -7.536373108852974 -0.5822731822525251 3.2234166248150116 4.543597323006443 -0.6769820458454647 -11.425060947377387 -16.54388232223796 -10.325771451038436 -0.027375941920751545 6.938769007755068 
-3.1518373869629714 -2.494407303122827 -2.4869199217610856 -1.2029720413471086 10.408222391392417 10.1458525801871 -0.9787311211401308 -18.134174993698945 -9.036945050424347 -3.296243458588639 -2.694411138594582 
-7.733165381251451 -6.451299800207639 -4.504200233113401 -4.0202518831326 24.648179182203044 28.78408494828045 22.184662799861705 9.824194561260072 4.97443089767377 6.184348253585574 -8.46132252439048 
-3.7552604271085324 -11.446897527831016 -11.942133049389865 -5.641667225802188 12.032330888315432 22.2299021778133 31.971136839714482 28.677953790066333 24.437272456166966 20.14039436680895 0.8600999791429667 
-10.642847031148378 -11.477745637017506 -8.514508505454845 3.0124369970975096 -0.3628392307857322 7.896498752167027 24.08284826859473 41.456855680331046 34.005123749663 19.920468899150553 -1.7142858640926515 
