-328.4081496299884 -322.03341363517717 -163.0758060453294 -52.10291329174786 -39.702524779567945 -90.74645491024425 -179.2440392815761 -276.9349125058097 -336.51755056794804 -337.9909707016814 -338.2174617814026 
0.5249456640111703 10.627128864398147 31.76865380629676 50.44614763696609 60.50703980806209 78.08187392899367 106.86323553034543 90.1573120971194 32.103707015772294 28.690464864727478 27.55718866426958 
7.376790796060623 -3.9006723328858532 -29.222466355706274 -57.767903940484295 -64.65451240124048 -53.81331808953109 -33.78434581432272 1.2024141667116273 -2.7892652065731163 -4.991880974769493 -9.224216709238586 
2.402768856598818 5.054975692068341 6.748153044759823 -6.942863414413123 -11.679995101033867 -14.54144924627787 -14.60765223938284 -17.879438989527944 -2.6795559064953993 -3.9331691283480668 -5.656118661679255 
-3.7210041939352134 -6.827069161836685 -2.1286956512277113 2.9599984401959314 4.193246170916042 -0.9359967956512909 0.3561439201989569 -4.438659779048331 -2.418194720192588 -5.735266973643123 -14.816492149907333 
2.0710372827293324 -3.9828947622238795 -4.109689088777867 -2.7101434404490865 -7.496707521316552 -9.199579352643163 -6.230304132039796 2.6680809156410543 -8.405293994327645 -10.341375494295121 -9.71882523349741 
-3.512824250688796 0.06152281723968391 -2.004535036498996 1.8157504241053628 7.417908961681187 13.704260066650752 10.358324763610732 0.23829597036093847 -4.2618423191420165 -3.0719656518372993 -1.9898202450298104 
-11.152358943750365 -7.213047146518555 -11.71757427850126 -28.835903713234657 -37.26882921550401 -31.605563364899567 -15.48882505895655 -12.392973814393779 -7.3926563173328965 -0.6685766865910389 -1.1951546291737414 
3.1993334802091646 -6.168129603695331 7.475670973009101 7.563541173135489 3.250340768091074 -7.805339879777238 -23.946123198359672 -20.66638395923276 -4.99569342588101 -2.709164064993595 1.0772716992316238 
-6.9810770942261495 -3.9567915812763466 10.103048277972702 6.875926825354243 3.401787050663525 2.207986406661261 -8.457930415698335 -23.300229650454888 -7.314870803379522 -10.58259662769334 -13.653142032107738 
-26.035336959488866 -11.368367804201746 -15.415350431887608 -19.427327021835602 -23.1120560165672 -26.039574805169362 -19.59871884562881 -17.71474015716985 -5.376541236455388 -2.996527500274332 -6.350375150934944 
-6.442007953019937 -6.056908955710114 -9.971225708366575 -15.057119652518297 -14.525207535463498 -8.70512346316728 -11.667745412050099 -6.536802744639263 0.4008363745368052 -3.0151001676344107 -3.646249587180641 
-0.8057355256711157 -2.9325593194167476 15.392272946375456 17.939721032864032 10.184142985538717 -1.9900148683475223 3.9790918317672626 4.499836298244517 -5.13675872797899 -5.343964728403739 0.273900143223122 
-1.8370970466324699 -0.17735570850339877 7.557519750492611 -4.371392707822822 -5.919236729506839 -1.2030497873094204 1.082563260632131 6.409343195801625 1.4942885166865718 -2.829314773764268 -3.0822816667594304 
2.444801357884355 -2.561777095849246 -0.5809760324565652 -4.690006546228032 -12.244033327053728 -14.094538695574307 -8.626642777234682 -0.09368279055477735 -2.655133351109795 -5.740231416468562 -6.064667377430461 
-2.407499048701001 -0.7072095591392814 6.503500928854044 5.674884983964971 2.6259414344223226 -4.549353389044267 -5.830800494577135 -6.707961239923347 -0.6994802286622739 -7.162217322477574 -8.517943721526132 
-1.5891742037436287 3.5187094993305124 19.437585668320246 17.65026834736363 5.635389073159161 -9.868714393994964 -12.096769764356225 -8.674354990228249 -8.36431997280232 -4.398876928575719 -4.0549989250496985 
6.8074208075563964 4.41756491742257 16.2471578955859 33.18009469691006 34.74843083595269 19.644836167427982 13.51234768244484 9.859278824860008 -0.5593414361851283 -2.2355403061683425 -7.995795715963793 
1.0279766601275784 -4.565687885774271 8.504431596600767 26.411783720231607 32.8243735862566 35.532662785920486 31.686615702890393 26.022356602397387 4.174244572926327 -1.4947144538581676 -9.555046494148568 
-2.183690103966481 -5.789521958196161 0.5500946980332565 10.826601203882861 16.15760360411346 29.02854499277035 41.09571823648223 26.52075739042367 6.199153530062235 1.947690593922744 -4.630950987221141 
