-560.7717738752845 -573.2133683746292 -584.9666052356225 -423.4715244925588 -178.85433638383464 -100.27433761472334 -50.665119391384394 -36.89799895929782 -95.36626157305491 -257.6788146460648 -478.96590399552053 
67.20326267941539 55.11820785898691 31.87592215920915 -9.169974115146927 33.23304290561152 34.981661678087974 34.426063052096026 23.256577880307262 21.02877687355524 28.201385602099126 32.89410960218849 
15.458600596982576 10.702362353227393 -7.043130357169722 -56.30204250037154 -116.87906803588089 -130.27277024782586 -132.41128504882516 -118.1291793148935 -97.06520071238731 -61.310227027498186 -21.269602157362137 
-8.508312655060372 -10.554846713737975 -14.895149007318484 -18.77667328045194 -27.524893095498356 -38.14307813318608 -25.844229624862844 -13.955263430685232 -20.758935080930158 -51.90746899593256 -33.61673583655819 
-7.7678751009216285 -13.022439467864807 -21.905065570472836 -6.119792590258633 15.355040397111846 27.865306454491087 4.49918370542527 -24.633533142925145 -30.21188786117388 -17.978848748245834 0.16319067432239517 
-0.2653146416890262 -8.14924838949485 -9.907551658667206 14.065715906452388 -4.435243275055674 -15.489210034308613 -13.373376684080707 5.933690914400813 17.98505791221684 21.40848477741443 -1.5923459276241814 
-1.8630743012606166 -4.981566310158825 6.849020895323537 -10.567564071171367 -2.212766231151461 -0.14084626226604205 -3.822790013728109 -19.158055151286867 -30.294032352937265 -28.229316819599525 -18.434662530884914 
-7.466461015549784 -6.975330926729663 -3.507069785574564 6.825832957574992 3.487565388699533 0.6561298823505963 -13.11943896244907 -17.636894518271085 -20.22295499368426 -19.149011898104924 -13.915256820071768 
-10.964959648939326 -10.522735164281816 -9.932042217288059 -11.88701932162401 -23.939422154173975 -24.45924942696342 -14.451036368194014 -6.247480003426594 3.658035217917341 1.7005495445555918 -7.8681278439926245 
-12.63669952217199 -10.808025603496834 -4.5237414230948945 4.126174079321804 7.637550372801272 10.51829763570013 13.994864071552879 14.926078137536024 6.024026302754626 -7.293143937378207 0.24448591073427808 
-8.781145470402992 -4.9045542306187695 -2.8900358873585064 -8.762850202933173 -7.0188178472332154 -11.076371642663121 -16.150573162790117 -12.834299458789317 -15.733882890214561 -9.212476112724634 -8.485194305039874 
2.3960772386313423 0.3486596107740937 -0.09429908413310417 -0.9243343878881625 -2.3960275479064297 8.291694725748416 14.411879346056907 8.139216036425085 4.645990055234688 -3.1756483268639215 5.13983827109385 
5.131807082099212 -0.2164897027870597 -2.5081932206863575 -1.2492676775341673 -12.011224229507189 -14.837294695955613 -15.604576523927584 -9.048941612483945 1.7739923399120943 -2.3902049972542287 -2.4304274098756764 
0.7518950260777686 0.06389371919332959 -6.549719527779269 -12.822828415214339 -13.717740033325251 -15.831385231037263 -9.143725170507341 -10.772926623284057 -12.863455296004307 -12.879172109813318 -5.701393065352972 
3.1542838368725743 1.3508835415550393 -1.2309539083968635 -9.83276293855682 -17.902298378087018 -15.021610255510591 -5.265153998603907 -2.3405081704275372 -3.036081092476991 -6.203798211620243 11.427253183575885 
4.442794045040339 1.1545157675813669 2.2679973317177806 0.6840933848053494 1.6407700288561304 -2.9467627804173446 -6.823487098705542 -5.541240330961619 -7.504820011597755 -0.1983066653381027 -5.0513527082032725 
4.027259382710695 4.551275747657714 4.403001724657804 6.440594617506131 8.377229082707007 -0.6445796153344405 -11.54413251865984 -5.768876806685693 0.7093312817534919 4.960408109917549 0.9828068260681753 
4.677882068795181 7.664199909513293 8.452790586849828 11.466075658910892 24.6020908909298 15.849640169344541 -6.615602302515182 -15.483131856809067 -12.3482508562607 -4.526507153831883 -3.5137395972730916 
5.963706356845108 5.896305464792136 2.293775388030319 7.7887407704626686 28.655281745379618 33.89707311765797 20.31250773381601 6.762762294278016 8.111768849771327 8.738490621945605 8.187897159333227 
4.94209725103479 3.2368960754151628 -4.7672863938405605 -9.28544009878095 15.184088739293996 29.974493695088576 21.209969875752876 -2.181697815281713 -12.124367041951878 -11.991454523264828 -6.532237696795374 
