-493.58099505875816 -487.01769291399046 -268.218535814688 -131.31691571111017 -109.90213636002292 -171.95840623153302 -237.48469636535435 -233.8090106077387 -239.7993725472438 -316.73764316764357 -399.9764685948807 
44.090465223412956 44.059015721729196 120.20983554339355 147.08154424210045 140.5250426127479 120.91048583881314 138.74761500891958 130.13514719564085 104.8619079046781 91.1587643434107 53.59208165473309 
8.957400919046046 7.746046959414152 -65.20403236103834 -111.43785569011165 -132.9810780540053 -132.83538468546743 -109.25684116491797 -86.11331539954654 -38.33905375156234 2.6519720449953206 -1.9655731552883924 
5.019691518883648 14.457325738939423 -20.09322697742011 -16.205854800081738 -0.9433217521517563 12.795499951059538 12.518931898439156 9.141870642817896 -20.528055760644833 -35.64378999518542 0.09055855874735785 
-11.815595338650063 -11.272566225783233 8.059407501731286 11.50906651397072 0.4244860090650275 -8.044577194994407 -4.301765059463729 -37.851959535013876 -43.72595815635141 -31.72795273511938 -28.50968489269291 
-4.945017864400022 -3.5039117049776602 -22.39501025785511 -36.085035269123026 -29.74935727173498 -20.82241153897913 -24.12823306034037 -3.101784087152588 -5.03326039739575 -13.950922773201597 -14.066866059938123 
-4.752581151088577 0.4442692412997888 -12.378717507471308 -17.169477185885967 -26.445970240246115 -26.882013062715533 -16.33839580200133 -19.081720726122512 -16.80035703127258 -19.36506628792806 -11.702659183137843 
-12.776066132101274 -12.531009691706043 -26.846413127173822 -24.06100888597627 -18.541503977598182 -10.039763353132292 -10.661744490806054 -24.11427035862192 -32.04249507000483 -23.016896003043982 -16.99008577181794 
-6.656620308688943 -9.963508175102817 -14.852870095432346 -18.685533074159103 -28.34409380024228 -29.465508002739448 -20.293448191512766 -2.1483873528696913 -4.895060372552341 -11.26021461330431 -14.00736705422219 
-11.475029454600023 -6.133425122930772 -4.469570984096837 -0.08438072406327016 6.490293390103545 14.965124367170256 7.144868537853351 -13.45127224827053 -17.197562066269814 -12.831905880019598 -1.5067955834181141 
-27.014159864776218 -15.341283126117109 -6.132250986385637 -3.6868499327697526 -9.406785700754387 -11.693200401024107 -9.475762658050007 0.09895569256391262 1.085697276752416 4.017218331342639 9.491312890632656 
-15.461410462531394 -18.47669979435375 -5.406813611459977 -5.280258386280694 -5.525245697289313 -5.33225171594087 -7.542464981780476 -10.491682765531095 -7.709203289969489 -7.782260983287935 -12.269954786567101 
-10.376071537352084 -15.396587528219321 -16.452489145550697 -16.35442778550291 -17.17928149658546 -12.912523237821038 -7.740131461512619 -5.510342189823754 -6.175904595722431 -9.481951088525904 -12.581702028003527 
-8.61830808713745 -7.397684573591235 2.8165353586757123 5.23505633996465 1.7941292690417205 -0.7476191556328933 -4.087814278589446 -4.756282731974513 -1.2910552082361357 -0.31700429303068495 12.0104361662394 
-3.761043477556894 -4.8082114959020394 8.621196502798465 -3.501859898445735 -7.955574815203375 -5.5497832832611635 -1.1117509401951706 -3.5726363183596654 -4.633104432341554 -1.5442447351255704 3.0728883261397413 
-5.501306459824774 0.5270774314946811 18.397332168156606 4.121805444639596 -5.386612513305696 -15.915306559896395 -15.038778666175762 -10.29145237036942 -2.2993756573489916 -1.2641085464487198 -0.5217758027213466 
8.901654536190083 10.187489676643315 16.036190244226756 13.961306185160678 10.954993684439623 1.3359091994541927 -3.40733638726902 -13.850258565478189 -15.648233536445993 -12.18278469803376 -4.126097289341802 
9.075627516150758 5.812761843063034 22.18675247934689 18.69343980888513 12.074078410392715 -0.5764552532525731 -8.885821498601228 -9.62593780850752 -6.511831380360691 -3.397698060995533 -2.503468837153791 
7.345038355543808 6.500615096005095 11.564516342772633 30.733822757860498 43.212853245349066 42.95341012740052 23.783697791614845 13.227577272211832 5.948375033603085 0.09111782011234859 -1.7428891284769654 
6.018870000668256 8.18219991137063 -0.37719193638566834 21.83674745277192 32.39305120193117 44.76500608571264 46.4700045918764 49.39369349116393 49.950944098780326 38.15904874294178 22.1500907424403 
