-543.2224011201608 -537.0820068596315 -536.6427510991209 -520.3850331730214 -232.9882763980291 -117.96761394706829 -104.71303050584929 -151.4826728026607 -191.71883465265762 -225.3298484629022 -288.61068633269724 
59.466419554266835 57.5885938190685 52.95654394304464 48.47646090952106 118.00719888494191 133.97615086103855 135.76939960522148 143.09570449331738 165.91314904036548 154.3907960460686 141.66132963182918 
26.321264082402237 17.83168621544502 5.471945103507891 10.594567697906648 -96.17818188134208 -132.32816574893192 -149.05995479649258 -146.7756107361318 -153.57661345457416 -138.61423424773966 -76.37829613215318 
23.66125818782679 18.95225179153867 6.128460132798153 6.3185888283167575 -26.426307707853663 -3.6850609654458926 25.122199014161126 27.835011819591628 0.2621632263991714 11.127501542310029 4.9905245473425435 
-7.2480448538483735 -7.349863610361222 -8.876786345466147 -1.7610617785761822 12.383223488773236 10.170900332063354 -2.323230530883005 -8.30119922755372 -7.419727136397024 -33.29610383125427 -49.03631144614132 
-5.78075588412306 -8.54470591800133 -5.602742242906334 -1.9817837056285048 -30.18045723192065 -31.346838896778998 -11.816627411337546 -5.714181815803288 -13.634584705096414 -13.087592055424498 -13.343492544204175 
-3.4903315094632017 -7.158556142369724 -8.860948943770506 -8.285219389098305 -25.412583635409554 -22.40217285647821 -24.401588476179576 -14.653716910520924 -6.741231302468144 5.739928408087833 6.7367380668112125 
-15.516816478041282 -17.813501750246072 -20.29512851070951 -15.405623740956845 -9.817640753043712 -8.908312967796189 -1.839724313784182 2.3643686392839474 -7.766318178609486 -30.921184354883394 -33.937331716366124 
-6.224276160132803 -2.3264317281944282 -8.361754767012235 -13.152833646427384 -28.94671260035879 -37.503121564453814 -39.92896285636997 -31.474783834044473 -17.789857708128206 0.4492982342148054 1.207423059545362 
-1.898854915778957 -2.1430658827873765 -11.885745434485813 -8.038352871601264 1.4018809587528125 12.974028525369306 19.47849629941681 13.345927308966719 7.5407840033708675 -2.3450237393280005 -5.207742884233707 
-8.662599324381599 -11.05406334809678 -8.452606478568637 -12.388198960504724 -0.39487644979605857 -7.95480168553382 -10.046973038097109 -3.5271656359732693 -9.92579513947528 -6.54125964065916 -13.108511296128944 
-8.112395372908926 -7.458626006270578 -7.6931940002856365 -10.928728635354691 -17.43610058106205 -19.43794333543015 -19.541338996918647 -17.911023570274597 -6.952043693872713 -4.27899819011619 -4.886051471465171 
-8.497159033874212 -4.561115817179851 -3.331532106955078 -4.639149951771446 -9.64525085427183 -7.8841246624464905 -5.202840470686727 1.1462577929638762 -4.404366746107254 -8.246475105207061 -9.955124765630202 
-5.611166067236416 -4.621933250986793 -5.663556371867045 -6.534231676030742 11.759363646286507 5.229356579571504 -0.7397421556181738 -12.903157674809774 -24.60423926106365 -10.961237269172148 -3.8376412764104724 
3.5273057763583404 4.740183636270007 2.3792811360885118 -2.565764825116305 16.05398742806634 11.659516738564516 6.444725001843105 -4.713915362858913 -2.3385809734591376 -2.375339371188476 -4.688968251260993 
7.408899478448218 11.243748916197923 11.665057376685299 6.570443594554571 24.414115602523648 25.878200235736806 18.22409906253562 -8.735321909239266 -12.783957454076088 2.3943401558636257 0.7030444827682767 
7.336637431451109 8.795116264149208 11.461334162500355 4.227289159434422 7.286687653839733 20.86123632127094 28.464021654816534 1.9732066086082471 -17.60916875989756 -23.391564876848456 -15.604441992236685 
5.697863508555132 1.3847212400124866 2.8359043257677357 4.080403618477354 3.0055188211206927 10.413869728468292 21.640734289976542 13.732932517124068 -9.017499075295381 -21.835278133549537 -17.880066491972016 
9.062961119485763 9.955641187436989 9.630584079961448 2.771067978250472 -7.9163403784061765 11.356780968410657 27.854756920116024 49.13607856099415 35.83526544209781 11.948441473337281 -2.2638647710515833 
6.81949305194584 9.130947919721343 10.111934989292589 6.740314839436397 -6.471789203607047 -8.42709905235581 2.0114453780474246 44.8864758411669 58.32443192549951 38.48554897147554 17.613987429095836 
