-536.847375027556 -526.2379527306377 -522.8981238475621 -283.5179808375069 -179.00446921609156 -162.65607949316953 -199.73858494938065 -236.45668918871775 -249.414594817811 -268.03953969511696 -325.8674171024327 
39.870679094313914 46.36993934842569 48.04473550609016 154.60326503241276 171.88199384674073 159.77035737583947 150.88936605368042 154.78203023782413 131.99792852622073 106.18344950282886 84.9061931282044 
3.9155247679297593 7.765430158516949 8.728413497012077 -82.54940922863622 -124.671664346814 -140.64244017441285 -134.54521670430393 -113.79459043727876 -67.8291807880131 -16.280274884963152 0.2787839689997284 
-3.43625332479163 6.224654792025701 12.245834061232625 -9.206328172986836 0.8772625384871467 11.447576406719815 14.433811179760841 10.069991454456499 -0.7026110053469035 -25.96991807345292 -32.99415873827205 
-25.403388481293597 -17.17840040655227 -8.256637809666852 12.652427404571842 12.137582597328691 5.572867777900527 4.859649278452208 0.06403208350039513 -22.591217184282595 -27.87753595567014 -21.620952632849253 
-6.469859376593645 -5.005282135717756 -2.618910401813169 -24.104804201372612 -36.77799081658084 -36.72654460954002 -35.51016876544038 -28.12728407870044 -4.3404491783806485 -8.049061774955335 -19.06347551638852 
-2.3449184495130293 -1.6250699033712472 -3.8237563668970562 -20.95826479853057 -15.955413148939918 -17.614871576505763 -9.086039535099012 -1.650931111254532 -10.408306651992937 -9.023211060738104 -8.682084974060576 
-13.309826451650068 -11.68668718306257 -11.597589635909227 -22.253658041914196 -18.50861954068636 -15.555099326545648 -11.208276354989751 -18.091798509219906 -23.740390460017405 -28.584010426195327 -16.177937312057598 
-10.319003526201206 -15.523650566991318 -17.186636356829545 -19.912899311028013 -28.37756793861736 -31.853533743930356 -23.25599009769614 -16.441273404053533 0.010020138775941503 -3.1235335599066865 -16.89845708178241 
-7.3082858838942 -9.417283657772462 -8.974679910744872 -3.274935809815628 3.3316969218436254 7.553399985506889 13.573740671057795 9.229949193920763 -2.569523588237698 -5.1768796816733245 -5.971926443682738 
-7.504959361450055 -7.9915283845049405 -3.6318377157759048 0.6178128674162258 -5.451497312390551 -10.272785409736265 -6.800690641643575 -9.184423804701462 -9.001123743448034 -8.916344919042718 1.863901361067992 
-17.695479369585463 -18.048286872654177 -13.787275034916519 -6.679274407086362 -5.7584917892887475 -9.257079273916599 -9.935427042046937 -7.847005816064922 -7.741933715885182 -4.464803846407841 -6.104800657990722 
-17.704320413819367 -15.703108450510321 -12.28616765655825 -10.974871368867024 -13.768362762059546 -13.778014122323366 -8.6499586227437 -8.21503601614121 -11.146587948995212 -4.313916303113649 -7.56298180099212 
-5.7529309917902545 -8.652040597911869 -11.321058712287424 0.07188974221737715 5.3639386030033185 3.495578711373473 -2.171468405442631 -5.673784191700628 -14.124127397046944 -18.785217982198468 -19.07964987313345 
4.033149003224294 -1.4384278661132754 -6.649623429181053 0.3728548731113278 -0.9944860959313139 -1.8269893874595613 -2.731530765857168 0.3834840386690668 12.279717092839082 6.930350422891063 6.9554936214254415 
2.7942390327732847 2.0363554645304314 0.35697130498216323 2.4919647025694025 -5.019244576228235 -11.745754361798856 -14.502925238316182 -17.948524530019007 -21.639367991277012 -13.588846937920616 -6.112719122163116 
5.801677575801134 7.253393675151201 1.4382093824525957 15.765922726222986 13.134295176747681 7.0800806666445615 -4.78360224168777 -9.552652423598374 -18.398335359280424 -17.235166630473557 -13.322535981194285 
3.6809516054251104 2.5939119363078342 3.8367310243656823 29.63071821699598 21.099228545923665 9.678634929910585 -9.651233992254507 -7.1620828111251384 2.92837641172338 1.612053071057415 7.330975158417097 
4.89518816544325 0.7004288300885341 -1.2348909651722417 27.17852343605326 36.02785617105899 39.035223754955254 23.532062336362237 10.794086174868092 0.32764983924521934 -7.317802634772791 -6.715390685156158 
9.660311369793508 6.975004501524461 5.291677567956333 15.895555603485986 32.26822087974697 44.5343629880317 43.299423552899796 43.696797196580775 49.495647045341656 45.99812986288937 33.00701501320862 
