-529.2346299972387 -287.91656626982825 -124.5096448108334 -80.75536572206698 -91.41166130177817 -101.80940263296675 -122.02304090369805 -157.4468805155555 -193.557596625656 -245.17900767271703 -421.11571662303487 
-42.99888288187711 -0.37475515618167443 53.23882611906474 53.23965659344667 23.908722584203986 21.42267504538044 2.889912150979883 21.709641089782508 39.51306766152831 38.4255992686345 33.9698253851065 
-20.315725456179063 -37.66930159964146 -90.60741780740187 -113.90261726605303 -114.74960400190368 -127.32568496924137 -111.00008113926566 -76.55457361281867 -29.448255385357385 -11.386680459269385 -11.018513449074774 
0.5899734469168568 -18.781228220204113 -35.30633890825561 -25.777811089753577 -7.489176090070003 8.645480967600637 8.822733492961069 -14.649922584071781 -61.009987745335394 -62.45391760632188 -49.7571838399467 
3.961251937977487 1.7509855280603128 14.764344349491289 12.25669446937767 -2.273064444101647 -29.196954328371838 -43.439189353473566 -44.66984132613728 -30.91235619535425 -21.949564776996066 -13.093865576512673 
-13.50286951860262 0.5468540785838477 -16.421581076852085 -25.887171396780406 -11.603134740508773 16.32410500645676 31.9503035036221 35.62850250254876 10.215565643033802 -1.5931331583737822 -2.967212140952813 
0.18018882028928687 1.0010861321522617 -5.918548320419749 -1.1253467420951844 -3.509559121379472 -13.66794086238463 -16.172571125855345 -23.34243502603166 -29.717183945999594 -27.075865266186682 -30.90353422115684 
9.820464733964542 -7.442581367830269 -8.297050392368032 -15.858177487478324 -17.932415187653184 -16.730568359480156 -19.031691450758352 -16.3073089340905 -16.376660332978826 -15.337825969023186 -9.7710237916823 
0.6052446015621096 -11.721401341712825 -15.488005641487101 -13.448099339823385 -18.482761651061963 -22.84352999737466 -18.559466499368916 -4.752998882517671 -14.937701368048373 -27.36228316922875 -23.84150453495451 
7.557858127001886 2.7478220999898033 -3.2234001520235167 -4.196767051440397 2.4335051967778316 15.684144912289396 8.946085483220461 -8.19541832791175 -18.45253780505039 -13.548316512370118 -15.022636907366032 
-12.112316823533746 -11.666782860379712 -4.09198155171178 1.2430371540342213 1.5217925360844409 -14.679981058408181 -17.497174622210913 -3.242136811153573 5.318944362066147 0.7396224979626689 8.865102619644555 
-2.5598423015370932 -11.961541758492185 -12.276715860045005 -18.96217509680458 -20.662429242041647 -11.201804536334329 -6.462014643032104 -8.10769505813635 -19.42311558879991 -16.418268638011362 -16.297000418752845 
6.916580477939075 -6.213948959282056 -13.765140409184795 -4.981236109975662 4.011596640322574 1.7507066419285264 -5.316491028120576 -7.2179005499396185 3.742492347924118 10.872775552192472 3.7802458224289213 
-5.324645924398758 -3.714510151415701 -0.4443881310022334 -1.9190866943990792 -6.512042860826035 -13.851330610707997 -12.956506472677795 -15.282592766418713 -15.593972294975224 -23.112083248784316 -14.576874922097463 
7.2349287426286475 6.58207260072794 6.5038122907726095 3.003206336490164 -0.6607323186944599 7.337593291048716 10.458581053395502 7.833841487077111 7.321646396566461 5.467799469316494 7.851570432862578 
-6.936771918697534 4.830423898217278 3.759225193655289 6.644440987207847 4.099297529338758 -5.716375713560483 -7.641539030728865 -11.994750426724128 -11.150094390464325 -15.477266498160365 -10.133671535878015 
-5.794401680309662 6.822072921578879 10.198503334746814 2.452039844037949 -6.965646846028353 0.2139762908461666 8.191219444857778 9.87327516811822 7.117313204676147 6.700133625411554 4.875782446418 
-0.2904897887168688 6.085516938036669 13.647899765757854 12.180828730355978 -2.303722828778674 -15.979194951381995 -20.07293313465639 -14.19493221338011 -3.7156022593199314 2.169013630103864 0.6363441609702793 
4.616086961929273 5.563264015220039 11.287915195744748 11.630656268772853 4.317792316518415 -7.094909900595775 -6.680478130513626 4.450107392131324 17.537517243693227 16.73352255594192 9.871730469226435 
6.606703203510332 -3.672399376316829 11.333644866159933 19.395086116551703 20.479558703132362 2.4815714553445503 -13.46178958517439 -3.5930368120158236 11.518852074762387 18.495846878965025 6.473664517601627 
