-449.2838079795295 -191.15588446746847 -99.21121248708596 -87.85949643482874 -124.49845827265446 -120.30991815819759 -108.01416938619215 -147.82573793618315 -220.73134455070112 -302.78831707239186 -485.0101199607451 
-62.43623682195854 34.68945135361844 55.17637866116709 38.62802289798654 40.81986738184766 33.16361792699486 16.875158607054253 30.613751381500236 29.240627603821395 7.860447250488923 24.708972213832126 
-18.451792385311602 -71.01470858006537 -91.3705045276494 -102.51825140790612 -124.5599120878378 -123.4892496856103 -101.46248081069396 -72.31367456622274 -49.35016130952721 -60.05771763717928 -51.993639553758314 
14.509506226819104 -44.053491562610176 -42.93674143499946 -22.10378293034004 9.899154354358044 7.353997081029808 -7.601809518712538 -30.814907921548183 -77.02515508418105 -74.37701079279546 -31.304492985807144 
-5.6027455531878 -5.669571237415658 5.886707270043463 -3.9069610735969547 -25.003971826258123 -42.56139285987386 -49.416879060465945 -50.40190060724953 -6.954070939620216 13.184044487565659 -3.3409250965898014 
-17.093447330153523 -19.957237057837887 -30.343206016216286 -20.579532853268248 3.6360696970163877 15.592289710394422 30.316809482396746 32.29147585818795 1.9510704535263017 -12.752574138337781 -9.48473624875648 
-3.663839549827176 -15.231343164270257 -13.120067977123623 -13.322938566577994 -11.642139958628338 -3.6889543831322977 -11.42819638960453 -22.55991578071329 -43.84898558518974 -43.143622098329686 -21.709445025965934 
-10.12140696851732 -26.73214293081707 -23.574068963853687 -20.768909301799333 -10.846127135552614 -21.450297612618332 -24.372041443533888 -19.9265771204135 6.4723481144239425 13.522766392774178 5.063887230949986 
-2.872278618691049 -29.04805816308204 -28.96220886513227 -28.047225560490276 -32.94532265899403 -28.982182555038598 -17.94074989948104 -14.435658296271011 -22.148194801156514 -30.002978203758452 -17.768136041516676 
3.203223041641267 -0.04613938297513223 0.7960082047624844 2.2897922474937125 13.289369974616788 12.539885698773361 5.39521270321392 -7.763793538622284 -18.719842955000445 -10.4253572122226 -10.641978272550112 
-1.702216798547445 8.202775794604985 12.98376664533331 16.01560150573532 13.164308261005186 2.007139090005251 0.581977321708072 1.0699440155853726 1.5536767535444502 0.9484051919830921 12.414212701870134 
-0.8877699452908389 -6.780240758089601 -12.437754973110327 -19.768187098585642 -20.764876025570928 -7.216679062525068 3.7838305278195317 2.8350949389556854 -9.045154755759523 -15.98670746738151 -8.288580073561127 
-3.45109745693984 -10.966461944016427 -9.73292218084589 -7.3676013663488416 -1.3152392019438315 4.560373948665793 4.722828427178438 1.3297066278749277 -1.1847184170408533 0.4262244588173534 0.7073053693780844 
-0.4332765767465301 3.5667155325415103 4.725782750637573 3.4578143489085047 -2.8512175700008564 -11.96332746425933 -11.761064914276563 -5.519129543174789 -2.386250636340441 -8.532087918802985 -4.003451843539493 
2.2671212121611495 2.2469717217189458 3.9875950221976377 -2.1766846160067868 -2.2504200915390715 16.748014427113063 13.828643936349767 10.155564944335985 10.955957692214042 15.519618638901548 14.813552754229736 
-0.5295475746818407 -10.276744753252125 -9.277905176016068 -4.588862262820845 -3.6283634777601104 -12.61258711751256 -14.676172493860282 -13.799517137394991 -8.296380840752363 -7.301468446259902 -7.278154565461328 
5.238493988612435 7.56610309892778 0.14238615113221165 -6.322542938610327 -8.700427320971528 4.90631266586799 3.3088789499027413 3.962234060094595 -3.920713406361387 -6.3630840379050255 -8.45797696350109 
-6.951669256395001 6.826964056235491 7.847050961428643 3.4505439829629423 -5.149299098297893 -13.674313230082522 -13.01822751091962 -12.596245623289498 -3.114489344313211 6.348829523676134 6.848459844966477 
3.1273510482059326 11.568227396610013 7.754251432379395 3.3644603677933462 -8.414637881883152 -5.770817995688594 -0.05162528255820243 -2.301774794364578 -1.6933077383597532 1.2316505406796194 -2.4902260407268155 
-5.638520518045979 4.345506078824373 5.385275465127787 4.516336974836128 -2.6945960125535815 -11.779414360987959 -12.405838510614027 -5.8327422453848765 -7.510971047239744 -0.8569765367901773 -3.8449862447459626 
