-587.9964416454507 -591.1675445736693 -466.2077560312898 -293.6175901034779 -236.72328438999793 -202.03962338346972 -200.96343179223595 -240.73108899743423 -290.7217374858151 -392.42208119473696 -496.23349882613775 
37.58156790523785 36.89107932873979 6.158297621522731 27.043986852268436 39.60899871181091 62.65994329615603 76.4774898413772 66.99773517586505 82.35070163573573 101.79871580156625 57.76494213008351 
-5.826935361189467 -1.129294681360911 -29.647589004183068 -69.21524398496277 -91.70132916098146 -118.32778399665472 -114.27200733812268 -88.65961159802495 -54.211084656930325 -4.980961651206231 12.096014606550291 
8.900657654482746 5.057277581686458 32.91898186857655 7.642438391891014 7.490924160662791 14.491678518670376 10.845948697146369 4.362319995970797 -18.059580093701243 -51.86192680854167 -26.908695761610446 
6.561782155432717 2.4685648812022283 -18.101834590004913 -17.491328015646257 -19.420526024180884 -48.4359546624171 -54.29963067347221 -47.8810207378972 -48.73251857217359 -39.44847380024619 -20.904537604290105 
-7.711223393541776 -5.6807526115113465 0.7481066369012823 -7.105895794277821 -5.275055329454776 7.582357221659281 8.494955333347892 15.56437343223148 20.71338208036395 2.5010076038414235 -20.627099885561208 
-21.701346653871802 -18.783658447875485 -0.5158690407225964 -21.00364955189619 -30.16234488642804 -34.6312753387556 -35.29728912502878 -38.171451521895484 -47.18486615723917 -23.037141793294953 -22.247750302417064 
-5.192779048265084 -6.619696228373039 7.034080385209739 -3.675487705240326 -6.927605521638447 -5.959096025528751 -11.367809344822305 -12.11030172821902 -5.749286794983779 -6.336058392532748 -0.7887720533386037 
-4.667104541771232 -6.56706387621518 -4.634727218108996 -8.891173420698838 -22.82299933460687 -30.11280530267485 -27.086252815647384 -10.70028331197468 0.464848136198443 -9.869497287435292 -15.54766216177488 
-3.7810449587976844 -12.44258020850933 -2.308934253053548 17.218555286462408 12.74397231204568 2.4389460587549925 0.0898474944358445 4.482929405137396 -2.429619155262722 2.1102133485244323 0.6915790010499003 
-5.139264722070173 -8.612355186919505 -8.009039017330984 30.28753212996729 25.682478678437587 6.551448357136273 -5.828903575091277 -15.682918501485617 -7.680871253508347 7.574964566018848 -1.226772433487105 
-1.8428302670611432 -6.899397714417834 -5.121304160749659 22.254815941577867 22.897649010611943 6.502779961287549 -6.145453733604809 -1.7379302065124502 1.2816964282820296 -6.307551674935259 -4.901078977006775 
2.795752489317369 0.3739751866162882 -3.4909107993877697 -3.115362786800489 15.558812863697344 44.45263492532116 31.805024611447436 12.531224073396327 10.50834419040558 5.969530926057253 2.599509322680561 
2.157553290775907 2.60190611300325 3.548803904716074 -20.652291550085003 -25.540920344231 -6.438941461840644 -13.187620154876132 -22.84814954182434 -21.787463948231434 -12.625352684016114 -13.91338915045189 
-1.311378766509874 -2.015107810137778 3.061108838079764 -12.982309691179713 -22.767858074567638 -10.638878714912638 -1.9378688517118128 2.8141886867512342 -1.2109918952579206 -6.096734143303433 -3.1483463019441422 
6.497241912906468 1.7673300363394178 4.636894989962132 4.73333469071355 -2.3367882158223243 -5.939218100187831 -4.225222814953332 -7.6466636107271055 -4.775823312893834 -0.10099659160434933 -6.049096139409111 
3.609321636245509 3.654441493184729 9.387881023372838 19.040632140656257 21.768180653127118 10.317608943075236 9.884562649469553 15.637269858567768 11.178219232517046 6.533140753273761 7.896431194125149 
6.1672501120093735 9.493984784305422 -0.8778939510374675 -23.47363771409831 -11.94444286538105 1.4888296795597311 -0.09089697351220483 -8.262439021135378 -6.124989062916676 -6.76615123215743 -6.879026137154536 
-0.555509665143493 5.09609603596469 2.2157148288192356 -22.879083261265233 -18.700531412188614 -18.222827274098336 -11.067713438000254 2.9567677411359075 0.8377836887602791 -5.355781261506722 -5.990634405305353 
-4.169299216874417 -0.35754896472194697 4.351188141924677 9.115038331130508 3.2700187887288843 -13.593654730894162 -8.152561963198684 0.9123688391228966 1.5741368903792186 -0.9099084152791471 3.9511601235826634 
