-707.6894868208296 -710.0369629679795 -711.779296840816 -711.572144902658 -708.0253988249923 -516.1591697198689 -243.91323219914452 -146.63532998796725 -126.54466232873618 -146.06679558795173 -243.29405697686664 
5.480701140207954 4.356512321304639 3.6368501412456373 3.0286006767319393 4.6383761620969635 -43.52489487425422 14.317466259682462 48.81377694455794 59.95005835595521 25.84100775728814 23.612772677041043 
-2.5646363147474767 -2.0019985102972915 -0.7872654287009737 -0.8024608058770737 -4.089233021030205 -10.427620274531751 -75.8604616542974 -122.59697058139605 -144.97863894264444 -110.81202033403213 -67.89577672031004 
-2.510158764026433 -1.4183449105468928 -1.288877323323808 -0.08421014513107661 -1.5277747804674962 -7.595641060091215 -27.782131945784137 -29.722137408551895 -27.226342311264478 -31.35980388578054 -43.45675397062453 
-4.52505122620036 -3.1733932377271903 -2.017032674134101 -0.8358469172284119 0.4499402909857747 14.256340988206736 8.125435028135541 8.841450945727651 -4.610448477547739 -7.405587066107035 -26.02833695689181 
-3.7855956380777087 -3.198567547047106 0.13583219879634556 0.06991907030860312 -1.1743798239638734 18.150727051471087 -18.821115499620973 -24.1650359211765 -11.741083457506814 11.022758843307809 18.393397476848598 
0.3540449575380057 0.451606706648322 1.225486532601895 -0.44134263769736176 -3.4555901038236767 -2.0506455493697855 -23.610674566222023 -17.793318068739204 -21.09399978650121 -26.892690322898638 -35.68900015437549 
2.225194242483135 0.694168257188192 -1.2983519773327998 -0.1798579226223007 0.25174299339189987 -10.780331767916678 -4.409322582818474 -3.2846957763395457 -9.077433255137475 -13.39331858853501 -13.862782938277459 
4.082351294191774 1.432519363584139 -3.1567492700227167 -0.7236714962351516 3.046555596292458 2.053069515444305 2.481303304213946 -7.254540683318085 -7.623653852374337 -14.658563069239083 -7.247035414599237 
0.9373616441410431 1.3718898851333694 -1.2713284054043117 -2.62281936975738 -0.8885143647949933 10.10091590198055 31.629869032291857 26.530436631122875 4.993540121700409 -12.752840182627484 -2.3636567012182716 
-5.523740840071944 -2.889672091682015 0.01636980013996525 -1.7831580245894303 -3.145815433345952 -9.605674833326933 29.39655440230353 33.39134248382331 29.842814964285836 10.735981933473354 0.48446023280458894 
-5.824156107975486 -3.0084626328175954 0.731885767708211 0.2835149581877545 -2.4715566984251396 -3.693319867823129 12.187108722633784 27.55500694139771 31.17393173154595 23.77218604996733 8.271944119512707 
-2.1111085753238577 -0.48998388378594465 0.7174682338243684 0.7989182979994324 -0.6380588678201973 -11.05980343373361 -15.557932922673803 4.59553015079123 29.583255025526235 37.88339097565287 22.14927310460537 
-1.4609487628960722 -1.3911323101144175 -2.655235785380117 -1.3168692730745521 -0.24027832549222355 3.2956793402230358 -12.703306322277621 -8.706060122670866 13.330698872560367 44.616029408035146 45.16693583539047 
1.4276643342159268 -0.34766131552558227 -3.4076567886556623 -2.3059867119548034 -1.2604206598136996 -2.2015303888832367 -16.575828875847705 -28.225896095925126 -20.090435338421607 0.5553896675206639 14.544708058534756 
4.433176018225431 2.426174187466245 -1.0569521433420823 -0.5934695449828128 -0.3377565040910237 6.025409257848336 7.554421174401408 -5.849182627809444 -26.834124955858414 -38.465279513386506 -28.475727740259796 
3.073501019669921 0.8680888971682816 0.041945243811283506 -0.4775283873560747 -0.36835315787752415 0.5536195133669268 4.519076216823483 11.151308085414255 3.8251114401452124 -14.239610866918765 -29.39993388462002 
0.7068887312731567 -0.58152012195494 0.4688961454975278 -0.36764614042784655 0.16643648872548933 0.07527177470505975 -15.739022502465831 -6.008558808084448 3.8086344921244626 8.714277177694928 -4.602462110925519 
-2.2973542928367987 -1.4005220458078222 0.3691986611965422 3.2922226702702466 1.9954598900814577 -8.479972345639283 -11.89808566141439 -18.775640746248605 -12.913355573969046 -1.392074484746662 8.890030745950867 
-3.43555366055395 -2.2225106997510453 0.48849006400407297 3.3715238338854547 1.0922478841403103 0.3430814496373472 11.563600809945958 1.0679054579770337 -9.768717179203959 -14.981915890330217 0.40168398614911593 
