-625.4730872879276 -627.8510037916473 -639.7668646029699 -644.1500415729533 -637.8204018711976 -642.8136762539564 -648.8140686068597 -643.3072239024211 -479.5278692834615 -232.65480419991894 -152.9104588214872 
13.89743274773079 9.211418260751508 12.182636990351554 12.765772126431106 16.894764121384014 19.257556926380435 19.8184287050901 17.048305147214506 39.44964060897526 63.24977584302944 56.24950659627995 
-0.4398845521179924 -2.0383397326638466 -3.931630944336357 -7.313276739672274 -14.100453273789167 -11.31027946195408 -10.767326853211468 -13.284925545013051 -89.51875297618473 -101.33515616620201 -92.07379630106306 
-3.041702886913 -7.412120980289545 -10.455810372020998 -4.559715261891666 -4.2678461747370315 -2.8232071146852524 -1.4033030363603463 -2.9890058660360754 -20.76119233479436 3.6528351310097484 10.774614594380127 
-7.144336948815107 -9.63977367245956 -12.945436133913958 -12.495803114807003 -9.282444454431772 -7.421771659380105 -9.419387038472493 -16.225902722876587 -13.526078184357608 9.376879003575958 15.268583840285434 
-3.9260743135090372 -5.117825445959478 -3.0820412802402535 -2.1326491597391506 -4.4996991441171446 -5.292833699746822 -13.23415534045472 -9.865302252006956 -11.707780770306812 -15.051034864481569 -13.072103073281141 
-21.646604979017578 -22.903581437115285 -16.905190386224838 -16.762361330966517 -13.065206451694788 -12.364177697203502 -15.32483300836889 -17.57472739902263 -23.82175774731058 -8.806992378665148 -10.440745410089512 
-4.808164387025563 0.2341107354555993 -4.0638298065403475 -12.904546490555798 -11.441559138638596 -9.663424950714335 -8.053249086892654 -8.125364904395703 -18.865964124910278 -13.451793966962443 -12.608295845604033 
-20.73272581879265 -15.149244573145335 -11.839849936346633 -15.712885406658042 -12.620727342364432 -10.68595624474591 -7.544382224701161 -3.7992731253074767 -15.519811326725684 -7.857554863006371 -1.5173018623602437 
-3.5613864743019255 -6.4669772549260145 -8.261093349614939 -5.312920512238663 0.8410142297935911 -1.428259001124523 -6.669525693444326 -10.449585154212716 -0.7695598711702372 16.657022626316092 20.792586231716736 
9.261551102206411 1.9236554225253715 -2.4200704876821177 -1.383404779997937 -7.599559749315576 -6.912023254346227 -3.2524191993062392 -0.9751676658373658 -0.5049011809586553 -0.2749820129978334 0.9341734452169619 
-13.05488079124677 -8.88577664037846 -3.1824911401779037 -4.553226617370807 -7.294605106706379 -5.959658955952757 -2.245929330665705 2.038063280882983 -19.63769751577181 -20.588234549104364 -21.9212004275377 
-9.973155553445437 -9.300438506262944 -6.710823751235584 -5.995673805109279 -4.961954032398083 -9.029036995927893 -5.957376327900032 -2.1749569513754694 3.76763702793388 3.8707297274531274 -0.44568702025936563 
-5.609333755891706 -8.507176633892021 -6.941533829568625 1.2612093144024583 0.7339695876185796 -4.775521660964186 -8.555728958852923 -6.241613268970699 15.399252368682802 12.247961863005745 8.683038607395037 
5.021620887728686 4.440308351467841 2.122531931171092 0.2530347580178258 -0.4727905234790328 3.7337651831543424 0.6166917396883926 -3.265961836472556 12.924627730631709 -0.2123358334527425 -4.809319250696852 
5.122214249865885 4.689754731665413 4.212828781215388 4.400800276986335 0.7044155750645906 1.765537780215142 2.620159977571878 4.812624904768205 6.585415260094165 12.318191693602692 14.239181797114533 
6.3778991328440515 3.4330385412866145 6.187312937941173 8.355236379550638 8.179663259581522 6.497557603703033 3.0988096004246755 4.223790477751773 13.080567228543789 23.786667050206198 25.81232873333401 
14.527839096500067 9.699298487131326 3.501588192539064 4.722464556219305 6.219482651597575 5.455052011986533 5.368259059349558 4.77759560883004 0.6383603639827985 -0.3687622662458274 -2.832717150867781 
6.945189357517981 7.369997654833031 6.655617660963239 5.565139473852922 4.522620446369768 7.453313183432883 8.400151424180613 9.686660745943787 -7.951021800604555 -14.170534491388027 -15.202903448538517 
5.2337707203302255 8.629319437510649 4.70610820615507 2.024981041303859 1.0232361820136395 1.392391037877738 0.8019677039230962 4.838841365858262 -1.7303419753623515 -4.951792005804146 -3.257850167085149 
