-492.94274148169706 -480.88722720016 -433.14789989222487 -293.1090309635334 -223.66908438109684 -156.22387415958778 -128.09688169809849 -164.91712094517013 -283.70400091436164 -452.1883452252487 -495.87971954536505 
44.29721235738225 42.4741995221722 4.278818291202847 -30.86232960006775 -29.643667968847474 -55.30525633033429 -76.62857228883274 -64.82404037049827 -23.0156089059981 24.59713018721562 59.11563124510393 
14.039993841934706 22.938673726812066 27.767005292880103 -45.06364156358865 -93.2506277184902 -121.22735333897512 -111.92423191282535 -81.0576096371636 -26.31686321457286 19.016527149203934 18.469460184965726 
10.505185589822108 -0.6777881225713305 2.980914092209864 9.864637304446699 7.633403587967445 17.71438436208264 20.345783421721194 25.44677523608764 15.195635675587715 1.7418258639361643 1.6891183428207146 
-6.927019293776388 -3.3584940109108548 -18.895923178054268 -6.779670392927265 2.515895258301809 -7.127783770307625 -23.430676205237248 -26.355457289192202 -17.032750762138058 0.5820588430959583 -5.588936557687896 
0.7817979681806477 -4.788826782477427 3.660363541527749 -1.7247021623707468 -10.74580005873067 -2.910385991187342 16.168745478213005 28.139961115079693 27.10505206835905 1.4537957939506143 -3.1489984076418462 
0.6769111006529419 2.399691481357115 -1.7690126278175604 6.513875521437743 9.661541471106426 9.641890837525148 -2.1681349479840164 -13.480299642572717 -21.745624354549307 -18.19506829614526 -15.942389737904108 
-20.194313159484565 -11.070902080477726 -9.77085498866008 -1.5264653731149083 -1.744891002939434 -14.438646237531831 -17.578632541634114 -16.272239108198683 -7.339098769402812 -0.08477891427754014 -3.899708045679755 
-16.39631380396395 -13.341611269729842 0.030321400596195813 -13.722554697284211 -19.135242996733496 -7.950607820554505 0.5692953916603486 2.6038194867870583 -1.5829479250236727 -13.734140860322285 -5.046035692582247 
1.989467802564689 3.464219817796192 -4.409636338533328 0.027516213619717456 3.980023469666084 11.980763224755393 10.559561277924695 1.040626917069182 -11.90779740158953 -3.3360069402024757 -6.396819209019087 
-4.20401699318412 -6.556496567926244 -6.5574352706865735 5.622832756122292 2.692879853858358 -9.554457538042698 -13.86859140339271 -22.28771707197539 -14.560717431892048 -7.3697789346284654 -15.695553244602447 
-3.4435103350208522 -1.1354110851618096 5.13884918624238 -2.597884440082858 -8.960543414494909 4.154722135018025 9.319802204459737 2.5569516373658194 -5.870841686640989 -1.7301294848018456 -4.2737503801002035 
-3.267840904990078 -5.853576268515324 -11.37769526447886 -24.082156293174023 -25.343390782934307 -19.869475486758294 -12.080292763109819 -14.266186900979884 -15.992592353028432 -1.6268969311678012 4.834567699639143 
-10.310649204861889 -3.8074274565756685 0.2551887422099697 -5.876227132316316 -3.370054153210385 -6.984076393681008 2.9686903072463435 9.331371655290894 1.2222874443276714 -12.290267259919526 -6.00878427326357 
-1.689135834139254 -2.9883455787204403 -1.4844117407544992 4.59516956240779 6.812818756469113 -9.621058127745709 -19.201447548118466 -12.99662023185694 -6.340465013087016 0.630637592947382 -8.370327178414033 
0.29891266372237624 1.8566910668232657 -0.05968873139735609 20.14844485751052 23.682697355354406 12.109866188072228 -3.890962022386046 -8.728050463139168 -6.4691010856878925 -8.327744450873372 -0.702895918529857 
0.1617323747009034 -1.2084166254909086 -6.667209927254303 10.984988925439357 19.874950339207984 20.841094418123337 0.7837701714171086 -14.763808533211016 -4.096253900575524 -2.0463109702259388 0.9930162660817958 
-3.4386391387447888 -6.449769230669559 1.589652882768317 1.6010431287011608 16.066059459897097 38.39665260593907 29.29144892029246 3.2886750291781044 -6.05644126404174 -4.7883126556784905 -6.779264505411778 
-5.840502879707259 -5.880843897335202 -9.004664611637647 -23.45935641453088 -18.65016257419864 0.4153645115765032 13.10285665034014 0.9171287291530794 -11.861800737193658 -0.18941885787877077 -1.828067542027441 
-7.416447649994073 -7.936017226468884 -3.164456023182805 -10.307257227264838 -17.96523333258803 -4.160782299615979 11.440857773032961 13.945093125518042 0.1952397708321829 2.799071770005285 -0.6312758098459594 
