-622.9004421807148 -617.7356897764378 -615.4997685899815 -552.7267998181188 -287.0786427868899 -198.50571352629558 -169.9009260519964 -141.28107431574526 -83.32093518047068 -60.35257976769343 -75.57393198995382 
4.413209201143662 8.699263931090325 10.893262790204194 12.379358386128885 44.39058664461109 37.84079319990131 6.803966475947419 12.323526596411703 -13.492218929356554 -50.554133963534255 -30.833373891704646 
3.015541406411552 6.353310300044667 5.849531551780187 14.291521519569118 -85.13398419642726 -104.96841893950818 -106.9983082488551 -115.02468462732008 -105.83868937628986 -72.89333264590246 -24.180229865151965 
2.7002687167350032 5.4800848930911386 1.8208906249254362 12.823562122598826 -26.265423939284588 -33.80390988472038 -25.287804393298966 -33.87104999406862 -39.40240839684486 -28.51735129308138 -34.38938976147395 
1.5044107258951427 -0.5442561066772349 -4.535703624990969 -14.988847717365513 -1.9580668430521015 16.793407371474725 16.17532526843526 -7.25973806595268 -29.6824730298245 -10.959446320333782 7.330922667527799 
1.09472142369735 0.565756656301437 -3.232382997946682 -14.22426313604578 2.0231083430742416 -27.943615178857527 -36.40086103053646 -28.701653077822286 -9.391657328685197 10.864729887183787 27.727679975919106 
0.02276077899172517 1.7462649045986165 -1.114914046082356 -19.96321787737898 -20.33773557933476 -6.548843860860881 9.547230255187008 20.044880053512742 4.686365027955079 -12.47135333438413 -18.209415358923017 
-1.4497396179871567 -1.1442936771309866 -1.916972918464384 32.77324707940061 0.5696158866384533 -13.33054702580754 -21.756258446411646 -35.05465908034528 -30.449902726182664 -20.32114636995711 -13.160623613185598 
-0.7055195603645206 2.267263197189995 1.9570462116872682 -9.426212561881055 -21.113252957953385 -15.144377151493089 -14.742567147882413 -26.267259836935573 -26.21599688363164 -9.821263792851436 -1.0987404223576513 
-0.692748385903365 1.4392914792803582 2.9832559516532626 7.520600994474474 13.159437823500287 5.9007535187322455 1.1891948034342221 -7.957095258943273 -10.738590161578546 3.183180057398128 10.640202734912727 
-1.1467877062573921 -2.2764492929241262 0.0012104140005196745 12.095327853496752 20.761673950217983 21.953263516407798 7.735778560020206 -13.168423335068397 -18.327039882787762 -17.3520064403914 -6.045458766623737 
-0.0768545825141177 0.2535439080124553 1.176448204166059 -4.8332249766775135 14.742622934809646 14.191328584930375 17.910182413395788 -3.2350136173598774 -9.667122206081153 -22.93225517779883 -25.77626316168523 
-0.49674693189407926 -2.006931967842458 -1.6518214404918727 2.046005678074877 13.222822113578799 23.48087146632762 37.199702989234154 31.65772713535305 7.311426290344038 -7.5945889310026296 -12.455527630726941 
-1.4598088309068413 -3.5094270078104985 -3.4544804669272393 -4.265619879682639 -2.9055045789465885 -3.909168439080992 12.04197296819016 46.29423614285023 32.54480033671678 7.339018100055543 -6.79179051598963 
-1.7540684709100587 -0.06408933618790541 0.8685952360679334 -0.6336871208265312 -9.741702011909283 -9.326774886221092 -15.889629440327543 11.901709720846938 24.631981946959158 22.465816184030782 13.811413996408335 
-2.9500270633005647 -2.939633881022754 -0.00704131709426542 -7.067227422808564 -19.426153000496015 -23.730582813241185 -29.459290447158303 -8.682238839100798 25.340381278553313 32.731652607110945 23.14333952389766 
-2.7637134673280412 -3.300448443018112 -0.6888466732853823 1.2000885634631997 6.122409747771842 10.04265605313525 9.656514286477186 -4.472718204870798 7.768649087911452 22.712399990439042 20.645200528442913 
-2.2838384857403216 -1.2673644885647777 -0.34898027515235763 -2.202040572418082 7.461024646951908 10.918963346129772 14.74938383078132 3.8187295880254357 7.445633814498716 13.727981798023528 15.22205582367798 
-3.604298933674521 -5.457847958855598 -5.544471465752312 -0.28193876573314036 -9.788320080105027 -12.366566271583924 -5.673032249715389 -1.8758780488116646 -7.256789197414694 -6.365614091172495 -5.042127574394334 
-3.279008389051689 -4.498697171804019 -6.146744007762667 3.2548113764435795 -21.957919033002682 -24.975112647916287 -24.195425184582398 -20.391068881182882 -16.538860143953645 -22.88946885243221 -21.45074943560396 
