-302.48841906938526 -279.4113227046314 -214.81695852033158 -95.67047893487228 -23.449251853678884 -16.59991776583523 -29.442921201382163 -52.45692030508105 -149.48724400591146 -260.9607329366653 -290.11906424476405 
22.031007357973586 26.133168920912738 41.79420416067818 78.590307894413 100.18264956292182 110.94935929854236 97.30079116324615 88.75660722907551 96.95332948530856 73.52261658304528 50.848909761046414 
-38.99539582673974 -43.05014416823241 -43.48118162852914 -74.04678454286167 -103.63252455203848 -106.47393834392506 -90.14886727948635 -55.763191865597534 -8.440265384570878 -7.999584337343716 -23.976358507479198 
16.97901703700135 16.843671577565445 -8.860036153543312 -19.940383649833286 -14.43044658048827 -9.555616621553074 -4.342965060468664 -12.814158181638376 -25.228174927990395 5.4519098142711115 3.9346336318846786 
-2.24029415690272 -5.527593269645072 -12.853804187013994 2.1315135081185286 -5.147196178493077 -14.507322278949786 -31.54928116795154 -41.8455786545494 -38.81797938191526 -20.69496315345817 -20.162157210212325 
-15.000205087052882 -11.977667209071942 3.199077121677041 -3.5012985946624036 -8.146473820003337 -4.4828326331742065 11.943290641998043 19.85232060683687 15.601683922468872 -7.8236437412115984 -17.88359209099423 
-10.173760866506914 -7.1366776134061665 -3.8510935182722923 -11.054079003143357 -10.797952478237928 -12.585238842393524 -16.022078912549926 -12.212909769622003 -6.7468203262083435 5.157797365329884 -4.422439268379301 
-9.674288306224787 -9.211010130672115 -7.38217412303048 -4.016430640735591 -9.295666933058008 -15.287645804944768 -24.972623260318 -26.877800350490837 -18.272377961162007 -9.610461181304565 -11.906726969163904 
-17.14386038033715 -18.913354262873206 -22.983662213763807 -23.438231805481948 -30.501399158646862 -31.111831254220743 -15.453545938213516 -7.405053625998271 -6.731627906697723 -9.299026901655841 -8.530884034487649 
-12.426120215454873 -11.847982055605215 -2.2149202057867834 5.178336426694885 21.437083957364553 20.22705112700868 3.508812125127743 -4.160266162116322 -9.364476840912229 -0.6283911999020708 -3.737830431117827 
-6.399700253131366 -0.7900823799728872 2.5042695019908487 3.0730784482652735 3.3655623815679974 5.080959912068812 5.942331875136429 2.1984400051626847 4.577258765200696 -5.867615287486801 -2.8481381908611576 
3.1656096841981376 -3.108164622161308 -15.332810516845576 -20.718191893665974 -32.485555269185106 -28.78708707026842 -13.175778533448323 -11.969620036375904 -17.466380941337167 -11.339482884372755 -4.335292305544922 
4.490808637245804 -0.25386300025418546 -6.589687008189433 -7.421111028887575 -4.540784739706483 -6.647619987570794 -9.053028371308987 -7.402348366237463 -12.767214362465122 -10.314796241800547 -2.722218559773281 
-5.77692297429132 -0.3949080445982286 2.4990218914842637 6.342215972488324 -1.7249401108367464 -7.857247802972775 -12.153686171523507 -15.699043758009964 -12.586856416882824 -11.160017816626551 -4.593922322376741 
-5.408786961872899 -5.688373553370334 17.907734337334368 21.390074396118536 9.246419163132597 0.04355900015104308 -1.3936837316682102 -5.480002102808619 -10.02293820671189 -4.3579958784701756 -1.7900170984261417 
-4.642501267958464 -1.626118778830573 21.224633878824793 31.169389904753146 25.248668524936946 8.04282594010197 -4.880426674864397 10.117794077312759 14.041511227229215 4.746349962817472 1.1220918550862593 
3.4321586690606125 4.632602817796521 7.0223463348104005 17.326723374942553 22.370173351345958 14.252982907969969 -14.529152219486637 -18.301041223369708 -11.012516444295393 -2.8021452198364725 0.5997797965232247 
-1.532080162729041 -1.899773458002309 -6.534300069476252 -1.97838644470526 32.405231990310064 45.74648427224956 21.26171509554309 -0.6625839064681027 -2.750061477057532 -2.189958171761488 -0.8629381733101544 
-7.7595171392503905 -5.097161746618747 -15.02467315502825 -22.967208811499866 -6.9696914840262325 14.869559090851208 31.94748407040459 13.97221711964401 -5.712584607474272 -0.08179602458487137 0.6146889679923162 
5.509595708269551 6.042411968168138 0.22713423904383803 -8.256331344456223 -11.29665797795591 -0.6710992065664666 32.94397019027069 39.83573367936296 22.729341552681824 6.847087597032061 -0.17668066009236352 
