-422.81971239823014 -427.6912257094745 -456.1583966443169 -469.7328145939056 -466.369572163756 -290.84649782082636 -133.07549443501716 -92.42194339403856 -83.28458448159415 -92.98639064572433 -176.67677329272735 
41.35090828676324 42.09346137587434 30.691896238377666 31.1712271478333 38.117222079014475 154.73786279745548 134.6424384533022 98.77706606041568 71.86545770906051 55.5381853079637 64.25692166947697 
-22.450783011057815 -28.652204215360896 -34.3604791117028 -29.460632680221217 -27.15185721120872 -37.8806364848912 -66.5969977083015 -75.58286768203041 -72.4676358796273 -41.359777204106734 4.1454858899095575 
-6.1636237916593375 -0.6172367843261162 6.114932538657918 7.095974342497206 13.021180925187426 -12.376373741400588 2.2110903229272654 12.450492601410502 25.538070931216637 13.507884628099161 -10.540985097731163 
-15.500780685471238 -14.566451549349917 -12.679971271054654 -15.709403282805521 -7.923258520346435 14.694236159926472 2.5360888668264656 -10.378756811974228 -28.363681897508172 -37.88543763418665 -46.56417925765005 
-0.8818180375893909 -5.501308455867397 -9.847408732218783 -16.703411593980864 -20.978148844052107 -9.727255378421422 -7.978440543931752 -2.437194786204785 13.942870994551855 21.71682625442743 27.131815081722213 
5.017736720559476 -2.3167449616920743 -14.599908320078917 -10.641307627086553 -8.745988137902737 -11.970718849215142 -10.848786280461702 -8.08023471999966 -5.135830767339983 -14.590288919894194 -25.43118019109982 
-1.6968894379582387 -6.137681310805821 -13.962852535644062 -14.225399503249452 -12.289026432435538 -5.776344261101537 -1.4351367034951534 -5.253960790172937 -15.239479091567828 -12.289337380426794 -11.51584740107554 
-9.857564809347009 -7.16397715903494 -11.192389758621161 -14.24313815230427 -17.538645574083304 -16.161615794301518 -29.50634937700426 -35.33855558454714 -20.09704752475342 -12.296935052949248 -12.816366329863435 
-11.118476811656535 -12.285358700133521 -9.287766364855347 -4.213415571891055 -8.707553154816033 -8.89327785590162 4.261565945509369 6.644676546553788 4.142613853878663 -2.201368821544105 -16.374410129367465 
-17.1023934748689 -20.770509852222744 -14.855527198501647 -6.256265469021558 -6.48980912479022 7.6870068092212795 8.984897785770364 9.197725850396857 10.532777937231105 6.303390352915287 -6.3996570662799375 
0.11162300006446457 -3.8888436265147366 -10.427118715740558 -9.551415899088727 -13.385964583915605 -5.116020562556708 -15.168213949319092 -24.769431204760068 -31.50096305359219 -31.58906590576832 -27.393915774843123 
2.545427070170454 -1.0930123793425621 -4.018019782561206 3.608230594436149 1.6362673449133514 -21.282199459945453 -14.341197758664824 -10.15420501088212 -6.299412494377633 -4.902669684976844 -6.550872655531961 
1.0155227859649583 0.3769547275009354 -4.192648710528216 -0.19031937713308056 4.381466119034558 -6.705020643377961 -9.145946800881992 -12.314245178450978 -20.25075751055249 -22.401127589700405 -23.215867005020442 
-0.036664405487937035 -0.49793289429162857 -2.3898919210591907 0.1440765835145238 0.7164342484026965 -2.1186078224659175 -1.590253723397269 -1.1638610475477096 -2.745734003926878 -1.2234907542050228 -6.209426260499727 
-2.414949471110778 -1.6968349349056306 0.5947294381086717 -0.24049193103836985 -5.3051320918726415 -0.38835774068928564 -2.6559552559358215 -4.46958776193059 -11.59121970603376 -11.877284068318454 -10.843572047160384 
-3.8919035464874243 -3.179117594306752 -2.772584738856175 -0.9584228098943659 1.2714643438225917 -4.30941919250571 9.208511675332865 15.05311482362569 22.471698625625837 26.8794651423591 23.255965932076535 
-3.2148751981494135 -2.686036280088037 -4.104353192551807 -1.0991347065902226 1.1739202210280484 7.094200880240551 4.228322521331736 14.707313297045216 36.733467410213926 38.99807391496384 40.58300697938924 
-3.359671000750313 -2.408870711273487 -1.333452658948388 2.493528857341084 1.8832228979167807 7.910207837645997 29.68767069249698 41.04466718845245 39.9591600798217 32.228135959236525 22.753801243240183 
1.6944965830778242 2.0637603984991655 3.722449125212074 5.169364191820869 0.6690116913816384 -5.240384969082891 -7.403762468645274 1.3789437403639104 13.43357935042166 3.9532918306420983 -7.64095958378747 
