-695.5300275900132 -297.8224294386067 -189.8155691252545 -171.83360681129287 -176.16158617480824 -160.61579306006342 -167.4746366506193 -244.0629328346086 -383.9160626116687 -505.35715036943424 -643.6444932926846 
-13.846734741326216 140.13507897977547 110.54124997839173 75.58436623322834 69.09150601700935 50.07647472298943 41.66960937507526 48.043250267348554 54.27178133431127 27.358112633808535 20.503133733657393 
-12.941657455940561 -137.6873180662971 -126.32772128743716 -114.93214902198883 -128.0847293942183 -114.42807710373032 -88.7614768757908 -57.194725353193846 -43.25154163544587 -42.53897886856671 -0.6452628860134327 
20.35138589565925 -1.9061501390808893 -7.866109693489806 -0.7734503527667049 4.9227069430563795 -8.961264847697986 -25.548523134588905 -35.92861172293816 -44.52615207100382 -39.15327607664689 -16.584791124060413 
-20.840629054627676 -23.223375065002273 -19.114878969904197 -21.30632373779636 -13.606265458556134 -34.24736220233816 -33.505777400007844 -30.064615704810855 -18.37674676649131 -20.661095905299703 -29.490910206617475 
7.34536080060683 -22.16803994261597 -27.273284368041494 -16.879462778702248 -9.30017077300768 12.894696348907967 27.173006484598673 27.218568525905585 23.345246400646495 20.615998875448653 3.9494296890937424 
19.44416509057809 10.680625919111236 13.477524764094802 17.544658458061257 15.579601300067466 -17.81384883135467 -37.41665776228062 -38.884727925649614 -16.67773362912284 -14.520843619400546 -18.137629787727516 
-21.12680063845886 -48.23034640989859 -50.0096853604173 -49.30776816337292 -44.79994455943344 -29.82359930892707 -18.37329072371721 -12.62883192314018 -17.214275522103833 -16.828014766091005 -9.235405270574407 
2.864842807148385 -15.473912367971389 -17.504006599093866 -10.98568226276804 -0.9354036022370323 -6.61850986946979 -4.922637515292665 -11.657312824812806 -9.84802787118394 -9.527466063949458 -1.2410577745914222 
2.7660139021065446 16.59636157910158 23.373405376864373 25.667874529059752 25.45122616192417 19.20806109002789 7.783753289331257 -4.171282568745297 -14.450263223480864 -12.831393391001566 -7.627743546988192 
-10.822474959728423 -16.054641052139836 -25.580234838344907 -31.317617574598746 -31.584179337097677 -28.762672076453157 -22.250699867191734 -13.206690733705024 -5.682763493114249 8.111314173308358 4.637815476057213 
12.858402461260503 -5.98824661641701 1.1154387493948306 8.731820065669389 6.133867893538907 0.3891464490343366 -0.2541496228777147 -7.741007228385268 -17.816232519101064 -16.301253877394956 -17.837932813948086 
0.15469517284300172 3.3749511645152492 -4.711119151201725 -6.443792102033212 -10.357686417502167 -5.140766573280216 -3.1389310686562193 -0.9634325728065753 -1.302587330282717 0.7226693602255598 -6.124753142131639 
-10.356296783794438 13.192163615609697 18.14053105951439 7.112057720150305 -10.264128284103819 -5.8596274475718975 1.039296294713461 2.027553106747798 -1.09721815283738 -1.299817057359129 0.2294669058735299 
3.1385021551872354 -4.672478199087894 -7.581466187549525 -7.712571522257936 -19.18487624423601 -17.02686560762581 -11.039252255429531 -9.486946300702208 -8.655797501149166 -1.550837951872651 1.5693790949073891 
-2.0014177138925477 26.476508984290966 33.43430234465339 37.44516162447256 33.49729118019747 11.414171461461514 0.6974056057331501 6.3837125225200735 11.01438140389145 6.310198964450891 11.372522064763487 
-0.4781148032954454 12.968806048087782 14.968012913357434 25.799502077020843 44.41671042021683 36.27489216875803 17.627088187693133 8.305520225212078 5.212770097191891 2.488936170812978 -5.632222458083135 
7.607553658870545 9.255450067807256 14.858733365485946 24.531843449539604 49.366306882548265 38.45364620313103 23.357467447005895 14.107692854733422 15.672249907710317 15.280151479170865 10.360993006830789 
-0.41252478312950003 3.6367617191344603 1.6481022539323729 0.4035864462772682 21.391261424262503 35.91457120114804 24.38634474609411 13.304007307608366 12.288035101897634 8.22736588596107 2.524589066213176 
-6.889752420541191 4.160083230639048 -3.3072025733580053 -21.221344206715273 -20.18887095500358 -3.209631202432486 3.4775302172443867 9.875398212114339 12.49513850601278 5.702006790590729 3.186255270306739 
