-519.5962959766933 -252.5580386998523 -105.61736850667734 -62.03727846578003 -74.51015896893409 -132.6764009371563 -261.0283560397295 -393.19261712531085 -512.7909839145233 -543.6592929063297 -585.0156927842597 
-45.85719180015866 5.282640638062716 20.45600796325836 25.547058319541286 11.140467007517394 23.748401069129343 69.12637901989626 89.1031934576417 123.92339697313164 134.690138401915 98.17089020404273 
-35.506968522132055 -39.96150205985292 -80.8618238011606 -86.95332192607933 -62.577117180817154 -37.94878087848935 -37.744860696347885 -16.708826214921906 57.05566283880766 51.9159367552534 41.76151014220859 
-3.581798501673205 -19.05418159732246 -8.79000470956816 9.948292275280728 15.923063107551403 -4.931815816589464 -15.939306563221308 4.921148949755013 5.994054988399164 2.4941143144008513 2.7914212495004804 
19.829810306222875 -8.433307392469773 -16.29061339438331 -25.32525019297787 -19.943154407962027 -13.852547204592549 -0.2764684484593958 15.332928826880222 -16.866293375098593 -19.22783147825385 -26.184852104993563 
-4.404165082677222 -27.707412601067084 -39.29093230100656 -35.58212892057249 -26.13952806226433 -21.037478648566864 -30.83825176539201 -25.83147894950629 -18.182125878278974 -12.537941138526785 -17.27195986931499 
-37.56247329534483 -9.681938303918992 -11.257301112113458 -21.240290479914847 -32.70361933301132 -35.38337625838112 -33.5040233163476 -20.722105633492397 -8.65525775722007 -8.81453202728146 0.7292942555144667 
12.791625037837722 2.739562304779 -8.632673055694237 -19.529565031586905 -23.55184824103744 -13.283623885224383 -11.578879667062251 -8.779743467415866 -18.074304130243785 -13.798673215406708 -8.372019477148433 
-11.683747174295338 15.635994392832849 13.148950031832857 1.8492877754147696 -20.23235737051779 -22.23222185832898 -33.026073385428504 -31.88355588003456 -15.009568209654054 -10.89160053487135 -11.287065930066873 
3.1798308640356097 24.842640710348213 26.432078375434692 14.170723241344731 -1.61210653868741 -10.001291337193077 0.5922309840554084 4.319621471063726 -2.846802315224813 -10.595567013695238 -11.591747266998084 
15.716617172316331 -0.19993760222339596 4.675340912037512 20.0978456522978 24.744327116143428 10.167652632587245 1.0166790820164535 -13.717326500692128 -22.011487822510464 -21.710628797461 -20.819889895734057 
-14.661012631375892 -1.1237879290608936 4.305262732086969 9.670434296468068 27.686547186822956 18.12450242375577 4.500102673133877 -11.512954084781649 -17.592160162522646 -18.501773985394244 -12.727870160167276 
-10.763594780025132 -18.60643605490495 -19.92916683074781 -18.34579589015243 0.16024362324141514 10.388273847645483 1.2372539182736375 -14.902651433677395 -13.001857655067637 -17.2440947894334 -10.926771682053571 
-7.086962847783956 -9.923007414826476 -25.438760269512628 -38.91049761866791 -37.01937559038962 -9.858962388574495 -2.1498329012144293 -6.42449792245318 -19.734140350231286 -14.131943236670772 -12.471423218405143 
-7.585335958115742 5.339886119584041 7.984162508935146 -0.34855605512320625 -18.933836422376817 -20.46576429509637 -14.27857371904748 -12.019819497865662 -4.308145166067401 2.361646783254293 1.4850421633310793 
4.242069854170223 -2.4183715741507066 7.1640497593594565 4.075171768867886 -5.2260415934586 -19.690313361119713 -17.256791120420566 -0.3889355148650644 12.954472687748229 7.843711261693609 8.23968940758523 
0.9076313695965774 -14.391973122432157 -17.70635780412662 -9.707323732583909 7.831941145111324 11.363445166628388 5.777795994726986 8.911828115063816 15.025110227785387 15.214524852609365 13.531387409112753 
8.655597295844014 8.423677678251378 3.257475429183275 -4.698222102691245 0.4565497369363365 13.4093272818678 8.331740541294444 8.566028931138227 9.518455969523046 16.10517552482733 23.060741344560437 
-4.18417461110374 8.669551874435568 12.596816562908103 3.2316665422693913 -8.789290025440973 -8.30539150675503 0.7460215311486542 11.992946791919893 12.608736941671744 7.709228387723579 11.613258038653907 
-0.4606645848440711 9.007560620388874 24.444171651955273 29.990038532126803 14.091090550644633 -8.439992809410963 -5.774490823264704 0.8912095729710123 7.612117587901512 5.404512512751317 2.5088703967766675 
