-555.6088050592367 -449.90171963208604 -240.4574692558556 -161.5201627200611 -134.7709673595739 -95.41428612911791 -84.67155146769622 -118.09757709077756 -198.07200081436378 -303.2446333589362 -406.2062139958826 
46.91359182095403 57.99933050186054 70.48705217951459 81.58668349746756 104.70589766137968 100.93957680022217 87.57731513994048 74.91310698144613 65.96560581871105 51.44112777622123 60.503431773323534 
1.1768777053792074 -85.77933929683707 -161.75067587789658 -167.51096692413233 -169.7602444461097 -165.81406532872006 -142.5207798614537 -98.80148863188919 -76.80118899063174 -79.18907877267512 -73.59653695231361 
3.6394051615123324 -14.701672839090614 -17.60769897194441 -7.023867062541052 -6.217064483269979 1.8029896654683897 6.267053433999434 -15.764340847979193 -25.227399110668138 -19.29728214461528 -17.855201772497985 
7.212732101252311 16.3454051225232 -6.625476895314663 -0.5764388256264457 -0.23976220337245058 -17.829832737574954 -39.5793280379744 -34.09220237879817 -16.26653973877684 -2.6571382722501937 15.505947210021723 
-0.16792407609392931 -10.04110977789228 -34.269545234180995 -30.3911146648924 -24.77655532485867 3.1693488782779937 27.511624565498007 26.98038033531614 16.597326920430344 15.828794005607689 17.69642808371836 
-9.02352617680274 -6.1764761566942745 -5.26074809409776 -3.4372411622873553 -4.215217264193701 -21.420337027605107 -44.644181764188545 -47.65902748171341 -41.683009825379564 -34.894992029398885 -17.505881563551316 
-8.329561278093749 8.556044989289045 1.9120827066929742 -5.454571482181044 -16.410942952150993 -13.30498325775585 -2.9274987735412394 -1.4645446981133372 -4.30107122794394 1.7194095688471136 3.7937649586843194 
-1.295148404122322 -2.9911206094535543 2.525992710988052 4.881054141169724 -15.368210485743356 -29.4909126805613 -28.05741178435299 -14.937660235759363 -13.609537318483232 -7.5049862161627505 -8.085176989830819 
2.825128690989512 18.483401455322483 37.62871906835836 42.979890255583456 30.46901677754268 14.49387682127827 9.31741353891883 0.5408897286081881 -2.253780939261998 -2.3934047896445376 0.6885724688060451 
5.375885926079785 7.670062799915295 2.739920735641241 12.391857685670868 31.12355921002505 18.178136679158982 4.919955908291692 2.717457459244895 1.1405394823790918 -3.093984326577515 6.2587567500887005 
3.380697128145041 -25.189244040132948 -19.660280382724928 -6.3213458304979335 22.400395650870085 23.01724230464437 1.7274515553027912 -13.87515755868272 -22.20023201508011 -29.292106850797964 -14.45972661520791 
-0.6802487989448919 -7.415750045140351 -7.59365701203904 -16.138260164768948 1.481212139469953 28.5249263006646 20.616386271554475 7.443474993320857 2.071044664075136 -3.342144117737835 -5.376671612472831 
-0.676835732845701 9.983664338696535 3.679347412183774 -5.6060653969416006 -3.2463740037568556 10.317004445430147 7.293935573407099 0.5750100048014317 3.384383582219628 -2.1197533226267247 -4.832971339636242 
-2.5096623381673764 -9.814081001093074 -0.992211227445509 0.1473599255586026 -9.510668227930852 6.887086593304228 10.080449639833652 13.800723141676457 15.015384450877846 12.21256257841496 0.7928412387342274 
-6.079463652923318 -16.098601460398875 3.5454267254483036 18.98762697021371 9.814462421029502 -7.88804027583334 -6.994569872025154 0.2585211099904755 3.455434208827647 5.737740931301976 5.9190979471368115 
-6.022591296946263 -9.278117806766529 -3.5514294347091737 -5.513682739690811 -9.974049360555266 -6.720344604304362 -6.187811688005513 -4.772720324046222 -7.219408158359398 -11.786418039394935 -14.345160361303485 
-3.9253821858436275 0.34327011683436104 8.284810104413962 -4.082309835545773 -10.966791570680797 -9.864018338289043 -12.029972278792151 -11.696022884746696 -14.825500554287995 -12.288536957415907 -12.348491106947684 
-3.072634989863105 10.259090483152107 24.91532464412397 23.37938114161267 10.562494910493704 -1.706965124593105 -4.00624913183544 -1.5640884340329344 -2.3006152711291286 1.3140151154439261 -7.679239024273905 
-7.352730762515668 -6.272005459266188 -7.042315888939034 10.241165952861255 15.252527751466722 2.6231605595051777 -6.441753741012671 -3.143232815425009 -7.075121210384486 -3.782975455686569 0.6643596105582772 
