-837.9255237968529 -839.5129989172588 -839.5156688067677 -582.4092070602547 -371.7554842795936 -308.1534197949762 -232.86541941135303 -230.47999454628547 -342.97383757360393 -589.9194379027389 -768.5282465812319 
1.337243218086192 0.0021360867506389587 0.0 87.68536487766967 140.88278179039276 160.89460856613954 117.41994557880466 85.33292132882369 47.75253122408707 -37.78108017879684 22.77622094841044 
-0.07543184985750277 -0.001358889502956356 0.0 -80.71337444921922 -133.45811883040807 -155.65086299796758 -113.43775595497071 -75.91293340627132 -36.143013055218226 2.5824530997727164 -13.387497722769371 
-0.5550270856106032 -0.003673620788965184 0.0 -49.25208047856864 -45.44839405154918 -36.87491512335416 -31.923315271118184 -41.307751549048675 -57.219155393716065 -28.612001257399093 -5.3441709538471684 
-0.5533286042183568 -0.002797678779181956 0.0 -1.507718932154621 -3.766132976373582 -18.11424539961503 -35.746955246713654 -39.68906731052566 -45.06967793172617 -43.39354141497172 -9.059558718406088 
-0.5104422859019626 0.0005081490254816737 0.0 -11.38506385575272 -33.550062328878695 -25.950021298729144 0.6592467235705178 13.441562556571835 28.62411984065296 33.224428218742474 -8.86551368301336 
-0.22265192178048004 0.0033726309158535624 0.0 7.099735467040912 3.0429562107110524 1.1925729666054552 -5.676446997424969 -15.635919903115301 -33.170066788812804 -28.493612040520617 -7.73381271214652 
-0.03634185654358252 0.003307860164783292 0.0 -19.306701901545335 -21.183057232399893 -27.935386595152764 -34.27309789587596 -26.562537369047888 -16.64393706374525 -3.163284118899166 4.064200406071022 
-0.4429179235918562 0.00037009252582683133 0.0 -11.809277701546229 -16.647294906865433 -6.44325219997917 1.951638124171227 -9.512070987265762 -9.860761107555204 -7.406819645039084 -0.6775749621913583 
-1.0704213126888358 -0.002889113935196304 0.0 -0.3625172148046062 -6.8007931552835545 -16.49792444108608 -24.53362936960709 -7.001461513161638 -0.5240150131142389 -1.8817861434462972 -6.422552756178055 
-1.1773244529000109 -0.0036390198420611247 0.0 3.22197736554882 5.971444515369559 6.076900053996749 8.745838836252918 0.20903542951307197 -3.033609270287174 -4.609711278838211 -10.800828976848223 
-0.43116066079207305 -0.001228304634260857 0.0 -22.456451147747917 -13.343101035341961 -7.113093829581788 -15.729271257551419 -14.076281543351882 -4.863111531479888 -2.1735933990084977 -2.867779881849679 
0.7058733284236645 0.00224923783218833 0.0 5.224672442261582 -0.9505198954221232 -5.139584954860249 3.822386659043298 3.643047101768788 9.54674356751543 3.5109020790919 6.401999346249301 
1.2657607140326066 0.0037732354176431174 0.0 -14.766595155077024 -11.126175453168184 -9.294450830016324 -4.278229358878608 4.021378708317503 13.232698161091495 13.336489042488264 6.429516941379345 
0.9709689441819555 0.002020040778475084 0.0 -1.3686375197113345 5.911621620906846 -1.2109911716848938 0.5058250989945224 6.854541371993376 9.64487269732097 9.830298319701905 8.09072937228828 
0.26924173719072103 -0.0014876327627147037 0.0 3.52617938863954 1.9779910816859283 6.4777802197212 12.526513692722759 5.35338038043737 0.6512359567713163 0.650525662368965 15.629968911663132 
-0.29553914411762683 -0.00370324313171527 0.0 13.534694804595254 12.107511865605366 11.965282508111484 10.233265597525072 12.927131215326638 9.021160895486847 5.185043937138657 8.299314222792749 
-0.12183345457708267 -0.0027024521226674094 0.0 9.774305644925027 6.68970643003974 9.98068461219141 16.590285323596298 10.1009908595068 3.4926963450594717 -3.1183147636460475 3.7156565268480817 
0.6124420558399104 0.0006455168659130291 0.0 14.793181720093937 8.602624620477098 8.121771860833833 6.652177156999265 10.422811310901771 9.089448535281516 4.246624711227894 7.907394064419256 
0.833865856355824 0.0034328309735575917 0.0 10.614490605499295 10.852153939535741 7.996909368914269 4.450807668561826 -4.346469901581434 -7.299196867928535 -5.265945634210535 11.237279084189598 
