-314.75421074563894 -362.9999021518538 -572.2100049106027 -523.6480395682165 -251.93713788435716 -147.0130400912484 -129.8762459081322 -169.58759039738936 -249.86164570648893 -458.01127420041587 -629.4386846295074 
24.501467132070815 17.667640003298068 -34.2339895264344 -4.0958832982315485 49.15196796458619 55.036354949648086 36.041476550836464 -4.410844707791179 -10.35869982676844 -15.026279095705666 60.47998115318108 
5.8898573341931 6.952195645672791 1.710754914940771 -44.924158681483604 -108.75268300694928 -126.76279452974057 -117.63593179258405 -50.73620209295562 -7.462357720423428 15.321588375875443 38.148114621466604 
-5.5395044097635315 -1.4954763785043501 9.33961581066735 -22.88489858039383 -21.14773780931872 -8.663128848532645 -2.457620014742883 -27.462003820948844 -50.3749411212919 -61.010916648912826 9.195982542446373 
8.342921869462417 2.3462675213457866 -22.432274146156743 -16.237767140137095 -4.730609934006103 -21.26693579578366 -51.49023894957751 -53.78654511924947 -48.93085216531201 -22.266754186587647 -4.5940304537173775 
-4.640059288041466 1.078875425458473 16.17861362808859 5.155629353476879 -3.618379057925303 8.353957710642504 34.99849027905755 33.404539065021666 26.811552436322167 19.074592662065577 -18.71008436578068 
-19.349746841970664 -24.183067897287714 -26.15509725039417 5.021314314248915 13.369599831054908 8.089468684623508 -21.607496839168803 -32.11650061281903 -33.17292762310943 -16.24676103463384 -26.09145012474657 
-36.63624842818678 -34.151535537725096 -20.552249359372254 -9.006799661703216 -19.92958400476582 -26.75227441946529 -21.442925312721947 -23.72262661718848 -20.223479596516633 -39.25655078349364 -32.921338261561814 
20.000981544579524 21.087405124459597 12.719740062622822 -2.520181372935315 -11.537930499503167 -7.238896970820555 -8.376542634020506 -1.422839526747724 -1.9804140688079355 -13.59357381405621 -25.464862700462458 
22.265092017999805 17.70562409368199 6.807607133150852 4.637832884710216 12.991687971730336 12.980913399754696 5.907850774787466 -9.258630370422935 -14.698161233292831 -0.765407857088936 -13.15640602153902 
0.8897526372304334 7.244052997148647 24.578308987279375 4.644473856049759 6.490847068741592 0.7017801795181366 6.963022232602717 19.699983866007397 22.467725230216537 15.146180754608832 -0.5423945595570288 
1.6543860732534839 -2.078756049478782 -12.751610122076567 -6.526812541124437 -9.166402423757155 -14.401474207187276 -19.853594643775903 -21.82690284662082 -22.085160439845502 -14.598357907446116 2.922491994169275 
10.64491409776726 10.792866058350329 12.361487995637956 -2.7260658802094087 0.652998743160145 -9.16634153561163 -12.148149825190842 -5.869698364414948 -11.478065443785004 -17.125078294004346 -1.7480045716251509 
-8.457490230651292 -5.499981248249419 -2.6806358825693968 2.4668720641585975 18.994252946236934 10.689237859082013 -0.6948189429224224 -11.85375734633625 -13.258823168713345 -13.860805612005825 -2.3869191764071886 
1.200135405821652 -1.9825848641997994 -1.3449627469041379 15.739443536604359 38.89267035865228 37.94038432106114 27.593094058846013 18.321083931925607 17.97672569731941 18.787823858596134 -1.5941419543057629 
4.4030981566662515 6.014366829919618 -2.1801923037165043 1.5994226187970808 22.12127322088694 36.61097991274026 37.04471247815429 26.65945464456417 24.18902860438493 12.439726441283957 5.3063061919555015 
-6.606723014741032 -7.6159061471173475 -1.227406518983124 -9.189383514822467 -7.0527529902923884 7.951788348280309 22.599876075564673 36.8995605464759 30.755777067087386 18.579957830351614 3.53177618318818 
-6.701132470281301 -6.639134658269735 -5.215447333257375 -4.790187967644023 -19.089410376365898 -3.290735503292041 6.1832736067993395 11.41312849032617 8.67690593476206 2.748055893630691 2.183909153116451 
-0.5745144464892327 0.9473594474244909 -0.9686200776167345 0.6988860362847635 -15.891035191688275 -19.739969099038646 -11.950345590592162 -7.859324609937733 -13.463064687716379 -9.407096006344187 -4.529493806821527 
10.365392510677752 7.492497196665388 5.56691214795333 9.134591656061815 11.639719687030198 0.88943663485672 -3.9335830437480177 -11.97181617806203 -15.84937375179731 -11.535208211789278 -0.7056671705682331 
