-717.8361647171969 -717.4771217672027 -719.6228243641795 -720.7282840578642 -715.9264363940372 -354.3380318443489 -179.5154113052616 -123.9995573909541 -148.08605173324818 -207.02647992085528 -310.71587779582126 
21.37122306878262 25.07400681410983 23.041282771842 18.496888065972765 23.217471237846055 19.062029147568374 29.563239661200882 50.601292608263336 69.1197003349569 52.40807807885362 32.36846566278108 
-0.054535580873340095 3.0713663484734104 2.1976568590065266 -2.99121982990275 -0.6974787416134366 -70.72791603677439 -98.71958871968627 -99.99988961847555 -99.83991803646585 -97.09242144395834 -68.03357966421788 
-7.106896339831641 -8.792270818961159 -9.557255945759962 -8.66131744567929 -5.387088601335085 -13.518722747570779 -26.26866325623479 -37.82374787046319 -40.99197476276114 -29.50073919138212 -15.453011880943091 
-10.745760452303717 -11.167225959797928 -10.866312298509495 -7.250304684759343 -3.48831671486486 5.826404407293871 11.754356160470635 6.291650952975464 -3.2177946071474075 -6.097748110366458 8.997795544055325 
-6.621231306074169 -6.050956303059039 -4.867136339264518 -4.904717694319745 -3.765712769754207 -5.44346740207699 -22.53896100688466 -31.57583607738014 -29.34762228228933 -24.700721054076617 -16.007307571842375 
0.5455827962050346 -1.0001684416833767 -2.3945742159345533 -4.940870564863896 -4.279834337873168 -4.8413287019634765 5.396708139177136 7.641957333075879 -0.3061293064952635 -11.655234287722683 -19.676876269292727 
0.9317565564735 -2.3458267430814175 -6.260264748104413 -6.26730658241137 -4.377200983759871 -17.25635892508806 -28.85670591709559 -34.9085158454635 -37.44919279483843 -40.48543383222538 -26.590883160431698 
-1.741293554629627 -6.108500536112601 -8.074515426476923 -4.206821178888186 -4.166356968175344 -6.781556317953606 -7.3675328891163705 -12.656744562526477 -15.55148419318356 -6.497114451062226 7.544012193788788 
-5.758603689056313 -8.92744845664155 -8.194315321902106 -2.3686567463006414 -4.2206092785116684 2.7292995844538477 8.873311120162438 13.168688369627176 5.56918033472594 -13.211533133576594 -16.06137191843781 
-4.403327048341756 -7.15390365002264 -6.152526778135966 -0.0726941510114355 -2.319844423095665 -9.393708267708224 -14.668839142373 -16.09016759369214 -16.12660337681274 -16.732120772993078 -1.2831283987441557 
-1.2716154439696725 -2.9349769105132357 -1.6507343365484575 1.0858036293305506 -1.3957391740206382 -20.90349624793665 -17.181074185791317 -13.218385634049294 -6.096395250377173 3.814766879141631 13.103281126705506 
-6.847705339570954 -3.6312370758549406 -0.9002472606878354 -2.9955076281010147 -4.770589656417327 -1.1699825644419575 -5.698564218682215 -9.668289553347073 -10.520114180095632 -12.28201169842336 -2.1923743468109174 
-8.212278578192281 -4.253650702812488 -0.04019215122775266 -1.6632941433089101 -2.80028229462006 14.868025278191382 5.317958876784975 -6.347156487741077 -11.078407697765012 -6.097888758281206 0.8112207211072844 
-3.80269914396907 -1.547106845536102 2.5655243259983425 3.1730961758212 1.2274465767175986 13.970392266235983 6.869259533900988 -1.1819163574000686 -4.985853978383672 -15.37063607307413 -19.75869513061898 
-3.0086517049419372 -0.20686723080784075 1.0950298100850593 -0.411672790422666 -3.0267745275226963 24.621168466836952 24.07356816969398 1.6185314806398234 -9.794324934224596 -2.7268703278256714 -5.805961884530853 
2.3247407767311037 2.313634856043032 0.6240912826694516 -1.8448816899528762 -2.7524630577418376 19.859527377909565 25.272814427704713 12.095544369179864 0.6687220913121847 -4.2849475592782715 -6.424500741199934 
5.114981234790001 4.088804347968082 2.216450874722319 2.89850714061759 5.064263690074613 4.4464532943115636 24.82867372928545 30.51240306994346 12.42481700225851 -3.9095628836523715 -2.4371487275805808 
0.2895152204020268 2.585145401891168 2.4802280322315537 3.5974193973436384 6.635566187460517 -9.767465137041697 -3.019439538258471 12.181907085493307 9.941496807874639 -1.6021457921787259 -2.733657730875512 
3.166850755393022 5.124886531014653 6.928278222626214 4.264327803207271 4.474795922833959 -5.415244445537365 -12.7216394970346 0.6814900333679879 8.845784537089022 -1.1930586325902168 -7.718399394237885 
