-387.2538483855602 -393.0069005801517 -400.19782858784095 -390.1756924713761 -387.7374679349976 -389.065973358525 -383.3088008019811 -380.90480480966556 -132.3236370959568 -17.362626862386485 10.092479508327983 
32.262277524168155 28.327206948857736 26.531120616544083 27.33968664832524 24.11474591354297 26.31398717574847 21.892021505962386 17.354671355170492 61.994538493546315 43.32985475364315 47.78515300089181 
0.9969192647731862 2.068747223409626 4.598448386190263 -1.8208097584151341 -2.546663043606899 -4.098355136218373 -7.742916856312069 -6.27142687286611 -100.0487637984393 -88.36263067800104 -72.51405330651653 
3.7633099541079504 0.6893319653731671 -3.6494453510503364 -6.5168882615268275 -3.806532986640237 1.7170722594085885 9.864884116953913 8.125454370015103 -0.0037731314499250823 10.879309238678253 18.7977790303921 
7.7929109047482275 1.250568352823422 -4.689332214235919 -6.583532506410728 -4.295532885140572 -10.02875592364387 -14.373954960381308 -6.234710657593635 -16.78212987010017 -12.243338349871893 -8.586825729003998 
1.433386332447347 -0.45231885124796856 -4.569164551392273 -5.161781940334266 -0.5862957182460217 -7.490917510488069 -16.12152593196209 -11.474776958601293 -26.537166950411496 -15.419475976001237 -1.57844926002377 
-1.8158657609333437 -7.971698167475541 -3.41132629736412 0.7094504346413182 2.301372214068369 8.224691905888493 11.831686363192567 8.174946884985797 1.242970060295936 10.899490606574313 21.285635410108995 
-6.407532417649759 -6.466261732404854 -2.191411230777994 -5.200677033553614 -7.942975108475947 -4.101368321914425 -8.950173048454168 -10.119236295374197 -12.835635634159189 -13.386664812726043 -12.247442883248254 
-2.4753031924833704 -6.991875747040355 -6.7933432002645855 -6.392565860667993 -6.2144664602311215 -5.933251885270915 -13.108415905230725 -12.040538601694244 -25.783384726391255 -16.783706088568067 -4.384910764233245 
4.902265775481889 -2.0686377734192978 -7.393425094573044 -6.784164680954419 -5.533058396795095 -0.5396012547647604 3.391337204428959 1.8148503937658367 8.48008375991389 11.286762659309268 5.6499019553915595 
-0.3111922763615911 -2.946775821050852 -5.226300774287245 -7.7511964656042895 -8.141700203925677 -7.881647937567459 -0.9329163745557906 -4.757866175552357 -9.860729981945894 -18.480409925601286 -27.294368845824813 
-2.5360448276416654 -3.617179286900523 -5.167714326942057 -3.918419795071476 -6.0999728454433715 -12.789358497232751 -9.630244973190475 -5.561664755730911 -20.11235756321238 -13.407869325244775 -10.035308046986255 
-5.6208981452565565 -2.8078807694865104 1.0072493942665754 -0.7405132430724111 -4.599998588759977 -1.374947359877527 0.26869415369579075 1.3626776944033605 2.964776216169131 5.860881034913432 2.75847076446982 
-5.07586730506303 -2.2726877131055465 -2.0131042823637766 -3.27154771419449 -1.059097158637959 -3.199125380470507 -1.2221751002555896 1.9193685292580465 22.359449145136253 23.637744127846585 18.967658095923166 
-8.954112534853648 -3.9583459687043687 -1.982491468564378 -1.8391882712207939 -2.6438807540926215 -10.517272027557674 -8.371258694851893 -0.38051164350153394 16.13583313825743 25.257971275848078 24.595551526301108 
-5.134635222590549 -3.8618228718240535 -1.456649858778962 -2.5346875946541885 1.5324249922113218 5.0001801202974185 9.749421833050615 11.870571514230003 11.969780064997217 10.684400728900176 1.639932487988666 
2.703812465467864 1.7166207584094748 0.44059027725132915 1.116589975081934 5.098081432269028 5.83212364242337 4.399532038807035 6.209059711220083 -5.981217249663674 -11.312005673067627 -12.12106709518935 
2.249136480054013 -0.9282618180268247 -2.918539169222637 2.100569317117255 3.631686678709042 -3.5611750056461076 -3.7103310284473636 -2.583605184812946 -17.25898176423557 -12.279984752309403 -4.457805827229301 
-1.5588451336070221 -3.4614009412809037 2.298991198270768 1.9038821204835235 -1.519752041421434 3.530847060457097 3.6555391993437216 0.03709322935141768 -7.417884524437829 -3.5201522620855132 5.780674386789347 
0.31572743176455265 1.7661053297245735 0.05205409399966021 -3.896046727667567 -4.21623638771799 2.5360496474508016 1.0000720586700116 -0.6741503337725343 6.51479855621266 9.624386725685069 11.480026693439422 
