-113.3254341783691 -143.24078231038678 -182.4014471339074 -161.69288079013782 -149.9968410770266 -110.16966050413147 -44.09663990227877 -17.748668970393116 -23.969924404240064 0.0 0.0 
109.76358608588293 101.90654408902915 80.33695270940038 93.23026509330853 94.4500715151771 74.2639519154823 48.573365648103156 37.6772475617728 69.6420512747269 0.0 0.0 
-5.601035581342523 3.941448744699606 9.6924267737038 19.293605796561998 13.965298078759947 -28.596669798455252 -60.40676294261765 -69.67137560535807 -66.15718917043964 0.0 0.0 
26.42075190013645 27.720992885665318 29.578479904906757 32.25089424238376 30.24714265954008 41.55185649846547 57.52142216428582 47.78116284236188 21.763798643398857 0.0 0.0 
-2.965041251507774 -3.110042114775406 -2.557207585476818 -10.795311796282586 -9.812496126055354 -15.136264854772621 -25.697640114684216 -21.778324947682187 -20.889542179834315 0.0 0.0 
-7.002363778921209 1.487514667458969 18.859012731737238 11.95579299686614 9.425936277893499 9.244974067225284 13.666290189773866 13.967434805901839 21.840709622228893 0.0 0.0 
-2.9437949929642433 0.4668479038777089 10.876807142804642 7.459812868701632 10.057286294998779 24.058218085605773 27.409154863675454 11.274344521070475 0.7639170668252511 0.0 0.0 
12.726434135021824 9.157060796701744 10.387837887441702 11.574648375825916 9.571557171985937 22.2458798432551 34.948325919225596 32.945097434182316 15.304196475417724 0.0 0.0 
6.360788562338728 7.752997721352893 7.796822175985967 10.743660943558535 12.338082961444602 17.64264364399888 27.70626375228572 40.185990497329115 37.63588694314033 0.0 0.0 
7.046577933416929 5.53105558813115 4.704575650109185 7.381200822248736 4.369710200561993 -14.15471368425204 -26.80255091419089 -9.024887893573478 14.943520634643702 0.0 0.0 
2.673608907176519 5.076485668303886 4.246974344295832 4.411378695273058 -0.22379037278813607 -18.14119835492736 -25.22793626348113 -25.68114368715517 -13.094292483716199 0.0 0.0 
-2.265539607511304 -3.4277230468130493 -13.735040469492535 -10.203018367333836 -9.432688120470992 -1.9788239237671759 -9.414644628989361 -29.857507415392146 -36.50571321966562 0.0 0.0 
3.3496973233116876 1.2630506345362886 -7.923785760982339 -7.56033309552511 -5.348401030768043 11.59742704037085 27.495305180665206 25.74560201275827 14.29450406361999 0.0 0.0 
2.9587976414551767 -0.4706434131239092 -2.5847840763352385 -5.112990424053809 -5.572146313657173 -6.617832568937921 -3.701986678297523 3.1313197382753613 7.169617697798355 0.0 0.0 
-0.7588137533565941 -4.099283628976965 0.3442501738275918 -2.0810282727426204 -3.996538798634226 -7.799424474877817 -9.359630130802538 -10.922034017719744 -15.378292547146488 0.0 0.0 
-7.60269104770057 -5.819051525892731 4.900556427024343 -0.7031810182557685 -2.1522320901711685 13.713497342766956 17.271968784789102 10.131195874143048 -4.7555558808326275 0.0 0.0 
-11.414717803760379 -8.021173495884142 4.09306001675039 2.882953790085767 1.707039254183391 -6.3396112919200345 2.351112488497394 13.178218578883705 18.390042884467654 0.0 0.0 
0.6280369027790615 0.7924192330090234 0.08942001789077691 2.548350912755507 3.769364823646568 -16.744939221772384 -25.354807653107294 -20.147539739646383 1.1096953464011032 0.0 0.0 
4.1767790659331405 2.9765383733491326 -6.035029826407579 1.6432120729427082 1.6523389575946072 15.511035842648543 9.28947000905378 -4.453907489813109 -21.46443321049665 0.0 0.0 
13.841698205236792 11.191966710964852 -1.1694914077877043 2.4209765577431774 5.880992335682151 15.159467326905823 17.97128011754203 11.681267485807002 -0.16768774939850362 0.0 0.0 
