-513.2273355293873 -524.8017720833461 -533.1013501406835 -533.4781954050842 -261.6257443185844 -132.5169606948155 -103.2962610355895 -125.21619217140338 -158.1118992519312 -244.7451481061869 -415.02623044053394 
35.48562961925001 35.264638259819925 36.15409603718025 40.6897216507427 119.23188437901767 111.27310099858906 111.13183405246514 123.25631039892599 128.6861608337711 127.10767989507579 116.77630396559749 
-10.068721779652346 -12.073276069266054 -11.9232894686736 -6.599584381678293 -103.11246762958928 -111.03193900439058 -114.43015818877836 -122.80435763545407 -110.47246542828717 -72.76012314193078 -26.592896505463067 
-2.997040492827513 -7.790390551498486 -9.633546391743959 -14.86556755278595 -42.60342896037959 -36.20414507260977 -34.65750122026934 -23.567088236226375 -11.577605623865821 -15.865601302384132 -32.366976317362194 
8.413910298611674 2.938261653542904 -0.5559333181554249 -9.93063751884273 22.775511008704132 18.526545240687174 9.781307422132908 -7.595853024392843 -26.4794874677181 -26.155202874125642 -12.977490528236602 
25.178814478623526 22.16791406383299 16.760776206020044 11.609242184603708 -9.180129035179736 -11.224847104015833 -0.7587333893250678 24.794552467023017 46.71487472560001 45.21785193883105 22.729775098797717 
-31.036170503000406 -25.532184090054898 -21.456172715812983 -23.2118488760333 -48.52194643412949 -37.84423451028887 -31.654081496102574 -27.043814396648337 -32.29941647503749 -30.815363630379547 -19.995992203850932 
-6.424796962013584 -9.862893283579567 -9.740343930515788 -9.562297335156046 -25.74659644337117 -25.216951291624902 -23.413306621492858 -23.91431376470729 -23.896656941155378 -22.550872280234664 -30.91338605990949 
-1.7471413863777363 -1.7787811506493467 5.98209924441953 7.517614774537944 -14.011888373934624 -19.969384210047636 -27.58231664724451 -22.94188521600843 -16.775032252757434 -13.727449047229468 -0.9880504052635734 
-8.169690237819133 -12.393048522745959 -11.837473640161036 -3.3399584911076734 -0.540467176380048 15.508067686629282 15.11674778818895 8.01812699362702 0.01795275941070179 -10.920830169688177 -16.52227975084726 
12.667050271161807 12.62333217741562 5.840047970818587 10.330481897734439 -0.1320112605855519 -13.20373125238294 -16.34372205538576 -20.108175428477075 -14.154539070506118 -8.696820327301303 -11.50122665940616 
-11.200799114407175 -7.4795870805231655 -5.5547287770364795 -7.729698075866071 -6.750686623767003 -5.461115894838226 -8.150330639883723 -15.106091738270813 -12.654480002836156 -15.431236086880826 -10.971824080662207 
-4.931513094674909 -6.617986442710025 -4.372488402149715 -3.627489185700018 16.525900577259094 11.588304208873573 0.532943390941483 -13.926365222413018 -12.446424630471846 -10.22486541425758 -22.086822878190883 
4.605488313959597 2.845607607327472 4.917839431730132 2.965494683611508 25.849446733283266 26.534811772461918 15.340529741093297 -4.028268550372241 -10.67010193526255 -1.6657089655267052 -0.21622096780699476 
-7.813026642481905 -11.077711105949653 -16.491903951053494 -11.592257515621846 7.6693183886698835 15.134083931117303 16.91757509152712 8.881505450205355 -4.448377743602455 -3.9896221253110182 -3.6514501319306434 
-3.9533156684071806 0.22674285231131552 0.8876579840776535 1.5248316643461561 13.330072625192525 32.38216997899956 48.20606711142357 31.632406103211288 -0.8138228823512994 -15.401665290463592 -20.067015806818503 
-13.427863239846072 -5.967720207537047 2.235618805867631 2.95217081384325 -20.365103383292663 -6.804970577500079 26.418589119078618 42.71354883812536 19.09963571176118 -3.5889875667395206 -5.293448558461387 
6.347432762680642 4.283186158731283 1.0219793454363069 6.175949319363051 -31.139842158745267 -30.975243793499544 -9.803606445580055 23.68491406533242 19.055693862126954 2.5088298243502987 1.678376316584487 
19.939042794505667 14.839845647601354 9.09372535361824 8.235019190949426 -7.460525714131618 -12.784346235967575 -13.929299779599084 15.74418017502991 42.565736167933 30.820639015960225 3.9632001930543646 
-20.067330428046194 -21.798885134220313 -23.69554348945082 -16.53402185072826 7.1547597776771035 2.3405846088736917 -11.710927280169006 -4.5512150781748195 22.70869111193532 31.58667026766119 18.788493997969297 
