-446.2895204021292 -442.17559049679096 -455.7242263993088 -456.28238101558793 -241.79425606450474 -106.81798815213452 -69.16881069543214 -97.24090227533641 -126.14456317990506 -183.50686992447064 -305.46030058626445 
89.41948769063049 92.32814051040293 71.39241791342182 30.096266487912196 108.18350504863437 128.9808170135161 123.19201074940479 116.40635884147997 113.7843847212281 105.94328996696464 102.69052663091817 
-64.11745119597238 -66.41605101767058 -57.83037936350402 -36.98250095900018 -76.81654370585089 -106.78516079363374 -115.2344246026327 -115.84459405631621 -91.10792039630573 -46.161700120313306 -3.536972930454142 
-58.561981877042975 -63.386351212718324 -39.89416742090778 1.9738225470781858 -55.72523394043033 -46.547773862837076 -36.68921296974304 -17.362455254373753 -8.307775237605417 -27.425522497565606 -43.75818779921832 
4.522116993522956 2.458200009998166 5.2454459665492985 6.734696461773671 29.404299165815488 24.31838686977832 17.39432653809472 7.234607989386789 -9.816733557014977 -5.446803812560653 11.839534635826436 
14.390965749228073 16.619305076917136 9.114802155812242 -14.210951943734559 -6.929319874118512 -18.17343402572802 -10.044466383060865 14.877705230451893 39.0911906428405 40.57135686254624 13.134897725899995 
14.196357729524392 14.236167984209276 6.480360059481083 -11.815519121262287 -39.49231654838039 -26.648527714651703 -25.698613230465302 -21.774076714452214 -30.64821965132764 -32.38872801387988 -27.1303161794658 
11.235495388684924 6.345497179151817 7.135848301802952 23.822080292126685 -25.814386234742706 -29.677508074748637 -25.20054723379982 -21.917650929628437 -18.53546078303163 -19.830183169399856 -14.168703154803863 
-22.487649990959284 -24.608225768801177 -26.77108619525837 -16.01347661591893 -10.295211332222074 -15.76602343180731 -22.52360922295857 -21.168181776013107 -19.53259899273844 -21.91349899692211 -29.726023023202355 
-25.121139214621863 -21.117713916078586 -19.497484632089858 -14.289903610473143 -10.598027497326704 7.246120684377972 16.628034717865944 15.004256201007262 4.377208578420099 -5.20500428597697 -7.243757141387177 
16.173934410824007 17.689367891105835 18.713422124180283 10.880034754514506 10.703062529450047 -7.026628895977713 -15.316460340401644 -16.56836202935204 -12.261089973895817 -12.21767294248099 -16.542137500815077 
18.402887298232436 14.07376317775787 11.584502907958546 0.7968416544564257 4.688233804810704 -5.853882764492187 -9.766020074460824 -21.558721503134088 -19.364677390853462 -12.74044120656677 -16.962393174072645 
-13.451284457459963 -16.700510560241547 -12.78456698364133 -4.022075289599476 17.624509290013087 17.34315358693185 8.092201205783692 -9.90262461899847 -15.493968154121287 -12.452441857659792 -7.493733755302973 
-12.459790817055788 -13.411419885236793 -17.070600878087845 -15.486982324441493 19.758637100765842 28.577824310683212 28.698783876680793 9.44826475417047 -6.601189029985912 -7.160285996879207 -6.006367585479605 
6.329505807413768 4.754370516456445 3.3230766746333225 6.609781635910564 11.352607828661107 14.240528601958495 20.57665751871525 16.23989037662133 0.631736577133907 -6.07479042480758 -5.635759776861202 
1.850387052099512 0.5892231964472701 7.723652807520047 3.210034767367807 -1.486158106617567 25.447410411422922 45.27582864049378 47.93499919405869 17.505217309186456 1.9408272093404666 -1.4789771434236632 
-3.0255327608584617 -4.044595561765075 -4.114125338768403 -16.001096309700447 -27.57947895224759 -17.92035434134167 6.997632792430448 48.33800857930552 47.09019004871489 21.156771664408968 -2.794907931131772 
3.3493269436992548 2.2283230846899738 -0.18919435857951594 3.1177214947944165 -8.577119709446997 -22.07729172301369 -19.819622217593476 13.547775979396103 44.58726877991208 43.31417182307608 25.968672642979975 
-8.369311220340032 -6.855923819533238 -1.6658666780462905 -2.5660023141048853 -7.941826682776793 -12.679110035174135 -20.367251141384585 -16.558680522583455 17.65571184989028 37.91060816357724 33.858476515628496 
-22.07254752733984 -17.58792381786447 -7.4621324651881995 -3.6600616262324617 16.223563153864454 11.975570815708238 -0.6563612296098247 -17.866669952186847 -10.289019884618286 15.098222060738161 26.00375946850741 
