-354.3813534770219 -192.08191602019943 -89.88995925244998 -62.50523862859732 -74.80508503516737 -120.5679405485045 -192.89611320432545 -234.84875321864328 -305.79264702807495 -458.3021346191175 -554.1640235167642 
56.84154327468395 58.18122601536503 27.029813638272515 -2.930338385683937 -1.404508286346955 10.722187119004786 28.02843118915998 25.401884500208123 3.7445807059900558 28.176964036137534 38.51014061926649 
8.851972621260813 -11.788106076499316 -49.995445075988684 -70.37946214471869 -82.56571204810783 -73.4598820831397 -44.115471845853 -30.41296521160767 -32.1135918294189 -26.578686317561363 -18.425847088008958 
-92.50710948257219 -75.43509854506574 -38.14636108398628 -17.4508234607082 -11.905927469744768 -11.158758545681275 -38.49243452387644 -63.03560573118061 -53.344481567073245 -27.71305622049409 -0.7041982151231423 
20.387642870239205 -5.069072647145692 -7.451554129368355 -11.368622312858124 -26.264920469813724 -45.24247227942726 -44.41838141403176 -23.741017990280028 -19.374346800576113 -24.69258205192192 -6.618449165212962 
13.250870330298447 17.071147121034222 18.505569373593698 24.246185931728576 31.765206527865736 31.122766352890558 15.28318961810752 -8.585035373860523 -10.46195558904014 -6.516144090697583 -14.832284469307195 
-18.6566087485961 -9.143086545825128 -11.493152761818276 -18.4887820490006 -31.41208102406337 -39.41494581930416 -33.6466288992259 -25.190191613846004 -30.893299755634146 -28.632100548645163 -8.490910050937952 
2.983577701690918 -10.916988190722222 -20.732434552394032 -19.57653665816664 -12.060322569119283 -4.483364428291953 -3.6397864676118967 7.580442212820364 7.222777905528282 -1.4483126959180064 -0.4519355064340032 
-8.241608385630839 -5.134344552196673 6.096318796751326 5.036068909077844 -4.740630051444319 -11.655745622370524 -10.104166403937647 -20.165161690208272 -15.934655510560326 -17.681455013738866 -18.557829203080697 
-18.447768356243426 -22.717857062773422 -21.00873495689953 -14.026743183840306 -11.447153367823496 -13.368052590814939 -22.10863969143811 -22.111414499006486 -16.633776138477618 -15.093649030810713 -25.112811101500817 
12.390525700345947 10.367468491454433 3.493319793483101 -1.8815010077448413 -1.2714883058095239 5.177801202917156 9.880380955662968 19.484816545376333 21.78806870254318 18.687333892322492 -8.198394800108845 
-18.25889102326778 -17.827163417782785 -11.781454529225954 -9.981724837982226 -8.259454713657295 -12.695052275189152 -19.426179590321567 -20.332043223214388 -21.476904432777722 -15.528505691300467 -8.705947057076362 
17.097226111563337 10.541704119709053 3.572151803043071 -4.520164687643232 -2.2429740119232933 3.7834452003853434 4.741120529584888 -5.410041600788832 -5.560267472549834 -1.5910223602995497 -8.808655901358076 
-8.180790319636639 -3.630386408521188 -0.311652419453027 -4.703203168797485 -6.076372659333085 -5.346525760082542 -4.514278819768238 -5.867129901374186 -1.849632025572335 -3.1174504928409488 1.7368514400266652 
-3.4316525888738365 -4.388448035701023 -6.143718134354197 -2.0058034830710163 5.704050702920398 9.148320025698752 3.4233648585197636 -5.037559653453346 -3.3614725734416977 3.7618070885227164 5.821090518099125 
3.651311126363323 -1.0824653518099723 -5.234028081138478 -11.929242386664939 -9.836977491851865 -7.244715266860878 -6.026021678415182 -4.189042059100117 -4.794752020788094 -1.5580697903551997 0.9375591162764472 
3.507279091471412 -2.368706252347023 -2.739830414737286 0.17157191179037962 6.696882362260389 6.46695296866325 -7.3557653334486 -11.863517436290921 -11.548140042719467 -5.305421725818732 -2.7534103980943887 
17.498871649948022 12.757959413482787 -2.4334489434486954 -21.095801778062324 -22.01340378792943 -13.114977282916024 -7.821715810328996 -0.33971743164333634 -0.22871992840599192 2.493484794192985 -1.2709798439606403 
11.733225655161846 15.503835986638427 18.237099479581534 10.83965413614241 0.04988494384818354 -2.375590531401067 -6.860106715142294 -4.283050352481036 1.1489000125095334 3.9264350814749025 -0.8983292082159884 
19.41209116866404 24.83442785139142 19.456330216171175 13.1212275235684 0.3713438452007343 -11.491682122950916 -11.420576745723945 -5.981410957107429 -1.4671666269083936 -1.9451267122959328 9.455574281397258 
