-582.5100913837638 -600.7520625530557 -622.8495588111394 -610.6529203531334 -493.1326214918555 -250.06404767427614 -163.52122203064906 -151.09319170355909 -209.2610648679625 -330.4977877754882 -358.28228835682813 
71.50111654652395 74.57075306663803 77.78348007468608 85.65700001559216 101.77706691353067 16.388380891336592 -34.5922630424333 -48.780931706311186 -21.501609475639096 35.24644771935131 26.327973523709808 
12.260007791038504 1.242983190395925 -18.17043173319093 -17.2372427036456 -51.008375073500865 -55.75324696183394 -51.190801827813104 -53.752106996171946 -42.32912919922974 -21.34058764929488 -28.950461001501978 
14.248541932007662 9.382498516205843 -2.0430224457995405 -1.764577574244715 -11.365488139228255 -13.676468850864126 -4.113692021533871 -12.166614372919764 -30.484499810167776 -19.94885083757945 8.408528396663044 
-13.049199263737975 -15.269165347369439 -15.683392158081467 -15.14380826869339 -43.32167797529222 -35.56914092526418 -18.321305693049624 -10.113398544801182 -7.024119718109619 -10.525720457124816 -16.612165897012755 
-18.301565683198845 -21.570154814307884 -25.744994653690156 -27.75681817569285 -4.743687093423302 -17.133193490981323 -20.98893403999076 -19.32883475928327 -25.274415577768508 -13.693041856500809 3.683060910738286 
-32.63415569764099 -28.878136333262866 -22.33896905964542 -26.653758718256505 -47.544982552647284 -47.560686813605074 -42.824867747266104 -35.984757596745396 -37.77790109352866 -9.995543617713768 5.916319066508173 
-17.810306975202046 -14.293410071921404 -9.679202081979113 -10.82532947352337 -36.09167586528321 -35.01727712657096 -24.05214273910304 -15.77764694506392 -18.447184360989027 -13.344793612923954 -2.0762918962796797 
-14.873930361653589 -13.051117220515646 -11.58994393203885 -7.10499099011553 -11.112650043217206 -4.003322922602773 1.4191655859442731 6.521265426235152 1.3073697945107363 3.0824435576790745 -1.7250894463290356 
-2.7560550508365425 -3.807118298571762 -8.548449331226877 -6.514927307376626 -18.83509119336025 -21.76686475597658 -21.786671854301144 -14.816687390666601 -10.299331501287199 -1.5076319587919054 -5.411006963490603 
-0.43431794570019444 -0.19112270498260076 -0.11237149946544012 -1.0872400085918477 0.36446721860420483 -2.3788539233541055 4.1728969126232975 6.137150340339156 4.4305288621947865 3.60078729944583 -0.743577515673103 
-1.4014517527982846 -4.144886211161297 -8.052605975196727 -14.703229639862004 -19.827074457080897 -14.141503608014864 -7.380091641617451 -7.2152137409562265 -7.799836081684994 -0.43210152530631474 -3.8356253558072773 
-5.524315787494924 -6.4369203054324435 -11.977906086002879 -14.387933407170664 8.170186689592333 9.346534686960595 10.454230977006677 8.639748065459049 6.7961378630967175 6.046429624100757 1.1907310184008857 
-1.536809860515508 -3.598459180948395 -8.5301241699736 -6.612598665978253 9.86878474815036 14.263677304800236 8.400425770726399 1.738539616536972 1.998977334966777 10.313588187782194 2.680010633175236 
1.6521548773595 -0.9324218311142759 -3.5813402355471062 -3.053048567487324 -6.9640228134462046 -9.938200929074206 -6.274427991989468 -5.470724535798887 3.165555557110574 11.954133446769081 5.554245090530342 
-2.4011332902441236 -1.6216961614516523 1.470463897424441 0.3393848420190836 7.470941953610638 -1.6596901994599988 -4.672316982489296 -10.139198835940979 -5.967510393562282 -1.1221006741510127 2.6373096633536504 
-6.248182997957414 -9.19540766970553 -9.62321835561784 -9.695580316151613 -13.770585809252736 -14.507506591792502 -16.278408828887905 -25.48747892186224 -24.2668233049613 -8.924716768614353 3.894377350253887 
-18.690160908927027 -19.016737132343962 -11.257807968875085 -10.270212333585462 -14.543274422333276 -3.693338931721237 -0.5338475359836656 -10.546051623583434 -14.197141436053034 -7.037012138451954 -3.4407885356070698 
-10.366847557585354 -9.24638248696959 -3.8329800393746596 -2.198727547290572 -3.058131292800698 6.71924883619687 10.92923297890069 0.105497384315273 -12.608340819232385 -5.954210696343374 2.138421642170641 
-4.948332943704491 -5.459754233367768 -7.666447282610501 -5.4339603972486685 -11.731040484798879 -2.5674049176200713 6.378589659689648 7.531644060867953 -5.826811635325617 -9.370925808454988 -3.2573880651792915 
