-732.1088469906734 -720.0362878339757 -439.83387459187605 -255.7748203208473 -173.3064792163253 -174.05959767826533 -207.68718038441546 -219.79961695984855 -241.52848483925465 -384.3030094170266 -694.3311274528156 
2.3145638803370536 12.396578011153322 -12.499575659027752 -101.9238301854653 -139.45479742861926 -144.01584702130356 -44.88451893655996 44.717014251154026 64.49846390382245 37.854847788556846 3.7174167565498344 
-0.6991589871730045 -4.233113411759217 -109.25755053549956 -114.62658343755425 -139.8684078334107 -130.4282483289515 -46.30422118078126 -49.24171318769562 -78.52848545083049 -82.54273879441718 -23.35636125937554 
-1.469483013836305 -12.315942232862529 -10.622635154848464 -9.67802010401749 -20.30900974020944 -32.72731056145097 -19.861606947630595 2.7392375368946795 25.080880400947656 12.499236446921874 -16.2861807288633 
-2.4801705983555653 -10.705165187785173 -56.45466190579346 -45.6425637914253 -35.34359176873056 -30.42170934413931 2.9531200712058974 -14.785913136996488 -31.692042355078133 -16.56996146275225 -4.1025512850652035 
-2.63712549172764 -5.162904056003658 -7.140113205048703 -32.75855820591391 -44.74986084859512 -44.969884045190994 -21.463925089823867 -15.597673542297809 -2.644092984802656 -11.255105420903632 -4.793149585508217 
-0.3481349943993566 -0.3397315041721398 -19.097833340827904 -27.31363612282753 -36.91745891599713 -36.14984433005664 -21.282384549755164 -18.684801814557293 -31.693511813616695 -22.317009029044108 9.742630441823849 
0.917916631219349 0.9785575964617319 -21.070781684537817 -18.264307521333237 -18.093399048334568 -8.220300164795619 5.823990864970573 6.920957056792853 18.83920564754637 25.056418883020072 20.36282251629872 
0.6592720516582007 1.7014228790699129 -14.829752023526995 -19.50984499916386 -27.13581474045145 -24.684668777073473 -20.64717100654902 -14.748857344599916 -23.394710118058896 -24.774545157951998 -11.032109045084269 
1.4561787349711195 5.021828525646921 21.755145795745204 8.487176220479096 2.6683144616923413 2.9792733082790037 2.2682740822414797 4.541542510031503 9.51873384823778 17.589638739575804 0.33913470252422967 
1.45498893319808 6.445893020859901 5.5233199429258235 23.201649034071277 29.01706547328608 15.662956301040087 -8.48600689934803 -7.555425987832097 -6.176078141740257 -8.997546862887663 -6.867907693539769 
-0.1503160626782198 2.7792222489735794 52.98430069388688 51.26189617909009 63.98719525460943 56.6669680147468 22.303175754509468 11.583602806387141 8.458363909362529 8.31111596179539 -0.12571274532390292 
-0.16025557703526674 -1.191534480431495 -27.232690667336726 -18.268768195584407 13.74935011214319 27.12466946601685 5.431840800962382 -2.1368415110388597 -0.9830864464880229 -7.186581932200198 -2.0021554698068718 
0.4715035863322554 -2.0235142787136553 -25.270060463563084 -21.499760394812157 -5.565314983403993 16.15163162844774 15.927106411646916 0.8007823085780732 -11.290737267128245 -18.620512344608592 6.50545372608331 
-0.7594714871423397 -1.0987186002819394 -4.215317053190274 -19.245232351992616 -27.231129506261055 -17.52793658629659 -9.473147679630525 -10.99835809970073 -0.21959396729581124 4.662553859291239 4.585215880144595 
-1.4962058498157682 -0.504467504829883 8.086554547221052 7.397974116371927 -14.213173055982 -24.19786654340355 -31.021643854843116 -8.572309512551385 -14.25723583185891 -10.029929787947516 -3.3148406727132445 
-0.7478010265067694 -3.0029467154619436 -1.3126281744836983 2.3178988233720785 4.130264597510035 2.6602799478762975 -14.538291219605835 -6.172611524716332 5.653151769370855 13.770933653974247 0.7384881953116056 
-0.5381147086109619 -7.265348046242131 -35.72302166222876 -28.379452126316295 -7.219693185639308 8.885323137348909 15.342760719930364 -5.144618200047057 -13.37637909806291 -9.594818853810192 -7.5867121301754175 
0.08611165986524033 -5.391145058821671 -10.104901315776253 -29.53362101176142 -29.918459933163163 -26.03079397924035 -6.883171597476782 -13.594807403779232 -8.313246138410655 -9.07224051195575 3.8064586732730072 
1.628915858628363 3.8905801895146452 45.64614877419265 42.219680385428376 4.969256657567473 -23.054753348303727 -27.896694772111086 1.4109763246929299 -6.775086163018771 -10.595251003743643 -2.4641631282397163 
