-326.6964710719835 -321.16353920855056 -320.9931463443701 -257.4585821471121 -112.42877998896918 -75.5206837969324 -59.98575547026201 -85.50729518515193 -157.09023552652474 0.0 0.0 
79.1777410157928 77.21429501274363 76.97944060291289 71.791645974793 -10.742822388026743 -34.90728912908923 6.401863933557937 40.201566539197316 49.029297792493495 0.0 0.0 
6.7875139325297456 13.057307324592792 12.437426903607724 -13.595976013134607 -9.493190861658498 -8.782866238267275 -31.298826512187212 -39.42545267561803 -21.434820337102693 0.0 0.0 
27.992455862199165 23.620629506671385 26.336060272984746 31.46710315096226 16.312089513242956 4.121078502259718 -38.241831313475615 -58.57316549609103 -44.71078675147473 0.0 0.0 
3.7407816310499467 9.577977383312218 8.956368439529383 -2.0515648009885616 11.649479871495757 24.28717090853589 40.42087324301377 48.19065953543607 48.34339390419478 0.0 0.0 
13.96656456015883 16.14434770246968 18.168226881718684 29.748774412416147 17.390777710221784 0.7826305847913422 -8.352638958293177 -10.704487313097488 -7.55380845860179 0.0 0.0 
16.556920614542612 12.894756336668621 11.594351957067978 -9.954101930508841 -18.763520948538456 -11.9246716399084 -15.87631121437311 -11.91994554259205 -6.37409466977476 0.0 0.0 
20.17114833893966 20.00292221302476 18.133087637064172 8.102391399197334 9.311261122194285 9.45953230387692 -10.284573874313626 -17.601567720084113 -1.4720240334794688 0.0 0.0 
-0.8208827532618536 2.7113865959858754 4.692032498765456 4.4082457509896305 -6.601843962658914 -7.514181044210517 1.8173118528308905 21.233200632368867 22.461294365541136 0.0 0.0 
5.96859682220332 3.078834988212365 -1.8775607856256409 -0.6388446113342006 -8.869407372745565 -14.805936018395752 9.89579382913147 16.042907676298043 17.288532023968582 0.0 0.0 
8.6078260900536 6.8721147670105625 4.255362804284182 3.9728813326112813 5.225429989911106 3.7734867669132246 23.846963152252535 26.779414914975398 19.859405766470925 0.0 0.0 
2.1452865941902286 2.9833004885833034 4.083708958280182 19.75663812719523 34.75849540192036 30.10306710824439 32.652088175167755 28.905649692661587 14.342426265661405 0.0 0.0 
2.5636159300444796 3.4440122163835554 3.177577848842616 16.213800707584348 27.139389529786158 31.33371818426049 21.983873122842027 8.464987656583741 -13.68169944664633 0.0 0.0 
-4.012153589191149 -6.019844998393676 -8.955719885384527 4.999544144012262 12.763911467245826 19.0921384352761 -7.122717825542715 -22.648839073770517 -26.555800934045404 0.0 0.0 
-1.035844857961406 -0.13421228152225606 1.337336748482791 -11.373285220284618 -16.693998239546506 -9.735843222186148 -15.117282484893389 -16.5130551502997 -5.443992909478507 0.0 0.0 
-7.496175391699441 -6.480570736743304 -4.539550269914512 -16.74531868183688 -24.29093309502492 -25.825278056247786 -12.857302246904933 -5.388309195206148 3.319316375561912 0.0 0.0 
-6.412306288485311 -8.825914203829958 -6.052152370672469 0.9279712712676472 -7.505269147110994 -16.591226219728195 -13.618437186756047 -15.739263407801278 -18.084835372502308 0.0 0.0 
-12.83798057644145 -10.181623347611882 -4.929109567615539 3.0908520071079835 8.922257998350664 5.454028955260212 -2.9357401775633276 -4.046028120468113 -6.484644250895643 0.0 0.0 
-1.4164268335874686 3.1572605850898694 3.0571066562965075 -1.2520542812835604 -1.2652270440881428 3.706005180937594 10.20549902522806 9.373859721875416 11.005523541078425 0.0 0.0 
1.4816207201297948 3.7430869518448118 0.38572356705710265 -18.09840606363091 -25.006835038967438 -25.594511969472023 -6.420429621321418 0.3517540868848633 7.861528856604473 0.0 0.0 
