-291.89521395391836 -292.7278945018466 -300.08724281177086 -301.78428835970806 -307.5768012086858 -311.5163262866845 -295.42276046942936 -233.42992148285973 -202.6690930305705 -202.59153479955918 -230.0016435243906 
49.17987150109466 56.73501361003885 60.86301605247775 57.747912629319146 60.299472412283166 61.471476673956325 63.81626870456202 48.56546561530135 26.049367798857283 44.4457693938963 59.10190051594652 
-16.48013619144525 -15.243992884410972 -21.038286267610488 -29.261383859177634 -27.79133455884703 -25.767249937378885 -35.54092934932907 -40.15889679571322 -36.76580929424237 -37.49217628508836 -35.392663816682735 
-5.274623646256863 -2.832520139983898 -4.072289788155803 -4.931048382096964 -1.7012131740710768 -0.42884648200674613 -9.886603915106411 -27.813521873599782 -42.73710805519987 -49.88133663063175 -19.2364026988745 
-7.8504433648435175 -10.50030437810959 -4.054537109174621 -2.3918575657296026 -3.563020117818308 -6.160664973200279 -11.163557991478864 -10.918974171086067 0.09956787115380805 -1.7923794257267822 -2.5672132893430764 
-2.8404899412825904 -1.7124013321082123 -7.774452702172701 -3.7481016646537 -2.104188930534214 -5.081782289849292 -1.6004609771019291 7.578053571695943 -1.318387233099554 -5.802815243455485 -7.192696700470026 
1.480963049902281 -2.975805149996696 -0.057110910699078365 1.9221731145544108 -1.4539451859023418 2.4853808182198955 2.1931697305203603 -15.017772800973187 -10.342809114944567 5.101826967957916 19.407706371960632 
8.193520090073054 4.4542252982396136 -1.2549962065580398 -0.3147505191901516 4.3685481106388435 8.387983836095248 8.498170332305143 4.425311843607512 -3.9326061535144223 -3.1653054560777694 2.0655700286678806 
1.78393949906705 1.7440521250029528 5.367480545418737 6.313278017437095 7.367269348263353 8.440561585664412 10.462529286350755 0.705938625915355 7.0600375233189325 16.9155698854002 8.120785164195798 
12.928655012141169 13.59674662526253 10.63971601165072 5.318078997470309 6.013092725697389 9.485541963947703 14.771607379328037 12.988131168876787 6.454931537273807 4.142745498481611 6.042801568520154 
14.741181628652473 12.30563759334385 14.158090666625444 15.153276212424373 11.192620207273123 9.795474526507336 21.28786005020695 28.26308027660377 26.734213142777072 19.319612216929492 12.303294156332978 
7.580148863215349 6.399750740272626 8.849171023053529 14.099425196252412 14.907275548898518 9.302355776660349 17.187419904344992 25.954201457408733 25.038585617756645 16.402266091974838 4.083363420382953 
1.1298578343228192 2.1287623645995004 -0.015888035162100356 2.321178992868622 0.04030766028414434 0.3125123986549944 2.481505050509797 10.46986028396235 23.698174888191662 19.12491665741885 8.7480982216167 
-6.4183866383651775 -4.086222685541709 -1.6566965137532508 0.796966048586995 3.9112970259683086 2.7814281406405508 -4.020502319159457 -5.897427748230443 6.904747737360119 12.925044393008108 4.454308758664806 
1.104145887505404 2.344784822045333 2.5491719562123154 0.5900109998876872 -0.14202367071194644 1.3448611641365515 -2.9101919619242986 -10.017001410674746 -11.0974343732094 -6.114731220707523 -5.434320850888112 
3.2073795422536104 0.07276089036589606 0.913116679543306 4.57621274306705 1.1818637874154576 1.8657172444700292 -2.2437190758231873 -12.893936629812858 -20.395882597544897 -17.93719728896351 -5.845649026960493 
0.5871773539109466 2.300981198857866 0.7891423585413575 3.051503469208036 3.176904277488532 0.18844073862738842 1.6002780284365112 6.965240218461155 10.656464688039659 10.391858993262115 4.018763454776746 
7.909661725733561 3.7859037392930803 1.501238547347708 0.7529682765443247 2.295390536542626 3.017636786344081 0.41077832992417884 12.993186707669636 26.090310844215004 24.29331092647535 18.531287660819764 
3.5762669028734018 2.3013440831796226 5.275412209540848 4.38374131923988 1.6074500363832356 2.3858121315407526 -5.1090040488903155 -16.09287805821687 -13.800080595619674 -12.723081945194103 -8.389936756937482 
1.8538955746242691 5.1705149010584455 8.149363298478175 6.551797115526467 5.625487416819068 2.8928348346558725 -2.507581838227391 -10.720760392896217 -20.813506136625662 -23.46345139952514 -12.866927268506272 
