-286.18095255704674 -333.68741958624105 -291.1080266100861 -167.90613775738592 -111.87244475201605 -138.3937809818142 -226.103791048562 -318.3559467679375 -445.940103618237 -480.5435051753615 -486.73178835548293 
2.7344805532914642 14.135780241262905 -14.49427281021136 -62.34484385021631 -47.93686424365404 -18.800267717147683 -4.87813519591395 -15.006397096716348 24.31265233160954 52.44733399483334 56.066498931106246 
-25.488565538940406 -19.739185205438098 -32.948668158815146 -43.712284969477665 -53.75778609351401 -48.47890646789374 -21.535415842857333 -10.278037747486664 14.403945959877744 24.165642805451668 27.142029188901116 
13.715842250900247 10.755413430801596 7.039109848123045 -5.165992230000134 -31.28925672003858 -48.16003486005941 -46.83846072546469 -1.0207265222275317 18.47182607185436 16.189759495071026 17.980500138577156 
3.5122663109150922 3.6745239057609558 -16.634707713980813 7.910411612118469 10.571011049493837 13.211011890029763 15.855672603687797 21.532572674638963 15.12351522079247 10.671174299338208 8.049532257517686 
-10.641447176697222 -9.607406802243663 18.136180441622784 -4.562103384810557 -10.542728857555943 -9.47977824397263 12.498815860985477 13.261985971740145 16.121043687453955 14.14243713622449 9.611864699294212 
13.738030329723916 9.543731969897399 -28.317789216990576 -22.371810213211926 -9.539668236569511 3.3590760906861385 10.747276983635658 6.289153489829133 7.40469293388515 5.107772693135635 3.2143200092340987 
-10.688359221233057 -9.455530053766934 16.436151011303053 15.773711863895251 5.846944574592295 -8.499670452650541 -15.809188389399026 -4.3985733678136905 -3.1212092633782786 -3.788018688732706 1.0785406588667354 
9.417306322855183 12.938207761782174 17.940313792979374 13.912285316023254 1.3098334643979264 -0.619671888176967 -3.12526735035489 -0.22427250215656663 2.6633539537797124 6.040842958219592 4.468387550459124 
-1.6134266728855176 8.421358730199458 46.5686983638298 39.290511473182036 16.244904627156533 2.075078081117451 0.947896023981843 9.75874617751646 8.317134946581707 4.837888463469694 4.34582879286503 
-5.181898519957979 -2.6502798471213618 16.775821653139182 35.04276024868368 33.62477077607359 23.000631020737117 13.301934525109196 -5.960938380885468 -3.7694364699896563 3.200928381849699 0.890891631910407 
4.449910483447804 -0.11903756881988287 -16.53238363473978 -0.8244111254094648 18.289662582542782 16.357173081164788 7.849151761390289 4.976696312130449 5.631303680762632 -5.063094744887804 -7.787030470607342 
-7.29650130006703 -11.625423087901357 -39.361069650719585 -37.50185244604751 -13.58574438279675 2.335156427883268 -4.814449190839072 -9.992092149768364 -8.714536816015055 -3.0600329184352764 -5.23539864612367 
4.009662501869458 0.20859392832019666 -17.421920955258713 -33.80113878286926 -32.31873508242782 -24.509186028151568 -7.007260086244798 2.977642932070371 3.5003591479042386 -0.6170259730639032 -3.11889833599582 
-5.378994475327325 -5.117617593308301 7.981613648520526 -0.7133100461657104 -10.791021297164349 -17.21766104426838 -11.290740812681594 -7.298709662926138 -1.8520335459847648 -3.9828162166323544 -9.671744631434798 
-3.686460754443216 -8.266684600352448 0.17792364312310885 11.160884370007555 7.529552018732056 6.053674960159686 -4.864319790383764 -7.03553872534441 -5.431209454580623 -5.517252740395513 -8.948711146384232 
-6.990620675295256 -8.65797421379888 -29.950817491222246 -24.215250566704583 -16.688231960780055 -9.989796895527045 -4.496160128707409 -5.858811231896362 -12.214796491847771 -13.390356650475908 -7.772190430796781 
-9.322505169933752 -7.697609265250743 0.628427653278004 -23.66005495204375 -34.571682602175436 -34.62586931331809 -13.115562658556321 0.8469701718846219 -7.973426961560287 -10.335014409252024 -3.698830353753419 
-8.442572951532075 -1.8835189579152272 37.783115720081554 30.426707437804225 15.08472156606178 2.3014769647337743 -4.765534944446499 -7.36596048791896 -17.302869479804997 -13.313898950509547 -12.36149446991329 
-9.175281902673314 -4.292940692600515 -6.342877140038446 19.974839253755004 25.059769622903985 17.2613935516665 -3.0615536911725902 -2.257736480395978 -4.387303306540041 -9.233818286045238 -5.334582939782445 
