-684.1598980213348 -686.361498424197 -376.612879417423 -136.67754287498292 -76.85383454469078 -101.69242958863771 -226.01247297677622 -468.3379738997912 -575.2785253936984 -607.5703732837865 -667.75543223758 
5.863235471500568 3.346892323994523 12.603486699123577 -1.9252115979746982 -19.99548934563507 -37.57785911293415 -39.046104331114364 44.490260075559945 2.2079467357971168 11.018061008177932 7.086565713965211 
3.480926293236985 2.2136195061265562 -85.6109268771405 -69.1105484004498 -74.40910263701153 -95.04364696413285 -123.77416635278044 -87.35775706432773 -42.08526158105831 -23.449415536952316 6.038670112500284 
0.5364366809893111 0.6337448763999908 -30.71901431829597 -17.365161966780175 -11.03561804092924 -28.848563444483077 -86.62649388461355 -99.3100440421388 -29.221825211385898 -25.023536796483043 -8.62649156671037 
-2.2762350831074487 -1.0329479249369493 -1.9675810830652236 1.743534721906112 1.988762628451468 4.878072059434764 -13.39903816662016 -2.537721313722361 -4.911659367507557 -1.8320858554764783 -8.953498455880744 
-4.102060177819056 -2.438441755749075 10.923383951215769 12.222982536393136 8.615427512899423 8.236386778111449 -16.659003311128117 -8.888458279601675 13.325397703097359 5.705588713121825 -2.511442262889003 
-5.0220308935374245 -3.317291516079063 -28.820627752449127 -29.557006346795234 -30.129601867062007 -32.766181577700976 -40.518784971950026 7.71851766914148 -12.443914312264244 -28.150622570493496 -17.38550092014618 
-5.2686111092704095 -3.5193124370373567 -8.400995934584179 24.24246619900882 23.385478759757177 9.421921914431355 -10.009994397443332 -12.579116246344107 -2.7684101072828655 -4.7262309502476825 -1.7492777286932937 
-4.592355390899437 -3.0168815670767546 -18.285401540704907 -3.744838602847954 -0.6331036780114307 -5.908984099849695 -23.205929997238314 -10.75116739700503 -17.46863150009217 -21.3325333835679 -11.421492973436312 
-3.1758934350542063 -1.9050786138339675 12.934800876506031 -1.7705857190633671 -5.974566021470873 -9.129024228040732 -19.61574510748824 -19.733030170318038 8.737482034908478 16.317364928141515 7.381842880909478 
-1.0095261983372432 -0.3981644294819212 15.25982520733741 9.028715158631663 12.078380644540122 15.44355774646015 5.640557994437357 8.312085705315695 -0.1404694299032957 -0.8710634276607552 5.013204339531139 
1.806285431758435 1.1922630095722675 25.437931685966138 16.451092525559524 16.623860885945717 14.035154554637062 4.697955955082271 -0.36004889296907716 -2.50872530029725 -0.544787853963884 7.173731773588168 
4.219852682728607 2.5139861434500226 14.169913279128053 12.772078386890946 13.624787141544319 21.331983973596895 18.307667207894823 13.506201208073863 16.654520885830323 22.045433316526406 13.275549982397335 
5.514432942223847 3.2626859915541084 -35.68094263688286 -31.801059044187546 -27.191508981017833 -13.101441875415803 -8.43152181723756 -10.35603372519586 -7.042459280986662 -5.723275884060788 -1.4165229185096835 
5.35916576800358 3.272405144227939 -8.733380379516628 -17.133822095345185 -11.269838959677054 6.858841506123637 26.17270407126177 15.612976209173832 11.975825399202721 13.600353895095516 6.340368108805459 
3.60687370183796 2.566618178026739 -4.721776520717653 -7.650545462994289 -18.541043222600585 -24.424612803747756 -13.885462837227081 -8.104964595924873 -10.533983280106048 -11.253498505197078 -11.770297609652324 
1.2127940954027054 1.3442505086531078 8.984744369152295 14.488158921500192 12.298069178090902 3.116468747633222 3.4070613753005103 8.184289298994885 11.064842763450677 7.71959507665613 -1.5521315527015167 
-0.9173533341881577 -0.09130354116222056 -3.719089485167338 -4.331430173610364 0.33610626355230505 -2.3223301666339817 1.767679254639299 1.604472232022466 -3.119838709742991 -6.994821470728128 -5.154416687966167 
-2.5090901559089316 -1.4238140140203361 -12.65079091853848 -5.498652539044878 -4.281746638725366 -0.30468580019866853 14.02267269466704 15.580658602926357 -0.40510041132651764 -2.812054103958327 -2.6380940896617195 
-3.200291085741344 -2.396607234729756 -5.778609037283655 -4.573081938296985 -10.448375113987925 -17.17173258091231 -10.26870355842183 2.1984260394218684 -1.2012629150166338 2.4318576103432905 3.474913259609981 
