-319.02206411434196 -314.1463947767299 -314.3746337982408 -317.96005543738823 -251.6022622288894 -103.26379782181725 -36.0146688005351 -37.73125356921925 -107.62496852711438 -159.3222426080265 -219.2515674757032 
41.907897919780495 39.594932507296576 36.93919472713807 33.73552596018829 94.14413781640553 96.21894466175081 58.19744089278386 59.614212898108924 88.12932762569629 44.13931081248812 30.306972867947835 
8.801671610628244 11.307776906547954 8.22643596328555 6.219043915880753 2.3707847018681663 -47.67541806903408 -50.95804777829905 -37.80795199478857 -19.33834342902899 -15.440039730346324 -12.434276898080787 
14.897549728266295 10.450814501216277 8.044457919676738 10.285763897495105 -20.77538073047962 -30.947722702944894 -34.44300793031425 -32.802523571864384 -38.95827492694445 -22.13150391076924 -17.501806361053937 
10.826679420997593 6.009582918031196 7.440418949297978 4.733628310064294 -22.771135567274975 -36.832415293105456 -28.490108215186268 -16.90565802193253 -3.1334364045363317 10.11829365110999 13.645342013412689 
10.271377989626188 6.9514832431148985 7.769409784374009 4.432677154276285 -7.712417659844558 17.738833455006123 16.263649116736772 7.158888916685775 -1.1666813787608314 11.231074175105906 9.593807435434694 
4.527061574488794 4.175906156516459 5.7430476647625195 4.771174305158687 -6.247822125811346 -32.82072268716911 -38.81901759689207 -38.052559630934404 -21.908640118344962 -5.5178436349799815 -5.349739440688663 
4.374400928826247 0.16784086265809872 -0.004628191971403739 2.8024267156566327 -11.935516884332905 -25.477362108690816 -20.22037788395739 -17.008671165610522 -11.007977382393461 -6.223613608134708 -4.852461039396862 
4.850265809494344 3.243015626236377 2.6938272154652534 3.479961067292258 -9.662002687110709 -11.472726282451504 -15.954809066064824 -22.27938347227622 -24.22479749906626 -8.260424792221684 -4.3905267480105294 
-6.443893054670669 0.33872240091487826 1.2348536191167603 -1.3529051706734063 -4.047932816493722 -6.2824374767274005 -1.9201385287761394 -2.889996810575372 0.9843544331425014 0.6107662770822678 -0.20358964648182076 
-7.8573748789207265 -4.4606534045843445 -2.9998835623154676 -4.555162883025998 -4.753177085569138 -4.143149436267686 -7.425325409249015 -11.765453198743781 -11.593121200078368 -4.139682040590612 -3.421126416333192 
-6.2951405936713805 -2.3490239123141277 -2.6806042592407637 -3.6314565821477656 -2.425432011988848 -9.396623714477265 -12.18106490076763 -13.717611935869853 -12.428746730700894 -12.940886202305197 -7.880270126959699 
-1.3465024253751525 -1.9044950687208884 -4.573836997872274 -2.742031887667256 -0.09697223256502756 -10.492461379920096 -12.355419636049742 -5.114306995910983 2.5506701804027054 8.693806602246541 9.661558032122691 
2.4864864142520404 -0.3659162550309345 -0.856358767906833 2.9698020645169234 0.569025237536664 -4.839202731335198 -1.296658616554308 -0.6414159831890591 -0.6923293906811371 3.834240217637558 1.5287077979405284 
3.517280657351024 0.19014630724821824 0.3882880643975586 3.521582391696163 2.304017874379456 3.579460275779817 -1.9886591085512735 -10.117406055811863 -5.413058944720435 3.9138696802220108 6.366790077127757 
7.1790007461827825 0.5542226175134618 -0.24409888678984962 2.4240017651765555 6.09129925944646 -3.8338697647645965 -13.39914058465629 -21.920318234665096 -17.893137951193037 -9.364859851890696 -6.332405938342862 
4.991406669603002 -0.4183889468716814 -0.806404851317739 0.6872379074330504 5.054416643998737 6.950574392829565 2.1427706716963453 -3.8288095555337835 0.5901323750837362 8.504296791683206 5.591793071079345 
1.1910404564951962 -0.08926063284741992 1.6980586665021191 4.720986906160421 7.633308244875307 4.479693362181633 -2.866141273907912 -4.898614991156972 -0.4906864691082713 -1.7234319432140128 -2.6478994297524414 
-8.431066852806218 -5.939661892167257 -0.3834010531554436 0.2522236389548185 1.1789680613659634 0.7325231081404728 6.854109397941407 5.4599404135222205 0.5271367893577561 -2.665410939469094 -3.9491920704956573 
-13.118498996334047 -9.1726891891816 -3.565929917684376 -5.9737846974 2.386258040986105 6.176410876907413 4.258197032398709 -0.8953395475172411 -4.096377262331406 3.603092288639744 1.6787987285331614 
