-692.2227268460466 -672.5567728752603 -389.4598691763707 -148.0233404239197 -26.972950886897358 -2.711110284166822 -68.8291219597005 -200.01950113190273 -239.83511123183973 -269.2543068807548 -404.8966839831065 
17.97255240647309 10.063907539807513 131.75926257903677 57.305542361671556 -3.676552482409859 -6.5802289310890565 7.791833238990084 37.15451274944743 -8.918867842334404 -24.478917319080637 -24.431779579951463 
5.93607544207517 20.002820867170538 -66.63181315509166 -79.33517338784677 -74.14662754086399 -58.76917881882585 -38.71961446390017 -15.600864590418519 0.27093084972576187 8.427992723041884 17.553860378337756 
-5.8712111406421 -16.0059980336221 -27.333503972171613 -7.709824601817808 1.2973697082545517 3.606203300664755 -6.414075175446036 -23.870707316675592 2.131122736401371 1.7314606605712681 -5.142033595426283 
-9.679348612511745 -10.251745198108356 -23.388795554235383 -17.287380297280883 -13.094934185249897 -19.36169522537533 -20.11549854688956 -12.928210616198482 -15.152022289856728 -14.372834244767978 -11.711074494247235 
-7.0561615445741594 -7.764529751214105 -9.947353361711905 -12.216694454509375 -25.67025927256796 -32.25292178459905 -24.95282715952569 0.4833882948993006 14.199061827061993 18.624673656657766 14.272222910421933 
-2.3691514448061426 -7.944347117025968 8.083883281256554 7.450909925866565 3.3635687331582713 -2.430328896833095 -5.715599323451959 -10.692003577938085 -5.311397053942574 -3.451911362765895 -9.498947203749356 
0.46183985724036003 8.25299683029075 -21.425460681799102 -29.18922270338838 -28.214685142153137 -24.2662812109629 -25.25210537573041 -30.461610042360178 -2.93750053987872 -2.2804382094862383 -11.0392378496656 
-0.7740727777180089 -4.28626236801279 -46.7494614061158 -22.27968633053996 -12.419997255733254 -13.015548571960485 -23.366059731873307 -16.15642310170921 -17.071873027204127 -22.86503443627661 -34.22245250116667 
-2.8413758981992596 5.052178186041441 9.358987618684338 -9.095436909951918 -12.965645010064982 -14.593836970127821 -12.654576893857696 -7.895892503989186 -0.6753682060041186 1.300956345809984 -3.8885833658700313 
-5.928087550225184 -7.523334954563723 -8.267460483625218 -12.481640467817243 -6.102754688669981 -3.577126813687163 -0.33439800171623635 -2.9220095127177164 5.762508672727061 2.1320723043794407 -9.793234622581355 
-5.648149057842447 -4.0824402447494315 -22.356148317344122 -8.482423549230939 -9.077420088388484 -12.707268960203336 -17.514722147405635 -12.716926455123783 -6.764261236825585 -9.316625763874969 -14.24164831655288 
-3.9769887952865566 -5.146319646544319 13.747272067570607 1.8910049343727504 -8.240316893840209 -7.782380789087895 -10.732497017949914 -8.143847651602776 17.169420030000577 22.604559623543487 17.631018598944646 
0.7531964589779762 -2.6341109166366934 -8.669211867711041 -16.6689660333124 -2.340157064475528 2.736803523551287 3.4848566016760456 2.896813097445759 -0.4291076321032207 -5.1271165327000965 -13.329010245844078 
4.332204429765671 1.11138548189188 -14.516327331044266 -2.313990593455979 -3.656599700347292 -5.19140725467628 -4.699603376944334 1.8040409728739788 9.93681467954605 8.682132497254177 6.220388225322208 
5.664170014014267 2.1730987944512057 5.4262571781946125 0.2562554510185471 0.7751570477834542 2.847678975089138 5.437008701796863 6.472400967225041 7.31391166453188 2.6578641288441016 0.11012417470637456 
4.099137942662608 1.7556916270928313 1.6870387264827262 -3.697671890501014 -10.579269464405652 -8.49286995527648 0.4485220976774203 9.301054344354831 2.162648041438059 4.691426798891177 15.757747562276247 
1.4086062233505907 1.6996372862888125 2.1465182659453865 6.120069208966477 -0.9518096485324378 -0.3693226026689539 2.2387091503916063 -0.8712791207898258 2.737639455324965 2.6756238377799444 6.470172328643159 
1.098770621657793 0.9796526447972538 7.2898884672749755 5.988567090730585 -3.768592031752511 -11.166775493354397 -6.575381794162135 4.785064022119347 6.161431694921146 5.6800659404251945 4.719246604432172 
1.697905241041553 1.199148766213968 30.39996121535011 36.57960321419761 32.8118052277548 17.094624086635562 4.6332654313982875 2.806604647033357 -0.7121502512911997 -4.873979633530594 -7.850245317223514 
