-552.5408704716634 -285.8518480368317 -91.73983692598807 -9.063480921339966 -6.05648102264645 -88.43160683832727 -202.6231221471716 -233.3603431253671 -344.2594409762399 -498.6150440515862 -525.6789694336331 
9.283775413462019 107.99124683847151 40.63466060294029 -12.661202331248532 -14.885524685085677 9.772776012983288 21.770935651608504 -4.457496864352984 -6.766032296271792 11.821107757747043 29.218120026486886 
67.95344599934893 -54.54994583977748 -77.30358732326332 -67.10954882031623 -47.54124673301658 -28.810161388063886 -11.621177054063313 -11.990437498511126 -0.03398472371449532 19.221775643232974 32.82528822488514 
-57.39772407526655 -46.599272143301256 -18.622828815226406 -3.3351973220080815 -1.2438870942652027 -11.117992477196292 -5.4306580384500345 0.6484984749475127 1.5223265200841638 10.39789964027857 2.3718520285828686 
-0.728817773500078 -18.21460876344998 -17.611055360479668 -14.74805755961316 -16.13538538390693 -9.753668021996656 -18.400914325429724 -12.648441604697013 -5.45839011518835 -9.758093180807096 -30.86967310904784 
-0.6840605090138733 -16.691414330805404 -23.264059235512203 -28.27347445384811 -31.716354461715465 -27.818615330340783 4.68749706384625 13.249522882121266 12.563252382454797 -9.219770347250964 9.123064006361439 
1.0381336052622936 4.42094874768691 0.8423531440649231 -0.842318573224559 -4.645246250659305 -13.004037199818631 -19.161169518531068 -15.819925927879819 -16.72317492249677 -0.12330006555779205 24.09593665333876 
0.8632875108370079 -37.587656152755834 -31.96108391039802 -22.475688488191174 -17.25181765812282 -17.883701356990315 -13.652257755519194 -3.59740220180137 -6.233410471508333 5.44413896598219 5.406598613922341 
-16.479170209637154 -28.49712880135288 -18.064471552925674 -15.525359680233468 -20.537504826565755 -28.417207438920865 -20.34966611390999 -15.511441776035614 -20.430720145246426 -2.898309562304294 -0.12673903198299025 
-2.6928174716431883 3.584770956919088 -3.348750259191233 -7.438879815890271 -9.512352031452352 -13.22478929359235 -11.972868758869309 -7.417876554736168 -8.881986586466752 -10.8497296114312 -2.735204670167553 
10.839903997350525 -1.5455307319798908 -14.552378202623382 -8.41382701823232 -5.846912218163198 -3.3655884945229095 -2.381878276755952 3.0989345712591794 -2.5204421132853225 -1.0211448377280397 10.716525713898289 
-10.024789177695139 -22.167472760373826 1.946320506011738 -4.323105284512892 -8.595377298391961 -9.935857896757819 -6.168239466747215 -0.8512222738897782 -6.74113776608521 -5.69248457358461 -7.555725675487724 
21.994196498803433 18.146809954521018 -8.069772558250387 -9.02302932153976 -5.109824383919753 -4.043834114229064 6.364275424471216 12.190995627284032 10.001304705981013 -2.42715303777005 -0.4346185991405702 
-8.287507694053037 -16.669182268395474 -5.865925738566467 -0.41533864210381644 4.07254415161932 3.3143136815961185 -9.379782500216203 -15.478105554655173 -13.16139758801852 0.6706362270147026 7.44912396570437 
9.221434859527285 -0.2028171101919755 1.08350254016229 -3.542931381434105 -0.6416585004153336 -1.2177037253797403 3.1600167182200245 3.0033470587015314 10.3403537256049 11.84042734095527 14.021951068543773 
-6.109046693854476 3.2939835492590634 -1.893778130005444 -5.433972874025648 -3.2920071324590725 0.4673573328453837 -3.8553350013582173 -6.049211868892609 -2.1068462852299707 3.7384868021654265 0.01422218477780579 
-9.232633205204273 4.001115980713827 -0.10280412700854924 -2.9216274949816112 -0.17081930664223977 4.124496215367477 4.439351488487764 7.804466428399125 6.656400261803425 6.784686740278164 -4.268166696897842 
1.317669024674516 11.723448846041748 8.713880168407954 -4.6397308980052845 -6.026851235068969 -4.482337201349095 -2.7340336300839803 -0.6118593727009439 -0.4723982118627579 -1.3825119725085355 -12.025741212401883 
-12.265453445506118 5.747188626386768 1.5582299858284379 -7.756867064092634 -8.26328899213945 0.7967504657581165 0.9327206790653599 3.3071342823391916 5.37404217708376 3.2650318761392327 -6.005004092562195 
2.099520782246696 25.568945373382412 19.422735293188452 6.308257712539694 -1.185316685318091 5.514515888518822 5.215506929700219 2.164638449153824 5.555612682782238 -0.853819733335003 -5.097753408946641 
