-607.4761729520794 -464.02711676633174 -275.7098716934278 -172.27251777173072 -165.2265591502154 -243.6374101697661 -322.3494054726994 -340.4434072899321 -459.1460265657477 -562.7268772255028 -575.6711639556302 
28.60213409766388 98.1096908713713 72.04041091750686 43.3638385345041 45.80174236868149 76.98580767281183 68.48934691876923 46.77463922318479 42.51540394646999 30.602285979812386 28.610254966491986 
12.656291811989753 -36.86347863071754 -100.10497475604254 -88.27707654296358 -61.4761847831745 -35.261167338065434 -31.984959516354735 -33.697900256169405 -19.70071216103524 2.4502763554310025 4.442585388151447 
7.573460986247037 -24.515341406051768 18.59470400175538 24.054747386528078 24.35262845149522 -2.5901883492613433 8.594605425077072 18.421782087534353 12.17613612464552 10.568976347815553 -0.21515194466477117 
-8.447335901488795 -16.471743077693123 -25.062811745413967 -31.310402156504523 -18.882652675031622 -8.736654077051396 -11.837270815639624 -3.6852347605401996 1.2976265746083393 4.364895597285534 -2.394092033409083 
-10.812862329062085 -14.363137727388917 -17.856548422801396 -1.4204251433443476 5.309431071280757 6.127593491897991 -8.345086561993138 -8.034549446674493 -11.707419669517684 -5.394216584819564 -9.491099545570075 
-6.435693430635361 -3.7412712412111953 -20.51649709585466 -41.2041005150981 -38.120752473399165 -28.828609200545003 4.787797710688124 1.1887221793415121 -2.357801070095466 -8.52857372804844 -7.3757905008866 
-9.019726412294146 -15.417603821373763 -6.548899721843261 9.883776895686513 21.030281059345995 21.294348289100682 -8.891011908567418 -12.155588804458386 -10.682754745262418 -0.792258495637095 -9.385606098581794 
-11.388081110581394 -12.770824304337062 -19.104349185112046 -24.990404251798918 -14.321621050821818 -12.073681551618048 -2.990880239684517 -4.148333540206075 -2.471348094633937 -6.460240044108943 -4.140518028928368 
-6.837998690733157 16.33439620641784 1.1224001932237408 -3.0660010236489885 1.2117680644389863 4.870009727062287 -3.0790100354467826 -3.8917017864668866 -2.9206250175641735 -10.165184126802648 -1.3563982768673903 
-4.055852998796205 18.09682755819464 0.08160408046626816 -12.792989466504093 -11.610456566182886 -4.345683579422637 12.03759345122267 12.337410739699635 6.328856671297821 -4.852242789421277 -0.8015984119324886 
-4.280423884050162 23.814680771060097 38.09758021857941 25.71710930165778 13.781649562603272 7.043003878350028 1.1537156924878962 2.055069891166729 2.226915558578554 -3.874444484421799 -7.149640222476762 
-20.993743262179787 10.680575694301762 29.453284437806715 14.643152512813064 2.050306024193847 1.8778792894072578 -7.037959001167929 -6.694661227975319 -3.2296389726176304 1.1721369639903716 -2.1991619599201266 
-10.363563344775619 -11.71655292210405 3.4118403806843727 3.257639660931656 -4.4184841720262895 -7.624339271553046 -3.2285194317380954 -4.645381954392888 -5.307107529185052 -3.933330581408822 0.42126695511960843 
1.4997598977935342 -24.338922496512794 -15.511834593405947 -7.515186300406768 -4.24647783189678 -10.060816345720045 4.237165048498319 6.151526734157736 6.002320354979318 -4.79949878636423 -4.150974180175584 
1.1699935493879436 -10.381142179302447 -12.925421039000181 -0.3670829318879878 6.7656035098806555 5.792113534676037 -9.336152316727539 -14.927997908172792 -7.8544284109816775 4.997944022536599 0.32104743835525906 
0.6988426185380576 0.4851460039569331 -2.090179143861292 -0.5441111923320727 3.3340057157080953 5.829665212320255 4.175196490898883 1.0062130800261193 1.7316311290055353 3.149726779261541 7.729408063353372 
-0.4882063394355346 3.1911844573777413 -1.503346587984467 -5.600366932201553 -4.872733477560161 -3.9146797542471754 -5.67529354077987 -11.160598893828961 -11.833375647370033 1.2135814690748947 5.457156098758516 
-0.9810550156156596 -12.83558309329724 -2.937724185708155 -3.45101471193811 -0.5355293343613599 -2.061446443613428 1.018290534146274 4.442018746180792 6.059842868412767 0.6051516376949613 2.448715901729268 
5.6515384480858595 -10.011064065473224 -16.284345223481175 -14.064583101713843 -5.1957625028952545 -2.2786118890198925 -4.574242596537345 -5.910353043196853 -2.9339905664052273 1.4714077715512897 -2.1082137329760426 
