-221.69715133056752 -85.98159659309604 -30.646227580065744 -60.679251225880286 -171.4645434517595 -304.58563311741017 -413.76000363826404 -485.60965475881204 -535.4555383335265 -581.1050406802464 -591.5271019403888 
43.966033767564994 12.505693298690009 1.1590574817911887 10.704387212908117 26.03534349715762 6.355498434660332 6.663404572384001 28.66661234898382 49.766804490050944 63.80182724058189 87.03667774047074 
-88.5118047261533 -78.47325014493981 -70.61845120926765 -53.814719937242856 -36.512949334102764 -24.120105569614125 -19.838774321459166 -13.696886944326629 -14.432282470475302 -7.784679125378345 9.3990652086263 
-12.670136150317923 -9.664612991898032 -28.170885595977175 -48.22559603453955 -50.28281633797103 -23.53834935383285 -32.08658942416889 -33.22629191520959 -29.640052045884346 -30.86496095750771 -25.734708705714826 
-32.64015731194564 -24.149360593811494 -18.359091273479024 -17.866824486873575 -19.672077733694575 -16.517899367171665 -26.150529803535925 -26.30897292069479 -35.24491827448277 -39.61355614549365 -34.75450403330247 
-9.823261274179877 2.3691787052538835 14.04389508085573 15.521818979377285 6.050054699618009 2.2453591996244566 4.251180749069168 -3.089855478320384 -10.399500294844707 -19.71241490133319 -21.401373929930678 
-46.24086368267748 -51.0241121881585 -43.171193096923545 -32.85515841357696 -26.219233385549586 -47.68847197482286 -63.912592131542816 -43.88159326939633 -22.45087305816426 -10.359946121158803 -5.722652855055827 
-14.970350132573103 -8.149367867139516 -2.85573557334138 0.09637240614750675 -3.320526028904166 0.07175762160311394 12.88776163445468 10.24510590028228 3.8392220437196602 1.4378673491847436 -0.6197853852755792 
6.496348687585379 9.991207737308333 3.957105842402668 1.1376024165722551 -5.522785015142638 -4.640214006452734 -8.949691820933262 -16.20286743187547 -12.077930371327861 -8.259399573335521 -1.1988963139188273 
0.6239035999090361 -1.976270749812256 -2.3196971678541094 -0.6967309156243262 -4.358469367333926 -2.1173244598278154 -5.421564695968115 -0.7721228972777074 -5.6759529130846555 -6.956855061264858 -2.453992029227198 
-24.285955022411205 -17.267157027224233 -12.185466481343225 -8.80807791075841 -7.382553984085421 1.1226017119571245 -3.382256717769718 -8.860754139578072 -7.152767901866472 -7.9692405532859665 5.007301532010059 
14.893627749373355 12.642906106762744 12.55120115460842 11.744992382979941 11.186565682317791 11.944772552395232 21.924227622211994 11.34984101740698 5.225514761450178 4.14011668968821 8.716857673137707 
-9.64364165005514 -8.655372861090964 -5.117308814368522 -2.8413414722900763 -4.792196001397732 -5.791832428810581 -7.015410585493493 -2.150668783077961 3.292778133753017 5.948162531945351 2.7239133038763184 
-3.4630392934758167 1.652995253347931 1.4262183050452497 0.9898392601319955 0.37967187307993533 2.4328335791790066 4.557613857589875 8.255060993195839 7.498389786505403 1.6280542466414516 -0.173440602680076 
-1.135884159635511 -9.760902425749885 -4.832476840068312 1.334795258329005 1.3544019902533169 -6.211474210846881 -6.178367062457577 1.8661620584521472 -3.4213092738099644 -0.4270726229512216 -0.5640822583315804 
-7.221193296203863 0.14019004093059295 4.669541469445907 4.7990090280021835 3.6056323711078124 2.908554250501073 3.5283949050635917 1.7883759917030198 -0.049781825347398334 5.698393251647834 2.0832383296109285 
14.906639083890525 10.072889043405622 6.484970914617268 2.4140963351349307 2.9982052281771434 3.2757797721877933 -5.979968234224918 -0.45338315059301304 2.094767764336323 1.459319590415993 -1.7667049125614536 
-9.411405750681862 -8.354807386439877 -10.862478162481793 -9.34536639240823 -11.977045550103526 -9.838979969118073 -11.083613910865498 -12.88582836835367 -8.556281029922443 -5.249762763047633 -2.567196270654437 
-2.3414747677742556 -2.8400817503752234 -6.917732909113936 -4.546037053716348 0.1730878087177803 -3.16471213029517 1.7169133116180413 -0.27139469126611054 3.881742940836157 9.554105692270696 8.11755717553814 
-7.722597029856969 -8.249527891472537 -6.24967488271516 -2.2513446402740755 1.7906918651041963 -1.7277066750677457 5.621985925333895 -1.3564283545918085 -2.1970610748937913 -1.5408257225128579 6.200381930302637 
