-169.88561517008785 -88.18467018491387 -67.70612498511336 -97.97837202028876 -161.46358531238468 -159.47873050947095 -187.18907174653597 -290.9882076889672 -324.36786985178026 -321.0075342695 -327.85629245971035 
39.539693924966755 -19.595739829598024 -52.731344277749756 -30.27423520948934 45.47523951979487 55.03983822225487 63.83467711217226 62.14196259493958 54.42217853591228 57.69976040635304 56.07922574871168 
-56.42593651160577 -51.7275582535227 -38.356552805042355 -24.411487584834497 -20.66305808188236 -3.1234236235588484 6.198012637003757 15.40415561673294 17.014729920392526 21.772960709235843 24.302309988608926 
3.619378088135375 21.54431170096187 18.392389862327676 -7.342388714626651 -22.538229825421976 22.18200832525482 28.871418292332518 25.28736258718466 21.531684442987803 27.140936425191978 27.167248824434736 
-36.023630452710094 -25.744285195548056 -13.430414033294747 -14.756219983127789 4.214890108798876 11.536495509440998 19.65118542644606 23.819634692312626 20.579502086190093 23.432133785849153 19.17262232780019 
-3.9018316501894583 -1.6965059223359868 1.4054035687215531 4.637303666952516 0.6511887567356535 15.893889922285764 18.64422481894459 22.409467938479054 19.16147159738317 22.916164327907033 17.76704559094881 
-23.018509046019425 -22.53184297759061 -8.253044038131613 4.077165161227576 5.632623620703168 5.296757599145313 10.510983994306223 16.200093651525776 12.66116459463948 16.043937369327548 12.741400130679335 
23.524457110731817 25.10637680651892 23.275204885352537 9.230975833518048 -6.8853768624020795 11.349950293371592 13.935703706318325 14.242955302858826 12.673021007414622 14.353497266159255 13.71132960668637 
53.95836369354731 47.61270418795357 38.36499064435597 22.477665526597505 20.88057495207528 13.687025635816546 15.991524901262956 13.440592061620103 9.8175970438194 11.366812237817463 11.851755173950497 
36.01402957552145 47.39456466929468 46.37124106983917 45.39608088347513 30.25701570405215 16.368903198338078 16.187307966886312 9.679183774860483 7.111700167280231 7.574885873589677 13.15009025246572 
5.34569615163246 9.682496998020328 9.643604034739457 16.770008444446052 12.239602800787413 -1.2959650817677735 -3.70537175883284 1.5837500606346726 6.502167234632813 5.884511939630324 10.67147903926436 
-16.320342325742995 -27.534731395304732 -30.506887499108984 -28.955517422384993 -20.12713822217446 0.3424425402286564 3.1639167535404216 6.360528906565776 9.598193109983157 6.482183890145429 7.077728765749097 
-8.953778901777115 -7.708398082649817 -14.332542331260116 -21.81167948984338 -13.116938161573149 5.135086187830835 6.8475817583923595 7.159080582871186 8.627426544721285 3.508730588132436 2.979235895498486 
5.960920692839817 4.814864928374527 -0.0492777319082639 1.3130351077924827 4.719630404019931 15.07732488075337 15.69694568260691 7.481653798465306 5.756199390113058 3.9042306808721845 0.9733800335269149 
-15.782743410570996 -3.49505086631301 3.132845114730543 12.184253060050061 6.734997653134654 4.385029065678102 5.900772671595721 6.6266887657244515 4.286056698307937 4.2434547983679565 2.504058014524098 
-13.544318164526373 -10.10397251376298 -6.5738019068668 -10.77576406966578 -11.013109275229052 -0.6255134128633366 2.0976290164478617 3.2633162758984025 1.8547021013058738 3.5676526705088096 7.658109219071705 
-0.8920166295532332 4.282925219895426 8.67670940543287 3.779664801698215 6.399233138447271 9.554563507968268 6.798708436358103 4.355393792742461 5.215021815917461 2.3786293938507717 5.468813435199119 
19.539480429877152 20.990595518556354 32.4810827989491 40.83642558748734 26.970651112994084 10.217480159848874 7.52641390228791 -0.0013007793037171922 1.7407486769585767 -2.166770972333648 1.245324253633248 
0.058382268492005895 11.818782088192254 15.385106572182908 18.85295753723433 8.340042871253317 -3.170553156191263 -3.6250535053997366 -0.9704625975810256 0.601446814081917 -3.3007420567623944 -5.080479346800129 
-16.999647381946144 -17.684138505442668 -25.83259464393616 -29.016852222566314 -10.875295563747272 3.2237516088632594 3.6920518736197687 1.71106692479235 -0.6342417850766434 0.15586280510046674 -3.361384646854667 
