-570.9747153229064 -252.2962901563477 -88.0142191768061 -46.62358301188006 -67.83581228301941 -120.5311224070758 -93.78579995427557 -117.18464267417289 -267.21882663495234 -411.70053963706823 -450.94635545425064 
20.077857363332935 68.38665460006308 7.941594416244467 -13.768494020207958 -4.50812188050359 16.944236466049176 -22.811150804143352 -32.63638837874561 -26.591322612659134 3.613763588416723 -1.0366292085720434 
-14.161903534921565 -15.542175498584108 -28.055732434944865 -27.40174246568452 -11.634931753458009 8.561903441817577 3.139961447260837 1.7517330787241079 9.852930036413685 -9.944525419051777 -26.882710768564518 
-16.740486161418676 -84.90133606320433 -54.25736336238197 -44.36055508823085 -48.16900798603369 -40.98182717303335 7.012944983744231 11.891017049073904 9.538906622562948 4.334871408231374 0.9154021028450452 
-42.37694521265137 -22.021926510194856 -21.820414083481083 -14.966002607907338 -17.467887895334663 -23.69609393785189 -1.5375402082193652 8.839957187381533 -0.6325364204337838 -29.002573109911655 -16.647173099519684 
-4.3262117108251505 -2.064006546180499 -7.28436257473396 -11.363464229490894 -21.818297823586473 -16.78272064625097 14.541761747810488 23.268855996013713 10.349541005221035 -12.000642655474133 -1.7796189260592823 
-9.008751803787279 -36.11430767625903 -34.2878150259895 -29.9156120185581 -25.040975822926008 -14.864595602925526 -0.16784170724325803 4.366700649969004 -4.426826683511978 -29.570383505582885 -29.45063530691793 
-0.9627179381793582 -8.774697385118486 -5.823848283699096 -5.2001668363100375 -7.439933634395832 -8.224082663022774 11.856756560782571 12.818299235239415 6.226887436771779 -2.739488388714613 -8.247498396099928 
5.244288552201791 -7.156620310251099 -3.132274069732964 -0.7345143509039006 -1.3434192236803242 1.5948152884335953 0.506899709924813 -3.4501039970271075 -2.1991534749119097 14.468745932458738 21.80737063149555 
-8.309326979261645 -9.59797745939795 1.172453786236659 3.6345291741753663 3.340266552724689 0.9519357884027138 -0.043341678777928716 -5.554959887676883 -3.2718242015723327 -3.7528500822435196 -1.9582562587743382 
-6.001980805635695 5.430774936799137 -2.958341841908955 -3.8415894705358062 0.698271913005704 3.1869406146316357 -9.151725422961267 -12.207624624628924 -9.24954386192517 -13.132714511893289 -9.614603640536952 
8.033280511168924 -20.859488807683235 -20.799565633217213 -24.116293502441252 -18.16888232154816 -1.1683602291605477 -2.3278759209522253 -2.48928635279512 2.5012946838307317 1.0596972026342657 4.6574471427507245 
9.447400257889488 13.795350521459465 18.248140226529515 11.008945796378281 7.989056988964616 -8.196717451001938 -11.008842078860862 -8.980974572905051 -2.772575821206446 5.646241357580689 13.3728878301779 
-0.6563097914865428 -0.6642251540849929 1.7884588591674664 -3.9259014497994515 -10.239749434587333 -6.240051208857119 1.4323252483312487 1.307128169130359 -0.5631651644408548 3.5362591771174667 5.896747877191817 
1.1283205392573268 15.407999383185551 16.16522484389268 14.704912461003747 1.8648898082202965 4.966853615879417 10.745315386983666 10.533803188064768 4.149762148230916 -0.3174504076709854 -0.6683086246531229 
-6.044676705365092 22.888208836646445 26.62238721082589 28.57424983853739 15.238336148419268 6.193417382488745 0.20705480788263497 -1.3637645950783717 -7.261514918000209 2.65311446512106 3.0847255849560318 
2.2761043722690606 13.85066358240401 23.853469884181912 35.45181026238285 43.561360212170925 37.247645458037546 13.48634695026597 13.543787439720496 15.428674658534476 12.674958202054894 1.4035323108184592 
4.33431145653794 0.19092091801968736 1.026515732850879 12.777805720660814 30.728920402672408 22.905968949569548 -3.3595469628363137 -4.747205712194702 -7.177571648688648 1.7971432859903091 -2.3623600114224104 
0.0961165740689276 -5.823785474838639 -12.460824903241832 -16.836038565636503 -3.3399852498705647 4.68890636341324 4.928434940908685 5.786279241316251 4.117616970826775 -6.04940484203165 -10.63611239390081 
1.5517595339315466 -8.753221294538033 -13.44589133264103 -22.808395713922025 -26.360658472361404 -21.530051901335355 -4.097023543770543 -3.0390407879451846 -7.708772164869486 2.494484020753392 3.694115397640636 
