-687.7557533283525 -630.7273699631496 -460.8284485698941 -179.75091525751787 -65.89540488071786 -50.1184111130378 -130.94027531647768 -305.0380320531019 -511.5717406788979 -630.5577377512407 -687.7361268151664 
-7.237350032516016 -53.85321817543433 -5.0687091111734315 9.98468035569828 -28.96008563115797 -25.54755193234171 9.40564304794195 46.367407021629106 28.639166801386448 50.063063877097875 28.500187128799737 
6.300984740831553 13.924445409072932 -24.945989469072103 -89.03003810312535 -77.07878835875053 -67.08142587616967 -42.38670979793923 -27.95856335688994 -43.77988876458133 -21.490215074038712 -9.472117947276292 
-6.654507459483074 -0.4674799235936065 -67.74677109936206 -26.94542013086366 -27.892883385379662 -43.24634148794084 -68.83363627124021 -74.04123164640464 -54.139280709937246 -34.02443360778024 -27.579323595092493 
-9.927629885452186 -21.08721281293179 -35.30531798771633 -7.6303547990531495 12.319392301697555 13.939231770893596 10.190339826598677 -28.03633544047907 -31.604158708299252 -19.870899557804783 -24.156483876915864 
-11.440171187909797 1.8205036403475632 15.172428832693686 9.651818391881253 -0.865736986149343 -8.534902058430117 -17.25576988433486 -9.241606007473699 -5.186569182925117 -22.652970579995007 -10.29573345282904 
-0.03945106101620666 -23.060239603940012 -14.408533392552958 -10.453071892694734 -14.351265372474014 -14.757966451214804 -11.84439839625874 -3.6548582703106307 -6.039325060529201 -10.889043778730509 4.779447674500852 
-5.58519508024362 8.187321304154988 -3.815612190294028 -6.100538708088935 6.21165442445533 13.151542903775248 19.03955303813097 8.174891890338834 -3.1668011859477376 -13.987409149880577 9.90289910980556 
8.050613991405026 -5.574349423669038 -27.896315068228105 12.63833355189407 13.659632535548898 8.666176789403117 -0.2453612978724775 -2.736099560920395 -12.998450700803264 -2.299192631510961 4.265721308162454 
5.348533278708163 4.302760022444242 -11.965513119593732 -17.905851398115068 -17.925702275801207 -15.901140835157829 -11.402451475781026 -9.253631856695804 -13.758447181059498 -7.963650966682515 -0.9767887100747803 
-1.6710898695836174 10.410003946682993 3.4841775512413435 -2.5338619802710927 -3.009811142262913 0.5543306758121542 0.25330202068180374 0.45663307873400877 5.968042159822982 -1.7447446478150375 -2.360496031566246 
3.10720100008999 -0.6384886576791646 -11.895300646247595 1.9291695948488017 5.547223136423748 9.971584254915669 3.49764607289686 -1.1401613210908006 3.9497458233946303 -6.444645963378207 -4.324555191174507 
2.901549883713145 3.2144176990575897 -6.50137932628744 -1.105101463968138 -4.185526585839999 -1.1715624212325504 -1.3191169753656307 0.5564191943197208 4.927412900645355 5.706183237888596 -3.8419194045989973 
-8.074216859958165 -4.415452297785896 -6.403312714629497 -11.092568250608945 -10.152918869155279 -9.115872227349369 -10.323616041773114 -9.655337326195752 -14.043639486168217 6.300572902522537 2.077389385094148 
6.823211493883355 1.9575678917541648 1.497991070924474 5.437803076427502 0.5960793588548579 -2.1968660092167296 -4.1634125636417405 -0.787896138165641 11.217756504224372 13.532672278685776 7.0780216691213145 
2.0118048352970113 2.9371553070388288 -1.6942059159182192 -9.938838147887111 -7.395805173107243 -6.063475614346354 -2.080042235199201 0.5925804451794764 12.948600015956137 1.2984694934792396 6.643619389034472 
9.008861746224152 9.661099272387911 -8.286888663213762 -1.2283023302537495 -1.1309877727533633 -5.737024017381675 -8.966167469226454 -12.313505394915676 1.5679954624829695 6.158867380022649 2.790901051599251 
2.2623933540362327 -0.7365400932613057 -4.947812452751746 10.557629316606652 9.343991497167096 -2.8965409497296344 -11.556278665329483 -3.3868770121655394 -0.9943409980347844 -5.303957043971401 -0.3333775241996829 
-9.375625454064586 -1.5679274447262066 17.026599350656294 25.05690065258114 30.43875008962977 21.375577739309755 10.39627388249928 5.483178718458079 2.5256656033923215 -1.1348991511244082 -0.6273661852585367 
-2.576299462059822 -11.64264510573044 15.878234062908993 25.52477376767888 28.51166109366451 29.285277212674597 21.415803719077807 14.179102309669442 -3.8300058922187263 0.2587884944852652 -1.2551827496387924 
