-637.0264304449744 -636.2392141003079 -645.2989973577187 -655.844048103996 -667.77127769454 -401.4427468932555 -155.45191963087345 -49.31125230148049 -24.712609298346884 -49.5416520916199 -146.19188847304548 
11.23785294774885 12.449897419763783 10.123957652488796 8.043210362476 9.985250754282408 51.8487774337932 -53.92457954593459 -85.88460713064818 -84.82645364342096 -50.946196316935186 -5.928736242950781 
2.6281206223836087 2.5982978624011324 -2.519530579018702 -8.415658756597185 -7.004367785232644 -93.92519057669514 -73.16012105539433 -71.8788342719509 -59.909520201919605 -48.19916132900454 -25.77915856880199 
-11.865032735327926 -10.007431022339329 0.8139343684010988 4.491635173827906 -1.3753475268837208 -29.047130255489428 -32.78024891612779 -20.13472265340399 -24.742551627091803 -60.081545958018026 -94.52461220908671 
-23.862685869397527 -19.6594513529283 -8.581588360708011 -4.64914755686085 -10.904104727038256 -27.575717288901146 -18.056493242387823 -15.833928631848693 -10.36133499750904 -5.6578157684430685 -3.3561160555230014 
-9.596148511293816 -9.408965990080919 -14.396504405005853 -20.55205376534289 -19.57582151351794 3.1105195506309795 -4.280033217475135 -14.368245965237445 -15.179652798881087 -15.037735706832859 -5.565035391229868 
-9.18310113113032 -12.574262587041218 -11.389582058886656 -5.686885745488901 -1.4637954545945224 -3.088434648649445 -8.499773602768114 -9.777286491093907 -14.797919837215222 -19.13854486756219 -19.905382301670908 
-1.793421476800913 -3.305721754263007 -2.286053297617068 0.411416705564133 -2.6865069873135683 -51.78651333601659 -46.74340188916645 -26.709137388250777 -14.866713345803877 -14.472561175813233 -19.75668845242338 
-5.767323054148889 -8.556278522920195 -12.719323927433141 -10.396039042755898 -10.551633568162337 -19.34362007073255 -8.764086392045135 -5.519957564221938 -5.179700440754996 -14.714614467511117 -21.861201565005437 
6.458055183268678 -4.377305113699276 -10.16032977595428 -3.6503746118183864 0.13548355380115618 4.51252887296782 -10.59903874551857 -25.68192712171975 -20.397287282050605 -12.081494998037796 -11.26729045292743 
-0.7969820915343122 -8.729502606170044 -5.0870766925735555 10.031928783244995 8.158340665744262 -2.0172840362611004 17.69341468124781 4.972996114146298 -2.040219158180565 3.0532407200031066 8.54272302058665 
-5.182880688978604 -5.985651775488021 -5.193436981269931 2.819230852516455 6.583826944624268 36.26920726792486 32.590617559091804 13.578991212685526 -2.1849267398997405 0.9865579488779154 8.405028560481625 
6.7531964018255195 4.684497097697173 3.412879499279568 2.454732186415908 -1.8027224895535003 2.98816113122614 22.704246024178993 26.30759881509836 12.587284258082406 12.434720995127304 13.944261298921868 
4.598810763370837 5.396110018806722 6.433939741750043 8.747079405795509 6.372785338689331 21.38260777405027 24.30909933820037 30.78139793066147 21.672137131106872 12.538759183464363 14.354831768060766 
4.031340993557987 10.137535107219762 12.108058912877297 10.342639487993061 9.6275566129633 -3.016537470961202 -10.020543910101722 6.737867791949125 19.13861182544264 14.437781744782601 9.169150383422306 
6.79952946725852 6.82596049855408 1.7430254885216863 -2.6875320270059695 1.1399006058503 -26.97312168127608 -15.864980621713945 -5.41148286939089 11.124231705407585 11.865466374517514 -2.519391889912673 
5.062143124424221 2.37051460196467 1.972898275884168 3.4632183020330367 -0.4771953922200173 0.8560722489226031 -6.394994853427583 -4.651417122249647 5.373607951452721 8.240733415392526 4.889421833281038 
6.321030343255895 1.6712753914642806 0.6132817876388539 1.3928689436456807 1.33871610141404 -3.9384434525621357 9.590918804492564 9.995005493098573 4.3623283068389345 0.1944304171326332 0.4780574945862961 
7.449222872299404 3.7295113188359723 -6.165285345240852 -8.886821475440117 -5.628345030083235 -0.6549333777685448 2.157674210274388 1.0736334366855778 -3.9504616761818125 -10.697851264743969 -14.950053501361282 
-5.288128095730852 -3.8204813451049864 -7.157771702419688 -8.198992620267596 -4.908674038222203 -12.983683065224712 -9.937693585861943 -8.472544953811461 -7.770868705786599 -9.767888865814667 -10.001222795739942 
