-211.1480466352518 -162.0089985239171 -170.2375003060711 -290.3640829996109 -530.4117726206612 -545.003568823264 -540.5520756452431 -539.0197959735126 -539.3904785688974 -558.340924389604 -586.8293794529892 
9.723895458788624 -10.342705498038466 0.4135689692423472 43.13225477617628 77.29299049106689 84.80100818889967 85.2985741428927 91.1972084940237 93.29513118994146 84.34116313481823 70.78286267184825 
-22.10226668536633 -19.319270453428018 -13.254647485163144 -3.642740629059312 -8.748590625460004 6.3840129454597 14.436490740128562 17.372681711201714 19.040077995919525 12.303564216614847 4.684142430581172 
-23.256792636899533 -29.334119638375135 -41.37159960532172 -70.81303028025732 0.5065696732312329 21.86017292943225 26.65406024180882 38.69581927009474 34.77977899586895 27.869380960654016 24.154169141635357 
3.3792537331232673 6.68996129476308 10.517330539634365 17.543026018220026 -2.7407386920893613 -2.4954604635452524 -7.791366249154667 5.4709848943303125 5.328133895582434 -2.169985870829307 -2.7101159399788988 
-1.863325471206936 -6.378783670027247 -6.8530553271113 -10.880841903426845 -16.338863586109753 -6.536509650120777 -11.876797990498915 -6.59901728615665 1.0221342894978904 -3.9533196911360924 -3.1478821048071874 
-33.68131178913792 -29.541518682516582 -26.331897817323224 -21.928905643130502 11.17178363531401 8.481476699067988 7.294851414186375 9.147694254446678 18.736109875498755 15.423353091356573 16.840306953034933 
-28.01625755434649 -11.843132144525088 -3.000112174546275 -0.5991094876565348 3.5580646279126897 -5.569734339257298 0.9300182361651618 4.456317799752041 8.008506755640283 0.7802335752683526 -0.5575057668989606 
-0.22773811882328343 4.537713106495804 4.119834392819728 -8.858388114740528 -14.204441251639896 -9.996684353392105 -11.729711974698722 -17.981372666290476 -23.224876475124503 -23.68849157238689 -16.457724623242402 
-22.56124131215167 -15.64434231974936 -9.404805400328721 -0.9553808155860333 -14.217537349293398 -6.520157033749541 -13.318972221135219 -15.869121109053197 -13.870489245172202 -6.754693514993684 -4.997928941362893 
-4.864626049410818 -2.5682294145756632 -0.8464435940915698 -4.493371293803232 -5.917630783688034 -8.56162808876352 -9.097509381519425 -13.313440757226905 -13.906812794944269 -8.680639522745672 -10.493816877145939 
-8.133561397966556 -15.971448575455302 -14.871615262515963 -10.678419854628771 3.2140599395387794 -5.180732581241191 -1.1302451642576004 -5.308017416505941 -5.475055572118054 -5.738803922915024 -3.7750322472439195 
-19.496245507978085 -22.898858342727138 -14.658049512180735 -2.4049777666427246 -10.880184037836319 -7.692682917948759 -6.614433671686378 -3.0892197205831273 -3.1414872284062874 2.134157767259861 5.8681448475640545 
-11.828975390219984 -12.565557949784544 -5.5299597760720705 -3.741732758277445 -12.0002293947778 -10.228633474588005 -8.56429741902464 -8.531079760559306 -3.10195074992929 3.4215996809297087 -1.7065790204178364 
-22.98084907430603 -10.415524711586178 0.21188534282164634 3.4929973424473824 -2.5634299179111313 2.2084588306954798 -1.75170945119747 -3.3096613644104913 -5.689254269945049 -2.949963184562727 -2.3709579935289815 
-7.443064457237283 10.843372603609753 19.521880138690694 15.387254007235647 -7.638175386510066 -9.32407035343265 -12.151749548766489 -14.744750879827116 -11.268278311262735 -6.496146975550431 -2.8137123941000355 
12.775496956677472 26.83126235905713 28.114467217096667 21.69603170893153 -10.46341015413213 -14.292082882643534 -11.560128107749236 -8.487926888560795 -8.05538930567406 -10.02940706207744 -6.113456435736437 
37.70228418243084 44.55830086463898 35.64472678263296 27.71896181213218 -1.7424302448254774 -6.035635392490181 -4.730147020004267 -7.103316496056067 -8.804803799619553 -10.775177224243038 -8.863946567751148 
31.32481990822098 20.279233826820846 5.52783264685801 3.135831719282846 3.5798229331616094 -2.268651459374323 -7.025175786870909 -1.7243905688658403 -2.567811439376089 -3.0298300807676033 -1.2745361330067744 
12.810784800643873 1.6900540013420664 -7.952399805999125 -7.284695121094096 -5.7122127855722304 -7.403067499025653 -6.206952763260825 0.8676905587942111 -1.3616918812534147 -0.5545073570881077 -0.29873584000147013 
