-375.65926959667826 -367.8961660901168 -369.89880167216387 -269.0641804688492 -84.52400125302066 -34.430450362879874 -84.67526186697079 -223.15110552163875 -348.25359620459034 -335.80872636837483 -320.9220182663541 
22.856508524841587 29.67188810508864 36.29711604124098 76.05134419775769 25.765646634612 8.466483213375993 11.71044898873209 38.34756476128389 37.11650592485149 37.32263088877272 33.404559922586046 
-30.772877580474127 -29.10484455478668 -26.3095541482569 -57.746631137729075 -50.14075497360557 -32.5949188250015 -8.04642086716416 6.841862315864274 -32.090098926118785 -28.676964503715922 -22.505479529397263 
13.8916145235515 18.035875236751046 17.941404662232898 -21.203827144709937 -37.005581450493295 -41.31766503942413 -46.88844524402806 -51.37402628810747 6.268234521293583 15.983279072165843 22.3236704023483 
-14.424931792681374 -10.47830241571192 -6.948318271722634 -24.536077099268525 0.24175540463667788 12.295768395002579 16.539441295333035 2.4471451798401365 -20.94132922146315 -10.278062249845942 -13.248824640862619 
-16.30006807152047 -15.219566160443822 -15.544161617965084 5.400654888877464 8.314960930310402 6.0067071367789975 -4.3644139424892145 -23.19167845696966 -23.919666924645394 -19.68163491325229 -21.74185445697001 
-4.896139157512588 -6.147363774835242 -4.037937426155805 -12.755918336520672 -39.14813354773383 -46.71591871659801 -47.46581119298095 -13.04440372938232 -12.76344691138038 -11.149673453770639 -11.446639797182923 
-17.7070027533793 -15.90649759185555 -11.953918076016379 -33.71982893082571 -26.135236703373035 -17.121912910653123 -8.419445767360187 -17.941800245031395 -15.909996806944996 -9.305662774529207 -7.6620647828145385 
-3.061813446505475 -4.225601326164261 -8.846725897975075 -2.056184378900327 12.501362446039092 8.542904656861444 -1.1508427496424953 -22.000178297906153 -9.311490981478206 1.4002118933248446 3.798201855597339 
8.355968890460602 5.360713533162703 -0.886594582397249 -0.9894533729154344 -19.164796075175737 -17.18758749948102 -12.247637288796174 8.551499848526092 -6.120413537081139 -6.07444207593694 -2.9334932133341676 
4.575516892283643 -0.38650047475244864 -2.9325298152942585 -5.816390625329169 -7.909235073609919 -1.2443981291617487 3.1335344514177583 -4.800129643193151 -4.741386564875155 -7.521337751072912 -1.1055352040492759 
-0.4383717362638058 -2.7782321905356464 -3.546100007848307 -7.133781365873137 -0.8862430230109998 1.1299595414430303 1.1154006855814678 3.770643242388563 1.0223048296916022 -2.7767512245429153 -0.8109249814540431 
4.516046151743727 0.5781759256914548 -4.636218803950648 -11.989974196168573 -19.181815505129112 -14.25920354064992 -9.179131444296262 -6.068992959983609 -2.307829376989954 2.966080412794549 1.1748032199334972 
1.3922383977137378 -2.115178094717933 -1.8853353988047334 -7.829063167012388 -9.394192789458675 -6.211581992149576 -6.0844710425440365 -11.908584578158795 -4.997529774816654 -2.9103300574891793 -2.780292166898748 
4.14758234083765 4.358277242498525 5.018688213206889 -11.000040816602027 -16.02500288292741 -13.441450906712834 -12.067232844340804 -11.236846264538588 0.21622983087780429 1.5893491838687415 5.212362515342961 
6.938846480660784 5.605146502753451 3.963682474859265 -8.622615339290007 -5.01581735518184 -8.92420895800242 -5.533253902896307 -8.785179294458253 -1.1246494555124253 -2.38597760802698 -0.15773817531098455 
6.092624494449006 5.294611017553621 2.9910930183671094 14.912918289260821 6.9851513574501 -2.3853440480535166 -11.117542295654161 -11.773645704755257 -0.2965332719774017 0.34844417199051203 -2.3790153200985245 
1.2561375619403214 1.9037878010978782 0.6855707870537491 28.069485070126845 30.63089079459561 20.568783940428638 2.553683941139398 2.0960357436625645 4.411442232821175 -3.591495249224481 -2.1474438429269016 
-6.997384509819678 -3.0221436475870247 -0.7094365865448504 24.807484406340265 27.285413255061215 24.850316839017736 17.176569172259477 6.664049173261677 0.8971980702953828 -1.9679734651847216 0.9927020434952429 
2.3932222142750006 4.8716054334909025 4.316705478582755 6.50419395020795 18.278121427731726 30.766657688299702 35.12673840398996 26.6700929828791 6.737353322766053 4.039438774987723 -4.039637600431797 
