-176.95373130350268 -83.34272177390913 -45.83448792493016 -45.134195603050216 -47.67645159533617 -115.23541960238572 -218.04424363044456 -235.57858426443582 -283.47649186783525 -367.7131401505133 -371.7785966591202 
55.9778433102078 18.54123484166049 -7.606162131853015 -30.163814914045467 -19.280800044692818 9.842465952855488 37.53739813391664 20.745664059080312 23.54037040626455 27.34472514377708 31.978704879377588 
-123.91500347978567 -124.76384073158422 -104.79516808226444 -80.66646733495536 -74.54204804848149 -72.80309296918975 -61.4986443177917 -14.247250771315326 -14.262276853381518 -23.694654502223834 -27.642911239297213 
-37.22031964277441 -23.101286627206658 -10.252856181959725 -0.9328910324865625 -40.025723708517305 -93.4243715741093 -67.53335095098802 -8.331706329095077 -11.84052471636693 -26.91822011410158 -34.476585303786365 
-47.533617230714 -43.68056527480229 -25.40717250258985 -14.100773664640872 -14.711367186763525 -6.708719598742503 -2.6197933116121352 -20.56347542496892 -15.733382498070583 -15.315946950143305 -20.68785518176089 
29.77414349434448 28.279751668072013 18.59193977710578 13.304477883471979 19.6039779918475 12.595684401638065 10.689297458355487 -11.019177066946039 -9.006896357683914 -7.485301516145764 -4.161157541768747 
-14.470157289349206 -24.265785190277718 -18.545651722956038 -25.35469601711403 -27.891477233787647 -32.82425190411821 0.7660916066288781 -2.4754552036395703 -7.7645670217583085 -11.278454465059301 -11.378300046561854 
-30.63766664006532 -9.2181348846736 -7.93362068508654 0.3510286506219499 5.8391116539556585 4.740172246513902 -8.699812409065661 10.25153062635874 11.04132660179042 -1.3146776790144759 -2.713407336490072 
5.315659293610443 -3.525267990298264 3.3974015507841546 7.774724138174259 -4.688767073876675 -13.357311655166848 0.07911671208594012 -2.457408730603215 -2.005493920558831 -0.8371793808269987 -1.7867241898320856 
6.11947450071021 19.904464795506634 20.982137257661744 9.793227965619447 8.778241611251863 9.672964390297784 21.489611898368175 25.382116910086385 21.945187769923365 -0.8468719304615113 -5.063106992684526 
9.878769356966231 -0.7870647052431237 -2.4932323991418928 -0.862965930398152 0.12382613803502551 -6.722859694858478 -6.696768767061794 0.5761910651916463 -0.43820455148883286 -6.183905040631282 -7.627570310764014 
-11.258982391479693 -1.188181441588451 2.1243085353092384 -3.1951111157364 -7.087269989907529 -5.409885991338058 8.388748002112507 5.699029738007972 1.5762373460634804 -11.173601908980825 -7.519562547781533 
-5.263596694785612 -15.163262594879273 -17.88524915232241 -12.505512132725348 -13.811850905057215 -9.827224808275446 -2.1133931825447014 1.3067127074922333 1.298962357411201 -12.16594640339266 -8.414892244503072 
1.365272336900634 9.800372867411042 17.33505400870915 22.211569858757464 13.496327875872002 -3.3549458495405684 -4.873138819768457 -4.670671162352377 -4.208220254991526 -3.0246110363891496 4.5007724833953695 
-5.44411786184502 -2.1640731807629923 -1.8859065491497746 -5.787094896879458 -10.341748189993277 -14.797753001121466 -8.313389769124946 3.7794762405397053 5.3693721095667835 -0.3736977247824566 3.8246993877070654 
0.9086347030753688 -3.3384408945051565 -2.3100686513674367 -4.631374174973339 -1.5097303003853741 1.9914142040638187 4.421787376660092 2.3830996613385897 2.9197693510022926 5.093477043857132 4.621865471224485 
-2.7163943236087404 -3.407105273221753 -4.551671848029495 -7.028768970176064 -5.4464130686416965 -9.85286115363844 -5.655501703633998 -9.19387816885003 -6.125031472765475 -1.1492355339070026 -4.72376614235448 
3.1242192308088157 0.26990514001957955 0.8025451635052261 -1.5919672515628844 0.528294738881356 -0.9020617326846501 2.2373442418939855 -4.8515675147152155 -2.8939740081241987 2.129892986748717 -3.940687794359744 
-8.386758293019982 -16.965547045251302 -22.76076901319994 -23.7132189938145 -20.61543671000208 -18.8955569678173 -9.683680245972461 -7.081188949699215 -2.883747755836548 5.649621130248706 4.8233000972453794 
-6.6728194239330065 -6.8855164863707525 -0.7625419043273292 -1.069141572782851 -2.4707956571731082 -3.475166540580143 -3.357500831164274 -5.266265767795145 -2.096579332681812 4.652066012502927 7.853934659204694 
