-466.8289267653072 -422.39077617881844 -293.2752321181757 -181.15295545390399 -140.74764750779892 -205.29846056165056 -302.30644724911264 -256.2684988229497 -302.1640009784607 -442.5456870648299 -464.4072779440866 
39.37901992185876 70.05167269566472 30.48015453235356 -30.044575636661897 -22.61454756586098 -5.472009693789637 6.278370539127997 -11.212696036241873 -8.720599287459386 33.56499288427517 41.03705609716497 
19.557077285190125 2.4042637412049683 -38.24881381261713 -33.869461948055395 -34.430080966646294 -25.089261256827935 -6.744089773231585 -6.041408836491973 -1.2083597715758314 13.633982382072404 21.349387558135874 
18.171257618392566 -7.430382809980004 4.461027744030196 -7.554327249922169 -30.508806828265165 -39.17864848556896 16.220521345706853 32.18116141921833 29.957535305577785 15.755158626004423 15.813298632470518 
12.450985639823369 -1.28200557608502 -18.91917261536784 5.015409128983716 6.297670406391814 2.0123006553680494 -10.188096882410147 -7.013937592654194 -6.144804849569552 4.729049256276319 13.239071781729864 
12.224063145712858 7.530688319391943 28.125631999123378 16.889039140977673 9.446220254569079 3.521685731570561 19.169237538567785 21.252399642737913 18.588404544519847 9.335202608649752 9.966351393129411 
8.550041884083011 8.655560804951932 -14.484936436018755 -16.94186602468717 -8.740350192651405 4.371430159280893 19.251600915677717 13.411868276406544 10.320411047775032 4.520437948142189 6.2633278735968965 
9.20630747698481 4.305989817292165 14.649314757334817 14.402395230618641 10.380480102148542 2.2083886561320716 7.233471779698388 6.85804204679118 3.8442859895095878 5.692167719391554 5.125973015541124 
9.090342359752423 5.455798392726898 5.431290081287973 11.162655726944875 10.342184133361403 14.77234353796063 12.665794938194725 7.910352443037665 10.803396955659938 14.018138151806037 6.136235846560583 
-0.8704905872187698 9.07216204692066 5.168546735708963 2.059318872492779 -5.527021142166474 -6.485473568985466 -11.429297146831919 -11.706848019424879 -8.08450391654393 3.495874478650417 5.532359198673792 
0.4796989301178789 15.385532011545124 19.684982805007003 18.11079794256108 4.615828270003641 -3.3083043326281083 0.559338141244625 1.6547584561859683 7.18194613852007 12.780768232261341 7.858164867673462 
-0.4751455490242231 10.023721875736923 39.7013573267939 43.30718559948562 24.49287274374765 8.428449812310493 -14.509354093482678 -10.950085697240514 -6.369853010323603 7.406622893459648 5.942378926736753 
2.9427970822601237 2.122686767477662 11.685750052324153 25.664941902092288 27.274883791387502 17.942592325590027 4.303403476437287 -1.6353060061727789 1.0253251030808015 6.749714927575396 3.6928252143794253 
8.838460515684456 -1.4078437334925906 -15.503446417427442 0.780450309396294 22.692028720611 35.42946047492154 14.889747611071055 4.521120978636017 5.25125506672882 10.78275141618424 5.763922726845936 
9.14886892183924 -3.031725217844759 -17.864574009832772 -22.724115758809155 -5.7182621622992205 13.147613629885646 10.812732597724183 0.10842108744853218 0.45431677400339976 6.285526631026835 6.259340879152928 
4.87132908515896 -0.2500282075313697 -5.562159972022552 -12.946964834826083 -16.641603608335863 -17.241438715136898 -0.4830034583782076 1.9925851246485276 3.476943050490717 5.121878490855979 -0.05230409889298149 
0.6431155073869751 2.9771543730559964 17.42006400305093 15.901000105533917 4.374916706220945 -5.991664776691339 -5.635521250865708 1.0401320992077878 5.164375144956438 9.571049999331269 3.430791978404232 
-4.0658727462482265 4.355167695244528 4.323322923017054 13.441191766335642 10.590157991156737 7.242500182536165 -1.9158994999735517 1.2042813713715512 3.2850846923699786 6.320067050208758 7.820381177659076 
6.030181182383469 7.275522139252388 -12.63010083373132 -16.67996597860966 -10.02444587080845 0.7053410765141415 3.1676501881097465 -1.0145887306001986 1.027878939610045 5.597454447530684 2.3198678481435917 
1.3593420078062242 2.0321755866238016 -6.323804068155988 -20.34150680121199 -19.91717887543019 -19.230866270819547 -4.374415579368286 -6.115223502300132 -2.272260044445248 1.6878081124785616 1.8233700809606606 
