-637.6634352599887 -638.2949382164376 -615.0007969184655 -414.7806940728689 -129.60601649286045 -51.75511011160829 -59.66592404802678 -149.7317686838043 -313.0982716192133 -473.41719534969945 -629.0629762673027 
2.198197505381965 1.415702793107049 29.69272016623259 139.6653012202732 76.96021877558027 64.02574797387358 69.99040074921126 91.69667141288167 85.32061583969576 8.835880701276526 -3.80128817888459 
1.4542766480920237 0.953705618687269 17.09842778221848 -19.61469590773538 -86.53018333993771 -112.68867477686851 -133.17070271360228 -133.74734661304024 -106.83540269339218 -80.42652110042705 -3.694656620852589 
0.4774202476856182 0.30568762084379913 1.5052504797950532 -37.73356742255737 -15.453377634510426 -4.63597807694114 -10.149142536878877 -22.53914913048474 13.645091490334801 34.76992772375921 3.319598939832023 
-0.44993567307692206 -0.3825088869914411 -11.777363302130121 -34.16563499600829 -22.247254483136793 -13.96722132079766 -4.224608206252924 7.333380745108053 -30.771962245930396 -28.26941906027625 -5.030942914873906 
-1.1027367338350524 -0.9666748387719586 -19.246591193788685 -23.854751361284904 -8.802138574096375 -15.260683305533291 -23.280606951334057 -30.676239263908023 -7.329876263823978 -4.636128837959522 8.771998847403815 
-1.3854736086601127 -1.3376074890561243 -20.35466400061818 -37.16940488483399 -30.137485289357116 -21.11562225342667 -13.377832708289429 -6.187724313023611 1.7618622423612815 3.9499266441966125 -2.610261686410207 
-1.3407488379252714 -1.439749594269349 -17.006119974333565 -33.66456401549905 -34.825170748580426 -34.580134292297735 -33.53588364918212 -23.093238981671828 -37.8209283167562 -39.47114828174029 -9.174010435266409 
-1.0974735461897756 -1.2731371319072724 -11.958114450611195 -15.883664550153737 7.974445326528764 4.482188576628161 -4.405371731488314 -19.868431104589664 -13.073463388378343 -1.9678053653443048 7.368912215626517 
-0.7907807406139591 -0.8833240432511815 -7.232106877951132 -4.26264332739924 -14.656341570003898 -5.090187785523367 6.514783148649336 15.514741155529485 1.650844145736543 -0.38044786638556327 -2.170892906187748 
-0.49685053031853366 -0.34677702571181923 -3.4475724758765205 -10.57234193369186 -16.681492746511005 -14.772286821173441 -11.81737024406421 -7.877236089210411 -9.283619028332536 -7.19412701651816 1.479731392121331 
-0.21432962526660257 0.24251553220129785 -0.24776741379590894 -18.138897993992206 -11.30931284243038 -13.110892742108401 -14.571291160878285 -14.964803354652464 -0.7044564309827446 0.8678007470834825 0.6578175412489754 
0.1031565223238988 0.7839144434038663 2.7509378752775255 -10.131609393183185 -8.189902312180259 -3.5967635567913634 -8.887249358428953 -5.842875739164601 -10.834222644416576 -12.064476507899904 -8.869514836125237 
0.48693516907656176 1.1810181086596137 5.302680091909352 -2.447729479446325 -1.207783933828589 -4.4754089814293465 -13.072300538571486 -11.12504336725277 -2.5339685575966113 -1.9814193312798538 7.639562755971469 
0.9033459206163774 1.3556961340819629 6.635146767680979 -8.087227514037481 -2.4641879543417655 -5.903770556668025 -12.492856779723194 -12.822392920373463 5.2130628681608835 -0.3136394918321525 1.6047171732827552 
1.2449106446177691 1.2653038982881342 6.141727869361169 -4.249849598337889 -13.246302795823716 -4.693003440090349 -4.834023101437228 -9.309089067646731 -5.303484669587554 0.24869967659412223 -5.422981648223894 
1.3702487115885296 0.9183991671123266 4.047476195314429 8.293642938157546 14.716811493058454 24.096037728214714 24.608790148756917 12.859472564156729 3.1965084776787984 5.745534217690386 2.391417787556774 
1.1732060520684975 0.3812519046963978 1.4807132070139595 8.727341010840494 11.35601201717786 8.344593533986988 6.8369076261270365 -2.3919320044884222 -10.556898672272055 -2.6651310943659148 -3.6324904501287767 
0.6451392147925512 -0.2313683147053084 -0.1497392260382981 13.783412462677655 13.678433535947805 14.483070290749815 23.751721071334273 17.731343375273063 -1.1344202588618626 7.654305381954203 3.9876038483576752 
-0.1031112355069917 -0.7820732230193599 -0.045567566700855294 5.328303659056898 -10.251262760482275 -7.331956559583395 9.782378590230188 18.340184189500214 1.7978268356116274 5.503811330557749 2.989955607958147 
