-178.09193134721534 -193.10375195181825 -249.84231241260775 -394.6822942032254 -575.3569333019332 -582.3206805160406 -507.9430186617788 -241.89885038037994 -89.01824057028718 -36.58960517705397 -23.384322279354855 
10.613655542843283 16.376969618322825 26.660850561357265 41.11226836731976 44.21419997508994 36.705315189383576 97.45270174470991 39.6286419617022 -4.046092010866847 -13.871673110120144 6.247407637967435 
-44.62079020177244 -38.91887685682104 -25.000459577139438 -5.343160047484369 20.45360965369555 15.662412724945053 -0.24232447760828688 -70.04231587569335 -98.0492891494903 -107.02829384103825 -92.18506653561109 
10.205064966794039 17.608465821756013 22.606173422488638 11.180211666181995 3.0929238181103047 -2.4388975799014796 -46.62684009266738 -55.10147965460574 -32.449904449107876 1.7567526150752755 33.20880651831177 
-2.8428194279037347 -10.962490272028198 -19.521703289595592 -22.244513284779522 -5.567336408985161 -12.339706323423266 -40.105687094910685 -14.161550833939295 -14.253112959405556 -0.5692628969024984 11.163027981870597 
5.494696819504863 11.721411346273285 16.16189137338593 14.128982167903605 -8.65724655060015 -14.478099239808035 -26.29401171970281 -1.1510609480208915 0.8013890711372509 -14.169925106488865 -30.074679614605365 
-10.527333964617492 -12.437674342269712 -24.381986193675004 -32.10756169712497 -7.825313264717984 -10.157895385683723 -16.42393170626994 -37.61056671626856 -23.928658706936695 -3.7630288055279495 6.883231219741552 
22.392390689988567 16.990206017733666 9.018326679151512 4.1506689812661275 -7.744469738849228 -5.007422384568345 -7.481706667307536 -29.636088307963295 -33.49818162814924 -18.795582982580463 -4.310885214956224 
-8.926138842740558 -7.655718937769714 -12.882439131971609 -17.401832233611607 -11.215271697237572 -5.658363321326709 -8.131970914963981 -0.8394941233905664 14.350676021732923 26.996223925050117 31.583558647023267 
5.107599935385571 6.392484243661712 7.615511482938528 4.261194698974084 -14.055449599714988 -10.585772086950247 -11.761478067516329 -10.749172554966725 -14.585259957233975 -9.193762407882765 -0.6508238678227211 
-11.864936847511197 -8.096180542167767 -7.364597715124075 -16.801837593066175 -13.317349587503742 -13.139300907916004 -2.698259261443975 -10.619037770561782 -18.68039702090726 -19.541027750837742 -21.91528317282725 
-6.0745196469885165 -0.20704577824881065 6.730771902766939 6.002251577364444 -11.999889821206516 -11.31710293130106 8.03965118309764 -0.41856118866389913 7.913141682525094 17.717357384809503 22.401616324332963 
-5.774234258730724 -5.423924547588851 -5.853396219936551 -9.577277183660993 -10.159531598013984 -6.987967313771339 1.3654452163363073 -0.9636291333329716 -4.003693557225537 -1.477542317595722 -2.3254107931661228 
-10.478705085112704 -9.650451762253919 -10.85144400424578 -13.13626935236816 -4.897936896256565 -0.8859922900097046 -13.125548172638922 -8.75451343471057 -10.713082268729547 -19.78130381597473 -20.200629051190262 
-1.1244347386896625 -1.7866602988046814 -1.9287249398221384 3.7883841624320005 -0.3316683629877002 5.355600818298905 -15.691544886622449 -23.66787163078022 -18.33438949360164 -6.200719608886315 -0.13000081824857457 
3.8531824055077815 1.7327730279815627 -0.8601126703864928 -4.39705370012503 -0.7921689674057345 8.20501113818651 -6.967650008733353 -2.250488513338031 -5.308137789966551 2.072653486341522 1.976697845035889 
-7.869139366719695 -3.667327145031069 5.61915297355998 9.78526246760924 -1.7532100874886603 6.877000628377861 0.8347598463330439 -13.401696175082346 -10.7654269362319 -13.924221455800573 -9.798371613672828 
-1.4588573987896654 -1.6009149782080196 -0.2192498341274794 -3.330720082167913 -0.21395005812053378 3.8258847315623603 0.22135658720754614 -3.198149113577021 1.0252853659252883 -6.697632807160439 -4.185082073392271 
0.062272440979668664 -0.8185913319435769 -0.2776822697099297 -1.2837941651866314 0.98391311050129 0.7435455603702529 -7.535603279599375 6.665541887175973 9.287621336366046 5.4010977750298395 -1.2173151733928855 
2.065644902823993 4.787237409446472 7.170095887336504 7.467755910139084 1.5481041013282486 -1.5007810930805574 -9.666092680230314 3.491575983897663 15.176212036215256 6.935268949736692 -10.803900288776813 
