-680.6893234388687 -659.2754235327423 -405.2356453587969 -283.94849285647 -230.67990491441932 -222.32827158248259 -214.33959903380398 -260.14557524152883 -380.66256448514105 -577.231930384262 -676.9769167686371 
-1.3466572987816308 24.99835944873373 -32.42084602950963 -59.24832956629062 -66.53153573242274 -69.93184098905192 -80.43492482533402 -73.12569311878056 -41.54075979478741 -3.443692219569739 6.23477474750786 
-2.566576276547112 -2.5213171195667776 -85.88914996474671 -117.72169008359197 -147.1630966464655 -164.98467961037295 -159.10017845361145 -131.15895337113938 -107.06180479144408 -56.99192680546146 -4.061364221994937 
-1.1584394671223497 -24.635598895833194 -35.30329988302876 -22.78887320171964 3.3290101658779205 24.872853285563053 -5.716339057922224 -31.978673569938515 -24.740234724648587 -2.014622678194269 -8.68738576601255 
1.416932123769401 -29.05637693485844 -18.827550104140354 -21.21072108133973 -19.296146962231923 -18.26776230215644 -28.06694293295724 -40.16546114940651 -40.86824243047186 -25.060482202513015 -8.048384904702216 
0.7295192288826423 -17.699613343248814 -28.141757338035205 -47.52455429833687 -56.39107189380546 -58.0779796711135 -52.42621814674332 -42.33683634478771 -14.740503891970882 7.842039716062208 -1.629413542410271 
-1.9736197671563396 -0.7703216494569289 -36.53337125915836 -31.61865168578342 -13.140389129787758 5.666349563729572 7.864904067745862 1.2510493708689334 -6.396623853860493 -8.342999310017072 6.645029712746273 
0.7108465789149214 12.956559726096646 -19.50823345364964 -42.014704099066705 -51.29303458413088 -46.69968824870643 -33.72488851245312 -31.75690640852305 -21.80209578138058 -8.746276430462112 8.09482533012039 
1.1046093372913632 18.27679022232809 9.59011079034337 8.1560404660141 7.7984384452262026 6.11419349120605 2.6771423875948157 1.5310436542995984 10.398313159921853 7.988252257351713 1.9115649803749863 
-1.5240390737413363 14.810152271375285 42.10118485839895 38.05854942532834 26.363024861507267 1.992774365132422 -12.250922375761384 -10.389506711789984 -4.596580900839823 -1.3596767717746252 -3.854273439230922 
0.9569341924139892 5.152369050513824 22.328768845594006 27.785336971504996 38.58189000889628 30.480293854904808 4.680624300855369 -6.240908935719959 -6.559118631622133 2.235740227232293 -4.287066084478042 
-1.3291705694175737 -5.102302957455242 20.658544706933597 30.818578714718996 54.740922220009395 76.49314964557152 65.82050783728104 43.96455403644278 27.627425977639454 8.456685933790496 -2.6415205445137033 
3.7619905642474865 -9.546188377167585 -46.29286488808155 -34.35361232848688 -18.258025927600627 15.361470693569485 40.49919038324001 31.457822585386683 20.19382433214607 7.945475365112879 0.057655955544532816 
-1.3625544364696458 -8.03439150922343 -8.015823705593096 -23.373141112762806 -30.141495492276093 -24.112518217244535 14.234184690905613 40.06915566739838 39.342074483730556 12.462474176522981 3.863016907107384 
-2.0112089843275758 -4.673881378509213 1.8593480995312692 4.362592564482256 -7.334550266163805 -26.811693913883488 -23.859786634489705 -5.977054695284668 -0.730460289169467 7.984431113364092 3.3237218294904025 
-0.5494279496179026 -2.7579678039885516 10.278153122716693 20.39496451172578 18.55769064318977 -6.332973235363598 -34.370012285674335 -41.329826148768234 -24.09044783079178 -6.56333998011459 -0.6474384724251525 
1.3038937411550717 -0.9457371748154916 -8.396307359831642 -0.49499795201366925 12.790656461639824 18.719565410027563 8.226002207631755 -7.677342744285369 -24.319978414307663 -17.30377739086157 -1.8423838843131393 
0.9319430295137995 3.133828055306446 -19.158578857016998 -25.983834020171958 -31.200309824242964 -12.314955897110389 10.389298276916254 19.881496672863946 7.722040006776132 -8.697735488196013 -1.2450151408802685 
-1.3965841478633856 7.332865673991768 35.26016623095262 27.203797376434437 -5.501848307498172 -37.17356971450542 -33.395780313546744 -14.125834826518918 -3.33067036358094 -4.183400434425902 -1.220362229016493 
-0.06225019822689712 7.649021570421612 38.17395586423883 42.50066810089687 31.562808398849562 0.4294789627946717 -23.735116059427988 -29.70680340316769 -17.041576814154652 -6.080776357544988 -0.48546102814006387 
