-320.2724144593646 -276.4268675941474 -295.5794709514181 -346.9060752275964 -229.11438368643397 -82.81010536230512 -40.82284951394774 -81.03319667748066 -111.66293283327562 -174.55256116597118 -270.9738171619183 
31.579292174980857 34.195956096544506 33.486905083034216 38.16446661068457 35.61442454836856 11.43916603184599 -6.84340016748525 -40.058879262595624 -30.746903214458133 -5.2498896739977265 9.211963431216905 
12.555128366111479 19.57525522638649 22.814900105312468 15.079487334886604 -6.794132193321563 -40.18290901005832 -70.39490385224478 -74.41048830102469 -49.40769173144555 -13.989373371849144 26.657324409812347 
11.778648569602275 7.980328123113144 7.472165925507507 18.001467252635123 -6.3203722023470155 10.14189639757959 27.853472532257044 46.25593207351494 43.634365015791204 34.738456154349606 22.844456474430032 
20.271785532030332 23.077680768903054 19.608106589538917 20.732053848430894 22.20816499782128 4.357584658265518 -9.596358469681476 -12.693163830405304 -14.017625662139395 -4.1142599245718765 5.516954141032244 
20.868848057047256 15.981572668125427 12.606478359533305 16.870621946432674 9.9714859407474 5.165332512276439 -2.870794474563227 -8.44317320658858 0.3214568475133668 10.796434003581162 16.638161321930237 
10.875304429851996 7.825057006206098 3.5827798351659945 7.319838122903312 3.7357720503794853 -4.507874866955345 0.6237826320881754 7.678948193832398 6.087115015011811 -3.179807579877899 3.2802436979325167 
9.167601728702788 9.457806543791706 9.17607776048596 11.81953152263192 14.134751915593334 13.595424937437716 4.927673401432311 -2.93206460807631 -6.4819523415353855 6.138732752069339 22.319927983604128 
9.975075014045514 2.4968142277088896 -2.318973459627015 3.6992972725263074 16.198484476938482 21.31473991094438 16.82197167702583 7.858969465610593 -2.274287226558241 -12.285495656467234 -1.5230157340067323 
9.924047677532398 4.96180049282216 1.677476233935398 7.481271238907951 40.93919391041699 33.272473810151205 21.06033887244167 0.14821474165817 -1.7459140386214278 6.997290043512786 11.291030868577392 
12.153872609137036 4.404404704497338 -0.6738728136514069 10.969965607558304 17.31855201292034 23.56035517182758 41.548660424579545 52.57373466563388 43.71399349577645 19.698182023213096 -0.3627124506725538 
5.020297379435874 1.4342266125247376 0.4157964798811341 13.245087975975188 0.21946171112747692 3.792363562346722 24.726625111648474 49.10415902208729 40.67446481695098 20.94932681066718 2.7785644297629277 
0.925562890200583 0.551650779104297 1.6141338951807294 11.003438640521725 -13.958075707430313 -17.837924644723973 0.5594665315172489 33.57451432540749 27.287688826276895 9.7808631422592 11.695454356054634 
-1.5195496135685689 -5.6701600637736025 -5.37016209360076 4.025385369934238 1.3989270887861653 -6.59345647649752 -12.978000985988198 -10.475295598667635 -10.988980805270241 -12.621220046854646 -2.6597110866309572 
0.6810612205842221 -2.8940247374018884 -0.836332494237065 10.954559077679374 -0.6078268073297235 -3.307516165673607 -8.656976697978587 -18.24740231718598 -22.679261139678317 -11.890339462265375 5.577951298077444 
4.153985369510836 -1.940361295430517 -1.5758399902943987 4.908850698231536 14.733976308506161 15.007179287119385 6.589266877626236 -5.421421565069572 -11.273896456666312 -2.634058354776146 3.9945252747053814 
2.064536442228649 -2.31035496418084 -0.760511909658502 8.383209617174574 4.218659486465182 2.4282151778145398 9.424156009366918 22.192391167161162 22.731193894973522 21.997308235869916 13.954804447109634 
5.641550124966083 2.0253834302797418 1.1237034193028013 8.658953485213862 1.8351183245084162 -4.3584309007845015 -3.695324832409825 1.0089023329825357 3.134452893058847 -4.6246200627345555 1.0029483455327861 
5.712659467479444 0.9709822321659802 -1.7502965183433778 5.2438140470944425 7.238522547204653 4.566331044983149 -7.397742954193932 -19.308368108269043 -18.203435099840036 -11.826712856824784 3.9697643838572487 
3.03161206512737 3.7156269902102275 4.3159654645008425 10.555278998188545 18.69727703435062 26.523793405608863 16.83191460862731 -1.1374308183263715 -2.033210672609476 15.921164974886935 13.88782942033518 
