-526.728254330491 -313.6168318839328 -112.34028922261498 -62.95504101700463 -104.10421307798174 -141.25488101555885 -173.84700850784648 -258.52862257389853 -382.1500790558658 -577.2120227953009 -589.3697614751829 
98.47054599937253 50.48805215191513 33.077750330646 33.61759766009911 41.304397670309186 30.083755061405252 39.15088351334763 69.61904367978877 82.56973995137359 99.06966439060199 96.15218475139592 
29.637846231636228 -6.659289076289655 -57.95399634641778 -84.10755109268659 -99.51525860360465 -79.95540126183577 -58.55057107685688 -12.418971186033886 3.465195980203534 25.503284360925818 25.808261987159543 
-5.2097435659411255 -4.298209899809759 17.708284940003338 32.06221352518245 46.85350410711425 54.021809764211554 43.265900479599026 5.756112024252662 -2.086056379454777 29.78854980832579 30.048565360743318 
-6.026613392953324 -2.0723999016579873 -9.121605993770682 -12.00562890807701 -14.157855909626512 -24.971819655886193 -31.003556555586584 -21.55989226341937 -15.76685805070204 5.279839189196558 9.080728706833824 
-2.965619184329351 11.612826878774497 1.121978130684719 -10.251895253135864 -26.677167728844154 -14.862233490154441 -0.19694721605564086 14.089638410911476 12.821686161429316 17.356151970721527 14.573757913647952 
3.356388034219882 -13.479221680835622 -11.73029963773988 -0.357177475821757 10.495767667860042 8.890014484909727 -4.356474286080061 -16.834757232389897 -14.630864537723447 8.80164894231812 13.83900102123427 
2.1372962412225265 -3.605525334328893 -12.802938026167762 -15.292204588786234 -20.137158485394046 -12.262231224348458 -4.691698556263312 2.028975286043929 3.367147331249281 4.420805164479519 5.318428562408041 
18.897647336557757 13.305616491463237 12.67647654448427 9.724206896432314 8.853819541564622 5.502828432527762 -0.6520552160137425 -9.395941946409282 -15.03300129481278 12.49006574389476 13.729581169031775 
25.581789267438843 6.541306954809618 -0.8802102977970868 -3.971939495108709 -8.404509376914369 -3.939052956800875 -1.2679715969000782 1.4190073909371528 5.463012775051483 4.640888498758436 4.861777122679828 
12.321587740951937 4.262204038104916 -2.37147908958025 -5.093522204857795 -7.038175622407292 -3.6589383914812563 -6.3954301666483975 -4.412386514303987 -4.008801557013207 5.430408467870036 4.429800514021112 
10.458155541447198 1.9489317122129772 4.134993779448539 0.9402139370104123 -4.412123331913662 4.171228029633813 1.927168098186677 -4.5513222606294335 -2.663579635115719 2.0997851105069922 2.1885376378271957 
-7.595823325594374 8.854874001395448 8.961891699652634 5.831550782301407 4.854173195111218 -2.959762684300366 -13.171309383942944 -14.034611324876028 -9.328839873519492 0.7577717829309767 -0.2132324815169469 
1.4759207984158427 4.867700779228622 4.743758561879044 -2.6261250067107613 -7.326736823857023 4.7110283309441705 7.94272888737582 5.891888091377883 5.028962501184128 7.618940419572812 9.892392497291336 
2.43728917042736 -3.6398048756888643 -8.125759295975527 -10.02030441897413 -9.469385764746264 -7.532700093297857 -8.07759352997281 -2.2818702110460003 4.991456756758732 9.839312299418793 10.690993101610342 
8.442088384905778 -0.8220775479110092 2.452202509746634 1.8845337215855962 -2.135604287060996 -0.1942722706070148 1.7502429825036183 1.2517166852354484 8.863499951124826 5.319464539430259 8.642040958652977 
3.775990666122243 6.920224402526699 5.516804615520495 -2.889612457068634 -12.271513708867104 -12.284508483002433 -5.487914569232295 2.242925993637359 5.495974198925336 4.2478187021029505 2.921907084266163 
-3.4828632797344508 19.910493277977825 26.81258998576322 20.717911868270285 5.6695122592628495 1.9687802890692772 13.251605617785426 21.556134289611833 26.54886309353693 6.659563477241395 1.1884400626343155 
2.725886445398012 8.289719323030731 18.73241244361334 21.537252189468873 13.940159232535985 4.779881989600407 9.426863960405452 9.81592799130512 14.87819372811952 7.289653461961601 5.3651660259244744 
2.6554631047128954 -2.8166806175416434 8.893055748303908 20.526567603839204 21.180879770598846 13.419299209606214 19.935572698596083 17.674441002971903 19.46212195947478 4.158534434366504 -1.4186582869144075 
