-705.417678787098 -705.417678787098 -705.417678787098 -705.417678787098 -188.46259591388886 -34.466159390129405 3.624676906073726 -33.733644092286006 -156.48430634953667 -297.7815470293993 -366.4974539848757 
0.0 0.0 0.0 0.0 -7.721089509468742 -26.325893372950453 -26.35309738290833 -6.646448333485997 24.30544685888522 48.900883987381306 65.34177832397229 
0.0 0.0 0.0 0.0 -71.63948866523349 -76.82660660228922 -89.54845991284728 -103.1318483628275 -100.88604317069633 -14.017543169540481 -1.8382382856457142 
0.0 0.0 0.0 0.0 -20.98826003957395 4.372678823068893 7.200277225143222 0.6081244099747967 -7.6300813567172145 -52.636267043588404 -55.1052571412736 
0.0 0.0 0.0 0.0 -8.479636742389918 -13.335463540310835 -21.721787182791456 -27.16361693944158 -21.479527605885096 -10.262572937029951 -11.218296718800515 
0.0 0.0 0.0 0.0 -11.489308977634117 -17.36964249578499 -25.320315857820418 -30.8907929777765 -18.80837420179876 -18.993435104740172 -21.044459108273404 
0.0 0.0 0.0 0.0 -20.0500054419728 -9.408511807567287 -5.068106457009046 -7.277564726156449 -10.517369141577648 -24.125468882650452 -23.730893877313136 
0.0 0.0 0.0 0.0 1.8070861358083865 -1.183938470097621 -5.086422029856681 -15.570048729465793 -21.52027169637804 -12.77506093311709 -5.49244779840186 
0.0 0.0 0.0 0.0 17.095182559303353 17.013215446740674 16.16996378534146 13.911378004460547 9.070415618026825 -24.225443928849305 -29.019307989545503 
0.0 0.0 0.0 0.0 -2.6263159204953492 -4.210720640774035 -5.798666017879066 -8.31784414564101 -7.965939425984135 1.180520732050928 2.0084695086681115 
0.0 0.0 0.0 0.0 13.012851574821031 13.308765512192744 12.178767873658806 5.459438840918234 -4.070586232947077 -4.695871455878455 -6.576343103048431 
0.0 0.0 0.0 0.0 -3.7464765955579558 -3.8203885591509956 1.861847757359581 8.041267656896334 14.936126881054832 3.6387806436148673 -0.669722020417109 
0.0 0.0 0.0 0.0 4.097774781620551 -2.593958426681721 -6.145164020490325 -4.946614202221575 -0.7205741341245031 -4.484367928730154 -4.292819531099919 
0.0 0.0 0.0 0.0 -11.761304821033995 -14.219595305282752 -16.068773448071727 -12.991978003226226 -3.5540273648454286 -6.4989159383155926 -9.560522737809583 
0.0 0.0 0.0 0.0 -1.048552160031524 -3.999685858366543 -4.796389665533549 -1.314778797852828 3.9277663043755324 -3.3436423487057585 -2.597746444391036 
0.0 0.0 0.0 0.0 5.18445565690677 -0.710838999742312 -7.690699420863174 -12.795733332069997 -9.826571870627967 -5.3829150653910105 -2.081061838934716 
0.0 0.0 0.0 0.0 5.138298897142731 7.42803695598162 2.2394760723348717 -2.9673829353243693 -0.6210935258528466 2.1385643893835247 -0.3779997321452804 
0.0 0.0 0.0 0.0 18.916916136193745 16.767594947227764 9.257960936659352 -3.9767850246833913 -11.38408069022967 -4.1221463904348 -6.79095751967977 
0.0 0.0 0.0 0.0 20.97253230742635 25.25672335289018 23.050609455103682 7.964651473340467 -3.3901942578013036 3.5070748063599186 3.5427082211051264 
0.0 0.0 0.0 0.0 14.121910841065738 16.02873829104815 20.650106551177338 13.52737596735795 -2.8218845287875873 2.346963562290879 -3.8572888941265626 
