-454.33671694914227 -486.2528503609128 -638.8380129267576 -278.8979106477276 -154.6534326138456 -143.8061135914819 -165.8011217232168 -203.95855570950138 -278.5539276828654 -373.1193776496406 -538.5311183227167 
-43.38778827107271 -41.216743497115644 -27.82304795529285 -21.14483885553506 -39.284266508318154 -56.3003784855625 -52.60926367087727 -38.997306440421596 -12.693011176073682 -6.725371525292779 0.41322824943213177 
-22.850205798829073 -22.206743592910826 -12.236282890906574 -65.95588275464911 -83.53030720837864 -88.14214006311678 -77.91978335365147 -86.2051335330082 -62.6344188888193 -36.501349458475765 -40.11952329810286 
-52.46790586821008 -51.769054089677596 -40.80493139985164 -38.328496284541046 -21.300642256691038 -9.383480482672569 -3.9576374059054733 -24.226318958675407 -40.03455332686438 -53.40332279527456 -36.21542152292373 
-46.525523577717976 -45.1294732606393 -28.900203333180386 -11.615835209823025 -29.399474563015144 -45.99063018174273 -57.22013985699684 -61.293456131538136 -38.44630615646886 -21.61168564653162 -4.0978373457556945 
-15.416273694661946 -17.105013895785163 -13.206148765254179 -14.55231970614828 -22.14097468765713 -27.368771821074763 -33.07680505900288 -38.03284937956593 -25.447375968417923 -15.386645890134933 -34.66644694646433 
-1.8506537942377865 -2.7880748674601716 1.0641599236675154 -4.924723312012519 -11.967152535753396 -11.34967149651772 -5.443353687697194 -21.05812155095542 -33.670275386057426 -28.177322681668727 -9.188206710008668 
-7.098692484258449 -6.160398663842847 4.548545311303573 36.42059863992094 30.017184531791653 13.692185747832223 -0.49041797532997944 0.21744030658870517 11.915472990019499 9.523503591742646 8.026490346781767 
-4.487244433851912 -2.971863969668436 3.024708812062531 29.735495885126582 31.177728891514285 26.666585232380843 7.811542183085967 1.9011085606272808 -4.6569805190910545 -5.123269424994544 -7.359342825847813 
-1.4869265256836055 -0.9532333898533452 5.3455966732646605 23.93001334320137 27.237442350100146 24.799393209786395 4.211344911735788 1.0359180493631306 10.118941513725616 10.958643915781183 -4.044602587336605 
-32.21774079370586 -31.185779933568863 -24.287196195025984 -3.825016952657688 12.532315951746416 28.44010858374662 22.132164567205933 12.75728397453107 1.901668035081912 -3.5945421829350055 -8.04455627743445 
-3.2864774905642076 -2.458150819075883 1.6434661248221698 -24.310442825352823 -24.04188235450374 -13.52780879182559 -2.956901943955204 -12.0778427992806 -13.49612934682462 -12.27834635882428 -10.300216221201293 
-11.145987428250706 -10.62124689026616 -8.591822915108365 -26.95407301997582 -28.047100427129152 -20.28448356952825 -6.165829007205181 -5.848261059742146 -22.258483097121 -21.189860202437696 -4.261734576143219 
10.86520480920892 11.919954620698585 14.846977637664203 -10.33395454553117 -15.770872134913326 -16.579712990298695 0.14851740972652527 4.559567809099011 -8.244808685455858 -8.744372091296183 1.573006880435361 
17.488460036758376 17.689586652613244 16.89631544903004 -2.8636771326931876 -3.1740109587819445 -4.874779731958132 -6.058953940966584 -5.703359103980148 -7.184399253781089 -7.868481344253409 2.379807205567171 
3.6724307837686894 4.595031760505077 6.242260840493037 1.1733786463145945 2.3399733531422364 7.816785869450843 13.639362714094469 12.660929448663758 -1.018020179647664 -6.76891574992052 1.9331350476390214 
1.0749631945408769 1.1680344872586854 2.404068995525865 -6.780904563851758 -10.004472847993494 -9.722388319677055 -10.118503758090176 -4.51215324066697 -2.844710036231725 3.982876132595512 11.530929917692852 
-7.452421634307669 -7.897414987742655 -8.03782198567108 13.664927704240776 3.4584854530864044 -4.85112906637228 -4.374099400865178 8.438792985396564 1.2307959250572016 -7.618214039524936 -0.8773236525609571 
-0.03178592958793691 -0.039645458388738286 -1.462637447424687 14.287768714184832 18.675977738875446 19.821629867194993 17.334198805111207 9.207671376523212 9.266017434188868 8.675369954580086 10.548155933488424 
-2.365648094887765 -1.6269027050172493 -1.837061796856244 0.7897823530123753 12.3425680482397 16.180480458650855 17.01415342923887 -1.7543789765123132 -14.993527057454546 -9.100900233447863 -5.953022006988039 
