-749.6913471675786 -651.5985204958256 -248.23799284467376 -117.02540841357208 -90.74326499208446 -155.59829204069513 -244.88994639075312 -296.9193258520267 -363.88688939724295 -490.7356478455579 -724.2133844968773 
10.42639786608541 94.06734179972082 6.902923497980328 -25.089539633965103 -37.824723351807535 -49.061526065699425 -39.75164704530275 4.776077283576005 10.774590524838167 -6.53183047477107 28.880528986490027 
4.678106275467884 -6.9099167785311675 -63.04498071956151 -94.874785688152 -122.56150709811912 -123.77499592502454 -90.6111793726163 -62.8444493689034 -27.366569167500913 -24.28107541885423 -6.254338935594383 
-0.6458882245569065 -52.03504917223596 -41.81580227482953 -13.47117141744869 7.9361364108730506 28.563894460614286 11.867012097444611 -21.269269703204586 -40.41694167788131 -29.084649936212777 -18.732105927054217 
-3.8931438905240485 -49.47644491822305 13.226548799493726 2.993834993288637 -16.80217109593151 -34.69821919836132 -45.52681747466871 -35.6285081206234 -14.038635411277358 -1.8894226735175075 -10.104244754944183 
-5.6694535378875806 -48.42742412193405 -23.37365710971062 -14.700709212148602 -16.559062507728907 -30.060278107963782 -27.932062340601846 -7.045437333223958 0.9322419048181034 8.122182456369046 -6.070382452113844 
-6.5028527937117975 -43.90830770766555 -54.72987597509097 -40.25575578512148 -27.775092361830765 -17.346593262333407 -18.32617268545284 -26.107387195459943 -22.107644568805597 -20.47573275820306 -10.868249131717256 
-6.044858488066083 -17.993578920693928 -22.550281608614874 -26.64544864775688 -35.00699282002908 -40.95281657958289 -36.05911423473766 -29.442883112785943 -30.11339921972689 -26.501927323053245 -9.077855813565659 
-4.572363042460628 11.638174626984869 16.28247076695343 10.61500254503759 -8.640838602381882 -23.819309284945568 -21.528278238739155 -13.082149565196541 -5.493487383464706 5.551763629944891 -0.05849384359935339 
-3.4440144413056317 25.64298467752156 39.922806238639666 28.989071609902485 5.453624887275433 -30.47751619333243 -32.74195230342248 -25.37167991599315 -5.649539970473498 6.742521374769051 1.3448437455056057 
-3.224121393661098 23.381727005953053 27.312491267688575 36.92729669221943 42.295454895493165 20.222280842803556 -6.379250956835879 -2.8110596612164906 -11.175472076906583 -10.5509029937092 -6.259255082662033 
-2.606659568098445 5.970813695480292 1.0556514723001365 10.642499138883469 32.25579491341191 46.61516227331906 19.71452092383691 17.53551087468249 19.469636553702536 8.929933710073726 -8.132929280322907 
-0.2979502479278432 -16.09660493468685 -15.020488842830385 -15.78667027156067 1.094700062138555 29.61680363838765 20.57682895166399 15.721217369359817 9.052218905944718 -11.261064823215802 0.5820353779540616 
2.8828880541716475 -20.28081908878635 -11.35131279354572 -12.793219663596158 -3.8426251033436967 20.534498307124913 40.24458628549236 35.63590722722644 21.36070065743952 7.2299373970729 7.864720149860539 
5.006639418741656 -5.569038022024581 3.5768401090408464 -7.297988160600866 -19.0904307389367 -29.327128972393822 -8.250982900119862 -7.507817111093328 -2.6919654054412554 0.16933965268307483 5.896825008788054 
5.566154431445604 4.9006427282805785 2.4169354404540537 1.2272888849570085 -9.728559044548422 -24.446685399081574 -31.389802345859284 -22.9533716029051 -10.635179153961035 0.3678296754814334 1.7837793186001063 
5.587078106600188 4.399794256829786 -12.501238907442861 -4.277556298637549 -1.7089457571393412 -1.8872271861944563 -16.65365505688122 -19.946542286347437 -21.86799336435851 -13.490513395543328 3.199521822369393 
5.411459909575166 5.590852268088591 -14.508080846205331 -15.971514595475817 -12.471975931436845 2.453666761772075 15.828261967602241 12.16004763962633 4.313568044637483 2.072798265888143 6.54380757735726 
4.025698029739493 7.9272301693888245 1.071020455293651 -4.601112593673309 -2.932533022520779 -12.30845516448855 11.84990812320692 14.280320657757352 4.59057637914455 1.3237829384183337 5.170690584696931 
1.0922663590962913 3.601564614467872 17.529337774424064 11.342759135522403 1.9113228746482784 -13.822487426043008 -16.535003236974404 -10.989314458792204 -10.026669194108798 -6.6714411608104065 0.7158230317631602 
