-397.24636039503343 -400.7267776767894 -493.278612089677 -297.5881399472354 -176.40209957180025 -130.98237697870525 -135.53583631283752 -174.8300281646369 -297.05528178388914 -467.27257783924665 -562.5361306585546 
-55.38181784190872 -46.996922124365206 -13.759251829776861 14.150107438601442 -22.369921177632648 -57.240681523100434 -61.850850179114076 -28.456313201385832 26.627715931830675 37.79515847641767 25.839945737107854 
-41.861372255205666 -37.21706256249291 -17.34649140133856 -87.93654332958832 -103.3484860707008 -130.46549619111425 -141.75006376698266 -129.1419880456167 -104.9365393506686 -60.68152211530979 -16.15789516504086 
-14.610567103738394 -12.021279679218058 0.8011178224341785 -18.15087207439582 -5.676072529168012 17.515090772966822 28.601384681085143 20.21845723860164 10.848360574456482 5.117736585725769 14.895295777128498 
26.61418401811953 27.796166506109188 31.378294580527186 -4.8004818664442155 -14.188035727164756 -23.197223607848958 -24.3789517341661 -22.696191599913355 -17.33324273335089 -5.851986813138357 5.24182741314631 
-6.372539079743131 -2.3796230429874012 3.7486335684398897 -16.742655960892247 -29.85260135073782 -45.063383788332075 -54.823388357200194 -41.53330954411498 -22.714798439470545 7.971048247207511 4.2843835603408165 
-14.333357350798513 -8.49235413431014 -1.1605464736184816 0.4855186016231342 -5.145554106463999 -10.822711000739844 -18.231013572472534 -17.130012891969816 -20.28645969644618 -17.719581090941688 -4.043307318498475 
0.008342783857881897 5.273382063557397 8.448287135358242 4.307194302336551 0.7405728310648417 -13.368943852088705 -35.432158457123165 -37.910871463298946 -29.297281651384502 -10.947306579953217 -10.107909326179822 
24.827344700384597 27.312897312513172 24.60924959566288 12.013287947601004 21.964329431742026 24.45511959825246 2.5981307393743416 -1.8569975758276114 0.8150023962508968 -5.5799787381970045 -8.354854586472793 
4.345946613849009 6.41828570753252 7.323567035101175 26.506149566318744 23.974781790842997 29.72557738951233 14.5925378182525 -5.7368042611111205 -9.975458074695027 8.068760650227006 0.4328247198352657 
-15.34251248044582 -13.52866309286448 -9.487846778242643 3.1222550687475588 5.412144451127583 32.654964597147384 49.8602969751685 26.38546470470383 12.069638989459511 -10.169853885322464 -18.757981652654244 
-13.88080178557875 -13.042757417908494 -8.60477379225746 -28.62602037844415 -26.59473710999898 -13.220414795336819 15.023859138261052 8.849132376234925 -7.189500457188892 -23.305240209478942 -27.89067246406278 
-11.481772714832452 -10.534296498980662 -5.310508933492812 -13.895905483688475 -20.218706798976118 -33.18884200781499 -23.551606578029123 -1.2596866436776044 2.934292869282395 8.82472898831065 5.026936766437368 
-17.481926597098372 -16.801352030657604 -11.308950758582089 9.701089628730148 -0.7616138222515947 -19.626434640117704 -35.99990471101064 -14.837730241410371 0.8483980172393133 -4.043017470274693 5.6230460447422805 
1.4166044941689482 0.4974947419291286 2.266761262488663 -11.00917109461319 1.5272640650590412 -2.862268098250656 -21.517578257891245 -23.41084815501069 -16.58797941875858 -18.085075199151 -17.492399945886035 
-0.17201634675191324 -0.5789243762620139 2.9790551434955974 -16.230371971467417 -14.406035205739457 -5.683654791072007 -4.88508905049763 -10.883165014619566 -21.039803558924113 -10.657206420121124 -12.292405018656464 
3.1354568419390136 1.2826529897502414 1.411084580855701 8.399702590327077 -4.527468697419222 -10.386545021812125 0.4000482463470697 12.272342533112496 6.250886756111795 -8.680043580119468 -6.550497165369313 
0.9054497906982983 -1.5003771087734044 -5.492823641234844 18.05282381353611 19.396262152025017 -7.586785242421138 -24.51511297498212 -24.452910089886906 -8.151962701078643 -5.436041234317602 -12.186305172144394 
7.2698126323793755 4.920015489321456 -1.6083999446652164 14.602225589187295 29.124198866737352 34.09294498402886 10.17302717209662 -17.367892930225114 -15.64345011519433 -1.288837909740913 -8.291501266349801 
2.491032151712622 1.8025858836163398 -3.19882947982972 -17.575417504642278 -14.921069927369018 16.55935212736901 29.246518852026032 18.608211624133133 -1.6993319917134995 3.4700112523048783 12.773046855101253 
