-291.32750450713235 -68.81122815695619 -9.013629536083643 -22.497052338376058 -37.48560793323975 -30.59194734011107 -28.844149595083078 -67.48231515335193 -135.43394903417718 -116.52336027652561 -139.08070387770275 
51.63019332916264 -1.1113883767299686 -23.14873144911715 -47.36523577267981 -57.893622618391205 -40.03675732811642 -18.916669852450955 1.2185774479491642 18.2976745813213 22.14034239511578 22.027940364533443 
-20.126188574012133 -41.25912115101559 -53.01988538366485 -66.17589801883888 -87.23782383399961 -105.1777421095234 -104.24658240174463 -96.84012486928015 -56.27568076768891 -23.04175281048293 -22.52165833175316 
-40.84505088521597 -20.072554330175088 -10.109679739698295 17.996396493870108 37.06377731076884 9.838650074434028 4.359482702647828 -1.3198077329214366 -45.1494242172283 -59.18037228962206 -51.05795542058666 
-35.50518508812112 -2.8008345047160157 0.026957707400066866 -12.442853633031202 -25.383025277994076 -37.28426681766015 -31.958397010138096 -32.76289270370219 -34.45280452959639 -36.91755673146234 -35.894306553262915 
-35.47661649339638 -16.2552078326953 -7.87550793716879 -22.9800339622442 -42.58849367955364 -38.70687515845167 -30.734154456418636 -30.384578658301216 -23.700917224678992 -18.383214300546644 -22.027157160555767 
-27.61881627199037 -21.83407300212169 -15.397276265449708 -11.762302537098591 -10.15585921070802 -0.29004751295426573 5.028497605230163 -2.65224825176153 -26.362683119295973 -31.493126444657406 -32.60061131979624 
-2.9706346593099253 2.970273638086291 7.490727391049829 -1.542458051834481 -14.391736768102861 -2.835880216957991 1.6414647751422673 1.2558166547857075 13.951027394622653 9.410680313409872 14.35700433524402 
9.975244329872034 24.119767797310814 29.252557561915445 31.290277772371752 12.061679314717143 7.092852249869926 11.598979442022493 18.251414722272045 9.215790711609692 18.017652974424834 27.86021499336572 
30.332701264314455 32.21550414617918 25.603304946930557 29.21903168733379 24.50159764304366 4.091221724185773 -8.154602063088431 -17.776154101439175 4.048834796136094 37.77794476146822 41.33062395522294 
37.743894302536724 20.129129367219065 19.261643946121588 25.79364110880733 45.16700047890981 38.417567257266725 24.052921991538597 18.19525281739528 13.00194060591535 10.075115889822523 14.991351075615913 
39.49790467820777 12.96244037244384 -4.501870331970565 -14.397467456505197 3.1798748532310976 23.067210111994665 20.667113218130595 20.16726844844481 25.411935130020346 -6.455297347562831 -7.065863515807742 
6.271064418457885 -7.653197115399712 -17.848898711216165 -23.417743173124958 -28.38495195697287 5.485463153683363 10.033722464856805 12.647503787869717 4.208576943171275 -9.343351764567156 -7.091263677123893 
-20.506718543991635 -11.39077111712868 -9.043127282818215 -18.885617192564254 -46.04407163943243 -36.44274698900092 -14.944707774005465 3.0173027836474393 4.328315625126493 -6.103757705612697 -11.536247581808258 
-22.18369989662275 -5.022211542366273 6.597424986378793 16.601969894858605 10.71561461291218 -3.6181994486366857 7.707500348043935 15.11847526781152 7.9251702024067185 5.562648055215632 2.1458756596754327 
-17.94712662828859 -16.95806069598884 -15.61108944006292 -19.339484551161547 -8.502177160895021 -15.09792459207071 -23.164762950929482 -21.54883194248759 -24.41113411381767 -17.04543130113469 -19.402146454037705 
-3.3490557233226745 0.5069121226676686 4.035852701812264 -3.5827402323562683 -6.964852853092376 6.115663004626348 9.767471783440593 10.40810571484593 6.409326774244885 3.3103585085857894 -1.33164713325316 
-8.90468271634149 -3.735548224114491 11.467397407531468 16.56294963329895 -3.7675646014255793 -16.697092746373855 -9.4239922488911 -5.399121996766115 -0.1578986988158706 1.1385723114786819 -2.2810095162617854 
13.236609111215039 27.907173175183885 31.44888835911666 34.850273993170546 25.364837878795996 -14.02086796844064 -17.667343204605416 -9.693839681063382 -1.2418798216138864 5.6395412154305955 9.363441693331177 
4.117762688051349 1.8573645036769202 -7.141955790930552 2.9904439373197533 37.82779762603495 25.43302344781356 7.7414119533307595 0.6807054437186137 2.9079027113908804 7.654238024842952 8.790194069449644 
