-706.5606884365684 -707.5278826086043 -707.7114613186011 -706.5730147414297 -396.1534435423088 -180.46175608044035 -123.06534927303304 -171.0730029318694 -219.04061795752327 -242.38910995136715 -334.34436428203696 
4.095480827350119 3.266552530384251 2.3266488106519185 3.470701861528339 32.20158986919256 24.639703985143264 28.684093772750252 34.427952187121306 4.718374306816251 -15.176055862459144 -10.87001738902833 
1.448143788761573 1.9069461487967276 0.4032320529360678 0.21751901765080237 -94.54020340659733 -111.66046909061643 -121.1792620915295 -118.3915645635904 -70.07900225579898 -60.08177589159445 -54.31437843849684 
-0.029840236353036564 1.1976648078804581 0.7241736585897867 -1.1211964202182507 -48.904412532843196 -28.38589836138571 -17.052709638191374 -5.7926334204779995 -45.07474304354584 -53.034611643961746 -48.850621767566366 
-0.39982036060339954 0.05104395468867881 0.8641941256251708 -0.7293490009643196 -28.243944451187524 -27.629665866640945 -21.770995365875873 -15.194070467630166 -40.88687425657541 -40.713718693854865 -32.54127383953322 
-0.2667612147951662 -1.1159162682601735 -0.3949165648801156 -0.1806854480767084 -2.956972321659924 -3.587783531972678 -2.3166357135680493 -1.1738706929958251 22.159255582974495 23.454750731143573 8.663809305075432 
-0.310911053359177 -1.6399274905591565 -1.5906593922250825 -1.0013998157095139 -45.522453002089854 -28.696196424349733 -15.914796546756223 -13.842474192360338 -41.88195578427152 -50.158433737500964 -46.95575190609898 
-0.2898592532847527 -1.4624495668962998 -1.5203588999774484 -1.2730602750981612 -26.354878752153752 -27.495040426234112 -27.610832127154488 -25.38996551133176 -5.748793921849668 -2.3286228013806425 4.4788304807507995 
-0.14375200490643858 -1.0769100900674666 -1.307270874193634 -0.7847965182782758 13.873885767996619 9.850852019697573 1.1354203754225898 -11.356475779076867 -17.759870591379578 -3.0663553549473566 -6.693679807318996 
-1.1180067120217243 -1.5457359876017254 -1.856102331105598 -0.3946253655761628 6.188105941637566 7.106285933781176 5.24707992165486 4.123344249059752 13.15200602754657 18.772412147098947 15.813566810167856 
-2.985786451891226 -1.9084435711905232 -1.3124873380537116 0.0014983082499266942 28.69370595813516 25.086905276399477 16.488324305704246 6.351225595477259 15.914084795852109 9.957983188080611 0.9041038291567454 
-3.822262324538045 -1.3911037608500831 -0.0719094601308124 -0.8593810083169229 20.304004233014815 34.957833856670206 39.96544405810173 39.637223117180355 18.697337447553583 3.0624754864292703 -1.9441843996603152 
-3.0253702263401303 -1.5326730281484349 -0.6176982791174764 -1.7078531173468154 -2.866316788561633 9.731244359327729 29.1511167821173 45.164235736683985 32.30280654633083 13.64678859764333 11.075436565245823 
-1.8017312599424689 -1.8587311745861612 -1.2999876557460768 -1.5146912457922972 -0.7863908837583127 3.422906930270257 16.667238091006755 28.322836834022652 24.980318997816692 14.640723480243246 5.976760073307769 
-0.9838003790855769 -1.0805432895205969 -0.04958695612986794 -0.9398216042466514 -20.846066698722368 -25.83959143213488 -29.656157973193267 -24.490847128961985 -2.285433601578483 1.464135134696682 3.0146735294886797 
-0.42213135914903643 -0.17582509831156073 1.0802730068688748 -0.5585489472766609 3.7027250021708777 -8.206217415492521 -23.695269586085708 -33.92239584776708 -18.777825883252735 -5.152776082680672 2.3580475998450114 
0.0039005227302175705 0.47664966065900904 0.5795776789174103 -1.4263340354937837 12.950052834488208 12.510308229911292 4.626722508220166 -4.343803518645594 -12.065059298093612 -3.503061803151109 3.257901356820023 
0.35232696424069776 1.017463058542825 -0.02653057191901205 -1.101540328986995 -9.601163202459311 6.128092872810823 17.481191725398098 24.00567210314069 0.7982403340578376 -9.90907168174034 -3.696265129184573 
0.4819148442853985 1.2234334221379959 0.6291372991921637 1.326406504176485 -25.91347497060053 -32.729659464779004 -29.49484937367838 -24.529210164561043 -5.646838467311925 -12.72378663202597 -11.838610232861624 
0.8416046551011824 1.443898174877868 1.319566547575025 2.9814664220992437 -7.956766574130166 -10.511256530960704 -15.186883629393076 -16.042010739157327 -1.106498134402452 10.816028687728984 9.800939905242492 
