-629.8676147676639 -629.8676147676639 -629.8676147676639 -190.7358333370378 -29.597035962902474 -5.181043028223767 -47.4449575904199 -102.66876996689443 -250.96845448717735 -505.25635873424795 -599.9252956948724 
0.0 0.0 0.0 14.114982085426215 -12.81850435176676 -30.168882010916708 -32.59763137700766 -4.673491810866368 29.67713986613957 51.774719223888404 26.264967960241044 
0.0 0.0 0.0 -70.53286662144677 -75.57554551721522 -74.37325208041881 -71.77063719931655 -78.66923654330107 -65.55480628349599 -33.74152018053462 -3.2873611238642795 
0.0 0.0 0.0 -44.59077656020695 -28.455275903206037 -12.247162751726497 0.7736182998190251 -6.44032281927638 -20.832484623779628 -29.141899264413524 -18.284889835221122 
0.0 0.0 0.0 12.350168529001577 9.448667038733587 5.644052380137314 -7.329096424902907 -11.876565072495527 -18.606826679853185 -16.521750813896848 -14.781396805112873 
0.0 0.0 0.0 -6.896044419525776 -17.337174756045204 -21.65122065814564 -23.989102863694875 -15.44308953276023 1.8181191675488964 -6.699361762455311 -6.379706705757934 
0.0 0.0 0.0 -34.60260739375602 -30.565619063573024 -21.729098373733994 -8.065912974989283 -10.491957133589745 -16.429190618676472 -18.645441743058825 -5.0466944965551 
0.0 0.0 0.0 9.947359104209006 11.416871535826385 10.859285017747727 10.548983335336628 9.301348758057754 5.4198517964324315 1.654270781426675 -9.524632190117062 
0.0 0.0 0.0 15.726387347080202 11.75825623101239 8.956314877909787 2.681139419465029 -0.7104595942559537 -5.539614672555359 -28.70476277300145 -8.832192797007849 
0.0 0.0 0.0 -14.276366852850733 -21.724763006500417 -22.46031577330082 -24.03099592864099 -26.822810394697882 -24.283567601797742 -7.5254386845333965 -0.3176615881111755 
0.0 0.0 0.0 7.299964382420049 4.8788748377672775 2.5067394069597966 3.461797769759378 3.336187982124839 0.20194298169468272 3.8962417498300184 7.162406456049098 
0.0 0.0 0.0 5.064309534245061 8.4037977119448 11.215871912024308 12.289989254822087 6.487135492645512 0.40636009982207033 -0.6549690237544841 8.035206417568382 
0.0 0.0 0.0 3.8314100856426534 -6.903574711495205 -9.604142745448513 -9.979180653876453 -9.389585041300228 -3.9486865132249935 -0.535224505931391 5.249508719394098 
0.0 0.0 0.0 -5.258693258776091 -5.110640456763118 -5.285044933662717 -10.655710506318748 -18.614383757722106 -17.574877168301043 -4.4282757001007695 3.8849240475702134 
0.0 0.0 0.0 5.791542299731097 -0.8195181604019223 -1.1218528420306433 -0.46330358640519587 0.3221039156810308 3.792509485059784 15.476415357231183 3.5995114569868703 
0.0 0.0 0.0 1.739445160287004 -7.883084529175202 -15.636440362423713 -17.581286625567447 -9.450658128253755 -2.847601487335255 3.2551417765751673 -0.6353463468107075 
0.0 0.0 0.0 18.081767984560813 16.254427696209458 10.88501075484758 6.094513125810703 10.959323578262431 13.88623978172943 13.45431095578342 -6.777636647370589 
0.0 0.0 0.0 18.688762931522948 20.88525163849924 20.166210758108512 19.516624930475132 24.9761363668266 24.773509219914352 4.752978383035293 -6.371135202021749 
0.0 0.0 0.0 15.974006332867805 26.556828711757525 33.59238601750591 41.774384516018536 36.45873682996032 25.758033888639314 11.238996977259491 -0.06864807497992931 
0.0 0.0 0.0 -7.334431834213434 1.3900935323558616 15.461111465492268 34.44706107926211 24.76111845663731 13.568437365282861 5.283755938350307 3.096012977331864 
