-145.1223616870965 -85.1204281785682 -84.9115958598672 -134.29043249262355 -217.9681914208926 -299.6634143451888 -351.42078066180295 -418.8946162262106 -566.2831421008664 -662.5900896429173 -685.1151682224124 
-88.1185472377991 -106.0608912321531 -112.71633077885235 -98.49848293295747 -41.894769728664315 38.179991099216174 85.1345488303771 92.01466614648328 78.77494961792463 26.07787790896849 0.26347638120467465 
-81.44793936471771 -103.86584805533491 -109.17650524349229 -89.68581376437918 -54.10068166299878 16.683147685551386 37.8120422931718 33.03962757002979 14.269496639506375 12.954817354532617 0.1672337036159325 
-3.6674104681802038 20.8054532113495 38.72908848112739 40.697901438103095 16.605319079108966 15.607874933572136 25.504349342822568 29.00128269925365 4.394779593865929 0.5118227476523753 0.03219260857349526 
-36.012614115452195 -46.46441800787677 -55.94508039409641 -59.2241280780237 -51.851606879324194 -30.21391728223812 -21.614895278462292 -23.102491835013502 -27.292549628357996 -9.662723411034495 -0.10993493929572437 
-25.594480497397356 -22.09530720303382 -23.03378414578669 -15.401545447468816 -11.85882307591639 -19.59286316978508 -28.7436669466693 -35.15532335252074 -39.28114985104493 -17.58135273355026 -0.22586145559297288 
-37.689077727301324 -24.663986339758736 -16.71497706202945 -8.231163901523598 -17.83247153057564 -29.29360660518912 -31.535894623561894 -34.44857173891811 -35.67486299539671 -19.398253331414367 -0.28858137752768376 
-21.050878114684398 -25.019177318464884 -31.22127118176855 -25.268077519882997 -19.564006146070383 -27.610345817725353 -29.609498002019507 -25.488765169023985 -15.29596247919211 -13.527832436222834 -0.28371448433824753 
-5.794762609322392 -11.345469488574087 -19.640079009441664 -22.425975498532846 -27.685786429598863 -45.76816499747622 -34.90207122982322 -26.875021627066182 -10.436234386833133 -5.522618055685532 -0.21283398075345322 
35.92783741914856 20.51110239343923 -0.9813058545897844 -16.380002332887663 -11.88156183976557 -11.896536352560968 -20.445067202388554 -17.42720862829733 -1.0569316438179877 -0.5422176251752463 -0.09300221059441828 
25.69122875914593 31.626538949718853 20.314975176417335 -8.24526042266485 -17.80984497716628 -37.956606913849846 -22.212485148016476 -14.468347369060439 -1.2674019721473258 2.8034425294955354 0.047355853997148034 
11.265456983844707 26.07052592666679 28.086252385508697 4.705324522635893 2.8885646663433686 -2.4066009950377065 1.4551546962276438 1.8352576403489809 4.358997769141373 6.338834942325848 0.1752393351221473 
-9.571713280921472 8.01388868195689 32.689273433383335 37.3525634074165 22.900028874671115 -1.4386337705878147 -11.53771265536281 -6.765757784339383 6.482583454474299 7.500341377085122 0.26088865063179933 
-29.42374348366127 -23.90162741085527 -2.5909562802011563 31.8057899485727 37.461529278601596 12.572517318364955 -0.3783182913673939 -2.7825282121048502 -3.320403896008094 5.425919085092495 0.284769063181423 
1.0149655958639792 -18.923876499414483 -22.446255937671978 4.982815684799791 19.140291544041446 8.140529444661059 -1.8035826611955288 -7.812452343570712 -4.157470786581648 4.190162701165555 0.24206920770805537 
6.654114482993396 -6.790101947326928 -19.255920197240414 -21.703206629337647 -3.7750547848154863 -1.443770243276098 -3.774030438199569 -3.8422584703156817 -2.0800938548721595 5.305921600125077 0.14366917316821193 
-6.7705554059900885 -0.8465564557647836 -0.20769608616909585 -15.86525258209654 -18.796455767636346 -6.389359272575209 16.472905279035956 14.662193292110894 9.811844776075795 4.569717758649563 0.013383677503667285 
-26.910647622988954 -13.955736358373699 2.4652444576161185 7.008686464754146 -7.759405763092525 -1.8245417856667625 8.551578773697768 12.315615152019554 7.5359126336323 0.3743731802918011 -0.11782418108605368 
-7.539544802352115 -7.012295129214616 -1.6617873851153733 19.064240087674996 25.11594099680368 16.453037159261342 11.286859799366443 12.76354482587251 11.923045982754267 -2.7596659741952534 -0.21924801935077143 
21.79537976291912 7.120619819411528 -7.656645479710073 -9.918167191960203 3.546790950852478 4.078921498678956 3.4738844640378286 5.104934117264225 5.670571999370859 -2.5065054649769385 -0.26768128190021767 
