-336.340141613015 -289.24198716868784 -135.34007628760492 -80.300542329308 -100.6397076412172 -168.77194298362585 -255.31834988287292 -310.8456591453334 -326.47048279412877 -333.98790644144526 -327.56820422410175 
115.66813876931762 121.80377953732632 83.31457919329314 64.6230180596961 79.98737977469986 112.39950976272384 103.20795707643524 77.34093736277808 91.47371755961615 108.04892681564397 117.23590873137118 
43.801264636468126 -6.7691139012574935 -72.96902794312749 -93.31303209819018 -85.07557833207791 -59.19019811581171 -27.10290581415422 2.7889220887746946 11.586423285199725 25.544280083484722 40.2574793361231 
46.692428001050345 13.21567538898691 -5.60812526288233 -7.014464068181404 4.644254307723335 12.332100969960909 8.797067309711473 32.33630115788047 37.95789101769136 32.88587456491693 35.284309599038735 
3.9971840514028045 26.871894234844536 27.83762781055269 14.541007735025602 6.438158535241198 -6.038074457326188 -15.072677601684607 -6.959132067556148 -1.8454299429592227 -4.6064393555981535 -8.163067436083576 
-25.104430151876258 1.429844237077951 -3.573442551258125 -19.3363983658175 -29.5642650458008 -28.57094950991523 -22.766380854585982 -19.690238091499165 -18.44383060867407 -14.702619896985277 -7.183060441874339 
-10.381490359711771 -11.394286863834168 -12.181561704864057 -11.841185282760911 -13.397491077708903 -19.571908943427886 -22.445075906317435 -8.871619671810357 -5.543284913919948 -4.157987319313291 2.788271646747287 
11.532266065953912 -17.775363345612817 -44.88257848772916 -42.379266840070294 -40.637353894168754 -34.070085108909254 -30.873102110444812 -16.29137714852756 0.07113374059315114 6.644632701804832 5.455896700975561 
-7.213519150631004 -9.50479931388087 -2.866261208212725 -1.4329343107961736 -2.3733409365960725 -9.904461931141075 -11.208565089308701 -9.363530162109145 -4.126022314811824 -2.2870814891247946 -2.5975337592436913 
-14.092723401868119 -14.90715521976018 -17.11003476062295 -13.786240000711018 -12.578077696887675 -5.3382769824363905 1.2957217991834136 0.060086973263887844 -4.1802698582375335 -6.2021875422690975 -0.9575610419778047 
-12.9374536149931 -14.24843822252139 -10.916085577379146 -14.105847240019884 -19.084748548249813 -12.80770161429217 -7.724812246731538 5.031485571470772 0.8685152543854571 -0.9959118458696206 -6.487503347110069 
-7.947591544300942 -4.823692632059169 11.206441509151674 12.353098691470965 -2.213788221766966 -9.519420036387984 -5.444833230553726 -6.168655342667073 -1.0722570475142796 -8.628955910133323 -14.44703501869215 
-1.014736785151432 12.124743077501138 34.912806333388616 36.56341775881333 24.584502523757116 12.262299077989715 5.466265301295371 -1.9811743051938935 -1.8350231785697435 -7.496001557375754 -9.656417013141048 
2.3390770419092926 1.121032115847321 8.853280491291976 17.24169806299339 16.481435104408323 8.403763440169485 14.716602025653373 0.8725180380924499 -9.733847703134238 -13.983485290710238 -9.346239580641305 
5.979906481566207 -6.55311092451843 -8.248358560844306 2.948064372020294 20.97822530428232 33.31147602684822 21.362307897169607 8.556564526946147 2.9785765304953333 -5.945505929085201 -6.371567820686812 
-5.763331054313727 -21.221443288987462 -29.335624969135345 -28.83153991277673 -27.201954630834614 -10.29337508720836 0.058460451298051885 -1.2545398512269106 -0.23835838055599412 -1.5266304992919446 -7.635104586392199 
2.3847849491391537 6.246275884425398 -8.121978874084839 -11.27382947124335 -20.013934209611513 -18.87582936405193 -15.436176448168034 -2.7170517360109736 0.2697947268121733 -0.17779431334431461 3.806342725573435 
-7.194460810691067 6.4580998407962 9.091471644774646 9.871065550616194 2.5722839402174955 -10.39852865687143 -5.313003485108004 1.3749012650240162 -1.0385244496053265 -5.436750637473153 -6.028922408476239 
-14.78217434038757 -6.2974544472732035 1.368179736245698 8.235781161461954 14.680932484198458 11.274871812293423 6.4748807149278935 -4.268484691635375 0.3172175341842436 -5.1021451595718155 -8.701616342685618 
-3.873759751140453 -11.418298029782846 -20.08341433948247 -14.467990770715787 -5.420178249064799 6.9283148084420425 13.021504474895556 0.7102645469889983 -3.402523059965939 -9.532644046170875 -9.736369569086033 
