-301.02491311015166 -294.7901762199083 -255.49270840887408 -121.3910798425426 -83.52805295622078 -137.59678691004603 -137.81362498659087 -126.58413211521047 -161.60546662882132 -212.92973569329178 -260.1688922249596 
100.67296012292148 107.95071877612455 89.26577873797125 72.45224308873011 74.99064096318274 77.31710431369919 75.35293421775236 95.81253540675408 80.8830300145708 64.59728589633781 90.82767832821858 
-12.697532776310876 -7.520792896783225 -9.009494129033847 -35.872754378770196 -58.999222498983116 -87.69720606112583 -85.97148166470639 -77.48512429095558 -32.10972496153502 8.931357329192554 7.484898673458156 
5.373279021351054 0.7104963143739376 -14.007421110945575 -6.168385173044401 8.932796214992495 25.869311855989608 24.928325560721227 10.156429915858153 -16.382240810739567 -10.696709462209189 -0.5590416856069562 
-9.494366557136189 -12.207923472050485 -12.613527526012142 -20.463572745929415 -21.527816701412775 -7.672414534189974 -16.086077568663068 -32.59235612599664 -44.24247340225899 -44.26639757288291 -32.158703809499656 
-6.366719239643919 -10.716131061992131 0.5173369679263807 -1.1549266315580233 -13.465628222028517 -27.640563432246662 -32.97168982468332 -27.393076461844668 -3.8205321837188357 -0.26532402810908723 -9.487884668570956 
-9.921066125281953 -14.300328370881363 -34.380695935323914 -53.6939609736848 -45.3677033885219 -24.588870105463478 -19.844024586816445 -27.517170978567904 -41.5190971177213 -45.832975509335725 -40.674643592105646 
0.07263434121626 -3.995567224300354 -8.277889443981643 -23.43128351718777 -24.292963666887132 -10.95318471422188 -9.908625865168542 -13.467588467779299 -0.6321117606098943 -0.34221604215911094 1.4274048194519262 
-7.212264720216227 -14.625738476069042 -10.084540764356365 6.268850594790573 5.01608029547117 1.9817774021772587 -0.9232494079658933 1.8288065390870045 -8.614082069450482 -19.398448967152316 -25.007898412546986 
3.1334332528384317 -4.994240013256617 -11.69922848463985 -17.74672413101849 -12.29316012554338 -1.5418302385151246 2.515925922096889 -1.3378665307072237 1.5639592407100555 -2.4445366556757415 -7.392087723163516 
1.3425252873564866 -5.386393255099673 -4.58545356375182 -4.826383968697328 -7.681462510696923 -12.141036600277712 -8.232302256133512 -12.506497180910173 -10.876944740928096 -6.611964965266625 -7.457995193276789 
-2.6899859843682234 -4.911943544989367 -26.785669846640218 -21.999787228660022 -25.15487778707223 -20.178193654889192 -14.486671643429847 -8.14011963910968 -8.203791446926392 -15.102994349488675 -13.907158415046304 
-6.615327084605956 -4.990897002041163 6.479464477768109 16.966768880303306 16.547899518920154 11.829309927322498 1.363482460699729 -6.825478758759804 -7.832993005323939 -5.554093448396773 -2.1835437232235737 
-5.335501413346846 -2.7079879812475274 -2.5905378353957653 -3.2152754610042305 -5.524723906918693 -5.410175449416906 -15.339574356508077 -20.57770262238399 -21.184557631206097 -10.215519465630305 -7.847115509421039 
-6.5541690701908895 -3.570904791942383 1.8019269040502737 2.632926365842551 -4.698472526428965 -11.022021363759997 -4.911010691899158 -3.9774260378216706 0.7739996057618 0.43404360670633496 1.0212269452754705 
10.993566764228069 8.117176208301757 -1.4872861873510432 -1.854778516581787 2.716805204834462 -0.6594856767724577 -9.173374461442354 -11.983507002654378 -13.650329492899786 -11.852381192005087 -5.824389572519811 
1.8025968496767986 4.0804738039622865 7.330418189858571 8.190635691530833 6.2344503127773745 -4.775246252218856 -16.0499409435659 -13.982153873240112 -3.5838503581173686 -2.1140585655158493 -1.0109701947289378 
-2.69170556801323 2.9072620111655425 6.137532905334888 4.403291959933756 -3.827131028721241 -13.094375962115558 -9.268568526661571 0.34964579447860544 -0.19523737768894356 -10.0882091559891 -3.952967169885418 
-6.143113035655514 -0.9639618493476405 2.6237650115931874 4.800095681896893 -1.0169863874720193 -10.105037774269846 -7.334009750475331 7.292059896709679 20.122566835470938 12.648811443704226 6.570169854840854 
-6.849361162110306 -3.545574222393548 -2.1449205057935234 5.7009377272718 4.249904070948897 -7.498816315665505 -10.202860041160843 10.625255920290762 21.09579424595933 9.54401039586177 2.3655579450181756 
