-214.90433460613028 -85.98205789262201 -45.34145744456663 -69.05692213123778 -72.21459833059727 -93.0868682694049 -132.5231486583536 -198.8807111013535 -278.27834910199067 -349.67035996308573 -361.86523686692016 
66.49535539672519 25.55267657440926 10.713658863919445 -0.5269549506638095 9.720996177837238 36.29491162985198 52.69398603283149 45.37728543722693 32.43738057499809 20.820837743352673 17.712393986779315 
-80.45849512844862 -96.62817955616543 -105.53173587000082 -120.97372948005724 -146.9019064718296 -153.83938361609637 -126.0677824610623 -66.76026056557012 -39.45750221822064 -27.039846083405266 -25.708185815460464 
-57.554907934593444 -23.804212859414548 -7.09656692602076 3.5060043714049653 -0.1214248277785549 -14.689027895136457 -41.256424367056596 -48.49079739111208 -43.37182333671232 -24.639934188411754 -27.862157173595577 
-24.4743201632681 -24.838373955696298 -20.937978530961935 -10.684295350917115 10.505381760698814 9.006490981439015 -8.692133454904102 -36.03088342989416 -21.97369354478666 -8.291400528577947 -11.705666198479484 
-7.5302606127227225 -9.768628135824784 -11.936132002169245 -21.05868151058816 -26.093739891169378 -26.86170294817453 -19.265923193178715 5.760383351619067 15.755511699870716 -5.094504372622758 -3.4730679324591964 
-33.10147114572122 -32.48481002531019 -27.926039260351146 -18.6447215693898 -9.888910017486506 -5.488459406087588 -24.90454227090587 -28.655962902833373 -22.659576717102766 -15.270108095840286 -10.181666456074769 
-4.985045685562415 -8.597144387314513 -8.932878989090481 -16.183615785765827 -15.106512957255347 -14.859198737005993 -4.942281633987145 -4.139534863121329 -5.329861371096858 0.6305352612553623 0.4365007283749902 
8.122625365122273 16.32772226949823 15.5200306104519 11.706345875419665 6.746773748534357 -3.498982008150867 -20.865950992957828 -23.05723171645341 -13.79742877098353 8.572993311389226 3.543700039990079 
-6.936614092134452 -6.9587250938412115 -4.141624196750326 8.312803237602958 19.60491621435511 17.416455342708115 9.489585388008614 1.8074418302842585 -3.5898759131346623 -5.824648313431593 -5.004520762317191 
0.12575180343875791 3.967269438382921 -2.848500139243807 -12.336659845825437 -12.52507936848627 -9.832390050743165 6.763345535204861 8.12568521569628 0.35204401554977016 -11.481560251749446 -9.462428083668767 
-15.370786895190854 -10.525072300380792 -4.449655558294041 -6.439866095486007 -13.59954138240979 -17.503525775378904 -22.277693727595537 -19.83333976981538 -17.74948164732522 -9.488876256764733 -9.547632222275713 
-1.6532493799790986 -6.590588745346029 -8.676041258606983 -3.0881854068245396 1.835959412352576 -1.9732042317176808 -0.7170709030307082 -5.279448815626074 -2.9603833486083926 -5.859603068334502 -7.639578000534142 
15.872306080225723 16.93957206152261 13.19750242009276 6.716266765205828 2.580780833738532 6.024299942842668 5.7043300301043605 4.103747380801622 -0.027484739305010386 2.7333889448843625 3.826591567807709 
-5.202536844260634 -8.998488198003555 -10.29552942870901 -10.978151557070309 -8.854877132565989 -9.519484428340405 -4.473073437898577 2.590736302070958 4.590255746109038 0.6022402737012064 3.1826767126471807 
-0.11935088574575747 -1.725805676416713 -2.698158249302378 -3.014230563934159 -5.923391044692733 -3.1658090915374464 3.677509849012631 1.8350319403092625 1.424339397237472 7.68121878281908 8.928366350043481 
1.2459332629036486 -0.6211660182654173 -3.8543473041847216 -2.651204165736675 2.09738158284594 2.7957647143968716 0.3352408696276965 -7.304811594896442 -13.203959514508018 -3.350132267849128 -4.5040924716219415 
6.574466415974207 3.6836849317502485 2.5266386539026873 -1.107361915519982 -5.137522070645252 -5.372852664373899 4.723214039899594 8.576873577079155 6.468511772367737 1.3867445531602651 -5.66611066302281 
-4.04937691073589 -16.100080349510062 -22.663846379974174 -25.43691113541262 -21.906609685457305 -13.69454989153525 -11.284287069318903 -10.492608361170305 -7.534773563299828 1.0847626378920538 -1.11107702514381 
-12.89911837061721 -8.133498138812767 -3.49812031745621 0.7028381184956283 -11.948733605702618 -14.617970481255952 1.574208044239394 9.374072924473907 7.452314184753893 2.303339103262326 5.27952570581508 
