-275.22659637680886 -282.3341581217606 -289.0010749158976 -290.1080995314596 -294.24860532703383 -281.7290288826879 -258.08614610365 -233.95175876407887 0.0 0.0 0.0 
46.229091851315395 40.118205076926245 26.392898341399984 23.00527736824145 17.583585184986216 33.65264261985439 55.95720102086008 59.98964769260394 0.0 0.0 0.0 
2.6778349555785557 -4.511981391431167 -16.813932648426714 -18.19319013964846 -18.262358184416833 -15.15116048789653 -16.12645236398792 -4.372094968163412 0.0 0.0 0.0 
16.61266170866932 7.210000043262126 -5.463233021777432 -1.6419294230329875 -1.2142565752950918 -10.623962815770636 -24.161160167034076 -3.7866370633371207 0.0 0.0 0.0 
17.66543630009742 10.239898204561047 -3.097527188268045 -1.3735965008791164 0.6490943083205601 -12.73436522547037 -18.706545874029672 -7.776675884340835 0.0 0.0 0.0 
0.8840379806482255 -1.5978286740521943 -15.260240395535766 -12.252413534563694 -8.145649221773963 -17.764020324972094 -17.47514490614275 -0.3535157317828077 0.0 0.0 0.0 
3.6011880191751606 1.6688770122219112 -12.726270337100198 -8.341214086435794 -5.783409047932647 -10.77243805641135 -17.183331793447415 -13.756352443161528 0.0 0.0 0.0 
11.655425139872115 8.65159740325657 -1.314119931311491 -0.5244070704975424 0.2696505132907877 -2.726236845847373 -11.387800038397788 -10.645962532069444 0.0 0.0 0.0 
1.3805762610652645 5.5023341194357 -0.5881350765111983 -0.13626147983855386 -1.036133884938474 -3.479581966278091 -10.994149066589937 -12.573127660614402 0.0 0.0 0.0 
-24.242365371965327 -21.670515667825917 -25.04838883164262 -24.195313998006927 -23.37870047394174 -25.6883981870501 -25.516272495215418 -35.38960478764397 0.0 0.0 0.0 
-13.89417806490821 -10.447397266771286 -15.21433880208877 -15.610056505268213 -12.767451833172434 -10.62341563444226 -10.077285875764458 -15.745688157081743 0.0 0.0 0.0 
1.806402484545763 -2.661717695746033 -7.830677974031599 -4.669676306670361 -6.108595140193151 0.774689065094495 -1.7065486428422303 -7.476996168988746 0.0 0.0 0.0 
-2.902947306675162 -9.400660757295487 -13.00610547482436 -10.611275029981886 -11.048627628976426 -1.9409460350743482 2.6138908647608123 -2.397723502752578 0.0 0.0 0.0 
-18.212897243877492 -22.797437976649697 -24.41142054174648 -23.079327244560048 -27.713674194067575 -19.581596413973763 -3.259203217182899 0.747725915191036 0.0 0.0 0.0 
-23.11596398191864 -21.03105080869252 -22.539424412546673 -21.23681990099108 -24.794272438091188 -20.801479878679082 -4.610423651556516 5.0565094691369 0.0 0.0 0.0 
-2.7135810600388295 -3.754178515380855 -7.15988214582573 -6.3676077295837565 -4.632935705373199 -9.834286948173927 -9.84674827241177 14.355943354380315 0.0 0.0 0.0 
-4.72485346174394 -8.879919906541025 -16.914910927299886 -14.267622169401337 -12.726990617172437 -17.366855417428443 -25.68502509310175 -18.514547315761707 0.0 0.0 0.0 
-2.586060681862432 -5.219056921520442 -16.671267871559074 -15.152203865857715 -11.77479518964833 -18.018981005225037 -19.949405586240506 -21.17813384111288 0.0 0.0 0.0 
-2.8613830807172302 -5.61586936348357 -11.815554047692803 -13.094364789571966 -9.609944049573727 -9.100009038388698 -7.766370093073066 -3.6784915845144104 0.0 0.0 0.0 
3.100520807356419 2.043135988011354 3.628447354262932 2.3943981652864417 1.5142037298733124 0.62715040099018 3.712307072097266 7.8296441082048736 0.0 0.0 0.0 
