-319.612403423585 -347.08115942044157 -235.64708918606857 -52.88853500870091 -7.93457461727647 -26.714645235138274 -72.60261179128635 -144.4449033175833 -207.50831657677037 -240.87043154951712 -240.08832543642978 
14.252852770393474 9.33592003416935 10.331106303460743 11.31090095032837 13.714282080387303 22.812856936573034 8.734961873870109 25.10857451093892 66.71967583700646 143.52412139659504 164.13662293646755 
39.354803849105174 42.70681569594311 -4.862270072037282 -40.63818864310838 -67.70834076683735 -91.56257552000133 -78.28930622552711 -20.925960562511083 32.63462178161785 43.93591739361181 31.099967888824676 
10.994025282179834 4.407837677638657 -10.778748001135739 -3.1831517823207225 15.142488305681656 27.198317700704244 26.986332851130577 7.717993119005899 10.8363979835047 6.46708275987671 3.0625821035154326 
-1.1399567437210858 9.906789419669341 -0.22850004889273026 1.8374761765798504 0.7581120667337433 -5.658435411137116 5.83471993614816 -1.2491920090772042 -1.3394958919570372 -7.279152465752217 -4.715808850088502 
14.592043175385514 3.7665607264718064 4.5313335712882274 -1.290519096231694 -11.92773259420128 -19.941159876610282 -19.958523507641132 -0.9712753812516706 4.063525512254824 -2.750701812864119 -2.495863886320334 
-15.456484981676722 -5.049253297663322 -4.2038218062624875 -13.182153542650497 -10.585292784360359 -9.415785535926567 -7.906715793967347 -15.182953566045292 -3.2225952778731863 0.5866862540348532 -5.290596588264764 
4.9764786209377485 0.7873348652173835 -5.328007531602763 -6.259565892987794 -3.388097365126511 2.64516899682699 -2.374354320225649 -2.2723740010450086 10.929424560709005 7.0373569217761025 -8.350428568010082 
7.282390109993353 4.831147768257009 11.203807129183076 10.393305370682649 0.6953789671321435 -10.514788258690533 -6.8096546815323045 2.2168895424042865 3.6937930353894144 -3.6488991930433414 -8.56369437043307 
0.9762774799328249 2.4675057792110833 8.2073285879119 3.646472382338924 -2.772736674293296 0.1556361250177998 1.3347251790921804 -1.2002773055370766 1.3599661995985601 -2.2552286303850386 -2.320743365068173 
-2.1220719933305983 0.9908824093279825 3.901688823742965 -1.3146434787714572 -6.816928750592538 -13.53864861359219 -6.717812659511072 4.658659751940294 5.488004155305935 -1.5361845398080898 -4.8269071564050545 
-0.14526034680897681 1.9907671627555321 0.2543579446093168 -6.07629188891705 -12.211689549521056 -12.625980572792077 -5.518923864215706 0.8543638512882302 -8.117205582848092 -10.919695885446028 -3.2950874200731697 
7.620782104073248 4.354982478839333 -2.4539515660591027 4.152047213391048 5.9118195956482396 2.779770482734274 -2.0356572790057843 -6.0846797015478025 -2.346946465166721 1.6882050769384525 -0.07677458525063895 
-3.2237354844663546 -0.0345150038236018 -0.4491356720962756 7.247613587938966 7.550950163648462 -8.713686126918782 -17.05825788352984 -11.936970836015668 -6.641660700240212 -8.628373339675932 -2.473869265320324 
-3.1683811164767715 -5.834545054331228 18.735899670496174 28.968534587474515 32.85111620142931 19.657633210419164 -1.3918437022159245 -8.221623368218726 -0.9364830549174187 -2.0112434081189745 -5.325721883510896 
4.198006169586737 5.909041514661647 1.311669063831105 15.31904817118269 26.069244854513222 23.300583948461558 5.651111341215881 -6.10515325365888 -7.266235470072596 -5.861065117816182 -7.857880231987063 
3.467747087423331 -0.5485252008198358 5.381259411664839 4.787731896342206 9.923085376669142 24.3135905538009 19.625429621660366 5.981035224429163 5.39878771984738 0.9856388469482917 -8.733141752913191 
9.292944144150537 10.741772098470792 0.6630296031023429 -11.304997241961363 -7.837999062116369 14.427669933214844 22.169816615615606 10.715121884109145 2.3641299126701174 -2.5805447568488673 -6.262191031097787 
1.6412562080487698 -0.6961643734188274 -9.406677541824799 -11.826194144042738 -8.919868929013628 9.849742219914077 30.216334795398424 24.658209768452245 6.527802649285064 -2.955929160315562 -5.349820974455678 
2.9676687920507465 2.8543512473593786 -2.8529863189845486 1.9451052956551744 -1.6318737508624077 1.5057507547831719 14.309532910356099 21.046573927076057 4.106398202432162 0.3173767482808889 1.8086632122304267 
