-469.78520964964264 -448.962125072432 -443.0590227364865 -526.3058239652532 -562.8477125333649 -329.0570101810436 -197.74719874653775 -172.3929936747413 -201.54705550103816 -238.7085595476156 -338.07627101042976 
23.60308864434846 26.801410009768382 24.791450212407774 31.382990103749734 66.12512576774651 23.72597501608892 -12.581125948421647 -32.504547080673454 -29.47031507857363 -2.3943495310286487 32.0105245774244 
-39.006197941317424 -33.64286812017321 -28.216594426942347 -8.552462794159654 8.621886929621535 -71.2418347851104 -89.04571378212871 -104.35431904646225 -109.56908373788715 -97.51055029785907 -87.10610348654993 
8.38465102691374 -4.156903774071452 -8.13754931505308 5.5707570317642245 -13.348537001526196 -22.436758642074977 -13.816496338338553 -7.615420982712117 -3.0034009085565416 -4.4038341625241 -9.306690701615569 
31.814235873097537 15.587464779200005 8.770956946467985 10.307630905665828 -27.30086252306915 -6.6431274781771394 -6.917599952724217 -14.010231145666712 -21.782232927493666 -20.975343796636352 -15.32372534660355 
-12.545752875353386 -13.893055382660716 -12.120425448200274 -3.0982375764328838 -13.278702022403305 -12.531930596077057 -13.208791237081691 -17.88994100673123 -18.081588496309827 -21.888480528371744 -12.490786744949467 
-5.771867930490404 -7.260451444040717 -4.368583433672702 -1.7107494026099745 5.493894351135037 -19.22423498672306 -26.042649727114423 -28.10905614672199 -20.429506609859274 -21.77628054949276 -27.088801609628923 
12.455101127954226 9.69071189647832 6.309184760077978 4.954904202834339 18.16002571868603 4.063422793656416 0.27274737212123934 -7.904751191353242 -12.257109935064424 -11.949098319977653 -7.2013233598591695 
-21.755230070307075 -13.004905098322904 -13.463620562708826 -8.15767795617789 15.612439009431487 6.798712206052274 -9.867029115801396 -23.107828189319882 -26.74493743572002 -15.044293597169865 -8.474101288918899 
-11.060019325856189 -0.4303420778902587 7.620988711450572 3.919471765807556 -2.1244989736945863 10.598850918079801 1.4890171355874524 -12.590374473965248 -25.655037712256593 -16.653576947821364 -13.829995985992962 
-22.182975178233598 -13.292078642757204 -9.626028560464142 -5.1922330706804285 -17.54929279739119 13.402233359070305 30.892094139428323 25.27014987875539 -1.7582503326338377 1.1064106975376182 3.03821269096336 
21.019113471007536 5.061490801479986 -0.8674360019097576 0.4684453269313852 -14.611316725673499 -3.7359075128515977 8.11487167698055 14.740637279642453 -0.4996141359821945 0.009397136993680943 2.745722852860416 
-8.718538276789198 -4.634813949344387 -2.7141393281868975 -1.7291645910151154 -9.007210031786277 -2.2529427387140015 16.389370839206954 30.09259974703641 13.282658609499613 -9.122011483680335 -3.635050913337426 
9.73145901874891 0.7493766668921844 2.2086290249418514 2.0105784422188258 1.4161708015460888 -26.293397430610135 -18.206655413648065 9.41776043462368 37.270227190581544 18.912435521179358 1.5353780650509137 
-3.1521268515201526 1.4968128578677247 4.612143417104394 -0.8934636787547657 6.258486386553036 2.5471599235440947 -15.5699118329362 -13.52506317584222 14.028353806629507 10.168212480337566 -0.7427034503896875 
2.31022640667969 4.608281262089663 3.8036595684850525 -1.2635412974732494 6.765099183902047 -1.4702019034095442 -10.922899590581999 -17.772451514034156 2.7393484708057394 9.89585294684855 -5.00793571128232 
6.684804334996671 7.500896792463259 8.729024976169619 2.703187452148893 3.2688321204676845 2.0960891120324887 -3.111950168372478 -9.790523399306075 -11.15134268300573 -0.2295908570562345 0.29830950676592627 
-10.269420870712818 -2.557390871104329 2.312647055099654 -5.229531158696661 -3.309348591521552 -8.200189195975081 -7.283957233866937 -5.157439862214019 -10.572325926453294 -13.570452216948103 -9.960012084973222 
-7.448313642578041 -3.916152540893766 -3.2931777643390543 -5.798242333558667 -2.73360940112732 -15.410689917790394 -9.990752973825217 -1.1290382058744113 0.40208756074885676 -4.529338397600316 3.9937974736686646 
6.388710196724675 -2.4821985845791352 -6.787429533392 -7.376032127789026 -7.974676941040801 4.597381524383572 -8.191794198828518 -11.01486692882705 -7.728453521716903 -2.513875520568485 0.8011675224285171 
