-620.6355090291217 -618.254531185043 -524.1135186423255 -277.02981833776914 -188.39779916705007 -194.3088717109845 -237.3079098932451 -295.93661373868485 -357.9269292863636 -499.83220495488723 -613.0664549068808 
76.27056027363687 78.77629651478767 52.9196036098344 -5.965610804019183 -42.44906455284209 -69.30699457820947 -38.14913103756588 32.685312411198176 66.28715435234356 92.70844214752245 89.76320073635097 
16.77502231702809 20.313569535570394 -5.2305743194030185 -36.80456551784809 -58.09586688462603 -77.14948954040534 -73.00227380553522 -51.793126534508694 -33.95758196384868 -3.9112538490150874 28.63860629201868 
14.03624400486201 18.017784676822078 11.311478914653987 -4.519835541464017 19.49445704881365 40.22741471915863 36.2597758782641 -2.6527801882835984 -11.2699670722403 19.78566565648125 32.92947080431038 
3.891379308134094 3.512273398490008 8.221476443895149 -2.648858527337816 -25.00142225606927 -39.71362577094864 -45.276062884239934 -21.13228792172145 -6.427221016838399 2.6525357072498315 12.299143498236232 
7.575619065866528 6.08871067698283 3.549551711466894 -0.6788673637661515 -1.649747568230067 -10.523351994682084 -5.993299021826626 -6.722939435271563 -13.850155610843501 -0.47614392488680934 13.271073282445712 
4.365077854844046 3.1024514779293164 4.062789425126514 12.085560095398531 14.746689497613923 1.898766153354281 -2.947870923685983 -20.958590986138827 -24.12306494128689 -17.785882225825105 7.319054722405996 
13.481632243459782 8.751690111329278 17.09120039273067 36.542529501279105 34.669083171423026 23.15350289956755 5.812881625572899 2.9177104826399427 5.858647490568418 3.588892422371466 6.37294709855645 
7.617903321341553 5.492664282492953 21.280628348488754 31.18326564241369 36.07262863831285 41.921292546722505 27.30598721013154 33.27643506708733 35.71595765855092 24.36677942875364 15.662800184432307 
13.496470740397758 10.606846658041038 6.733722552335264 22.602663532927494 40.694270892700416 60.1138164779364 50.97079056943876 55.44432999990442 61.89655818986236 43.26518512304413 21.840609863133977 
1.2909915493094315 3.8069980762436355 -7.969965258701236 -8.477614874460338 4.094108294738376 22.48537473647849 42.98403322653573 27.528751584949685 21.504726668715627 26.336379404644386 3.5759712567863557 
5.420007421397265 4.904851230218323 1.107834432112927 -3.5092205105533347 -21.197820490929118 -34.6836518660193 -11.661324511546448 0.9779535390974787 7.17082443979113 14.069050932938294 -0.5634841584019331 
-0.18957843963612775 0.7379477572404207 9.75023419984717 11.399039984374413 5.259456454418785 -19.969440446264386 -22.73330471516188 -11.352452025533749 -4.686613114660707 5.457938194392639 3.91446325500059 
-2.734551299362221 -0.9633651565588417 5.513554426018921 7.957812929709329 3.855814738509033 -5.38474242232804 -24.49387352900365 -14.04974999313896 -3.5515929947259797 -8.954477152514247 -1.6781510000015556 
6.352218207764338 6.038315230357579 -8.144296729291726 -16.899587629769478 -11.640063145922134 -0.1959352794238397 0.6625452598866748 -8.089274147547213 -7.3774523116797095 -8.547381739931922 5.260258305071546 
1.490236116861324 4.026212110154943 2.59878672743447 -3.9871932085713473 -0.39040659992115667 6.022891820931242 11.396651461609032 11.814186857479916 5.096155656111634 5.62302180481978 11.531682804694785 
2.972074959570704 5.845981806442582 16.362870319908687 23.191208947788716 8.24314027144889 -1.5042966330917196 -22.571147548858182 -12.991690359197765 -7.448566084856109 -7.067408238704723 12.215425919978706 
2.897938304832736 3.7488411691255012 1.7348549787633851 0.38861488965755353 19.38978230640023 33.39309006552725 17.16661489584814 -3.8922086859712044 3.7309550523735284 5.6357872003661384 3.3702027688743526 
3.6741055980122734 4.053196857090375 -9.165428526202264 -34.672242758846785 -24.01845596904581 9.255278784498252 30.677998623251387 18.92618412895441 19.286069575588506 19.400102538261027 3.993223490241668 
5.63973293593032 6.52362919633606 -1.0271175447237084 -10.018956644570794 -23.36691687586002 -12.849633224868509 5.912052829254536 14.732435903979695 3.1700915666663905 5.280037938387155 6.493458078122518 
