-473.2540209558595 -472.8869052621026 -439.9973918341772 -310.7616393747426 -267.73051953950977 -292.50527003603196 -327.9989472546499 -368.4798543782514 0.0 0.0 0.0 
88.10436153319876 86.80013588753141 73.7931236090117 36.56649920498757 18.125299744140108 14.021457059867549 29.37527245469512 60.715501698936464 0.0 0.0 0.0 
-26.238333657529957 -31.32865105388943 -44.12774735813848 -70.81167740008523 -92.68851662160185 -107.6628188502907 -93.05079168491912 -55.56205152484473 0.0 0.0 0.0 
10.331466059426276 2.201687327883822 -2.810416052491773 14.614096857939911 33.10367266445246 49.126632926868886 33.304901598763195 12.196240456366382 0.0 0.0 0.0 
-8.520002980814947 -14.246256169275808 -9.647827023082625 -19.6627326845315 -41.51146292329924 -54.28758539220032 -50.69950970488151 -25.606932940737558 0.0 0.0 0.0 
-9.919347662065919 -10.596085272603506 -13.844040880108022 -10.02710219286535 -9.642085690539064 -11.438611119900138 -4.279690402500225 -2.929641100709065 0.0 0.0 0.0 
-22.1981187937708 -21.60725806858609 -32.8312769128469 -32.686283784813604 -28.03556758869688 -19.715323498133976 -16.263239275093348 -17.516311274722476 0.0 0.0 0.0 
-27.28302239101999 -25.309771707886092 -17.84775238779247 -13.466952734678948 -26.725742239490764 -34.08665745632738 -22.284599386353 -7.5707860522282076 0.0 0.0 0.0 
-7.7168325525680475 -6.424324647345641 -6.361762610575296 3.4174228443909405 0.18177551023029676 -15.697716241416625 -15.821481534513694 -18.91614528778566 0.0 0.0 0.0 
4.242685822195012 5.0581939085161025 9.799781705182921 21.27878670978359 15.04749079245941 -9.767152888014337 -14.187487593536666 -4.1448113492937075 0.0 0.0 0.0 
6.368402418612881 0.6382524583295398 -3.982570440707429 13.284810111229536 29.07835815768045 25.749510036607607 3.638154330024955 -0.829917281665162 0.0 0.0 0.0 
8.781749992174417 2.978550795381152 4.9029894278286825 3.339641171038288 21.26859081283052 40.89118764268079 20.93410675322818 10.789040841035291 0.0 0.0 0.0 
12.07746316520677 6.062103179399736 -5.938738917779627 -13.554319122137729 -5.03006202026559 20.010025910696243 28.333473946591315 15.32596067795137 0.0 0.0 0.0 
2.1889808839727767 0.9237408485418885 -4.628660145171547 -20.73334678404528 -26.29719721249957 -15.49283553804566 10.800592366293277 17.305286537977103 0.0 0.0 0.0 
-1.4867027141075777 -1.8813982330946777 8.55207921475509 3.772434243619564 -11.172744242402455 -25.145513417760228 -11.018031564976438 0.018141991345080988 0.0 0.0 0.0 
-6.207435776806474 -7.34172499075188 -2.758699685910453 3.6681450925594405 0.963104515244996 -15.470245057640131 -30.24128585443391 -16.3445524714107 0.0 0.0 0.0 
-7.701087255152922 -8.586023098971658 -6.6916451119822185 -4.066572184717434 -1.599001785169953 -6.17423241714677 -28.431084025880644 -29.318089077751388 0.0 0.0 0.0 
-9.282266080549057 -10.043743844941634 -14.115010176867472 -21.381600802685234 -28.29315129874516 -17.078022831825905 2.7119658233898343 1.7466286115942342 0.0 0.0 0.0 
-0.25455879054541375 -3.9297308595008795 3.2083046568227953 5.175787218043528 -7.320732232758777 -14.772454265391458 1.308321893339114 13.631247129695982 0.0 0.0 0.0 
-1.8606784900603637 -5.753008273006158 -1.427171288720312 16.995650289550042 9.13058248382626 -11.256143828006355 -26.0432936968595 -9.08148830362261 0.0 0.0 0.0 
