-410.4535376122912 -402.52692217853746 -433.2373602907383 -457.9427861522919 -396.48753510865254 -210.88870752422446 -122.08441486870122 -138.20454789630762 -200.8793753315463 -240.0205530079186 -315.4940605959934 
-40.54694906223308 -49.45170035862127 -36.39275503121871 -13.204314027072915 27.17064228881237 -7.603408413256959 -45.635693854731 -58.18093138386459 -43.40469770527949 -19.396269045311342 27.60897949505755 
-55.212573630282535 -52.179282879426715 -44.31793168697557 -48.536082874152484 -57.078544185954556 -76.22393157001794 -91.78845175941696 -94.51584116635618 -91.1619644086379 -91.07213036143997 -84.05627334995123 
-31.970646923584503 -26.444149435312056 -14.092108157501464 -10.188407348437174 -56.89355580080522 -48.07091884413501 -19.45259640618179 6.1971369933176526 19.833827371955767 10.835020385895634 5.8520649730626575 
9.401359735746375 10.57594751573205 14.804273078429244 10.475100397818558 -17.423893977503297 -17.22647447017652 -19.868135582460845 -19.772621372152443 -31.677776646169185 -32.69303805656055 -30.95743889442499 
-17.11708224680936 -21.857512546129662 -25.072059824906376 -17.67608712706546 -24.79260116455879 -16.809088635979585 -14.500996825681026 -12.836692396064898 -21.188278825890052 -14.909541402374568 -9.881461001612301 
8.890667889039275 -4.276390839367441 -22.862721253746457 -28.351778884100867 -14.481538901124935 -36.98563956670875 -36.06447589512404 -26.680289487089922 -0.600368369046178 2.703732909116594 -5.289014949601171 
25.428009337492316 24.530575635943556 17.283989183988993 -11.44239316299674 -30.221637522953156 -4.266979856171381 -8.81020463752429 -12.270860474895827 -15.07037905098494 -20.223725058059728 -28.765607364218035 
23.851003578836913 18.05616324560621 15.234310690395368 28.844006682304062 35.29158963488553 11.981369880082038 16.681947372596966 18.8526516328593 22.154679489230176 23.14179142888716 21.905129833015913 
12.69872999192652 10.300618339145363 15.953634807918455 18.406682727739657 18.507857400720383 22.980683519204753 20.81570960865794 19.56565224435955 10.00869875484367 14.180961536397804 15.558648444832961 
-22.718681859297067 -26.17832109857622 -24.75340981641479 -20.097323814670972 -3.4979526434141532 15.110581207107261 21.96752278405048 30.301021407654943 34.0069100626187 31.034084969628612 27.30527589885569 
-14.451728933895874 -13.139911691903038 -13.487269201796275 -24.157172277367934 -17.63815525167901 -10.13687303395589 -2.719235506123554 4.513121286872181 7.242370655233554 9.296982175015675 16.9485955280868 
-6.960534015510494 -1.5832024828354898 4.037466268193777 4.74005740282642 -1.3067652692515441 -17.08757106103487 -14.704742683739873 -12.068260923864873 -8.789644392793234 -5.709835931155592 -3.341586130589388 
-15.330899780104787 -12.595568173403349 -9.398498978665515 -7.982275105341848 -13.482212423106873 -15.38519289708664 -16.281653153257167 -20.07548999497757 -22.38118869072636 -21.402520227304706 -20.494575168295384 
9.051024492885707 10.403492955850268 6.615445096468416 6.20368611758933 -4.5102284145296245 4.88010579908479 7.282426268964739 7.454516607597248 3.199884284354261 -1.5440857249300484 -3.182551647699594 
11.371434249713662 10.789003473028469 3.3008785346384246 -9.309258512695942 -11.092357966720705 -2.4301086520880903 0.3210965725642776 5.109287557304084 11.90338318807584 12.070079004901725 11.475728193357462 
-2.8400652622011062 0.5215277258198581 8.099582857963194 19.676899008065124 13.65513589230946 -5.389988871984203 -5.24413136699871 -5.365635319026133 -1.1820922499407238 7.9702719282856025 9.425908141073823 
-31.140778656346253 -32.86692179486291 -21.576170099130806 12.980666647222774 12.019566708906757 -10.40254655891151 -14.919659576676608 -20.742835530466877 -25.312529572617343 -21.48942388522723 -23.375931323329215 
-1.6912083062975702 5.049869700986953 12.981510103805128 -3.562720369812994 -11.297948545100107 16.069795685934615 21.629791850939654 22.49832005913477 9.508856743286874 2.5000292542733997 -0.9845397565761267 
14.243208646023227 10.768443145031743 1.3624001903579197 -13.124595490034485 -2.8155661577181146 7.258766213791992 21.939994037166507 33.3094677967314 36.52276935124058 36.67978086110852 35.67333106298517 
