-494.3312672180122 -494.9983195605663 -502.81142557359885 -506.38116643360337 -311.79443437095574 -86.4505554619704 -34.22267442798484 -73.9261610712196 -136.57473024338273 -191.9588782088756 -301.8368886830709 
73.95830520476078 66.91968577990535 53.626741531540894 63.222083056468406 29.749671785089433 -11.953491314794963 -30.538840703186935 -38.03293762160877 -22.739684455576892 4.7263958204970296 14.810565519846023 
30.629242940920122 22.747625085269462 13.35506685808103 18.017002419549165 -32.785632109118225 -61.851073622759756 -73.81739693618908 -71.74300221535468 -34.183545680867915 -14.592479955719337 12.00981416894821 
43.8644132502743 31.342137855143775 12.870331105140995 13.880958818538076 -9.436920445613367 -1.8022305773810632 6.6441797191002445 20.06744286326556 20.367731308908155 -2.778134101801508 8.619988818100857 
17.267082987807942 11.021903703199946 13.23334740629509 8.064630820218714 9.163353648371073 -5.768129141489643 -16.396545697015874 -21.63172200280578 -28.492446877542513 -6.305974715204531 21.679195447372976 
21.759826090522473 18.407324407102458 15.1321935707272 10.183699475134517 -5.337288693139158 -13.512707803561648 -17.681348010771433 -16.473111639432474 -15.61291064864988 -14.840831062142648 -3.4188702952027343 
8.16296946264788 2.7287592257489894 -3.0712217844241207 0.5701484252720996 -24.3592813224549 -22.04301741748927 -16.272696967824395 -10.902939364153557 -15.44647889349725 -20.425294154226584 -10.56271650913498 
1.495952825741902 0.7986122877398556 0.411179785696971 -0.04878547268824268 5.3160046932861 0.32806349515552946 -7.832315214496408 -13.377893668418274 -13.93438021327361 -9.376570988070721 1.320506503361347 
4.023617341695706 5.904979833276579 4.445628690217837 -0.49885622068628455 7.040786693425882 4.788009489701537 2.0559480775602967 -8.984304040928476 -23.657389585878306 -23.35146110164109 -4.080408753031703 
2.2281215244976718 0.6739637055731419 -3.7774842465062286 -0.9261654263999647 10.633335398928704 9.050951214435562 4.2625138772150475 -10.970435407042302 -18.150074632148634 -5.735680939818826 11.529002952618157 
1.5300642533213948 1.0425272469868374 -1.4886414371177323 -3.221319322624609 9.428873797546121 24.45470206606609 30.95221149472412 24.478366429291412 7.502065437537807 -4.593515256366733 -12.489865454720732 
-10.386722804908832 -5.422046723859204 -3.0717001962696546 -4.330711626944023 -6.418489341908488 2.7884618607827925 18.493170912474838 29.16222656255823 15.177543680396319 15.722187247836484 3.1851702837352907 
-3.637645699868555 0.11297951237421489 0.9596452189624782 -2.418482403746923 -18.407563387684178 -12.542381210530255 -3.3258024985890837 14.30075719982597 31.729904482272193 20.122910965198294 -4.411896820925499 
1.4434744864213604 0.6351549657394969 0.425970251109574 -2.1270553289016005 -20.65462898355623 -28.820039078031442 -21.99654724014208 -4.604745991283027 19.399884028772206 16.575627967674357 -2.167975653153865 
-1.077627083451053 -3.124567464244407 -5.2243184031876755 -7.349082635670199 -11.854351299301126 -14.814200946574335 -22.441959591164917 -30.349112138818576 -12.15195134974072 -6.426898703624499 -7.9263474403235605 
-6.235302662438781 -7.787364744631249 -11.245986635218486 -7.40558279826273 -2.8049792574176755 -6.808254205858008 -11.28085212296817 -19.285170429887046 -26.96242790667947 -11.046519498980231 2.392341572089658 
-9.602259156862454 -12.590838790736528 -14.19677353106028 -7.748015259069353 -11.843579721666575 -1.8937844444568825 -0.07411809797210694 -5.834707284384752 -19.787541777237237 -14.943944165905073 -5.402516892189958 
-14.693983086982595 -14.75170624594588 -16.597355680609073 -12.877002289189582 -10.328745096662637 -13.351564874791691 -12.276966544409165 -7.22635667353291 7.044980744826384 1.0391924333233258 -7.97164517693262 
-5.778037386907091 -6.686113704525658 -8.71477469898681 -11.591251675106346 -4.595167161905824 -9.855640542140309 -14.674660195345108 -19.93737118650084 -2.5877342952261464 0.6735151606262169 -3.4971218700789013 
-5.608504076687864 -4.668224062794622 -3.266974746891346 -3.779185542123248 4.263170848991561 8.405286740642605 0.5003391751310031 -15.12295398728769 -27.95125552077304 -16.755577012923055 -6.700636611466973 
