-593.8336829075299 -557.2472428256439 -516.412761305708 -418.77252400303087 -265.96889143768476 -151.3652707350436 0.0 0.0 0.0 0.0 0.0 
44.40879980254737 6.804214588832037 -2.955834109635007 32.67576035369993 14.83900994152193 -0.23900015894393278 0.0 0.0 0.0 0.0 0.0 
-13.03357042912964 2.774857727256019 15.14137949143501 -40.363602308670835 -102.13059839062436 -104.78753246372995 0.0 0.0 0.0 0.0 0.0 
-21.50057276205181 -31.59887062831154 -33.48225643440472 -20.327419921718786 6.106406676839439 13.124568713103127 0.0 0.0 0.0 0.0 0.0 
-48.54147059958751 -61.02002677222513 -65.58155195291812 -78.2909186416881 -66.9547094358952 -41.039133645448906 0.0 0.0 0.0 0.0 0.0 
-48.91451469771103 -24.693327217856513 -17.85936132730018 -16.312723663590198 -8.112820390491736 1.898794918867646 0.0 0.0 0.0 0.0 0.0 
1.9497900191154571 -17.165206067863352 -36.051130076623224 -40.09027444163843 -32.17743208752309 -16.07067989383866 0.0 0.0 0.0 0.0 0.0 
10.162842586808342 33.29166681543982 16.615399031996294 -42.2483235661483 -41.378747916379936 -29.368857685231845 0.0 0.0 0.0 0.0 0.0 
-8.595058655964646 -11.843502968746586 -28.90031177775049 -29.89316156489241 -8.570956274711502 3.239165027313936 0.0 0.0 0.0 0.0 0.0 
1.0206473885822327 -8.632734654990873 -9.047567124883557 -5.831256344324113 -20.208846465542035 -0.6419972776764888 0.0 0.0 0.0 0.0 0.0 
-3.2497400635302793 1.8811035018752817 12.116163860111937 -17.81948205772899 -23.503219049681185 -9.810472780823485 0.0 0.0 0.0 0.0 0.0 
-11.478419409553876 -11.706715597011996 1.8560182830473275 11.21924935329772 -4.053001373776674 8.523186279983872 0.0 0.0 0.0 0.0 0.0 
-7.244957050109621 -2.6867120643805458 1.246999998869413 11.647193355674247 29.20126460808594 23.604069043183486 0.0 0.0 0.0 0.0 0.0 
11.119020697526611 6.997238441812552 20.19965478376183 26.37694130525214 28.849781608453103 15.746037603091565 0.0 0.0 0.0 0.0 0.0 
2.27341038040172 1.6785747531084951 13.850141376407949 33.42191727899592 35.35052832075161 29.728346342937304 0.0 0.0 0.0 0.0 0.0 
3.7632807927784753 0.6172331153541739 3.097234594423483 -1.0457428607752233 -12.006128736527332 -3.3820756391728333 0.0 0.0 0.0 0.0 0.0 
5.138342810485445 -7.230272806637753 -15.72889236167648 -14.950204087251537 -3.406364754360721 -0.57200586463074 0.0 0.0 0.0 0.0 0.0 
-5.702088098275329 2.467425118243318 -1.2951163793234497 5.1750625303369 -2.3658044096014628 -7.983363029209126 0.0 0.0 0.0 0.0 0.0 
-0.9633532253783569 -1.6509635440384063 -5.775327923164198 -8.491428804921853 1.379136807983485 -2.1365727147450246 0.0 0.0 0.0 0.0 0.0 
13.459392669312482 12.989528074559296 8.43325783086302 18.70885839891236 12.897594404528203 10.253616802082629 0.0 0.0 0.0 0.0 0.0 
