-235.92399830224915 -234.7679825975612 -234.66887646017832 -234.85774121045426 -236.2624208830636 -233.62883705819664 -159.99913773985705 -82.41987075963819 -67.63144320005199 0.0 0.0 
80.08060870526629 86.91281023326138 95.92430524236772 98.47619789761754 91.31781321069072 92.71773785381356 69.49508114510563 48.56873176577261 65.97074368799338 0.0 0.0 
-5.3936951463646645 -5.328989367500549 -2.6072759215407553 -1.7591649833559784 -1.5763093476236247 -1.0454934394838866 -29.299922623500123 -76.0150632902097 -90.23166557999858 0.0 0.0 
39.48024434891896 33.59737921745443 31.909389463854332 34.427239977620445 39.37404178377194 39.71612494613548 55.06740675533848 65.21956846165767 55.169005295762744 0.0 0.0 
-9.049453629371488 -11.007013206843402 -10.08305151100986 -8.222216423120162 -9.505385943628974 -7.971790727522015 -13.648825361030509 -1.2190033900844033 0.9031158084703246 0.0 0.0 
24.156537424458115 22.151996591019337 17.841607728044433 15.065443213724777 17.104991516475714 24.42264657919411 23.698691617853477 18.064984708565433 7.509922021841021 0.0 0.0 
13.1803421099347 10.476935890463022 9.182130415578586 12.511204024537568 9.907603250280946 11.18954362637755 -7.422454583978297 -13.083548628097137 -10.550791638833378 0.0 0.0 
10.738737729592984 12.708077332596545 10.743646875957893 7.06627754369139 9.446370834801758 15.018677698336099 7.7404686002158325 3.3318462826685713 -2.890640163158119 0.0 0.0 
0.30249815427897875 1.9284675547734023 9.526007788269755 7.793883216579953 3.483095663097645 0.22758104074953744 -5.783643185795844 -7.093440667639319 -11.5085089246302 0.0 0.0 
6.128773479130003 4.6746394716286135 8.420844639736458 10.111335837546111 5.923425689709066 3.734532972114606 -0.8792440939602684 20.074746568435394 23.981801627661923 0.0 0.0 
8.795165356568791 4.3289417290858125 3.6368756854368582 7.240217813684644 8.42237475613573 6.864273643056302 2.0386428042061224 1.6732693163743426 0.41175122337485337 0.0 0.0 
-0.41056890031648097 -1.4846347749102413 3.212521013647959 5.48769496013859 -1.1731042456673362 -2.2826896519123334 3.8037509108623 2.1589121737174777 2.790668925799366 0.0 0.0 
6.087223859231699 3.5396183491798574 -0.9120093484146299 -3.640730862680868 -2.4356012268004736 2.0336287096383834 -5.80014712095371 -8.467236627095748 -4.691556003107619 0.0 0.0 
4.753541309509381 3.949166559079529 4.350513303177627 -0.2648221680709764 0.09222098079065166 3.6558153198851064 -0.0778457354852411 -0.986993657910332 2.0947444779484736 0.0 0.0 
13.376852428969089 11.28055050849716 8.799854658833517 9.524652934763967 10.12545535755515 9.12892353891584 2.9536457915140293 4.3492270732109235 2.1166036518483415 0.0 0.0 
7.633732902378183 1.5927393728721961 -4.084165173343685 -0.47447679578935786 3.8293126322480684 4.127282305512937 6.653850047302691 8.839285148342572 3.4526691409236863 0.0 0.0 
0.12044521688734444 -3.3141091945949213 -0.7410569956097627 0.19350580927926164 -1.8238560430911204 -2.6506446265500654 20.85150533163715 20.528581334569687 5.000892858368742 0.0 0.0 
7.843827390981834 4.04310101762991 2.6488588081971427 2.4972355927848473 2.651139787141 -0.1214172608429922 7.943390326996325 16.968814828155782 6.798246719706162 0.0 0.0 
7.60443665568728 4.859090168514662 5.184166220874094 3.5613745236862626 0.6903866055467278 -0.5738409282880486 5.337333382765738 22.091489000056676 19.27838128029056 0.0 0.0 
0.49152047117575837 -0.12253045803574836 4.501073114012044 7.557201933941012 2.922788921661343 0.6154572213197901 -16.65835150443674 -10.10069180891864 -1.3735793564819307 0.0 0.0 
