-560.6476839146223 -584.515838884475 -615.8465883148542 -363.8255099713665 -226.879372202831 -200.03045438853022 -236.93136984488893 -307.17600634206775 -447.08601665364716 -623.8386946888281 -631.382065009418 
58.30479186379576 67.90362852365627 69.15684200614004 40.4374235347049 9.019075765304397 -15.720958394242103 -20.483747524844635 19.187234075386343 75.8219960371658 67.0860854441878 69.9268647685873 
-9.621052724319217 -16.258833155028867 -26.645958347877873 -48.29576792148399 -63.170649707986655 -68.09448481460194 -70.37116713447662 -76.62423572122574 -80.97428087900894 -22.717943582258656 -13.592712153946383 
9.217736096543856 3.0492798265825733 -13.627866421635717 -31.277356304884094 -10.964041683575726 6.051661457579402 18.976904349786526 18.324121039476772 12.407031269453029 0.25171163371249683 3.230498279040197 
-41.68724277058 -34.67059296066091 -32.6813916343247 -28.202417115386545 -27.06820071774674 -25.316880802935003 -23.476902498869393 -18.677141399488722 -3.171148680672165 -10.409343118626545 -2.4885326768108307 
-24.114562028448745 -26.85475687842561 -27.936219836631714 -5.869070619634996 -16.784007834891383 -22.46194799413545 -26.863415586277256 -33.412935829956616 -38.16054258932514 -32.16374359220258 -24.713463197766977 
-32.81468326837411 -33.65534030954559 -29.8533391152851 -49.437638323795234 -48.32239696438948 -39.48547158049172 -27.156177581339808 -22.520358842122782 -25.657115015532085 -30.463049572109526 -20.655146758713073 
-4.816213799247208 -8.360661790576877 -7.964615652953896 -36.965769120341214 -39.28333433460345 -38.59540935432045 -39.81797196862237 -49.67770734493684 -41.32474547220812 -13.715712677464117 -2.991162574528431 
-6.0690537852241455 -4.133348337589622 -0.6519785433564529 -10.32776550097109 2.4776562241094346 11.260284799645467 11.022085713257058 -8.676132178006839 -28.69674778553593 -11.690822598706358 -7.006166466575718 
-6.240148683574177 -7.152568393248246 -8.91837085475455 -14.140557056139656 -18.142945047968496 -13.779093540720936 -3.0294510519100397 0.8840998242501446 0.49501678775044555 -6.148542989804126 -1.826147314812891 
-11.701656776092559 -8.963497048961715 -2.862668824494717 -0.6858754068377418 -3.881444292469851 -7.523397941259425 -9.963540410838398 -8.955176792159016 -3.829043027096672 -1.5036996213819955 -2.0533019123069636 
-13.008361018032979 -11.184885292674583 -12.162510146146246 -9.816367150599858 -3.70507952118059 0.9754989761513555 3.687115737516927 0.0006816778095197762 -2.3403146552447573 -14.07092389584205 -15.145965697960069 
-10.092728325563568 -10.065015956814118 -12.053164155809194 6.199250902711077 4.923810765643151 8.535797252667049 14.906005325687048 12.16283605839325 9.264850123634654 -4.799070608065627 -5.6758727492782945 
-0.13822178049540654 -4.115589439636128 -8.149885858372524 9.803574138994238 11.145747983088992 4.77188509210287 -5.671130543902347 -9.705505094756857 -8.070581580667481 0.6442511668332226 0.3031577687496939 
3.457161371177036 0.28875302028204186 -6.360682590348266 -5.594400602070603 -2.9464428747259976 -0.3601067405969123 -6.002340376569454 -9.295914237549711 -11.271470437124133 2.0869697006456542 -0.07250619549032944 
-6.972701511471099 -4.220139612036108 5.169353333223966 6.973316265810316 4.6942048762917254 -0.5026405619316121 -6.220519954451033 -4.228448520921441 -3.213733833074272 5.7098579622848815 1.5449665595290452 
-8.548598685953786 -8.151606006004688 -6.529553370541654 -13.89960843226775 -14.710414093469401 -13.586520845823419 -12.79195755944978 -11.608843484057637 -13.315378340422924 -13.50777286180388 -10.91350932978669 
-10.509919631766607 -13.103650336065806 -10.422885361750446 4.684176374471275 -4.420334004177892 -12.53987186068083 -17.426415190846615 -13.830614354694623 -10.428874639229054 -13.197002414133015 -7.562158498028575 
-6.8656855796265575 -5.704632997799241 0.14426636241779223 -0.4529976899279213 1.0619902075737349 -3.3164652438924054 -6.723375787234823 -4.534157899044657 -5.25159552926345 -2.8236775503230316 7.245877314351937 
-3.019557945152845 -2.2492061239991976 -0.9544959482076023 -1.080021535076964 7.040935927536565 4.233279446457276 -5.145745835017559 -9.97287531891602 -10.56405796501629 -3.6698119677340895 2.307526044592513 
