-589.6897300355514 -271.42962668693076 -86.41867345758365 -37.47280799446871 -68.34914932639659 -182.75184254550305 -380.4312090403102 -520.0296917020496 -563.8763041611365 -568.172224552492 -565.538658417462 
36.36186107461933 25.680390791509872 9.119514168075062 6.534437724637964 23.149562795135992 61.54608818787675 70.48284168513354 41.75216486424969 44.974096632007516 48.117882223155455 49.57099469930664 
11.535339980841448 -90.91035774278413 -108.56790360079 -121.02490456292708 -131.11746438806728 -130.79428598595325 -93.8935546771371 -27.897704596624184 5.045648500874835 5.661982402909109 6.804810562177774 
-6.138951620879106 -42.98038993835454 -15.490910295956688 -2.2182874427245456 0.4857992089532783 -3.854094027880479 0.7127299662049702 9.061887715733024 -4.995955181163424 -13.047394791037778 -12.48614418696588 
-9.832853639306794 -8.344801943849042 -1.7871661602967976 -0.2104574143941983 1.372471091749755 8.051767068161112 -1.1222365432300812 -13.701512633811596 -19.447214157018635 -17.333614818025172 -16.5820665590882 
-5.287002686311557 10.080934005453893 4.392774919033133 -2.5440389481696837 -13.300204717678216 -20.77330587885092 -6.648736384462753 -11.33199579269397 -15.763236042777493 -8.203330712437626 -8.434877202222214 
0.16442967063388014 -28.40220649607263 -25.436255990512883 -13.372041450768101 1.2419101796243666 10.454976791770568 3.134985769476438 0.10146532724594515 -10.839103374065049 0.06697030722855235 -0.7123352341965765 
2.8844880724771733 -27.296523715373006 -24.870341574085316 -27.762165846348452 -31.345863817501368 -27.65412941898846 -8.0893425508559 -16.518425257132805 -5.226851277190591 -3.073884832801178 -6.099270905554061 
0.1926793609855202 8.778868475226185 18.41976077586137 16.275284258721374 7.490575726048778 -11.738236854438512 -24.764999424101944 -3.2844404446903774 -1.2434050037265632 -7.873826579782086 -12.920887114988055 
-5.453685989103214 -9.815823363136076 -7.129340416304956 -1.91620483938681 1.5003582244925502 5.9736019560476254 9.482205863372759 -4.627947459007704 -13.1077045056851 -10.441373867653525 -12.893101003629692 
-8.10940496040072 -12.987310557565525 -21.731306425917154 -27.312290709158397 -27.518373994808258 -21.91842629740874 -14.050911005830299 -24.641672606509104 -16.1719731384233 -13.233554595714502 -11.884851325726256 
-4.719157126548142 2.6607211081668676 16.860554403516836 20.509176258469793 15.949568012777316 4.963417228158128 -1.8297868911657937 -8.881897634287318 -9.383687848491668 -8.20544179663007 -7.5212729784200345 
-1.1885914252047938 -11.544812421597005 -11.567065224292609 -3.53617508079238 -2.8342326047896904 -5.664485028976253 5.137111533961775 -1.1159713534240885 -8.66010801778847 -4.89221643047699 -2.5106047124733566 
-0.6039133533936343 -2.9671867408724504 -6.133994106254818 -6.04218168657065 -6.106927123432506 -8.501571551703531 -17.902277844365855 -12.439384336338716 -5.185614240336707 -4.667385026624462 -7.782008130163894 
-0.10766472845894452 -22.168627613037707 -19.69102896311967 -19.24420951445444 -17.64072244478055 -12.545291641450504 -2.902599769355523 -1.427011337998671 0.15426357468696647 -2.3086498809196687 -5.436871970311467 
1.3851222960221483 4.864747869879594 4.986079708166926 5.457519509988784 0.8417328055737707 -6.020355722162753 -12.514391727720609 -1.8008151729223036 -0.7765070855890657 -1.5401231566499098 2.326401108353858 
2.8456867518345286 2.7348898560708856 0.40651534038891024 -4.333109467147773 -11.644360779993221 -13.51570148307559 -9.55907973775841 -2.883676779865455 5.8941981965318675 -0.832248420026106 5.806463495545032 
1.5207131130045544 -8.639245110463934 -6.589084353410762 -4.8473449830557485 -4.796339864036291 -1.2710043630166754 0.44978525658566354 8.268857788177188 6.528727715550629 2.093774992475934 8.47521597502962 
-0.5937722745823955 1.5612622580703515 -6.051835834042414 -6.654961689976856 -8.351602175464457 -6.4616094085564 1.0253422771582552 0.326503616396173 -0.9891519042529942 -0.25471555908387744 1.456705636093255 
-1.9738742770074038 -13.912194791916367 -9.879649686060407 -12.09644036577492 -12.272870742290817 -3.139723725591934 -8.977230796084774 -4.678985226471983 3.886023711062558 -0.5275349837789688 -1.0240145259925582 
