-712.4454236491755 -596.9433390543909 -310.3581455855788 -183.16307637603208 -149.1098879749589 -169.1116002093554 -238.5297983842682 -373.51416989244984 -547.9386239161113 -705.0109202629168 -711.0513026327969 
0.9260017284817215 2.340391700918131 -53.11984532413538 -86.19882611210497 -110.8492228425315 -113.00776114187025 -83.76231208453967 1.4410266719314315 59.192317095178666 4.659271201887638 2.2388136985260045 
-0.7427412227692572 -24.39278345362269 -93.37668050007363 -140.2120690412379 -170.68696386762485 -166.40837624398986 -140.05520255000087 -121.56256617167512 -94.88988783578 -5.081039371017919 -0.5276708516447878 
-1.5763550440072605 -66.61599913421789 -86.266252210293 -60.17931389971566 -52.67096972246434 -42.354403186579304 -30.67926562223324 -16.039446307891158 -22.071153814907916 -6.073967375047607 -2.366528721945976 
-0.8817381110961304 -29.64269645591788 -42.918186056924135 -39.924190945706016 -35.03114112515469 -31.269652696059822 -32.117054647857856 -30.616885358776642 -19.204516055675946 -5.523212568682752 -2.98155198218402 
0.4572528448229426 13.570281772163849 -18.789562114757093 -36.2159216772085 -42.38462774188277 -39.358362338017876 -38.006426757223196 -42.77412911965865 -45.968764221359606 -2.2110062850409995 -1.8786270123309627 
1.0838505176779583 -19.622638103430475 -28.453870720872935 -35.66434784638825 -46.983726639121606 -37.69139514382403 -20.360734809035087 -5.146669083794128 -2.9804698019697966 5.9789222961811985 0.8789269430132716 
0.6102167740791892 29.10308288920016 13.059741515305188 -1.952465173655272 -22.952863295974325 -23.609712540287504 -25.4726735404031 -32.08887683329747 -9.612328122644811 6.767366977104263 2.745749034949047 
-0.2022277179238085 6.457971783982339 11.543809976618462 13.289121518267763 2.988167231257381 -10.179262552440619 -15.62027537805562 -15.887083967433593 -27.014810370449318 -0.18706849233702216 2.071914786928942 
-0.5052589967741746 29.49799342393839 39.02457949061099 33.2714084782924 17.462739697456534 -10.708181383185831 -16.069517853257928 -14.195939008717573 -4.998657362381928 -2.362695920725066 0.35080617815734416 
-0.2587522122301244 3.3971879772534876 22.257331541420058 38.22226593561408 47.35945290800073 24.43218410753996 -9.696128783712027 -11.738231059002828 4.210191043957564 -2.3213256012625054 -1.1235405860263035 
0.009465895856136386 -4.768504880211831 2.008583232424939 21.22253424573695 51.438870088505766 67.11605376763629 41.58964347656007 17.07446688387276 9.058709400955923 -4.155646520008125 -2.1336600809357638 
0.02642868521965297 -28.766673403643065 -32.185280938881284 -24.799581673550243 3.558012315582335 41.518625222372606 41.0800382531354 28.200501235697644 27.189183938914447 -0.084881171789852 -1.5403274450271196 
0.021623801000936554 -2.4872277440087363 -17.855884146229094 -23.393684533807985 -8.745340113338642 27.025321715964132 52.72184697012678 50.61627510536401 39.54975589818048 5.749993736659317 0.6736451277408386 
0.1940048466270482 8.686198654730426 16.917187602974163 -4.206658170421987 -22.538353756428364 -21.6460656534029 8.222568412767878 20.145175585957503 18.874343938225884 2.8818626741196516 2.0388681114906486 
0.2968801070328062 -2.351300340700204 13.799196066664692 15.213610167030545 -5.837184815853754 -36.56886041140967 -43.396798109214416 -30.90575609743677 -18.874791078636203 -1.6733315039217125 1.4834985820953666 
0.001552641818445527 -10.034698677348125 -24.729154126418948 -7.746022082956323 -0.2080734331056383 -5.5154287743131905 -15.956426239177137 -25.13957623080526 -23.8504651506072 -1.357167801424057 0.33694429145523247 
-0.4854222716694895 -0.5362707277136483 -12.561985713501873 -20.585784292541653 -8.24925140255569 -2.454811529608326 2.82862891955483 -8.667018798976095 -3.166201752740508 -2.099153265074812 -0.9139175593091712 
-0.5239988610959542 24.808617926288363 27.332476739476085 -2.0551401417042046 -10.819873809311114 -6.661198948442996 11.538550765444835 19.319557069856806 7.871121631779454 -2.59626814001087 -2.0405126830847253 
0.12809719094084585 -0.08458163105018701 35.788064489772154 33.70985756582148 3.9771931622160395 -15.389303618063437 -22.17929175938111 -12.569508201547825 -5.871850891698662 1.0386397767155675 -1.545849740117888 
