-265.61834943913806 -307.794265435699 -438.49910632480413 -643.060095162382 -667.6956727983609 -308.8601078256313 -191.30631295828073 -153.54028640058448 -177.21052263281038 0.0 0.0 
-11.815738700445898 4.5359492464030975 81.37820977386676 51.83879058809464 -30.808322681047066 -38.620912313495396 -70.3017691108846 -80.81360693840708 -57.678496131345106 0.0 0.0 
5.802489704215811 0.9780096489275277 -46.41970744955142 -30.747688576117334 -5.4472021965837705 -43.03353464330216 -58.06971402367141 -66.82513208223622 -46.10147542748934 0.0 0.0 
5.959402116162774 -2.002100700442931 22.03057897658281 18.29004706612417 1.5629917638408617 -29.930836133100787 -24.905887696129856 -7.249430758939196 23.07550414323125 0.0 0.0 
14.777355597344425 8.589540434118955 -17.730497072902764 -19.316426798788186 -15.589335941006603 -27.756385399205872 -35.05584724200506 -32.741380574661484 -16.278933282969973 0.0 0.0 
0.38967147824110715 -0.14056579527726476 11.254618770642871 4.06517287160528 13.522513388550781 2.011290643048929 -10.938970953779485 -19.172324025062075 -9.129263389812758 0.0 0.0 
-1.7496915200119392 1.6467734700697838 -4.866276554838317 8.511159564995829 0.22922149940977932 -1.237692598476141 -2.545734990884651 -8.074564966180713 -1.3044933227530793 0.0 0.0 
-13.056816017700125 -10.878759223511532 -0.12135897009507779 -13.13360789866398 2.8876782301045685 21.700821686515038 13.058382837251797 -7.171021433037369 -29.9069349745405 0.0 0.0 
8.371337457840877 6.445586713584684 -0.5277265914755096 7.477960816752235 -12.285228744197298 18.71331585992415 28.176749519132656 22.73026563353141 -3.2763403604088355 0.0 0.0 
1.5801619244312728 2.8950913205268503 0.6523641744043349 1.101996743954452 -2.719706436345877 16.550776352864105 18.491232273708327 22.136458856845902 3.189394368841641 0.0 0.0 
-15.545639746580841 -11.394204565287872 1.5586902708996728 -3.8026943801071926 -11.659549698216324 -5.587024015278404 15.047688247014705 38.01672776189206 43.0084197103036 0.0 0.0 
9.7915563337619 9.895895142740223 -2.045816143468045 1.6906800635895272 -0.09006926216667487 -30.65190292576098 -28.913736506586872 -8.337912680425251 26.992135709728263 0.0 0.0 
-3.9067604362177777 -5.870402692355746 3.6743611925912205 0.0050374875856192824 12.43945192120162 -21.929725678331934 -33.72456200532988 -33.41180835892013 -6.598595401350365 0.0 0.0 
9.541462441930863 5.369801171018288 -4.227265422709706 -2.0671507174259056 -11.537393913709716 -2.164669469119057 -13.001038441579048 -29.368752227936703 -36.22598791510439 0.0 0.0 
1.1273030465980574 0.36052179606758916 2.850763129216392 -0.690910523770456 -1.442190531067983 10.01911304696327 14.887283352030572 9.58926160038861 -8.194339927548924 0.0 0.0 
-10.766108650643659 -7.47849230986272 -3.231259306118501 1.184148649500718 11.072823821236767 -3.1069299172059868 -0.6522702953205841 10.829011962103564 11.137576148003948 0.0 0.0 
2.9484192094680735 4.832285390679868 -0.699751167634105 -4.319752885861202 3.09474038551032 2.6424487264721437 -9.858250747452782 -5.292570801647662 3.780352258887591 0.0 0.0 
-8.328359323294444 -7.4389283216331235 -4.663619572064077 -4.187361478596111 -12.98979987256952 25.341223662561678 17.329541132686245 -4.414314354251458 -19.78936088698501 0.0 0.0 
6.515005576556311 5.078153342900097 -1.3539117254999669 -2.5343760707891434 3.4026630085315888 6.28636023813921 22.922531854772707 15.64745219765953 4.320545586751853 0.0 0.0 
-2.15609422714881 -3.2485101939820646 -1.9083535963367924 -3.176200931258787 -7.196574255842316 -27.931268012283255 -15.214337845071723 4.1266775597732055 20.0024616577536 0.0 0.0 
