-505.65444583102305 -242.16761807264263 -123.01154177578765 -116.5476133345053 -182.55295192394053 -272.3046532481958 -422.10597973727613 -522.4841500802041 -536.5067096593398 -523.4819106838112 -498.49380031058416 
37.97778569618333 31.6874680851885 37.61395542668532 39.13124898144459 51.43386470436973 69.11683957662103 52.96271305367512 55.81266139699774 54.60242769154651 52.78226547154717 33.33906671116448 
0.10545928330763799 -64.978536371626 -99.40428017916602 -122.70985142468044 -115.42844660684783 -80.45281287374891 -44.87499652352009 -12.614798340935108 -7.3621933585697175 -8.228047628179944 -6.651329162520403 
-7.024635294376726 -41.44376388585756 -26.744831275939 -14.53796016954561 -5.444097455815362 -7.04252732643657 2.793482001126117 -9.502068842034115 -13.824300776173025 -7.875302732966883 1.2309236287866396 
-34.06149376564767 -24.584824019814004 -21.947149964804204 -21.89988962351196 -12.216156313570313 -12.105158771166352 -21.00246878245195 -21.311247865389298 -28.531940725577766 -32.002089793741725 -35.95459391532009 
-7.429788710424452 33.251000554285 21.220894083834388 0.03198139348360529 -29.87122681506259 -28.683983402362177 -19.149693519517083 -19.18229876870577 -20.317120867348486 -21.69592399245851 -14.05453179670377 
-31.292922227041434 -30.803371190875737 -29.797402049017617 -23.416099696221167 -17.34489094175116 -19.516700261904916 -19.62215947694196 -22.810972165792762 -22.941609285624004 -25.79779262782406 -31.041482369544653 
-12.309432841712582 -9.562036535933368 -11.399429738763427 -17.401475771630256 -19.997431766189045 -5.513284037423558 -2.8975983801252854 -15.338774367513441 -16.372376170035707 -16.29414230179055 -16.214166782426766 
-12.299587916255984 7.8455868535657824 13.370227370158691 12.425808627506807 13.050839039799884 14.582844094445438 15.820871533009939 -6.23602338865138 -8.356857954881331 -3.096016807684009 3.859445691382692 
-1.1687387369704556 4.967331092576393 -3.7027869884718982 -7.28678547274783 -5.241910692829462 -9.061014233336895 -12.937334940303153 -6.322398580718049 2.806891532730619 6.1701921053504964 5.295789021322445 
9.371073666713619 -2.55793909680206 -15.610311164261113 -19.922267965347217 -21.551255039516917 -7.586540987630602 -2.7662944866089894 -0.5640500981463838 3.8188245159903165 5.024772986837556 2.197019391136169 
7.692618889622062 -6.818045404555715 -6.347442111258227 -6.790498497886325 -3.8016832221174086 -2.590213689397846 7.062830247341873 5.488026617735172 0.6101523384175715 0.1940548439461445 1.1137898751735553 
9.537959738092505 13.336374316582626 9.66780292413924 5.987890357625629 7.323974049905468 10.742578761817326 7.639951555303521 1.866848946390054 -1.4632365651743844 1.9485898826663026 5.908428313987855 
-1.8759276763020662 0.20914121029514693 -4.404615904333838 -1.0795093878316577 3.8970550063705547 11.135038355307632 14.298096625355651 -2.739239872885632 -3.4070594095916653 -0.4872368903903104 8.582398745888346 
0.058106334310835894 12.27226614006717 5.610569540347253 0.19661407199249367 3.998212678262668 -0.9446493866124818 0.2975687334998566 -1.2523269598986537 -4.4992785391714705 -7.4903365046284165 -4.104012865609651 
-8.859241819889554 5.729161018323243 4.444489733440943 0.07441110990572627 2.2369687344527716 3.2794228451645013 -8.411086855832593 1.4002292329019397 -2.5717871654222892 -4.980705974523838 -4.6365340939047615 
-3.4070596060286316 21.03805577544051 14.38527041945813 4.964855613165428 -1.3212437377564883 -2.127092717138823 -7.749425026514057 2.063805469786847 0.01492597004372831 -5.526292903112514 -11.177927475511419 
-7.688492045900538 7.670758912798434 7.862068282746243 0.5245709103664759 -11.712530816172684 -4.988033246071122 -3.1119531633480424 -5.157154895872888 -3.1395884477352345 -10.889300387936057 -16.394073706192998 
-5.022625451122923 5.7865729692138 14.302289884326013 10.08093587633945 -10.075603198986048 -12.129854316773992 -3.9491770160634325 -6.1205580606806365 -1.6346988601631345 -2.530605992788607 -3.867450411680295 
-0.016863869289648337 -7.613233014392944 3.7613292280198443 9.335297203277378 -1.311088866896777 2.8928877365824386 10.105385252140724 4.063859382404016 6.193891774233646 4.6251676776227875 2.79875471818544 
