-353.71935680106196 -341.824184307767 -341.019915638534 -338.550106206303 -341.68080449080503 -335.2949047148854 -151.53137899907696 -47.12104970221369 0.0 0.0 0.0 
9.241994043848944 13.329836369725996 14.367193096952466 18.805786366668478 18.774786518923825 21.148954691455756 66.50959120247761 78.48356327332212 0.0 0.0 0.0 
-35.69064595491061 -34.769133073751775 -33.05093767582279 -31.15437895957767 -25.605903422610233 -25.845540258901874 -72.78879137330526 -74.28493990483184 0.0 0.0 0.0 
12.279706033758535 13.8409401556059 12.476012013264565 7.301955421470381 10.248049023372797 8.608318630163275 -34.45705161092742 -17.49536568996647 0.0 0.0 0.0 
-30.08125486478388 -27.309670164623917 -32.75656427322026 -33.894050249415145 -26.846043269767232 -31.33800412621127 -36.00008204123432 -25.082956732972583 0.0 0.0 0.0 
9.460873699106209 10.873489623483593 4.771708902513178 5.686150325575019 10.152083144834663 22.3952867191131 43.287551975391025 34.965590405847664 0.0 0.0 0.0 
-1.3922462177294226 2.4426217825746135 0.9008701047228587 -10.259959295827189 -12.97482366063278 -6.478780893942822 -42.774687607472 -38.457325909981364 0.0 0.0 0.0 
-12.438923531370326 -9.45925855363669 -5.364805396652397 -7.521568774952016 -7.173745879330017 -11.371850101702684 -24.53108275277811 -25.203636305835403 0.0 0.0 0.0 
-5.51646984592257 1.7188614259844712 4.098346450521317 4.1779871670644475 6.010790854740071 -1.676124476360396 4.991612233851608 20.616201066050486 0.0 0.0 0.0 
-15.808841656141077 -17.14630752246007 -15.388746783471483 -17.507478346856445 -16.839675633931854 -13.004812921927623 -11.274666186128862 -8.667201587381287 0.0 0.0 0.0 
-8.443039165839297 -9.881228280673293 -10.898997068949544 -10.870930308917949 -10.627526057177139 -4.2873722034231365 -3.4204562206152973 0.033994881264699656 0.0 0.0 0.0 
-12.861184209010904 -13.728412358012744 -9.569740709899987 -8.829264787548432 -16.083066723292248 -16.102001010388822 -20.648807683004218 -7.284405660160706 0.0 0.0 0.0 
-18.38023991048009 -19.8172651410035 -19.19501943147366 -15.542984479508796 -17.604325241865045 -18.10982581300203 -14.919463933107968 -18.753135986694055 0.0 0.0 0.0 
-4.788879551814142 -3.0922415095422524 -6.326375118397873 -4.436924498072014 0.18779907883794777 -4.3698434759057205 -2.4284849905115005 -6.722129451009129 0.0 0.0 0.0 
-10.566649428193479 -7.7112081936109576 -8.471976903616344 -9.25027422425665 -6.390142767755436 -1.9600830878419586 1.63160247253091 -8.27787678210056 0.0 0.0 0.0 
-1.8851598795326583 1.2253347452791907 0.19658270224137597 -1.3345742068813828 1.807136471401472 4.3693875550699435 39.62593236242613 24.52926853452515 0.0 0.0 0.0 
2.8780794039445126 4.813769307985518 3.1412578497852706 0.3338580072028221 0.9438851749353718 0.9587645508551018 23.45200819800336 24.98753075353056 0.0 0.0 0.0 
-4.399604583401198 -3.4646710094721653 -6.596720445666858 -8.15461654258595 -4.663563252349508 2.707285416247611 12.015073044391452 19.85860118773963 0.0 0.0 0.0 
-7.178878335713435 -11.8436818092413 -14.27867773995679 -12.606232112212446 -8.271327400664513 -10.974597105191428 -14.164075723191948 -5.701304292985643 0.0 0.0 0.0 
-8.72444070493355 -9.989192405964907 -5.739620261691471 -4.027327791494229 -3.1629140524751334 -10.17667361350722 -7.3657460587551675 1.750173209530156 0.0 0.0 0.0 
