-358.8220589980719 -361.6747792988955 -390.385593637929 -375.2676055034541 -213.410909377007 -127.58688299111094 -119.40948269403417 -153.00867013864956 -267.9637256155043 -381.53936825053967 -399.5889936485331 
65.0562789875474 74.4470822560165 86.2070736158222 110.02300293156989 47.477788628622676 5.850204099889739 -25.133623974189472 -12.793894124821616 51.078288769348646 89.10779268177026 89.86889279456449 
4.708928151094331 8.340268156883713 4.459446479278694 -5.456033796378305 -4.390588396108396 -21.00620577478778 -32.928601988556096 -50.47663829684562 -48.4954847344405 -8.089712023081425 -0.7492593341236742 
6.258556489116034 9.1906984048994 12.667288515407483 -11.348258278088085 -61.81066041108919 -53.2776596731789 -26.45372798931656 -14.794249214834867 -2.5487940142944017 -5.476435466797389 9.06087266607364 
20.84581597894569 22.493510672552006 10.590203174254151 -19.353086996230257 -8.015385068012517 -5.421766039083799 -15.426288295704323 -29.284725133989753 -31.60872198084231 -8.747225951210522 9.485743053971362 
6.711851785728248 4.911812570148452 10.280449887370539 3.7879184065115328 -0.8863570474187912 2.0301355208608483 1.7961277302258232 4.201780903106758 10.28307397460042 15.340360561938652 19.34185009196483 
-9.048659513301175 -6.070779361737075 -0.3996000595211673 6.6359106606265374 -4.568646080503839 -12.509294935461718 -14.917391157170139 -6.128917479575813 5.238053603503967 5.539269840665482 0.6673912005516498 
-9.594258796416433 -6.528222230164076 -6.781460169126445 13.084547565397397 11.238957849160489 13.198141082694544 21.92491438746946 34.80594139776133 27.884132522667528 13.509280301184148 -8.104685236921847 
-9.61599047210043 -6.301744303080509 -4.439076881658332 20.165546400268063 32.10942750605954 26.54803759192844 28.81988292766949 43.626383225016525 39.97176885380243 5.704582043418769 -1.497611348674248 
-13.31896774462479 -15.149818831492825 -5.966212941801131 9.952553778188332 28.416045615704643 29.767366267067658 25.394280189777987 21.37053327072725 7.056374767962343 1.1321796797313903 6.7059466423703 
2.3293120195944375 2.3894632369827944 4.5774637173122175 -4.277545076880971 -8.859547765739725 -0.13641050980199976 9.511198724783444 -0.5808818487840322 -13.721590177742684 -6.262909521137562 8.126655346579774 
2.9770999946909003 3.181093200035168 2.0509121382388495 -21.49335470960679 -24.02289256935789 -20.309106035894676 -30.937117504499327 -50.44452986539185 -45.885091406196516 -16.05310741627502 -5.745520893351371 
-5.036366129754731 -1.5629469179785578 4.3245031880695946 -11.23286043808109 -19.594365631850117 -21.091865299266562 -32.1454382927632 -30.585025536307814 -13.710073465526499 -10.446449787728351 -3.7874763411820087 
1.8572152811991052 2.740097541053526 -0.8119343576979214 -1.8938503849573123 -2.1634175142396237 -10.452680134472748 -12.913402110544737 -6.468221561426583 8.995465685499319 -0.9526641371924678 1.9288629781956566 
1.5663386986228176 1.4353458368554497 -1.2084185748699672 6.027420189406136 9.628496469580671 16.497076924579712 23.49950075659217 25.25001715367607 22.33039488691436 17.070983779474282 2.7755991503817956 
13.557562041796624 11.21726342971731 7.866807191553075 13.777317850965611 -0.893455544398403 -5.702007925626754 -8.843726931892558 -13.48674466058721 -13.722589361990014 3.9153251939055314 1.5328601257095003 
19.80949006017978 15.243761669469556 9.568723316529471 13.203801162479802 6.767451954512699 -0.27962483304136265 -0.3658317657103904 4.580153615819822 15.705399596866254 3.042871696921006 7.391738305704326 
16.411307992868934 16.407793823307557 12.176359259457996 10.16421261014883 17.26335495237847 15.701229970045384 24.06697759658931 29.50209723090493 21.93328012038529 2.7627139442915336 2.5436747781522002 
19.096088346932184 15.9653752735998 11.835984737756593 5.580677293482653 20.544630646515433 32.17901870416138 34.71782407417885 20.731840454010772 -10.647434494212398 -3.1835440361175213 5.670710427765497 
10.29722386403819 7.216533067200102 7.349984680504075 -2.0204419861207663 -9.00678128027909 -8.575314980001062 -14.367705263582021 -18.912056135718185 -20.69229581952933 1.5245669023849449 13.541781726008178 
