-484.0489604246202 -459.9692623886513 -439.84884956643 -224.6736569725852 -117.89756321446932 -93.14250483333869 -155.42605235037337 -330.52301872102487 -599.0744471851107 -702.8891259244322 -716.2104748596502 
5.0536614343362665 -14.903899154208085 -2.0419458347619535 -19.719028961140648 -41.859729488572825 -41.04617553459901 -29.527319752437954 -10.24665948511364 69.51323829228582 40.656607715833445 39.34701192675635 
17.263583537618935 14.155365682069446 -15.18377064900456 -47.651996143731964 -68.95606791260299 -75.31760283287102 -75.54481904505607 -70.29347984672404 -45.20681515829861 -17.660675042548974 -6.9608216692719 
36.61340128779823 6.614029498129075 -39.50143109989959 -52.43236917658203 -40.964373642516904 -28.13245289583311 -18.022171951858105 -10.828479017044494 -3.7307321460339087 -18.252433461291588 -17.16578294225686 
-22.927376728454128 -30.58077041742493 -46.7425502332649 -3.766152023753002 -0.9966612919158435 -6.265625333524891 -14.853892986983235 -30.012846597436997 -33.368841636094714 -17.475439776453076 -15.514333200793109 
4.752968040266901 3.6111194425954167 -9.44329339017725 1.8600340359835883 -4.610309829170069 -9.572769150316748 -9.44355652410663 -19.416692473943023 -33.129690657632594 -9.069635484597026 -6.498728865741226 
-1.7310666675968842 9.342213402514824 3.1514262449273573 -22.83800426387822 -28.14324700250142 -26.191008198034044 -24.633897128776194 -26.344131366669203 -19.709110744612246 0.21766520013421953 -3.434454015939516 
4.967986750154454 3.678479931034153 -8.68413953824788 -5.062961701468132 7.219642757169333 11.142561707680056 0.8303940008733386 -20.993812581029783 -26.530356808611316 -11.745908868799843 -13.913136139715537 
-5.7599215238732215 -6.3692151977965334 -10.821915936577636 -13.549994395214028 -10.051220162393347 -0.1151235167006548 3.411555997867998 -4.856679858454076 -18.159215117424143 -16.902161033164866 -15.206210808214896 
7.404353610863553 5.824128600509658 7.292865516733011 -18.0525852750372 -29.24299141739499 -24.22732699554841 -18.814493354802146 -21.92923017280878 -23.764371739090045 -11.383072269700609 -10.043256559673166 
-1.2209807112427153 -1.7037450704209172 1.927950405790976 -3.720299827777048 -4.6259966576499405 1.3937807439967977 6.88557455036903 -9.204122738878464 -24.26683860527411 -10.467619015127095 -11.308070248459604 
0.133282900612947 7.906560362920729 10.877263332571921 -2.216503590057898 -10.38311441810136 -18.124845214215966 -16.71071729065145 -15.991706515401525 -12.348194635664045 -7.596359205871194 -12.130215438861718 
0.32927141616539035 -4.515390043939501 -8.510642198529396 19.954326349836997 19.93295775438594 9.954911183283794 0.041418980515007364 -9.322662020562152 1.5683005737983595 -0.9712252048050863 -5.202636439208817 
3.1663223104428257 3.8294586089747 7.810882206543713 26.467862029524632 24.017786643122072 14.922091981335178 12.078247002076523 9.75634497604077 11.676574610005357 3.17701277874827 4.682383297260477 
-5.371004848888978 -9.495188213389788 -5.412060099236934 17.306991781249895 32.66735880586688 35.74288351130046 24.75770318896942 17.67777641865967 23.143029159673432 7.545860573342182 8.660767261309541 
5.016329466348844 6.071679487483069 6.182026373904106 -0.5362061217872567 10.30791306296856 29.527146140671444 35.80748928169102 37.105830721292655 25.72116001705315 9.554428963877026 8.815262656422526 
-9.232269255092675 -7.657943740824393 -5.023992287423772 -10.789184268288635 -11.95608478997542 -1.967790467364848 6.802274392442186 24.68780341811887 15.8726498814482 7.12979132537915 9.230278510688748 
6.075967289633956 8.460315540729411 4.747271282467736 -13.88357645982864 -16.22909517146926 -11.658893854571431 3.3107081441631507 19.033647406834284 13.015818630100322 9.87373920472356 10.084431365303805 
-7.965422434332719 -6.0823753686796245 0.6335901005242479 3.910877934266639 -8.256483913109662 -16.065357712667343 -17.263271048419853 -7.8714600681861215 -7.3023665891329825 10.64664925470733 10.588485752928944 
3.312092767921114 2.6386189774924578 6.808725695709482 6.215120359369787 -2.246921710207603 -12.435699513654559 -21.076263519870587 -14.592881192056605 -10.827617091376181 3.4099666428549407 6.104487124146917 
