-112.21296165086927 44.34637826329455 141.20648754664865 161.55244876618912 162.72120689261578 165.21180201659203 133.0335518700417 51.106941281439 -97.50169551931755 -300.4239302663434 -410.45848488035455 
90.81989626437817 34.23622452432126 14.090968072166735 1.1656327543734675 -8.456689675522393 -0.2939373347216406 13.303884089600572 34.255194079627614 25.214147686863996 -11.13839142756173 -4.7818162006876355 
-95.5214764097093 -35.62707226744994 -39.47746009820476 -47.48382158368763 -56.19728348972947 -64.86280030780668 -68.02502434808753 -79.21857990949724 -95.60623816247013 -77.64710162212674 -26.189380526926392 
-62.284355071769696 -49.365441426249745 -31.9067090240989 -18.947943907398244 -6.202698472545109 -14.48193286553878 -16.491157552039432 -8.596659842280191 -3.5000612639054105 -16.218119809246787 -18.488077673133894 
-41.07067846941823 -22.234771301899883 -9.020776781500308 10.397697137424313 24.626605159949335 18.843534106852992 11.760445905308913 -2.981894670648682 -35.79933876824358 -45.82376073011926 -24.908160585593798 
-43.04485770192072 -9.721267210911655 7.22070820181113 11.083777614421825 8.947650551303127 16.54851908050162 15.024899707412995 9.898263291976129 11.52397526627814 4.014692455292967 5.993609279166252 
-25.609715323721517 5.528043479102637 1.06672592052891 -12.388411882789807 -21.619641582476746 -8.20286290226032 -4.25453214497545 -6.612106271710694 -14.671130380908828 -9.763052782134752 -0.712557692296796 
5.594540294447394 10.779864176645074 4.518488459855181 1.9940762797408473 -4.602299509593445 -1.1512409913711323 5.058715565592472 7.7409454425679955 6.494046074590903 17.50817741964805 15.185048686128486 
15.330643599791944 15.80463983493235 13.36730544574737 11.725993669575754 9.43268579911464 7.496036210019589 5.617052535288353 2.9561442697867335 9.184726027849221 31.928208113339196 7.41591317138293 
22.19452416326554 19.995241414528948 11.538972057216451 6.88391692094528 8.384530531044497 8.820892542909037 6.9980755064238345 9.460993682772182 16.63609248870815 10.939835647617425 4.922183764981407 
-4.017219898977476 -5.918021153782211 -3.2293110691556253 3.4346296951939395 5.620339501114243 5.879949155140186 8.441632579171952 11.783110652303364 -6.675272331992479 2.231732031492478 8.763927518314043 
-11.526182519403456 -8.569010052642899 -15.053458061525552 -19.387738139069235 -12.373208992215252 -7.767808444322578 -6.4478440711795635 -5.15551821072523 -4.64209336471917 -0.3999369422167842 1.4910018924132789 
-17.01617749791044 -11.943818408091419 -8.205176168037152 -7.08177158230455 -3.115520476154847 -2.8276374950722793 -7.35127483534106 -14.607775465574806 -19.11048575887698 -1.4411600983345958 -6.062270617233716 
-11.15172226836864 -9.444256345856829 -6.2447825921678835 -3.2181301540305127 -4.356220807767741 -3.9198291551464575 -4.62004076962698 -5.2174591135606345 0.7574549213189252 9.195817956503413 -5.634534428456101 
7.808061076566882 0.1366112671399819 2.7618297989352856 7.301145484380675 -3.3193339938020214 0.32954154000286917 4.990208648693443 6.915259962911125 3.5101904348028556 -1.5492317228534906 2.284099989533357 
20.145633184567245 18.24594212045404 17.59130060496282 16.422816259285195 1.317762549735784 7.211553358459378 7.741943807433502 -2.3337986939312083 -17.161853281165563 -12.568425966953162 -2.1296515075259337 
20.92164802444974 23.41149340556077 19.441512520449365 22.239969453427985 10.195556342847178 2.5016504216235154 2.303361167288843 3.4480891934665516 1.1150979536267764 2.87449653263615 -0.19305178466319223 
-2.033030023142187 9.63864295221904 14.24970009370734 15.317648313315914 15.030862647533045 4.639955235158338 1.6386911081921747 -0.21783549635058386 -11.332177781669687 -6.044016044998876 -0.7049748438146572 
-11.306836804970636 -1.0883701588005144 -6.9617061583882425 -1.3711508434485595 16.152276586448203 2.4029706371224635 -3.387031841231975 -5.465311125663256 -4.496442876189149 -0.5185933039008925 -0.09443122907678769 
-6.728494560065591 -6.784573326169353 -10.111424730850441 -5.65098340873637 14.97723253746364 11.664911834768617 -0.37991145082044486 -8.518051868592991 -4.337132094796888 6.207092934020613 0.28809698709499454 
