-717.2530707916947 -717.2530707916947 -476.5857907481952 -186.76633470148673 -94.2377409221151 -112.51489475022605 -220.891437729694 -341.96624962089595 -526.3465385888786 -677.5355738140152 -712.7152434471197 
0.0 0.0 -3.404844755375446 30.491492016399466 32.04027536437867 28.211315600331496 41.80463749030308 88.66917020154722 55.188788324030526 17.01009378463251 5.680742867812455 
0.0 0.0 -4.230960437473985 -43.93959022852363 -64.42989908241547 -72.01794836637751 -63.24489901344076 -61.6817585975883 -15.251001411296006 -3.161081719527016 3.8644866883670446 
0.0 0.0 -33.45891066335811 -40.408690160148986 -35.31390145081323 -25.765357416680406 -0.8908143853544286 0.014910128970164083 -6.844740950253227 -4.567950040008813 1.7339286772000873 
0.0 0.0 -12.951981686345789 -15.387245771844063 -19.841415024906247 -21.535419674712756 -15.49660677324746 0.13900729274383827 -7.3849224103397155 -12.227954789941853 -0.2205094684178788 
0.0 0.0 20.002345188682256 6.006331133108208 2.097176480451254 -2.6583943075913963 -21.49647386992632 -40.02147465001894 -26.55944121561751 -6.017292185083771 -1.8756493797362797 
0.0 0.0 -1.1911005347252277 -16.383836740250626 -13.789814113311483 -6.057439251909026 10.73989766256898 10.719373755428851 -10.231651346182275 -2.5480264516865616 -3.194780670755474 
0.0 0.0 2.797275362891587 -9.60771994530655 -19.569559930061118 -28.41959455408653 -33.62812424763293 -25.42780956475384 -15.427573427041596 -6.102459122360518 -4.088561383051526 
0.0 0.0 -11.245348595071755 -6.232145240005083 -1.9607344116154108 -2.007191414128674 -10.160974128774338 -21.055554063954574 -17.84448620215835 -3.829062020121439 -4.44459982001262 
0.0 0.0 -5.359670659470867 -6.394749410660978 -4.966348137669547 -1.035995307622956 0.9278468150015131 -6.100705132706194 -17.335170584311598 -6.7972415397679224 -4.183755882733399 
0.0 0.0 7.3549530510816306 -6.186538654351442 -14.005114482159982 -19.705415380305848 -14.200699536345127 -7.186824508867371 -8.11786823554974 -3.819136922261413 -3.333848697144939 
0.0 0.0 -0.3044315584710242 -3.0705948373756784 -0.4784734364648593 -2.5921513238547154 -11.11958356510127 -14.421927928479338 -9.040126027033093 -6.946911925567883 -2.0472483378580097 
0.0 0.0 3.364536649448318 4.639294216411524 2.5365441203519095 0.6013489649462767 -5.988282759266813 -5.112284301464994 -10.718983297793198 -4.819678777119371 -0.5432680766408235 
0.0 0.0 4.05003643161952 17.636790543163745 16.672287083248808 9.836835414106728 -8.858116377746112 -16.400453959932165 -15.320065284032175 4.602830372413651 0.8836189415194411 
0.0 0.0 4.495117406373181 9.226151903670859 4.120226745078172 -3.693366663129977 -19.357440729618908 -17.712876821630253 -9.255045287438035 1.7697852500169633 1.8621624879152632 
0.0 0.0 7.312267274014218 28.870970971541826 30.681160246715667 27.667153209737336 12.159858327799492 14.39007354977512 8.213954559482286 5.375473598862412 2.1566805322062255 
0.0 0.0 -0.023377898002974407 20.43806281143704 22.452557720176692 18.65502261813988 4.395523369690606 3.8530273667688446 3.859129500963507 1.6063204558160533 1.8811504260006549 
0.0 0.0 5.479930071309537 8.995918696757538 17.857124039531207 26.719120860708546 39.382417261459004 36.25692109668172 17.251599442965546 -0.9693358873595503 1.3748790481520539 
0.0 0.0 3.15949716071071 2.996397528373559 8.866557095888492 16.46370100833903 34.84677138253006 35.46626685937187 24.85311788888582 4.441709547000141 0.942832153027108 
0.0 0.0 11.710706738918047 6.002827423211172 10.89039600351407 18.9648494054853 42.399365057047255 39.262195104247525 24.892557443033255 7.565452707092212 0.7796341710969832 
