-393.1147459603071 -380.006790685381 -445.4988205744832 -549.109965054924 -360.88137672978326 -184.5378053123406 -135.26272727843076 -178.67671847457916 -302.48714606081296 -424.96333770333655 -476.3752488059347 
60.29624069638993 45.910690892430466 42.68819362216656 74.98823301654511 8.024653219644147 -24.189072083008305 -39.687071974564724 -48.22485670817767 -24.120177777264345 39.44634353682021 52.68596412624285 
27.254766003481237 15.850018270881879 12.100125669398391 15.39427531631662 -25.783317721937408 -37.66559640376318 -43.876966340718496 -40.24077692965382 -27.90820670735763 7.2887887505347635 50.62072396331732 
15.093753907769642 12.007061300245663 15.991194738231965 14.22052464094676 -5.505711332927875 -13.47808274812656 -7.8442778123379835 3.8251513485383795 9.822894655369389 2.537085712848966 11.005308896160129 
1.1672462277927647 -4.623734682040882 -3.401198887978566 9.583822513893667 3.9249176112803035 3.822127891055641 6.735597478311634 12.880339966667508 10.588907896962027 8.427894600583148 14.760763829881755 
5.9315644471149875 0.4828589433202245 -1.1979007561249784 1.0236399941652317 18.253479466661382 10.066914722182535 6.539848342560563 9.455674417736372 4.9624104437546155 -0.9550577977945285 13.883742577021131 
-1.8668751474951137 -4.920805690186646 -6.261340988308235 -7.983108455026641 -9.356862122260134 -16.485022174426256 -15.600632084176139 -8.127528499983274 -7.738633769360426 -1.4874153819457832 2.3481707229509325 
15.693747270202802 15.909919100815237 12.325049749839675 0.3538230698871256 -5.564095877920523 -0.6129070235240972 -2.5846516203893404 -3.139455878797325 -8.597252843683611 0.8976694902914828 3.5331491889530664 
8.884122332671343 5.170189811533756 -1.3333123796288477 1.785105659759093 8.319592931883747 8.867402982486048 6.245473126179858 6.959552564724717 8.430299980633938 -11.83201906218692 1.3767531990162216 
2.5604855537686584 1.277622690830857 0.6655151635453216 4.301831247991129 -1.7386505098259513 -13.720488514016598 -23.531290897453296 -29.103493233637316 -18.405158964245295 -6.8812129917756035 -8.668093681639489 
9.328236189684446 7.292862518253385 3.962982330714179 1.7174846067511607 16.63171671676964 18.16784513098744 8.536012289526846 -5.945273315901854 -14.462990465615057 -9.166192131275164 -11.953173290867323 
-5.216339804890247 -4.3322380464485315 -6.264015343678729 -7.988896410441457 -1.0644977431670122 9.510852016953326 8.941546956067686 0.38539913438688234 -3.1902576667557794 -9.046646039113686 -7.706827783559411 
-18.91110557979274 -17.39068601694946 -15.987621761132967 -12.878597819454306 -1.555094711127433 13.142804350394385 19.35023472458432 15.25205272768859 8.167219753753411 2.06508601067196 -15.560720276697095 
-1.3169115586990536 -0.9602231409141391 -3.273181070490217 -15.220849670113278 -18.345990794667635 -12.382482640063477 -1.3436955500258465 10.838395633573109 8.943830134594586 7.952262146090275 -4.540528468720325 
-17.392495421039925 -19.661351942671786 -18.298838330756 -5.691606669455226 -24.507227876192786 -16.749300182334252 -6.818765346985769 12.059058246412274 15.63135168758182 5.953166834788794 -6.592936148105 
-6.223556099318393 -7.111289299427275 -6.6950204641029405 -4.437551870897639 -13.219521863246674 -15.564683013121599 -16.48939935849051 -11.052022990001117 -2.753092205645573 9.319117567035352 1.881505772651333 
-16.390819113483964 -14.953190546565612 -11.549870646925603 -10.487602957318794 -3.844984968813555 -11.660877887884643 -21.905744467576774 -29.35427902015271 -26.54171711295347 -23.326273859697103 -9.557809854465843 
-11.203936162634271 -11.313771924222372 -10.58395656610626 -11.319566824642958 -4.785113327653203 -6.0960333579400245 -12.393714061838288 -20.223885868933724 -20.43270957404536 -17.38672729203487 -8.249834411739435 
-8.20807382686103 -7.7260974409415 -6.806860578798732 -5.700168279450128 -15.407215840581898 -10.738678741905652 -3.6852464640074745 0.7228643732058083 -9.490778945852279 -15.048901112144382 -13.051873707629765 
-6.660055368962499 -8.773480235224216 -11.197149295229881 -10.14947146895376 -12.371114246942746 -20.21956535661888 -17.926962257535077 -11.10733149003998 -1.5205485686598177 -11.287942358848273 -14.618677297535518 
