-628.7611136734962 -628.7611136734962 -628.7611136734962 -628.7611136734962 -439.0511298546783 -138.66500984702986 -31.115557840470554 -22.378166565959017 -117.78149848830043 -350.0503723096428 -524.1794615588515 
0.0 0.0 0.0 0.0 60.6173423403118 25.173131901933456 20.259038196051975 29.545942289831075 43.34976174893387 102.15833770054954 73.20861458957137 
0.0 0.0 0.0 0.0 -81.54954847661435 -85.07805243749257 -108.13734539388565 -116.93036874087831 -121.92605246153259 -108.90724988286232 -30.915499969461052 
0.0 0.0 0.0 0.0 -48.965411477545835 -20.419346473421975 -18.03811781544574 -31.305964172510947 -47.48576404576907 -42.49503891285908 -42.38857276513461 
0.0 0.0 0.0 0.0 -21.37487211928817 -6.3534027105775195 6.4266083111993595 5.345289329690365 7.065652721698037 15.138646792975983 -17.229195315881434 
0.0 0.0 0.0 0.0 -14.585541344601067 -24.278352093804127 -25.76657609028068 -29.475252156107132 -33.28103181757105 -35.29733127322094 -9.386734223475228 
0.0 0.0 0.0 0.0 4.252044365781158 -3.7025905994603967 -2.1521874163012185 -0.423573840158619 -0.5351533505083734 1.519325281832023 -6.861673697208129 
0.0 0.0 0.0 0.0 -34.724292243006026 -28.140932488770783 -13.742573064129786 -8.749835587417337 -9.24232380401563 -9.512056530643235 -8.095440273281797 
0.0 0.0 0.0 0.0 -5.504489892663701 -13.86789603013867 -10.878673784552236 -11.533985124549169 -19.48698965996693 -29.249753314927986 -13.584514608844287 
0.0 0.0 0.0 0.0 12.189210422325559 23.693022809512257 29.86195355759753 29.46226778329583 18.761356985516617 -0.0646582829164788 -9.854838005495555 
0.0 0.0 0.0 0.0 7.562895500089249 -5.550444774712159 -4.900479745184807 0.8688081858488214 7.903073243566928 2.4130674594850583 0.6484059994372958 
0.0 0.0 0.0 0.0 3.3494629132455778 -1.8837039002902431 -8.229155227400547 -10.884527229463739 -11.509267350780176 -10.679698338300458 -5.54490110014695 
0.0 0.0 0.0 0.0 -20.153277486909666 -0.5947981199915455 4.3155801605163955 2.037860679519119 -5.614142438897897 -21.660265313672284 -20.55687681643189 
0.0 0.0 0.0 0.0 -16.949864058981948 -23.768814334753664 -19.773190628438776 -16.539212949890757 -9.576246175495857 -10.135704893829491 -13.826213707536649 
0.0 0.0 0.0 0.0 2.9131038457837684 -3.0581690453632735 -6.002286350877182 -9.76988273372628 -10.75361400708095 2.1341645289328772 -1.7269310800651485 
0.0 0.0 0.0 0.0 -24.689672109639133 -11.075591258939834 -7.383715885178413 -10.5858413840131 -19.156466642656355 -10.120802145415276 -4.52746567984361 
0.0 0.0 0.0 0.0 2.832258095761623 11.798262516773992 10.914092400748153 5.3530875154247965 -1.1505198314448433 -5.397151501383357 -4.23317976528552 
0.0 0.0 0.0 0.0 14.573215775535335 31.61420148758834 20.86090467734624 5.09238763025138 -6.845877433049953 -4.164158136836349 -1.0545250881641697 
0.0 0.0 0.0 0.0 18.239230904927123 31.039223509169723 31.084938380134194 23.788615013561557 9.050440420235832 -7.767813942111478 -3.213827591263328 
0.0 0.0 0.0 0.0 1.6407797304563592 -3.066895747326965 6.151576086086411 12.80147773254619 7.410460199772282 -8.270869981547365 -0.254647252324986 
