-560.055046040397 -326.43812872217353 -151.76389111919556 -66.87749903890564 -49.49605005588605 -83.8160977056132 -177.27073009211827 -376.04892093588353 -542.1936560458706 -597.1315679123582 -610.5273148248243 
-25.24421055788003 -12.473966445863095 68.78614062985122 61.67676825397969 34.25395932329411 39.93743971386884 86.45224266487406 122.01657418023161 59.767609997360864 20.35161058644058 3.993113730617548 
-17.129667669642267 -4.159400476226191 -22.70996465961634 -46.191363856711774 -78.46432596575285 -82.13238811716455 -72.70393197940578 -44.471542008932104 1.4993028969342916 11.299976763514314 1.6749283135795994 
8.304230680656518 7.027993074828966 -51.72085771861596 -39.07401491170755 -6.578135748884618 9.891268326823695 3.9205007594785375 -8.893882221303558 -17.209906714365754 0.22380138242613073 -1.0922083546141352 
3.8321346264374294 -6.152526724216368 -20.875074058629025 -28.271405152344833 -24.961405166927804 -26.07367272090837 -35.56593276374244 -37.17070753320925 -24.68624517409889 -8.858850309361268 -3.1792127787337523 
-13.045406728005165 -28.783630911679715 2.0484115990758864 15.664762022559579 7.222222493572826 -17.366277152655744 -34.86522190671619 -33.58372260067573 -21.46537015918763 -13.24672432827461 -3.79346221087732 
-10.883466011404053 -28.081074654123015 -25.581320222651367 -40.10146924606575 -32.58866883797645 -26.384040067410496 -22.772621747190954 -9.443392203902615 -12.254317512287415 -12.584569458924339 -2.814524997087066 
16.802439619109727 1.2207892017237243 -15.076029739979276 -13.082580841172364 -13.393802954145913 -14.641663570398183 -15.202477886666095 -28.213280870551294 -18.18644265138704 -8.674859089304782 -0.8210281742968581 
-6.710216204892792 -22.340464448578604 -37.72552541145653 -28.488772548298233 -20.963471182731972 -21.368200741031806 -32.415817212775025 -27.950020366116675 -14.876533578654781 -4.278793813409372 1.197000657946955 
13.419083152871698 3.246197759799636 11.449761286723486 9.500622329476155 13.547974864748811 5.188514394140069 -0.3039051700458454 -7.299655485648933 -2.916825874556479 -1.620106122465415 2.302182161381018 
1.6141947226890923 -3.504573037865646 -1.4406948494932315 -7.76920994309819 -18.156157944419263 -22.76949244795084 -22.386284967947667 -15.383826776996335 -11.150299623916808 -1.3908626959264139 2.034322677167292 
-3.5847232213254774 2.1862373623030744 1.609069198457878 1.1691609246646977 -1.8292236670169204 -0.27210981151670066 -3.4121594275301463 -10.595093326195286 -15.900675689236355 -2.706978356611799 0.6026618328421548 
-10.23065430234858 4.195862197366829 -8.615920958148891 -14.885953657153784 -21.036004794960654 -20.4327966376367 -14.140731240746351 -3.4363946285453877 -3.9041574115520854 -3.9024997132833015 -1.2355686557178789 
5.579516599556454 25.224296990659944 19.950058169485438 28.29036785978479 26.9817895319214 18.382171195137012 17.848148102441957 11.402262841609863 -2.8300468455528573 -3.614338046976545 -2.5454480411199762 
1.7041963673575116 15.088518151014089 17.637609349775328 14.700050481845732 14.938759742647402 -0.40614118008108896 -3.7477121869230148 0.6658255554255457 -6.252890579045072 -1.524543403366645 -2.6560859147435223 
-3.964262708118457 3.4912315323075127 15.410126848994777 21.65530473335005 35.059619315025465 30.68405521135589 14.385857519223121 0.9552212587274909 6.053485035706391 1.595338050374051 -1.4685293091016467 
-0.3890836759606427 -0.11081171579358795 8.692552642462399 15.665585249987865 27.033609514554833 39.35506362661749 31.17249057870382 31.449029848863713 20.536442570895346 4.452667165116274 0.5077981644630083 
-0.4224227472784442 -0.47632739285319864 0.7565388640057729 3.7061821420592533 13.109781358391464 29.991079046301778 35.03502542038656 28.50038893685055 18.86624389344571 5.997674701007318 2.398880090687807 
4.935387688003034 -0.8867126526732141 -5.5013259199354785 -4.883037281872288 -9.291907986447269 -7.691403213592567 3.8546438990178964 8.795398251341378 3.8023991440308933 5.920354946164921 3.3700958483798065 
-3.099438851935964 -10.34783252054143 -5.068744350078296 -6.21001642401275 -12.147789783104088 -20.64321908230761 -14.71629883382044 -8.625363526413707 -6.581683717301974 4.64763723969037 3.0011689273031186 
