-681.8078294782703 -690.0682832501371 -698.0958387553097 -523.4571988073747 -221.24758873217397 -138.39610649555792 -140.07536210908242 -212.50691020675112 -307.0329943692122 -410.48354499146035 -548.4033898028974 
-14.255836266231015 -5.626202037542234 0.0 -18.738304652283105 21.65747753711465 30.55019451512101 32.06211268679682 33.8918457779305 56.714741356215086 82.23671093146405 82.3102800182308 
12.438668604715858 5.977933256363393 0.0 -70.23837481692874 -116.82404062021651 -124.65991095621897 -129.50413138976205 -110.60349963247216 -99.68800603830249 -110.54618713247237 -57.68811076097704 
-0.5156403835914032 0.7088838297159807 0.0 7.064628014208665 -14.407158459396877 2.1240076855435115 23.290146562117975 30.386571816934655 16.1257248067 -3.1923267310328356 -26.125934178470878 
-8.240627564195286 -4.4412468096922595 0.0 -42.76413674405491 -47.42663177149526 -36.56268199372637 -32.795800174239766 -38.84559272460399 -45.2968568078025 -38.33904504822405 -10.799279991121399 
11.811823492985672 5.862825346917242 0.0 22.13416163630057 24.274039502323717 17.857182362290228 13.273006913737248 -0.5842512036488015 -6.707826065668518 -25.207419919378502 -34.06647379973597 
-18.428689917612296 -9.33250127478179 0.0 -16.72230782407287 -39.63842202848335 -36.2701943146774 -29.0133589855145 -22.86991527180276 -16.30632337840298 -19.498579879309425 -12.018024621319508 
10.593336470020185 4.04309106198145 0.0 8.165315898806657 -5.556879862222305 -11.666558870793509 -18.332782716938798 -15.890934266435195 -30.747634457493536 -33.90321415998605 -22.803334592973826 
-10.79446378987716 -5.000306487916622 0.0 12.151133361497322 2.805608616397737 2.3666322875880788 1.3600744856164027 6.799215691189436 -15.668741132824444 -48.36504841290743 -45.554603729737465 
0.1365663749582307 -1.9740066498348114 0.0 -8.126095473878015 -0.7329038660383626 -8.642024229322939 -18.567837673071363 -20.181733552385793 -11.194149103494665 -10.926788559358858 -8.318195032622324 
2.981545020976486 2.2704434157460343 0.0 26.867035602572976 37.73768539773184 36.08483353541318 24.228684905983783 0.15722280172041725 0.29160919725135936 7.919014642300903 8.725460225336953 
-6.133709963691149 -4.762700317466256 0.0 6.173398594273264 27.541389773410064 29.34165607785581 34.20938479087525 20.87934098799969 4.053297916468335 -3.9640325819812534 -3.3366315868681022 
8.210133248384032 4.5999401461527825 0.0 -15.435317109547453 -1.496505953171178 8.83575460821657 27.983950912632896 33.4533190976054 29.59680097709527 37.55973242892877 22.523684403922275 
-2.840541066801573 -1.5628477572806445 0.0 15.68434797060208 6.396881027982245 3.5583133195762358 7.79707249468381 16.42690173518649 13.860050396853936 22.071795553399262 28.962370607795457 
3.5775184397684257 1.4536458147521152 0.0 -9.765199017721631 -29.85251747787406 -30.987071906715222 -27.25377344151043 -17.896685896611594 -7.097599885035514 -13.062820584045589 -12.868872714195625 
2.5228920905616636 2.8411895615064906 0.0 -15.752587845363534 -5.145268776798372 -12.836573885814413 -24.89613135813162 -37.68521145362158 -31.24375837200354 -30.921588258813166 -26.443609551004023 
-1.0955946245102717 -1.3605551401313682 0.0 6.137485857349141 13.21524381232084 15.296123269021773 10.151676619871743 -5.45249197424292 -21.64178378289631 -14.928562744077901 -3.026204769751897 
1.5140675521934215 2.788275875760112 0.0 -0.8860806146270523 -3.9509016170923825 0.35261511531140266 6.413789489268581 21.121765986691255 23.02270341695722 20.865632609122574 10.737835881691897 
0.43458622787019735 -0.0491677556986272 0.0 4.01190177366283 -16.65611642049241 -19.92852673627491 -14.98704349662012 0.9341398584797008 5.923693574688439 6.8765245890001605 1.821228523865797 
-3.8977592576193985 -1.0845830763093254 0.0 3.4847147151701408 -1.6144669126342994 -15.393245010784145 -34.03553803007253 -38.074620431353694 -25.48884029437245 -28.620273460671463 -19.21534980462838 
