-687.2933192194367 -693.6172319776998 -684.5939069677345 -337.395323884798 -179.36581461015916 -129.18220750920813 -174.21389665397558 -354.9420345442888 -586.6046615733095 -672.3181945559056 -700.042426653019 
46.49806390792851 39.39906761763748 16.411321265286134 -22.367497436015817 -65.89584852326286 -62.89021886325449 -40.730966354047425 21.65493404708223 58.49988712082073 49.63624614617394 32.61591271596043 
20.864099563056328 18.23172417609178 -11.428382975998622 -149.73812459339035 -167.2512749813112 -173.35599197591046 -176.2494007460358 -151.62796345171262 -65.27133013744273 6.452137462317447 18.078365635006282 
-8.47583685773734 -6.44731610785003 -19.092508149961724 -68.8774189051455 -33.19309733409828 -21.29427403475328 -19.787222612502834 -15.360141284431673 -26.781995948538444 -12.13754359393733 1.8424273031567597 
-29.659151892700123 -24.91635447938613 -12.876106602661345 -35.477480828806826 -40.53051930431289 -39.39707953400564 -40.40775847219815 -37.7460159963222 -25.454280683038206 -19.10561016316248 -11.932256050955019 
-36.707093143101346 -31.859100464982728 9.326126055002552 13.381374859623104 -10.900626027665336 -19.282720689724407 -22.097842917631468 -35.30338021101465 -20.92329687144359 -22.911976684546957 -22.00550615042971 
-31.211349955759644 -28.06681168609783 -14.041890684492051 -35.578292744579 -46.803274220163956 -56.253088814784206 -52.2973868496681 -28.0003858090732 -8.660766847267574 -27.67914680194059 -26.819903845454995 
-19.5043845786589 -18.47995248661817 -9.80106977061157 -7.372903180381206 -15.971854044210383 -36.414163312774335 -49.94026522561541 -44.88284499196175 -22.541608775172648 -31.129069687021058 -24.822614333501065 
-8.010767722317834 -8.418975349797497 -2.304456368951251 28.947431238734723 35.168314014421334 22.187661990287467 9.988693509773256 2.3391011347582227 -13.123396993184487 -20.901482705636568 -17.708127078042644 
0.008897932673552433 -0.7289724787033258 0.8750142246923795 1.5506668828490155 -7.471009280462793 -16.600245000671734 -32.3368981928692 -29.418952853883482 -13.957153074404605 -8.838006906121661 -9.802790660539632 
4.767887719891274 4.552697471972495 1.9845223212417769 16.735978676623745 32.09341498191645 37.38208070563087 19.426061211749904 -16.233657065151448 -6.814029916998935 -3.065527489384657 -3.2873266456685535 
7.975224231640832 8.475850504154735 -4.221549333391333 -26.518581076649525 -7.987592980354879 15.133765433032544 23.044201668161087 16.04179973359466 15.409698012305999 7.493406863044098 3.2878507564649397 
10.51614871706283 11.281641266554201 7.703049622817755 2.8439158924423644 -3.616673504993813 9.850463642732318 25.94408894588063 41.38574104321606 12.05928192288344 15.850163673021445 10.669751457464937 
11.57729238350404 11.977972157003828 3.230610531669168 -18.200423779950746 -19.844117500691574 -17.87934479239202 -3.2556142379812103 12.413904054243943 11.976736606250737 16.084084546264755 15.925347723105652 
9.714983532251566 9.538520559959215 6.650251626808771 16.174807202834298 13.086377954304464 2.7244628548932486 2.4187095245140053 9.33287597775935 6.469112792307829 13.68014808947469 15.902239309537556 
4.796878067877629 4.43488810002323 5.640868008008596 -15.41132501449386 -12.534337302321944 -19.80721936571581 -22.84371902226462 -26.68675401453078 -6.840967139921165 7.3616141440696055 11.5971868888995 
-1.0269536851076972 -1.0254823493528844 0.8975122290820344 9.900110969163592 10.014948039083041 10.985273424527696 12.611230833577618 10.437800763187226 3.520719752809798 4.605004850237009 6.528191785984242 
-4.438471229580104 -4.010238468158984 3.318952610913543 39.494552588452414 13.670623930092844 1.7429987142618537 -3.681888511382609 10.469065647461466 17.723140789445267 6.489606692583759 2.171044214349741 
-3.4450713042998737 -3.146126194193321 -8.539601406361637 25.985148642807516 39.87661410356029 34.09275972612342 27.97815313139741 20.04468417368024 11.682534077286508 -0.2905466053998051 -2.1306054613690524 
0.845622703223947 0.40505089452370535 -4.582589272753899 -19.946261279585784 -10.976330873676865 -6.948183765177969 -5.527961125469517 -18.41891258569063 -13.426562075320959 -8.798361202801694 -5.624259151152797 
