-716.4971076994387 -695.9565253731232 -242.144869902774 -96.71071381069898 -72.8014862057344 -142.62157358125336 -274.5846507128715 -400.8386369427161 -568.2452583653871 -647.7942979464868 -689.335281101149 
18.153111497414493 13.6483055983052 60.44974845351034 60.02219424634333 66.18369862774335 86.48571110151741 136.59571541215797 131.65282268809136 79.08314679023655 81.22269575748498 46.403762463775614 
8.906173343808488 4.218976921889934 -53.10694307408335 -70.04867720038075 -83.90018996689156 -88.68541943709988 -64.20854097781566 -54.49378803151991 -27.353601099682145 19.711993606563375 24.236212780773826 
3.8627973023556796 19.923867053707248 -7.972288279446503 -19.636223320872443 -27.79009383125662 -34.46955596792113 -34.435075873046706 -6.3581048004067515 -18.603806498970588 -16.808452065652553 4.745556962718753 
3.4227432790274883 -1.8073754467669807 -22.19234619066433 -8.130518017836327 -4.148205639940398 1.6840329674671275 12.094089768764011 -1.7723014206701817 -31.128094003733523 -25.206921606971648 -8.197097364553926 
2.708833053048256 9.234541903467276 -9.170949609679065 -16.324139878444186 -22.048516996106343 -29.77590596787366 -41.50535958060814 -38.27458254341181 -33.213569034250725 -19.051477549069823 -9.898883252284762 
-0.6431321105539055 5.081051821855269 -26.93702517650043 -15.853038734799522 -3.8433911228834616 11.550966631877113 19.49570638447397 17.828488977453738 3.7654652680576257 -19.94688535461372 -9.88716331675198 
-4.5015569887635 -9.240480914063706 -42.82366698967919 -51.53291692874142 -51.31284205030548 -41.16294065613448 -26.53018086939349 -33.886351798583306 -25.710202810306367 -18.284952338807177 -11.605105491396543 
-5.961535669526532 4.83721788777063 1.6571750821510938 -0.9924331308519471 -9.003258543093935 -20.007160813390563 -36.82291424821116 -21.00705347579865 -1.8114602491641838 -7.551757214689292 -13.563031688500278 
-4.509702386933824 -2.5221050132068124 -0.4169532364549147 5.529359173824255 7.809861138662923 9.939425870024245 -3.9804142480540428 -9.844667973765063 14.06932153116172 4.608134842552994 -6.586768601324046 
-1.0830514823916078 0.5037766345633139 -17.996066633439792 -19.657742542638083 -18.85452695654223 -11.902203692565656 -3.3239607723790323 -10.35491110576655 2.5917360493741946 1.2612124365726776 -4.39596279994592 
2.3792090820131926 8.166478028040148 -8.33432776456287 -5.439493702980127 -8.743283441165794 -14.122930148953985 -19.33414025040954 -30.149185132685762 -10.787280710010474 -0.23305851788542897 -1.9747040243554599 
2.8232094274368698 -0.49056718083816203 -16.53227327343954 -11.976931690217091 -11.300105535539021 -13.152670100840153 -13.346027285585134 1.2603828960960324 10.720226286199349 3.8807583799061405 0.8184211628944303 
-0.2141976875641869 3.7332835262312556 9.342592949648974 3.6204577857686195 -1.1341398956991218 -5.463364010826552 -7.225393093900577 -16.31460221769079 -8.667699205289 3.678745003163791 -0.5243153145270815 
-3.217180132947872 -2.112273885995366 1.3405874401772697 -0.4797731567706231 -6.673776092686162 -11.09172169599259 -7.600032747471355 -5.298512083550445 11.235248768414088 5.089034268942257 2.8555548769613037 
-3.2912858589716194 -7.269169793094696 -2.953380921366719 0.015518655519087599 -1.1817270342759782 -4.198217242325443 0.35003379330720646 5.081738198826457 8.429230485541884 -0.9234314666111565 0.9173589063195727 
-1.112665696658234 -1.5758560780322033 -4.378171183703158 -7.387498655146935 -11.489114106231812 -16.016900518723595 0.24354748163207698 -1.701884648423984 -5.996116072731677 -2.1694206334502923 -0.3794029433912506 
0.1552272453135385 -4.37979850519975 6.61529652160053 10.17197013200277 6.382230900770296 -7.597213865642749 -13.737295740034053 -5.474026738712665 -2.059945606682286 -2.4348842325161812 -2.333552885595989 
-1.9073446125756646 -3.737622933211955 6.44672347945233 7.588967653317516 4.377582993476355 -3.5826876243140244 -1.5918571518487576 -0.4939118890603167 -5.205251071864769 -4.339205252868691 -1.8089829888194222 
-5.373738551752686 -4.280038272889511 21.695867862046136 20.23490154645303 14.456483403986752 2.3690542589740353 3.848184332079692 -3.9673378186678994 -8.207758234523077 -1.6449732572867055 1.2118689412187857 
