-686.148830721698 -691.5955697408796 -700.8460093318142 -701.1202087453752 -701.9956786928035 -700.1777016581483 -701.9057271023333 -424.5932168977544 -146.46579179627946 -57.61885503817592 -56.402918719463244 
27.84086926538567 21.86800934242985 9.015927170165615 7.444912149224001 10.281989976457215 12.388292985829436 10.507087346530298 20.35847842225887 47.01662521027306 50.48659589540466 76.78490963532404 
14.119629018137363 11.24886850192473 6.049298588029599 5.277269272118534 6.37673364153537 7.174163875356586 6.721370856460753 -22.03101866015212 -55.62826333088243 -76.45168970990122 -72.82161198870506 
1.380788081912724 0.902396953103742 3.8300470265021307 4.139261302648537 1.9490043226604148 1.5408327156003847 2.694166564692436 6.779503650178798 -9.634407674689047 -11.109658988489937 -2.708700890844352 
-6.66214346102711 -6.045468415456077 -2.228758877423935 -2.18691791627327 -1.788841969684317 -2.148047196539544 0.025941242405097945 -25.541792793884895 -19.20118151768532 -7.387310884619769 6.833305786676652 
-8.556561692930776 -8.91090922546362 -5.588741570308671 -5.677961356799974 -3.771527604814964 -3.2142289876277603 -0.9362910027653983 4.461544565788264 -8.9353391382886 -12.54190169296926 -13.75092603088818 
-7.597880792669246 -8.788477023087825 -4.595029832357749 -4.114646601588641 -4.0448865418406434 -2.655380146649128 -0.9210241300974711 -23.067480833928983 -30.726654507096214 -14.674513118044162 3.303645161414313 
-7.391679288359496 -7.166546671339093 -5.560681227751665 -4.778736995507472 -3.6342434686797658 -1.988362030843363 -0.9290457096362776 -23.219386483895175 -41.62377066738514 -47.11628505279255 -43.60781264445469 
-7.090573655082787 -5.143575393276601 -6.903983915926066 -6.334397981371438 -2.8067285237927395 -2.0526359130215353 -1.4320535526632436 -0.33396732849765054 1.8203648016199838 -4.014374591272141 -6.456859250174846 
-6.924595692467488 -4.190020810057468 -2.204147494055537 0.7678204842359346 -1.661359110099295 -2.7006431821799515 -2.112817331907607 -22.168048853996787 -5.9900026417072585 0.21598015422194633 7.670382381339229 
-6.155467611165541 -3.8346946898400907 -2.98070790211814 -0.20122541978555503 -0.9278091535275237 -3.363987429582651 -2.3670044346320336 1.6301119475493917 -17.528655746628843 -20.61774370999315 -15.987538339801695 
-1.886236469126835 -1.9291764481620388 -2.9759757442530526 -0.7582931415038808 -0.8139759733269443 -3.7291881817073014 -2.0484835464621156 -20.18617736261954 -9.647077338361122 -6.542920564765029 -7.354338660614764 
2.9674510912618564 0.7383448562771647 1.1121205438690993 2.958090389458702 -1.2533104715285692 -3.8501640380091318 -1.5819593118431987 -3.650080468782953 -13.235261011512456 -12.424924287793132 -11.023720803862918 
4.237571018657656 1.8607090680089269 1.2863306508803227 1.0884631796947193 -2.4124583702597144 -3.7545237094837374 -1.357946505526148 6.038564119201995 7.785306646610454 0.6083765159760898 -2.2422633103884655 
2.9835792057261976 1.4637651920825434 0.7892980456163907 -1.4878521232051654 -3.5097912736938035 -3.1581940974927782 -1.2754966144081328 -0.17866371674789608 -1.262996038134136 -6.5465112941390355 -6.873139946829387 
0.7072842957646057 0.746446807999886 3.0060462635463594 -0.29988364230231435 -3.4883860200333348 -1.724431041216918 -0.9990621788029665 2.9224095531335745 -3.23279661900874 -5.125065439831632 -3.7174704843593 
-0.45481657106890006 0.6824583905841342 3.3853021511309853 0.342290602556852 -2.5269658362280794 0.37768324041152945 -0.485729074095234 -5.206115262765606 -8.994869782274947 -13.170108397205524 -18.501432375609195 
0.8718684775510724 1.027921170466204 -0.22621447404940231 -3.756682656139569 -1.0640224310185484 2.286172001114419 -0.12547850211518885 3.9722770781030765 11.643600215774237 7.754709871106584 -3.191334358595044 
1.3172366323496076 0.4071712634043675 2.22752896986359 1.0852858123069864 0.6132052221093325 2.9878236406195287 -0.42591291324344793 1.3253282350033138 9.900363374070693 4.708206853046603 -9.13248512331373 
0.18436145330774995 -0.4686971453297917 1.7109590467764797 1.938982510917075 1.7777622194271865 2.186604243301286 -1.5385752627270661 8.180666359469372 22.910515641781544 17.018620576925002 1.6576314889899806 
