-550.213115479597 -531.7928501704694 -529.0819603708463 -440.32415323485526 -291.9002401570341 -149.75651034399812 -68.0694199546829 -45.03745255741674 -109.93135745482549 -275.5355729880638 -438.1749774408007 
-3.4698704443791444 9.390926628539269 29.863952111757833 124.51182474800919 134.3058482234846 96.68428644954 70.85375827733412 90.81539987365252 116.35976998024606 145.28813878176464 142.88349822587526 
-16.302574559306695 -30.816017241616194 -45.94115209255504 -13.27429883887738 -24.28300233909566 -49.71376935240865 -71.23043785267973 -70.6711155017831 -58.106940898984774 -44.05279205578171 -25.49486986003223 
-24.558413710426997 -32.87733155087673 -40.302722828380766 -27.88357633291782 -16.77781653275688 -22.533242816451445 -42.17578574845844 -57.428027371978395 -58.63144494519294 -44.59127253400307 -50.68388750134166 
-0.26044203378837305 -25.038396741204526 -33.91500815417497 -41.14791498863299 -52.78737705329681 -45.27995455628261 -19.966812143679782 -6.12921461277404 -3.2606535331662228 -10.90469246891006 -17.17287573970438 
6.964697327316712 0.6210507400661011 -2.4301041794473957 -10.6847324301966 -13.217407731260025 -12.692690545101083 -13.409920585299357 -15.189388395029207 -12.343987562601642 -0.43631833429007766 2.272957555038893 
-16.506557061021013 -2.5588425568713373 5.896312190187992 1.9891008791094973 11.211303397032765 20.225254612503903 22.728524654084044 15.604978593611413 4.434351184824041 -4.645896514117696 2.4330397514928475 
-11.08689491670465 0.9093778352068036 6.105872212774871 -21.643553562213103 -35.92449076335451 -35.6431789567626 -25.178123261690242 -12.931965753240933 -6.320826643146607 -12.273241858673504 -20.16751576498183 
-8.041640300890986 10.460812546218005 18.900637375096295 -13.69281639940182 -7.26913349145258 -12.820240290743397 -33.64476655816679 -48.148171453148066 -49.02931938385751 -36.69359578500702 -27.808323384193294 
10.618943322998799 12.521850255199002 10.121144833472831 -15.938259033249487 -18.40620529175178 5.927684111778165 8.477152836705331 1.4793095996180976 -12.182586471840828 -20.38914046909251 -12.931727775520566 
1.72294610002854 -8.958202631742546 -7.60364763875133 -10.439498983706592 -21.819254033662972 -31.28585410775998 -9.14174304083243 5.037536554618908 10.627803988767127 2.934877836235511 -6.909607205720798 
28.619073734200786 10.54380578184557 -4.641947251374283 -10.492244318483687 -5.7694618113962015 -9.589697224238904 -8.5222980155928 -12.373832854906976 -14.911985686941797 -15.3842540471261 -9.179270227266322 
-9.793852396212209 -18.883469128093395 -21.77713511390743 -21.275551917633486 -9.976959825027546 -4.906834002253889 -5.323240177164211 4.457985318101849 9.648848396029702 3.900785820928305 -9.259262044432736 
-14.075425794186964 -5.0755641142206365 -2.724743571856259 3.1603294588093522 1.0974235389922837 -3.272761960515564 -19.365979223391903 -21.88989447342653 -18.41895807958908 -13.262702159936918 -13.00769552660937 
-7.268889044344764 6.163877169886246 10.429198876188105 9.699125847201774 1.993195455743212 2.9653367660288987 5.242708121379951 1.7471036515489289 5.55414106333662 0.9230958849679739 -5.386321652554033 
12.800186291335 20.052571490950527 19.95668883163222 2.0294623136397387 0.22347578235666224 -1.8689384714831794 -1.536095989134369 -2.0719260680257854 1.6535232009701835 6.91957796553077 10.154176955100473 
1.600939547436182 1.6971580454883821 2.7582697246208148 8.278325409924356 -1.6955508808059716 -6.845231559047441 -6.879210913725012 -9.847701160665277 -3.693042191487806 -6.295664471910113 0.17414533270478982 
-16.129697277767953 -22.19020560783759 -18.678715724604075 9.791635476248462 14.329289804382963 14.35048172793416 13.189349941367901 4.760567868837181 4.49787982530628 6.2872236030566055 -10.68463432918126 
-8.31644413055967 -6.956592185370266 1.2122214609088635 10.705902986141488 14.653373378392052 22.62767890715338 18.617792719164047 4.8428589312406976 -9.240655928069092 -3.1033034212736137 4.472579775129345 
12.459582147554425 5.386518974659726 4.640928722255639 16.263705635121738 18.17973795074247 40.00851175487071 50.42941084450652 41.29571435445892 23.465004045735533 14.75975411324341 13.004000591003877 
