-190.92120971602617 -50.73535252232733 2.2388133253190725 -24.99369837048118 -128.16888436863735 -294.85844493436747 -486.056504873032 -555.4943018163402 -596.88202632195 -635.7373736962865 -662.4691678576887 
4.018645735683937 13.542485953960522 7.242473163009627 6.377313618746396 50.82861610383061 89.54461765935223 32.87130112840877 20.696441871151656 21.417897187225563 15.637969880708638 9.038798220608122 
-56.17039832848681 -55.48157332465797 -67.67828715440919 -88.34570490240556 -107.46436203578344 -95.55464352689546 -38.9893692335487 -19.405031335638654 -19.4932628591323 -16.695810512789325 -5.006718675062231 
-39.52069036159642 -44.42176485979017 -36.124110906798805 -27.67347168613576 -28.31751732331695 -36.666793756461985 -19.451618973375446 -16.458886409147887 -14.07640422948526 -7.983678658407694 -5.239980548866974 
-38.795966238468765 -12.59148064758432 2.1458596675563193 9.313234048431916 0.1519929392484829 -7.273542874315728 -21.78759739924528 -16.990531835203246 -14.21108617693211 1.32909983389706 -5.1588342542357974 
16.977547558374148 12.779855804163159 0.6803340762545507 -9.313353800398886 -30.509655279498055 -32.81567748997338 -17.60116866348033 -6.672324100601884 -12.031722541323198 -4.614279989742056 -5.896061159241865 
-8.468546180519759 -25.054124187360216 -29.34398357647244 -16.57942097342508 5.709872921933345 -4.919473802577302 -16.428158313678736 -19.315868823306417 -11.633153095581674 -12.06270714993952 -4.6040705424803425 
-16.18255892609352 -21.393673557356863 -26.809616731443338 -29.963082331518077 -31.86495913119033 -4.419775120743617 -1.8913644193905204 -4.033313547210664 -3.6658928691665267 -7.915286541660374 -2.789455190407116 
-8.057520182054486 5.700471425548603 10.816506463171491 5.765727353416283 -8.780912350771315 -29.673793518371667 -22.718577657084097 -12.810919884648055 -8.987100312707092 -7.118405781038188 -2.7718753553103532 
-29.083394181372448 -19.010024739425845 -3.9446744342180295 9.376919944163472 6.455588411098385 -3.549520351903963 -12.381177369517754 -9.754080654248465 -4.270376559821567 -3.869823049861174 0.7735826055698914 
5.785167000203694 2.690122206122612 0.9576584412778362 4.858324058639875 5.495799870733087 7.075298440469301 -6.275902520516204 -17.983940759602504 -12.667335315763879 -8.389116235290215 3.138419697536685 
-5.443840384873601 -5.4061510857522705 -2.034452695232522 -0.1054279670204405 -1.1936394200511504 1.8134468372418078 4.5121358002651295 5.842710319687173 4.330385354964364 2.236991980083996 4.857001007527779 
-3.561881178789814 -8.88747247976914 -4.756065025918886 1.8401873249870737 -6.463290127347047 -18.699287170141027 -4.3267111380378624 -2.27232603223697 2.5609582352263036 5.055751772025184 0.7432920156439946 
16.792297610013218 6.789360877328811 -3.1197938703167214 -4.785672203303984 2.702623861568941 7.13434730157797 6.058436118079238 -0.7128937340912178 5.201942728094764 6.235884185456799 2.4497160916353393 
-6.029432920773932 -7.578248241918546 -8.221893252180443 -8.06488066706471 -0.7152297346741852 4.1178303579321 10.308973321280817 -0.624630467052493 -5.283943773255535 -3.8599631831572596 -2.5495401556680264 
7.32995523422845 7.062135310326719 5.29731496524844 1.1911305949628677 3.1956606298160595 1.6793540644608915 -3.689270862143152 -5.287758480539128 -1.2024607921572823 -0.8156083776130172 -2.42207139776143 
24.53284642871192 25.53576045944829 14.792226700938178 4.214723630180198 -1.7111804630266585 -3.8995746500101545 -5.5366721074086795 6.381665390019661 10.350922046945225 11.239820063804792 2.7422024819264346 
5.618254468136779 16.161389629320944 17.537430912059662 9.217135105986529 3.197845737218538 0.13001799779313583 -1.1733698591458244 6.598491796235621 11.86405251769948 5.566802380249083 0.17948265470877023 
14.147409823739666 18.03146590081529 21.351457345781398 12.518145464643982 2.3492704835176097 3.400381765807015 1.0912401794568716 -0.19943659896642785 -4.107893707903944 -4.157885329881636 -1.5280481535443133 
6.661535054184331 9.042801554710362 13.490134171922875 14.32800044313515 2.6569309053908983 1.4842865372368343 1.440436710859165 2.606664394921208 2.7594920673422374 4.584325955378508 0.11493742983909727 
