-247.07014840451887 -146.45783647387628 -113.21941837751743 -161.80386942500272 -268.5555276129269 -368.664277220292 -423.0910875881318 -423.63238167737046 -400.92600433522074 -383.80656795299643 -359.8124473166149 
23.4501614552393 24.509228805985074 17.602937559115375 29.384452048564903 81.08975853149232 98.45397961037717 90.69428776566346 91.8724889881403 90.64456376535708 101.39656872874184 119.6757263091322 
-23.09644880817835 -83.10861019867032 -98.87418829870622 -90.44434160385867 -67.46523712840379 -39.189966695534224 1.219458145359257 4.112027997286187 11.065958041239096 22.3413507367457 26.842559624855355 
-40.542690677352155 -2.601311968881807 6.11637536797792 8.799516785202199 -3.4641851074882126 -11.231939686951655 -8.53358552291687 1.4803459200480367 2.4320108596883774 3.847231336348301 14.08915019374184 
-9.399454671346234 -26.091366862858443 -29.02913247874108 -19.794991500951802 -15.669770480642118 -22.664454204574582 -26.53425974702632 -18.19212312079817 -3.5520246383150234 -4.735097946653861 -20.5531987832112 
-9.875828020342622 -14.806009704292759 -17.25581642495967 -14.163409106753239 -26.714896457806027 -17.634485648241874 0.2163267236683566 -4.093107437699762 -1.9585531792528892 0.25655228121488505 4.220656341198977 
-4.064209011585069 -8.05052640267088 -9.08667152936625 -0.14492024603544695 12.460498295131522 2.4523828580182174 9.17077919019464 -1.9255682129368492 -13.121059618925436 -12.020825218848593 -11.83336101480868 
0.842606068110427 -24.470924003803233 -33.588801480384404 -35.01697622338537 -23.7401657189165 -20.294123795923994 -21.86754225445935 -25.631800386972905 -32.68604377528544 -34.60614953828679 -28.895432476313648 
29.00905615843241 36.91286783691447 32.848572105174185 15.780292709252132 1.9022831448054531 -9.221839515942442 -16.38471495152804 -13.065676958616882 -2.321648936356282 -5.304374013046488 -9.573137502291939 
6.786279693267053 20.059049382602666 21.774666805913746 12.961450384084383 9.60659067936525 7.268061766138193 -12.332470025359498 -7.807050002657928 -4.39650698134063 -6.607749426217666 -11.33606871975421 
-3.3792153913074516 14.99211481225868 30.563116379678753 35.86346997434872 25.08101276314178 16.383221309306094 8.737975102847283 13.32307542113723 -1.9478047231052822 -2.7110184741637657 0.9677247336389191 
-13.074982787898982 -14.672110771992786 -7.942171908552266 9.101271515374767 13.042817459550548 10.399244134523009 7.859658109768765 6.753243516988804 -8.199826468317763 -16.465883153183263 -18.013140266489152 
-32.97761276157104 -45.50737833473613 -38.82654588210771 -23.20231103192137 -9.434065323982773 -10.661336077444158 0.8009820880114302 -1.338741196574678 0.5268986602266743 -3.294583160899724 -10.715687742021792 
-0.18955629591401335 -12.225122678005576 -22.86148804489223 -34.63300767723777 -37.44205049341339 -19.237452239655468 8.81083568008628 7.883854058115759 3.5546688063917906 2.3697611420844553 2.6721314964045715 
3.547375476702599 21.56989390542872 22.005862212696147 9.702694827867893 -5.220833263722852 -8.104820091978826 -0.5786325845982039 -4.378591865055423 -8.356145230228357 -12.649117052655594 -8.755769982962864 
-18.36727164621402 -6.529694055241899 0.21171511893537265 0.7905411430076961 2.8087768954947476 -2.753478169149803 -14.129549286295628 -16.254032766020146 -9.018340515980379 -13.937339339237512 -23.55562622468259 
-1.950203136533545 -13.087742443069253 -12.50206555287575 -17.96724497558442 -2.8090265595306714 -10.479816475959733 -15.979069147617539 -12.042621544213148 -6.514581865557621 -9.01869033713173 -5.296310114995849 
11.193085140828355 5.814366535711661 2.44382029237875 -17.138875658768278 -32.06811599301108 -25.181981206612534 -16.089029694966857 -13.900984341678015 -2.9352137227705946 -3.1085614482260957 -5.953877999401417 
17.796699624241146 27.982501164841604 32.0673499222723 24.407526949380866 -1.1988044462205742 -7.5077540501320215 -8.255893424769894 1.7070403219033747 -9.013185010895013 -15.026260530009115 -10.055629233734884 
-23.34036273663282 0.2524352469989396 19.18710268142168 38.96203540178226 30.053345247135773 22.357232088888544 3.316167340510222 0.3275529091768421 -1.08581825387123 -3.860263366443884 -8.399953539654303 
