-601.4365213542573 -557.1261742283398 -459.01329979321076 -280.8119100299541 -183.96898811752058 -170.6187406218617 -225.12537174064562 -335.9849010420135 -448.0770074674172 -528.7320182574076 -557.0750072880196 
30.702740009192503 74.96937271542895 127.95506289043743 69.8816101861782 39.115363002709444 49.067466594396066 83.2415199669809 110.926395436122 89.53851784801135 52.65804935169166 42.071295347398234 
7.654516775570501 17.42812375489105 3.5703614547958513 -62.42724153823505 -110.66616120640991 -131.37742573815052 -130.80076339099594 -107.58539909902541 -40.72091467026701 3.4285037917162438 -6.1881614473458875 
13.23085210474835 -10.662842162199475 -42.12059238420903 -21.487628406836162 0.8912056099186991 12.483699470471173 5.317973297239444 -28.164561274986422 -49.927659060024595 -10.906110342225784 -1.0711215515092325 
-1.8679682878582353 -29.62258906734761 -42.21384556820964 -43.76783076928594 -37.25176823783566 -33.92647034090313 -20.898923235960055 2.766475195929485 -27.64225441664341 -29.316647123418978 -5.288185568480464 
-3.85917141018658 -23.860610432500824 -7.48669333058109 12.295061026009996 9.148530582276079 3.073441924412328 -14.07577221559535 -30.40992276497886 -17.349631609525 -25.325287382048927 -8.532050624534044 
-6.078430625125852 -19.987191553715544 -15.38595552620215 -27.168429238879956 -34.898154321400554 -34.27744196086912 -16.315122587119887 -4.588705510516107 -20.049463019131274 -21.176790772960345 -4.181186069171732 
-5.8688238651745355 -3.732661939255598 -8.992007683291739 -18.19835484738821 -15.907093345570464 -13.6810581687449 -15.527895393801177 -6.6470449106986536 -5.587839197205996 -11.263496455018753 -1.9808480127211139 
-16.902982424300067 -9.153627587240644 -2.759711446281562 -9.886073956641866 -17.7359258776016 -27.256339562144454 -31.207947915330834 -29.69606275766303 -7.816293568797136 -3.92648080130309 -14.760924266282471 
-7.910983460113637 7.012361089964701 3.467617379347225 7.222202834238726 13.224782414174383 12.530691088940792 14.700331472604365 7.224322726286136 -3.5838966321859846 3.2896310782035214 -8.321084978681055 
-7.488341085631848 12.203182280768884 25.266994974248192 22.51801051420001 4.97300563530405 -13.269113462486748 -16.03560138713955 7.174207235796162 21.770571017861258 7.021985575146905 -10.249236027083619 
-11.165043494542665 7.801687087202113 21.973956079211966 28.145667217335067 39.19148007844195 30.50655165221568 8.407556577126574 -3.990996368659119 8.834027576295608 -2.216683124529516 -13.082900595839892 
-10.808559347161758 -8.628364254913365 0.3092274804135499 3.6455084712134527 16.17832488134495 19.483940655539904 1.3988390321891884 -4.272549227444079 -8.476725774282913 0.784237777211205 -7.439809041299695 
-3.003408088427697 -15.204516633221841 -8.767694296090067 -1.223403563706548 1.4451270414017883 13.313987041196821 -0.42950267963592503 -10.353491329273579 -21.378110892411975 -16.088539635510273 -18.363260383789907 
2.240694734862867 -11.148892129293413 -19.550904257209694 -30.378642640820267 -23.346140660125677 -8.815576540326582 -2.627038623592423 -10.92400159031531 -3.784428946163783 -6.476083417743774 0.2435742873233977 
1.7912892218541874 -9.159803386549576 -6.736763630356914 -4.342456284599838 -11.395268348987694 -8.82073556833646 1.9484121121655187 3.3592140260068613 1.0374503346359571 -1.456578233914325 -0.4447609481226579 
4.848655102796516 -4.97439748190186 -2.084313722122012 13.483024124504688 0.1668200709491974 -9.389136678243894 -7.920632075150059 -4.047045838635867 -7.027343958209459 -3.0543535426850785 -3.8289287747759184 
11.983736027490961 1.114730044078012 -6.67300492941663 0.07138935720149475 3.6762583904657027 -6.029692536328452 -10.47972559759663 -5.532979641745599 1.4608786679405614 6.90853276085531 2.012436770754193 
5.4652157230029665 -7.447153464687611 -8.255399198842778 -18.095153152927907 0.2003246121714632 6.210818472706704 4.212457757295529 -4.539764602164033 -1.6523299252381558 3.8729670584545928 8.078447538490508 
-4.303458670557487 -1.4413701113310844 1.4344307945106376 -14.841914740573223 -25.345494649949963 -19.8688428177985 -5.661730358528417 4.301700084853641 6.093843829413195 11.601903268744383 10.402517976411655 
