-383.08995743242724 -184.0779742548884 -113.32568442255061 -96.3677830849185 -129.16256799304048 -185.98719815268177 0.0 0.0 0.0 0.0 0.0 
-39.95621735619546 -2.5815512982207682 20.764122460949373 40.235152443291156 46.904411236158694 109.37121119513712 0.0 0.0 0.0 0.0 0.0 
12.664784188331293 -39.16354792848584 -52.99274854315934 -79.07771776632546 -92.76403530328925 -67.83220653828727 0.0 0.0 0.0 0.0 0.0 
3.219905237154781 -32.43568425013114 -27.611900383751948 -13.517183204708108 -10.168819226401428 -7.507429713428948 0.0 0.0 0.0 0.0 0.0 
1.1584533322281916 -0.20289595521105325 1.3913615002892357 -4.225224677178942 -8.757640954535054 -0.3702101099046936 0.0 0.0 0.0 0.0 0.0 
2.9049058848909084 -4.266434099083549 -0.1806098330819133 5.921892012800337 -3.4084619645756993 3.202458172344852 0.0 0.0 0.0 0.0 0.0 
-8.895757688238891 -21.695196422927335 -30.5596214293973 -39.07793660063663 -38.21533455341643 -25.231810103445092 0.0 0.0 0.0 0.0 0.0 
-7.0242199695587155 -8.745557570957734 -7.488652641696408 -13.672016312580983 -17.62685595535533 -30.198727393113224 0.0 0.0 0.0 0.0 0.0 
-6.076579122540249 -6.149295929630959 -6.313013945963409 -9.693540449654662 -7.999973844734535 -0.7180330937638322 0.0 0.0 0.0 0.0 0.0 
13.39241503804492 31.48088187279898 24.82325125715888 -4.402363686792961 -25.32477941622163 -30.767069858590872 0.0 0.0 0.0 0.0 0.0 
-1.9988164083375108 11.734042081265962 14.457289523491259 19.874103242237346 8.900301714556209 -2.608217546513504 0.0 0.0 0.0 0.0 0.0 
-24.029255943870055 7.219055320336093 19.147113751542726 36.53851549173382 37.8551536585417 9.423031098844035 0.0 0.0 0.0 0.0 0.0 
-1.7686229164601202 -6.515742219098934 -1.2984135603579186 22.88340223600955 45.69154866301752 29.50849503085316 0.0 0.0 0.0 0.0 0.0 
-2.0772148331407583 -14.773962426440217 -16.557798935381427 -3.0265029179395553 28.649548034750822 45.16550856450523 0.0 0.0 0.0 0.0 0.0 
-18.28326870891706 -14.820739819103931 -19.074488410471155 -29.814369120413495 -24.767744943479634 6.00900103685438 0.0 0.0 0.0 0.0 0.0 
-3.774430256085509 5.794059905051852 5.962772315483862 -13.828374649075718 -30.331170951563834 -26.646958560800797 0.0 0.0 0.0 0.0 0.0 
4.936819804322954 0.4086924537083834 10.315248784150238 19.99261604935785 14.517351463405351 -12.565856123586924 0.0 0.0 0.0 0.0 0.0 
6.891997602031509 -16.40654595001765 -18.652788016779382 -3.4363685357704985 10.107491561749667 8.758779785116854 0.0 0.0 0.0 0.0 0.0 
-3.083690455582627 -1.7264811740257218 -13.57925718469281 -20.15796364123566 -11.727961225969157 4.845028364682287 0.0 0.0 0.0 0.0 0.0 
-8.585719874314904 9.553907204736607 10.808960086786447 -10.50780432246973 -26.845791341572376 -13.359221437349106 0.0 0.0 0.0 0.0 0.0 
