-490.1378172741432 -471.3443080842181 -455.46205138050647 -463.479440074474 -389.385352885051 -279.75643144087974 -183.13231185687923 -109.40320441259017 -104.89494642865402 -138.19992258158535 -217.01114584458165 
36.867849710874054 -21.923848007580993 -67.4619873382636 -53.50858182317365 1.3560275736325926 -0.680058106690955 -1.754578048549166 -1.679847063401163 -26.088811837967434 -27.039650356121584 0.8455708570787136 
-1.3955795626676277 22.31285616741491 28.652610676457833 17.126737958292146 -21.863828088338977 -23.403717254004658 -74.2432946931725 -108.14834351443758 -114.78276200737852 -154.3907098554422 -192.11399755463282 
16.854401128010416 -4.552753403030875 -6.708092927202184 -9.623216975865827 -6.975393984234739 -6.771613109081978 14.370034482218188 45.28722606719326 63.87894008068207 65.75148779536443 42.29086709589987 
-9.222463677040858 -17.2582404253253 -21.195609724905246 -21.253614263345654 4.1413301127433435 7.820274878653216 -24.247622063155674 -44.657580112050155 -44.15149890048145 -59.674728584611756 -71.903776884168 
-17.499700283800514 -4.642170564294187 4.919188730576813 6.425309249420312 10.33565994569447 13.877060731257835 14.737308705962466 20.905718250713967 14.495992786037029 -6.9252787870975485 -32.31843921128453 
-19.486390287692522 -35.29103079093608 -30.765671418358348 -22.37154916141881 8.619604120452195 13.023408917168142 -18.437240048016214 -33.074142302737464 -34.30159675015577 -36.23920388142227 -21.052919094525926 
-12.46852771127325 3.7309831835549003 13.199692341073833 16.766745388167404 16.512302210343464 20.13852708577391 -6.911766884844164 5.723071093738227 4.198179416232193 -13.289638184353997 -38.292209294179486 
-11.27868066072418 -28.77801272154887 -18.075625006175866 -16.230487292411944 -4.635757053664291 -3.452753554548487 29.230488425190245 24.711393191369183 17.16248866690085 4.187807569077537 -0.6958906234268838 
-6.370057087486797 18.245255937776847 27.52194859372353 25.29429602619992 6.326322375189278 6.480901527229579 28.83208291357388 31.62906373360999 32.053235527305425 40.744920543226954 26.508647425712898 
0.7872478647695726 -20.948519114494292 -22.16246742705745 -20.623278382275824 2.1786729599230634 2.277965324505253 15.595869138849059 23.151524734018665 22.524294864076175 35.92227987584306 42.65774377380769 
2.490905192735807 20.980627896216404 26.25362402342565 22.662050744331967 -1.187899519315317 -3.3912611681714875 -24.03597672670653 -25.265080408328483 -20.221139752733073 -6.118425040007926 1.2631857705729548 
2.8384275301223356 -4.921298113785296 -6.0998991071729245 -4.840829648647217 3.0395759880033495 -0.3368243559338046 -9.415173115891196 -7.813482867119275 -17.016726004836013 -28.75803009070396 -22.462249198861883 
-3.0175355069743834 3.124245485726564 6.627533034037273 8.144339672466629 -4.755454950719244 -8.426976011278446 4.753607840323043 4.106236480658767 1.016655732359529 -11.64628915331027 -19.426291809185162 
5.09040472231711 6.85954279241138 7.499859613596846 3.3793251186344317 -2.9932537393890204 -5.3200883444246365 2.7665683117455044 6.273579882641037 12.253473794521133 25.13912377153726 24.379432215424146 
12.461077788383324 6.5800308322131595 -3.9663024476022093 -3.9627682197413376 -7.356579190658977 -9.18424248605386 -7.111357613976816 -7.569605924070916 -7.685745583643002 5.39855166773169 16.326922992325528 
4.666665910514015 7.62854968971615 -2.8796144660815584 0.5785824589126747 0.4179280615379407 0.05439734582649891 -11.175861648689985 -11.082045860822763 -12.158708552169244 -17.678346456118494 -14.441691541452021 
4.125808124382608 5.636914491603029 6.068686470991839 5.52994950793642 4.4624818524981595 4.101972775156561 30.891833526872105 35.45920922534387 36.09421562308235 16.89822396219094 3.603976527709258 
2.9474010338373198 -3.0427783112645708 -6.76009460810908 -7.7323185175976725 1.6411076794179678 2.3178611373658717 18.59517523234699 13.331450555438778 16.509238760607964 28.275617350000523 29.070925724491765 
-4.2328213006585225 -1.0633525835888915 0.1873361666210227 -0.8063008541223179 2.830078496785185 5.269676031713223 -31.520260023152773 -31.454827215937495 -25.737597383348103 2.9313586786636856 22.002422660102447 
