-406.73232629244035 -399.8174447697174 -385.41942383325915 -204.3108799977525 -58.02699542307381 -15.61935435874951 4.776403800995292 8.872485966325577 -34.0223248460348 -101.63078566977015 -205.78529560614717 
4.943026826789099 5.487665052967629 -13.141053411039598 -28.440487040683045 -42.83063768764644 -71.59310332296954 -89.607976718576 -68.15120599468095 -40.26677260539862 -0.27768251575739133 13.708622896353617 
-26.46785794642541 -26.38492978247805 -8.914139565235887 -27.905960251482256 -35.57976161760461 -50.182159108385704 -78.89854387802927 -93.30580160494719 -102.90451430048296 -104.51637504020125 -112.66164534513342 
-16.32800806313904 -20.25148271296483 -27.29190467034983 -56.54168100489184 -49.392008592460385 -26.18311484438073 -10.30967637274675 -5.6885926265238815 9.194468007431569 -14.279693503722756 -46.08809663537262 
-24.448968618144143 -20.253039824539485 -5.8410759420892076 -22.258332404031947 -29.207754267262928 -33.030520292870605 -31.175504823741655 -28.087947644626098 -6.715434934481897 -18.38903238839704 -26.728128207587556 
-16.93752748124676 -13.509647857332874 -20.42130991743696 -11.312658216720589 -12.60836208829053 -16.47086952783638 -35.204123727044454 -33.10326085498508 -24.42383172809359 -29.86692383787451 -42.13507012504951 
-10.456836420339854 -4.844686884734006 0.8362705179833098 31.052661616489406 31.06855494516865 19.83588602263514 -10.758689799150702 -20.197520079949015 -18.964199224906857 -10.407861773214641 -18.55695536819683 
4.357134643383543 4.389286413676809 -1.3418560671415651 28.77258005304908 41.44619215581472 46.250354108089056 33.73474786472978 5.6896587109693515 -15.281984117840924 -9.668708464426004 0.14870503479801903 
6.6430549982569005 9.14897213761512 8.180814870757015 13.07051511541659 18.82444775419185 19.572524419719706 29.26961794540175 17.31802334257086 2.5453305554917307 3.110476369018035 5.337786617349783 
14.078544986942962 13.02956216672498 4.333808508209026 -14.079255028713192 -17.47523346436312 -15.613203590922893 5.6772336484565535 7.991969546600691 -4.005528553387112 4.283703754749948 15.32066367639814 
1.4302222041469732 6.657762695439271 5.371854055570758 -28.000711953352006 -25.001121342916584 -24.532590458721216 -1.1452871290092996 32.226165493344126 31.787145572315076 22.921943991348748 35.35447438328107 
-2.975787900479286 0.07549086120388493 5.027096945685055 0.08848491235571654 -1.610290909377728 -17.839224550262102 -35.77328276223248 -6.8499408530356085 21.38648688298609 17.674878240759224 10.985110755971071 
3.337779531800109 -0.510266524431868 -2.086869499497177 13.175893818785342 20.198500377921732 35.5495755338187 0.8184077019728193 -5.180160377181241 19.96873423728831 36.92962233676951 35.354439394371056 
-5.566836074479617 -0.3344361916834254 4.586401545288997 6.156317820109395 0.8168771195000003 7.6172977712567835 -2.0476738814463546 -21.948106660385672 -12.52904314240006 -1.1528935851663225 1.5523848821271624 
1.526085961781673 1.0529705696804978 -3.8970728888082586 3.8442446446862624 1.749425519452456 -8.541445687672999 5.839180750184365 -9.376614350193309 -24.342197113890336 -20.42585395944343 -29.767832240486285 
-1.2896292147677513 -1.2770847322148253 1.679344891145329 5.813808312929735 5.832605800556392 4.0635074625202225 1.3163879716892206 -5.156394215202113 -30.634912127489805 -39.37627348226559 -28.393988639992852 
4.62642337547073 1.8887089422403294 -6.23839866802274 -5.124671912894953 -5.91079008157414 8.641820105698697 2.3698920750397092 8.374942506614715 15.839125753735576 14.499766595242804 7.776108004252171 
-0.5347166073546468 1.421948120898561 5.210377334916895 -0.3541389507533452 -9.815062053623691 -17.350674599788967 -12.421610646211587 -2.685235553999766 11.21799679709023 17.854941560276977 4.743768813275108 
-8.057657456171716 -4.280308177116618 0.5992284690487317 6.022181491767899 8.410122475776141 -3.2603226529493883 -4.068897977766028 -7.129965674581869 -1.257406918822714 -1.2486908265034362 -12.07436515347665 
0.7722136931498766 3.1573950043519785 8.736237545369697 11.372865966343914 14.606856878118244 18.883743422983763 10.522401886635162 -3.6804083361666837 -6.495646433462233 -21.69761030025559 -17.202072138125626 
