-327.1980813048225 -212.01738130659675 -123.43602027089155 -110.75230156818813 -130.99230530965553 -157.81494685841682 -229.93219987737228 -284.42366066889315 -308.58328294495766 -325.86216265653275 -329.8484136714568 
50.81627352139177 35.57722485989093 7.904822010863742 -1.1812395621570464 14.416769586526247 50.74493819855881 89.7938297765466 84.98602569026971 70.02234317117853 53.33707398021882 48.81588323308208 
20.214370973999625 -32.018578253649906 -58.628889319141315 -58.841796310149576 -63.11421741269748 -73.51526088880568 -19.173978177630865 31.745758541786834 33.02784150976612 24.81366135437885 24.635336089499592 
26.017446016517034 0.19846200455288016 -3.857953322184774 8.425381872765989 14.809493298205915 19.90633346680891 32.056185656115304 40.03946871498305 32.09884615398011 24.809384657993867 26.374102663621187 
19.869591886562553 15.36950303481209 6.154591297258758 1.777186942751609 -3.0915639725159156 7.5484697004601635 30.436909872865925 30.180016395347266 23.397864710657675 19.08784379323545 19.58207968372136 
9.137715001087482 21.653788309953168 11.469372416013254 3.8955249495595448 -4.122793418311652 -5.429943248515871 7.454495019459578 20.935925879554716 20.235063107521327 17.92687556662652 15.752943679904647 
5.907818782581707 -10.730219280211635 -15.999656038079245 -17.34533810341157 -7.648540174340407 3.9822427168610366 8.372158145158558 13.04375614810246 13.46331953767947 7.018607602777392 6.141470723109973 
9.787859938717158 31.10344167985989 33.24937554128421 22.778966918465 15.013233737423189 17.839462529231678 22.744379490687734 13.882729340019372 11.88642890507164 8.362326928469123 10.235108572556694 
10.231524850910109 19.219318525195796 31.282855207272014 38.695616417874135 48.38934318859105 54.00098693210948 39.847570233843285 15.35060545017874 10.29433496065528 13.814374170708817 14.678964533820665 
4.534779954165486 12.153217778250465 13.860298617801936 14.623624007791502 22.287182048839306 32.38553918905549 22.427280860614985 7.038812990940829 7.667668725887953 7.398491046796016 4.977588577613451 
10.585079552460186 -3.3763110862460595 4.205841495356323 16.337605561269775 17.708320220799784 3.710903044128486 -7.682735198344188 4.370839999699634 1.8758629042299297 3.5527139988603293 -2.6852996795134954 
6.90372635560728 -15.452705698743985 -26.455168293046924 -22.897554692246096 -22.26563501052915 -22.7421485948663 -26.491019945919746 -6.983996611050594 -0.1851621739899173 6.621702502298795 0.8151041119619914 
-0.06609784358930215 3.304225864551099 -7.750479826229568 -17.96774634969993 -31.944807440894294 -33.01521476683628 -23.064688057648606 -11.956631804874945 2.986060875286192 6.317674983453571 0.8992120809090247 
5.812537348557671 -0.22677209462047332 -2.70332088952229 -2.3303339158667162 -4.081960557273852 3.124728685570361 7.872754722198059 -1.1564075522986617 3.8975832012758693 5.820810513623291 2.6122813866137484 
9.350452932091036 14.232317491692797 14.658955327820053 16.561196469271795 22.07590372132877 22.43458474526597 17.47090385002627 10.708021971148199 7.061116900783519 4.240992210831958 -1.6327383404275309 
4.393969057632263 -4.838623070266886 -8.731656471688293 -14.35610704869752 -5.327350004493745 -0.12454664676850913 -2.4406362335502627 1.7261926104231782 2.6419526855844278 1.1597236459792908 1.6923579712123262 
1.8973198980047825 16.945171666265203 8.513440258082865 -6.579262709328429 -10.881175095282662 0.0585284804031172 5.121725743412624 -2.8796272521628095 -1.7450483276412136 0.17128430323417543 -1.4762518349407492 
-0.7237848657606382 23.391809716557177 29.70012151678551 26.45960297501449 24.152226066168595 25.7171562342184 16.16823313984839 1.6510563797013686 0.40649114344665704 3.3277783403748633 1.9724865302363828 
6.469296196091656 -10.347747655176702 5.327052099206836 21.225863016904476 22.75465969068579 6.581222501308188 -6.108976291646948 -1.5104101836172008 -0.48391957135455455 5.15978993174866 -0.5227596300325061 
7.673227175225341 -15.552300802936529 -25.934318929560433 -16.748276679602956 -10.853019179890662 -12.661595110466834 -21.098389738474587 -7.588786350952354 -1.2640316192896983 1.8029153996895553 -2.3297464218892943 
