-504.18850955126413 -400.05854382245474 -243.92590782616284 -187.96312409947475 -179.17704996138195 -218.41237207132593 -333.2649137896051 -442.17347275893195 -491.18331558947136 -498.96177579281294 -500.7699340520721 
72.6526676671084 10.955093435155362 -50.72681347788816 -76.64629553438593 -81.34497778324673 -40.33422866476256 41.07979110295642 80.33293643844941 74.99634720590873 73.5146182355758 75.20503260798421 
23.22495005452118 18.4049153201481 -15.275640573197242 -30.267231397150702 -60.0457726254716 -65.50398929096308 -36.956104023322446 -2.634422520885738 14.152503880764527 18.496870747363538 17.267411192552878 
4.793317678886739 -1.618412027989559 -18.26140163263227 -10.032341068163104 1.4825805109071275 12.060396669638298 20.51509833125003 3.112797985140003 0.6861914802264188 5.431523282467299 4.376463016872192 
-7.1059514627551374 -3.9642360249987725 2.215246980192598 -1.915481983856138 2.9675520090882497 7.502555743015336 3.3552320650196394 3.4352810778024785 3.185836040221491 -3.7018905469130097 -3.8198948155845844 
-9.204170963607952 11.114559258568397 17.28764550260358 16.987055981595915 16.18390601975277 8.956707803090211 -4.85280154538952 1.9301722735161873 -0.8356774882260058 -7.248597520009811 -8.623251754612578 
-6.918126695303842 -24.44214799967888 -30.15829824933928 -36.158261921271276 -33.55466628229717 -16.49411622316003 2.2193248168494764 -14.833148204138965 -16.772903494165103 -10.13173821157088 -5.372777168027666 
-3.518826212099501 2.835134117098046 0.23636681779845664 -8.709178216805658 -31.011280926890052 -43.255232316924705 -37.5489745663847 -24.979575624440002 -17.068546281169773 -7.793685302716055 -1.5111769068834047 
-6.505348517340014 -19.57995748614121 -17.146928999420894 -4.419832895467389 3.6485736626307546 9.655477166808023 3.405040317977688 -9.083660337921156 -9.549992558191988 -5.738620997260506 -1.1013203394171194 
-6.3944582997670505 5.4587522162489845 0.9896110158421387 -3.1843657469685205 -2.1371752957937105 4.511422929152609 12.263190918600518 11.129793531005372 6.252647170224961 -1.8493877999770179 -3.26539640115894 
-4.510608280744817 -14.985841563842934 -22.02623047354249 -19.371859811202327 -18.872241269420968 -18.72898197039274 -16.979337561932933 -6.138530559870462 -0.3880201819351685 -2.0513839819491264 -4.363747283446715 
0.9681783987875905 -1.195003976587259 -13.430947509378196 -18.858260918689318 -17.608765693951245 -10.099059609906647 -11.898287455161238 -18.888426988156418 -13.344417006264564 -8.953406454442 -7.458464283124057 
-5.817012161890417 2.8493001395352184 8.49206301511836 7.400544325457739 5.178358381335785 1.0667566761968794 1.2752424140513234 -5.493603477958423 -9.485702268961408 -2.5936516044576052 7.547181092034407 
-8.367228572634762 -16.112754824268208 -10.987370399976014 -0.728644445068861 2.864141356274026 -2.4082134858015434 -6.9940003615354644 -2.9137493539504193 -1.1359754004087732 -3.6493341712802168 -0.8055373179398161 
-4.475393289808595 -0.248947788516918 2.1882463404238437 4.011222643952704 4.255083778075237 -5.783951367679316 -1.2584000890220124 9.236810044143668 6.459857966247952 -1.0966937358327868 -4.025665574279239 
4.396497049738011 6.4530605360263715 19.415615326939147 22.707504547813848 18.615855291067923 -1.5493351740213213 -8.638372641709022 -5.202172055326817 -3.129203789250452 -0.37917341902444984 -1.6486703623149483 
4.741113759360314 8.464145443870322 17.393310384744098 22.66109791213764 21.585253573056058 7.6911522196952085 -10.782023156947478 -13.164975239454865 -10.302433125070904 -4.237738971640528 -6.452326984280094 
-4.493698993839557 -8.756600754518931 -5.665551919112638 0.05619768779073264 10.197648610395987 5.476740326220258 1.62183293257719 1.7422738915145242 0.36412376666676716 -2.848814230882102 2.3312848882481942 
-2.8558361509392998 -7.432401116145225 -22.909209810748052 -30.693192693786497 -22.15142489146022 -4.0783117151744195 8.67625833089341 6.771760369321516 5.2266502696027235 1.9506657751779743 2.053834008991452 
-3.349284139634263 0.22658658878884552 -0.5428613146673966 -4.413922573165571 -6.746944862670606 -5.754653863951414 2.4441214488806575 3.4302893521712097 4.226923786130555 3.181851733301867 4.415013875562206 
