-504.592502200622 -502.20236065902867 -508.6952657639011 -367.1767701583039 -187.90958766963766 -106.37104462585553 -105.43390183496237 -177.71482071799844 -318.57897255206814 -466.60117675547383 -505.963941037812 
55.32034611508604 60.83506294269315 56.251433246844485 -17.422909070532455 -58.48605326708683 -88.95811956562731 -98.586625960312 -78.00022775687576 -6.297155699670373 44.93594959412183 63.590667397324005 
7.514998292476762 11.819355209497598 9.791883434245754 -5.795144228676689 -40.42374156705405 -74.72989379261365 -95.7868216930494 -89.41365326840118 -71.61100020350757 -8.815543148741764 17.554636319923297 
1.8700579951750256 2.562160243730643 2.3013165739325525 -3.501161685666176 -7.7000108772893325 2.6309917651365646 13.35838782406833 32.07210422883769 43.49565456036124 28.61281541725892 2.3021064601768915 
-5.700301806607173 -10.20335246985455 -11.213600387064364 -3.3912430504106745 -7.741223114605388 -10.165246585890847 -10.895500882551666 -6.236851319747105 -2.6689748289318103 -8.922551588735278 -10.545685144387935 
-10.34057553187957 -9.223290195528481 -9.253520652276599 29.222283453509558 39.25304055265083 27.752136157687474 16.07476086806016 -0.9155177448301094 -19.928165578874857 -23.551916018879158 -11.545195317399633 
-7.640975235517116 -6.780577539986397 -6.501531527881957 -13.068287114856048 -16.69360246763273 -22.460145536901223 -17.855824575860943 -4.871026249677696 7.052017845346597 2.576316737794662 -9.56285520227912 
-7.480989324734578 -8.504403427710312 -8.95180581415547 -3.726329835968393 -1.923280431627224 -16.373028867801825 -28.618612523804078 -34.445770073225134 -25.455070789123525 -4.589641867192441 -6.733785400622555 
-7.349846630082721 -6.211376490148249 -10.379055490029781 -10.097283179710454 2.756679343894194 19.1205840490104 24.13214804135137 16.81405976584565 -5.680735682457091 -12.521224271576614 -8.177144591441794 
-6.200417611964897 -6.122082498394002 -3.593619201382631 0.06501410634281707 0.446417129078028 -0.8268089315478211 2.1644949572510166 3.5785205814624543 3.389858607148448 -2.5197721711862107 -1.1953468007974528 
-10.95047356268983 -10.750203076060167 -6.737232470217695 -1.2893028124972303 0.8280997809641708 0.3122964375046071 -5.882756866340934 -16.972369908844804 -11.984529492638698 -2.8199421816171917 -12.885242820704383 
-6.593977410315184 -4.71426711414161 -7.11594969414959 -1.9611570243174705 -10.74966836989247 -3.6879931418214706 1.6888064015371502 2.8179926442224463 -4.794104007358832 -3.829535294658519 -7.41665929362828 
-10.762009552742121 -5.49283450765593 -7.656646796015812 -7.23000894458597 -7.685874944595376 -6.346819542099065 1.0717091614478698 3.2762044036892766 1.0822022928367074 -12.082473975857434 -3.15080341676241 
-3.9086752616548273 -5.887880024059527 -6.203103477327577 -10.6773645212233 -8.988240660886309 -7.295575826713408 -2.959423143731378 0.20307539572755726 -5.822081602391947 -2.623657616136146 -6.749348514587962 
0.7668165133918492 -2.9624902784190708 -5.514011635197528 0.34806258549640173 -5.3840975316445885 -12.93129230120897 -13.844164436916532 -5.316892235425749 -0.27023940519368184 -2.294993498486322 -3.2621603787056896 
-10.76141181733855 -6.9921104136128065 -3.2995367508107023 -5.032551387519903 9.078438637566904 2.3191133698946027 -9.740184784861409 -11.895686824869326 -2.1625402895417314 -1.2501082816587035 -1.7984900633350454 
-5.1707207445167285 -3.430555036813122 -3.7994128764085966 0.8147337428040926 6.48138711021196 9.399388087436428 -2.3757342934143226 -12.176588257314986 -8.744098940575007 -2.655736536024774 -1.2677381752701837 
-6.031197674202604 -2.182491097224417 -4.305409864733718 9.318546523713835 25.018801720603463 33.73917294426792 29.449806515259787 3.797458720239005 -1.1441766043089476 2.8333802186714943 -1.356218074767845 
-4.048284909890172 -1.9361598543651084 0.8201441483042585 -9.138061024115762 -4.6835812468304425 5.772372259342998 17.971850989444754 5.7978969275802825 -2.8624634751190507 -0.9870853033504297 -7.999306489170483 
-7.644999080973019 -8.449746884861483 -2.5572609830508486 -1.7678240897140527 -1.187932576932972 9.23321814435187 26.582320119273213 30.48944341338077 10.934123097687007 -6.261279001422786 -1.5822754907865046 
