-503.3637645874079 -498.9551657926501 -495.2636773808995 -419.84462978558173 -203.01425249684482 -100.57754640285506 -76.77631953758456 -119.88424692609841 -220.82808021926093 -355.4693923558227 -453.59350883011524 
57.0454226382496 64.25999577917098 67.43530643807583 1.7578778594473785 -61.09719303352291 -93.00935113108973 -107.5089775814875 -99.83920582021364 -41.37709170184512 22.33385326147964 51.250563623367114 
19.72032873559281 19.907572825020033 19.61537687717071 26.31951761542184 -26.06383366818218 -56.00268481803809 -73.7629859198586 -81.5156022883323 -72.60921128843455 -38.55969383593215 1.1379430879283192 
11.826218597723361 8.068033581089379 4.957831687794452 0.7153769030905724 -29.496088255025988 -16.843868294501057 6.869545206707187 29.34554001526932 50.82946448805272 52.19085347697816 34.309068308298336 
-3.8009118401654858 -7.279071091726713 -7.594442088662255 -15.638390656621157 -2.188896148146031 -3.1782775197116844 -3.6875237718200307 -8.113314721793254 -11.955281730026469 -4.646547902674121 -14.224617427311621 
-4.669601814448143 -9.038572013128652 -13.62397368582111 3.813178155882287 17.56376031606176 16.016506308742784 13.142008947853364 1.7946435179217959 -12.830948612190157 -27.539717467298725 -18.181090957720542 
-15.76378786277468 -15.136718180895919 -12.520628842308959 -17.05670093045803 -22.384294669770146 -33.19049991221492 -28.81884569010179 -15.954673969051207 0.8128628505442261 3.9873251740456888 5.051814812027126 
-11.704514357904278 -7.92429604280685 -6.64502376074425 -0.2580559965184711 -4.927332950039029 -4.545299586929703 -8.278612235527822 -16.01213262854841 -24.43628658817277 0.2494056224828618 -7.54068719976069 
-1.2643262703179718 -2.599262998545874 -1.8778885274672854 -16.969700352002867 -11.541384357524468 7.114201304105182 23.099825221786645 29.151366608778204 20.485224760441348 -4.469750014118606 -16.291240514620625 
-4.174205923436578 -1.2872338101169534 1.0053048866176626 7.313841643586654 8.531682830526897 -2.908443292277778 -9.852706160976815 -11.496355868388264 -6.564919029573599 1.5925218031981112 1.1584365528329348 
-6.618731291329891 -4.88748609753245 -2.667138965469613 -8.355697976115827 -6.781400640873532 -0.162635352929291 -1.4716790819329757 -9.070519467300706 -20.0700089615136 -15.976847758450631 -8.049316639416531 
-8.4578555015956 -4.769894238042636 -0.4652858804310631 1.8264069055380152 -7.626817108461619 -6.1765741849144575 -1.2604320136895018 2.384152147130979 -3.631836534847172 -11.203290411100978 -1.9923214211329419 
-6.259724658807071 -2.6215846369019022 -1.9377779623297826 -5.216803416026858 -11.717724707143052 -7.02878343026454 -4.5167751411801484 -4.097812501998261 -9.80889937624291 0.5026158207207093 7.6354392963522795 
-3.608859978462593 -2.492610974728988 -2.8884768753369308 -5.1263898927314475 -9.972593906149136 -12.805416992622447 -11.34854436784994 -4.696368022102704 -9.90922211262325 -13.646307475127164 -8.938445750670924 
-1.644797294451783 -2.688256390899925 -7.116878145107968 -11.182175112828531 7.750720180148491 2.1243192765083236 -8.805417245273084 -9.466119907259017 -6.61211388091238 -3.3605036373733985 5.3258607930443596 
-10.810236928871944 -6.701496870781622 -3.9540786831394312 -0.25524538983790696 11.372445328541998 12.361643052961753 -2.3647338017503166 -7.715648391716262 -4.593973511101062 -4.6769656363896175 -5.016013270155831 
-2.6503138692385795 -0.7176944803676755 -1.6902189732601314 -7.923090061404577 2.0056343639336878 12.097503788190018 5.893728807767096 -9.224975377453594 -8.780506113164378 -13.815196943305308 -12.973821641269225 
-3.1453718001432733 -6.067952630797786 -5.955188826569493 3.232633523037072 10.1328132964558 25.84068966607139 30.055859838279062 11.07626102747287 -3.2086879520069607 2.096942217778995 1.7953439914146494 
-5.277755945743987 -6.445397841585729 -1.4914903546067864 -3.630728026509602 -12.207852831229143 -1.1822584218099106 13.458579040569173 11.480665447970466 -4.655761833029589 -4.98553812526054 -7.968246955446754 
1.2376349610567123 1.5032741261922533 -1.5977839653787618 -5.5498807768572345 -7.3890732301663755 -3.3604091223422414 15.227168161082268 30.34100906539104 14.60364506015404 0.8009658498096555 -1.7229775086536638 
