-691.1955070608897 -691.0188949293984 -560.1775068667288 -216.21246908598442 -100.5479795150384 -72.29008828670888 -146.09469274660884 -344.18503556293365 -581.2607022166995 -690.1437970674478 -688.3774148411391 
0.5285323571196948 0.577550718557281 17.269234562464987 -29.279865287486956 -37.42664834169326 -16.210961736901275 19.36934616407735 61.28831055185576 47.119339772236216 1.7122545369290545 3.364487445587033 
-0.8549502621424928 -1.00919904913121 -76.72485871548464 -82.82307929717858 -100.6889231707396 -115.12105755014528 -118.76591695209109 -100.35106662716626 -56.36669587886304 0.2971022200839901 -0.5724260459527696 
-0.19794672966370294 -0.010423208526692429 -31.79521529349106 -42.36552558848342 -35.963254924827844 -45.22599719174926 -56.458580841509274 -57.28057671395487 -18.333730279563483 0.7383772568828426 -2.422849975545773 
0.16294368317841473 0.8858682247639756 -19.372670093680256 -13.110061055753121 -6.100079129035942 -4.092577841332575 3.0926767300845546 4.2346323091886875 1.2744005202792983 -0.3002855000802326 -1.7554316262027085 
-0.5734883580943868 -0.08465978841269742 24.633762505666574 9.80151159882206 -4.462186836104704 -20.887110112477984 -31.744327646379325 -32.11296213338825 -23.096825991459276 -1.1807302586747161 0.38068823531877527 
-0.410618228565373 -0.7649705587717796 -27.3193867392392 -14.409412081343744 -4.476973022468389 -2.066886382427205 -1.496076805103097 -6.465360941770728 -26.287646583302262 0.08081112056080031 1.0539373427480834 
0.6374350287725974 0.18926951030024342 -28.71337497509237 -28.654793236106393 -26.81922209690431 -21.717646393475633 -15.546108944136156 -12.813614001272176 -15.824513181113973 -0.17084309218187294 -0.49098852463930687 
0.7355667850072667 0.7925411339546424 22.146533354958365 22.232888299706396 2.7506393800598508 -12.655198285057919 -19.770940085204387 -8.243578168433352 -5.763718974615893 -1.5314507294452984 -2.129659734654198 
-0.15729400392454745 -0.612133510938089 16.672455080544744 19.88635016514581 13.425574574276553 -1.9150189375309499 -6.741926117544126 -12.650001775965123 -15.086339550035316 -0.5174479557135874 -1.7485337163686612 
-0.5548201978372307 -1.821167969905451 38.901818772068836 24.331335255618978 22.392005436341226 5.047628152872316 -13.148807139068346 -18.145977992086678 -16.359261651749858 0.13103524695796032 0.004806767636346382 
-0.36973262033163884 -0.6556478612716371 11.335329816526972 28.087526281019635 43.91438545871199 48.18326657659303 34.323801718162194 13.542422410118414 18.500834059589987 -1.0700535769178088 1.7874826095750431 
-0.4440706071910092 0.69115568124671 -28.692443594197695 -17.528835544456427 9.770007998097398 35.60254763321691 42.901490889116346 29.218169191394374 27.648409002606606 -0.5528506930165563 1.8160588058806724 
-0.24513406655433057 0.1482394841672705 -10.346208556793759 -11.318957440148983 -16.1394558124978 1.0789604299739506 15.117358472375557 22.740335626694584 1.8454276690224227 0.20876011707993852 -1.0825896805710236 
0.3512722743394391 -0.6128470981214655 -14.791943934739848 -12.985224723039455 -23.401682354901503 -12.979346347153548 4.250960844282796 26.34245766189748 8.771390973042733 -1.4499486890192559 -3.3525287848867134 
0.1256342700976567 -0.191361449804137 7.2484270406801965 11.608771496280653 0.4934459899949576 -8.06313152877446 -4.948285089966932 5.569006774159833 16.037668619024558 -1.7973257007170524 -3.0048575656656062 
-0.2667606275482508 0.43356505173933124 6.199948814500993 3.9733842416472904 5.185556328728328 -3.2481465727434884 -11.250314703713524 -15.143087633308742 3.1823345359225774 -0.09996706467917033 -0.9555794615476321 
0.3031576784173794 0.1289932139539673 -12.787355038761005 -24.621481738902315 -16.83684421659658 -9.802591678405651 2.3099281800461906 -0.5248681499169369 1.1108303975039417 0.024046933023240985 1.483925560719109 
0.3448594838907867 -0.5558109958033327 3.0876478174271793 -3.455671552467382 -8.161928531414635 -10.73783778631784 -5.742275356630337 2.6284996779984864 -6.313881187777806 0.25991815603165813 1.9338552792851462 
-0.4784018650024189 0.15827265289260348 7.282113800934677 28.511474138729966 12.470665783308089 -0.9191767041055764 -11.277373091866988 -0.8199046208904675 -7.369714470822934 2.027955625780215 0.9313435086408677 
