-519.8664324851594 -518.1939124079433 -523.9855898943853 -521.0054789534298 -503.6902013985449 -500.3218429996327 -512.4747372512653 -473.24522646837755 -336.9078877139527 -196.75413322664676 -112.89171164612578 
46.865775614703 48.07684257003339 44.612874958344314 47.93382510313378 52.4820641717081 53.839973063918904 51.632258028570895 69.08066064204425 63.154561936624546 31.8411464188482 9.30356623412841 
9.342036308753517 9.991370997844491 10.689543562439265 12.34020701661273 1.1089117334048544 1.1545307422373414 7.856263579614762 18.729488145211093 27.36905318132623 -25.08007261625849 -34.85603554528595 
3.606611757129646 3.5115340521865632 8.177448562165901 10.624123844218389 12.449947421700127 11.383193067157727 5.512131755377561 -2.2865085911231566 -40.93048839327983 -51.61160528688478 -35.2673166810166 
-3.201195339822404 -3.435574920102974 2.2859691733615604 4.381909280496819 7.941447772497414 3.8405097084576583 -3.2012378046268726 -13.93589948649824 -32.093046754164675 -4.835036997151761 19.580103644156303 
6.2321055541691095 2.8104343814855373 2.5554852190441424 1.0926141284821047 -9.953539469480583 -13.230872731603748 -4.5220073385991615 -9.938459149942902 -18.295109878795845 -10.708761814472531 -1.9111483933313522 
10.885571363402722 6.710356347461792 7.970737941886757 8.43354313243992 -2.0997219226893193 -6.642762225773636 1.958107056409775 -3.962138736417119 -19.188092130456454 -26.556146878982638 -15.602121184579723 
0.18504193517005568 1.941819769013529 6.001098458868355 5.527080713021174 7.310751802656574 6.398511163346731 6.439301252148935 4.41216390725943 -5.966600880772362 5.461938199617032 8.187885346652362 
4.599191351345889 9.800912432039889 4.048787531667104 -0.5293184732168811 7.626915192092661 10.816953345467958 7.982845717232677 1.2705895801716303 3.2412252011787075 -7.612082415775081 -6.339076504624676 
-0.7495556150854081 3.2116967949915196 5.497524675796017 4.386601649810085 9.813549595492894 10.49646332938843 9.803831217411453 1.3246262357836904 -11.458876707237906 -7.7749192863405945 1.0526732252901032 
1.9152227430079984 -0.8085878140925952 -1.1669789066082754 7.183958908625223 9.962821652665324 9.716981528816527 6.109465159795576 3.773467859214224 6.194403478786357 -4.493199416101126 -2.4804322164221926 
4.345361736699945 0.5978592578906123 -0.9789172648656911 5.235960484829523 11.617352842760862 11.155411371649514 8.258314591759822 2.2638716953174667 -1.2255644937026244 11.279519773880219 19.512473568960694 
-1.3219916739876916 -0.2381663116537348 1.380843961399271 1.435767121777827 1.099004021833728 1.0161369617907008 3.6274925014517057 -1.9791430071066953 -11.89352019936543 -1.053161927592188 0.6829038322210734 
5.432864574259769 3.258161810737161 4.33315821274889 0.7672141086203714 -5.175462041255916 -5.911485430921271 -2.566033798349368 0.00017515592856931494 3.9291815718404877 -14.117281253990367 -21.578593253987002 
4.488533140957343 2.4028306309748197 1.996724271150782 -0.5418578950376495 2.880969949046685 0.6416646376190374 -4.365220543669362 -2.6129142189510763 -13.88172616515904 -25.47175715957717 -20.63802681519877 
-6.79647342557562 -1.8935493485472645 3.9667650644031247 1.866898394028778 5.384451312912954 6.701841633399047 1.0732155668606622 0.5411239483240038 2.409666355605625 -12.548842687979485 -15.114839262511754 
-7.139321780864269 -0.6081142877937515 4.953339326645529 1.646696725198346 4.148234540334574 1.8504718134295077 4.313925461154674 4.768803471674294 -4.981662115984086 -2.6563876842614995 3.384940794905368 
1.088980786232538 2.9429848752718892 0.6675580255420497 1.5880669433053638 5.027133390753266 1.78444430059421 1.6584067966278746 1.9502236760066933 3.2252711543876647 2.3323802629597368 1.6749364608586412 
-0.7700906765768015 -2.1407107507386134 -0.9134223589058844 3.1130526240726315 3.897188724173807 2.156829449396885 2.1742880787360397 6.44860485386022 12.846290746507329 34.45581087568488 32.59054071363954 
1.7758217187286824 1.5711939350037412 -2.028306409739753 -1.211840475760835 0.0713327490637729 0.12114288453241558 1.6274030362091012 11.770929420004443 18.420455821279646 29.513316187346316 22.95556292881976 
