-634.5386916154599 -615.9717477043307 -337.56474766954847 -138.89955836104022 -48.248908860043706 -40.183991606188634 -91.6318742751794 -214.28778200767363 -257.1010088362529 -277.9336762415184 -405.3076145123567 
1.05684126211228 -4.549458631617804 110.10293448969132 80.01471219210814 34.95242862246478 15.775334333042313 26.39263180769272 50.68865558760071 7.95582978170189 -24.246143677898132 -22.77158179866145 
0.5239640266702831 -2.3542072309268613 -52.84751702022294 -66.96793223670474 -79.48438933211487 -81.73949619793211 -69.70745396013636 -41.62630260811753 -11.857992212273954 -32.538153707787174 -33.33229558076984 
0.08174278177004013 -17.997646542534437 -44.28615095843965 -45.701635810207804 -41.09296361777048 -26.509605785526446 -16.396421381964668 -15.838536629794863 -9.086146371836062 -13.297584906375128 -13.547891069264818 
-0.11712335039667815 7.206196818772997 -49.12347472575334 -36.09620110320773 -10.528772942966214 5.727061217981362 0.9630342982571847 -0.5536515645895235 -1.3151676459272759 3.871470726010675 -2.9050909689599536 
-0.21794112168915242 13.604072876584162 8.029720655354694 14.63519041172602 15.135206750861553 13.214671939805779 -1.1085344324580795 -6.866282840994299 -2.7192242710642116 10.787914185596414 14.952612978479966 
-0.37479973228670505 1.7362606112893957 -23.672343609041377 -30.49172433441928 -35.51261931694714 -36.73506495710374 -46.88148040248669 -43.705424273429195 -23.909074807120554 -15.693007802824688 -16.43054498392761 
-0.5321777489836228 -5.290358267432966 -33.698782672844246 -27.62555881232108 -13.72261531704859 -7.770230086843673 -9.935101064363261 -17.319398729875157 -13.538812317167263 -0.6225241872452746 3.4996361972125856 
-0.557324515671056 -17.691031850524883 -7.094772495162832 -0.8034672133403313 0.2833291245877637 1.4080959472415062 1.13155589680985 -2.7811573469671114 -19.0892983121127 -9.097900108791162 -7.283000942701468 
-0.48227626485549413 8.346517843863552 -22.005638618765143 -20.683187425405848 -14.153228213796217 -12.376829390535534 -17.863797732393742 -14.750215346021598 0.045267409515435786 13.720901640744321 16.353469092810403 
-0.4744417551855784 2.086385498889532 8.637693157796903 8.032965789093225 4.823676970954589 4.145214655454323 -2.0669060339872 -3.645512173087569 -1.793064711684841 6.013975691104837 4.3825923101566 
-0.5752359064790251 9.685621713843695 4.992491399135144 -9.217783515650455 -12.083481829271769 -12.446087435375492 -18.031761935893876 -14.427871146917301 -2.2225829652833107 2.640395375204555 4.842011608884149 
-0.6021568647363666 -11.85278108136784 -2.3663570870019925 8.140978996698795 12.821546904158133 13.288156052080396 12.077024681101879 8.064493659283062 -1.211657774241362 -0.14288290810906268 7.095945193340838 
-0.3817990985996848 -3.0134927960564184 5.651094615973177 -2.420505351646372 -12.469213518978854 -17.420745176078036 -12.190919288889464 -5.690829124025741 7.421881010857688 4.311539751634972 8.380276030422822 
0.001509166013212937 -1.863355647511701 -13.048646324204073 -10.621266600656826 -10.951810655103017 -12.645483654948741 -3.6248283435134647 -1.7610290521815808 4.4204105127986875 0.8012976936329725 -2.244892428416936 
0.29574030892464404 7.796504331887513 7.054166128843693 0.1067742235708331 -6.172701557420786 -10.873805638115758 -3.704694494915219 -0.8754384561160753 -2.4017355598814936 -2.465877686910866 -4.0719590569504565 
0.394164688613613 2.6357644301061107 23.68967482899748 20.96920560736618 16.738037030846684 10.592915977762658 9.193607670333794 4.873202451600795 5.19651953867924 8.04300122071377 4.753788520854133 
0.44011008645461996 -2.108256500589068 16.94229420182585 20.3033063917319 21.811363877292667 21.21105639811245 15.279916756899418 5.385401581515897 -7.417419986623926 -4.55403207683122 -7.40692797398909 
0.580964408836971 -1.785824664899054 24.72268500990642 23.60527586021967 23.857040373262755 25.435339027936145 19.997945719215558 10.414104467526357 2.0930017615075 1.8312047572865275 2.894330509068281 
0.7200608947307392 -0.33137520702250733 8.935403112401136 14.280525837010131 17.43415772279554 27.97450613514023 30.63541702448031 21.026186641788208 4.230760756644962 3.115612443748687 3.8474757627127207 
