-751.1991853148744 -746.3460051660703 -747.6810070765259 -516.9626507886917 -262.3341423968949 -178.0946502155697 -188.45540557945742 -291.89554896710257 -455.6930662170484 -422.37452620227157 -441.08960164543413 
7.984560215229696 12.898262752257457 10.827698470155926 103.25122662681036 55.29401678660034 32.49460321090088 27.40407047983239 26.017860870252804 6.4525073951981184 31.57766000177216 37.0831150055472 
6.474414356622345 9.039092716287985 9.936543516484338 -33.565898135475486 -66.32682938400663 -75.12458606392619 -73.08165144153574 -45.845014391551786 -11.554772545551756 -44.39252634807235 -41.93064983609056 
5.818634617925348 8.468301318169157 8.721157047940718 -72.75327455253887 -57.701553749702256 -36.465306461555144 -26.27818610843362 -23.53463947333926 -8.744173964730084 -7.572004710208628 -10.084896917602112 
5.839868303913574 8.241382588876718 8.444665573366931 -29.263943550960924 -17.454303706486428 -5.936685993578009 2.012679932547447 2.6140819390659846 -3.0891110594832423 -0.07489238457760661 0.35302835097834007 
5.740270645855501 6.707857821479327 6.886293866526943 -0.43723340239832553 -11.81755252549755 -11.120380451285603 -7.712484206944672 -4.530800407494587 1.1269304148045678 -2.9018795620928572 -2.870427743333105 
5.569050758151869 5.98145969083977 5.062246319843032 -26.800648493043404 -31.38751439199516 -25.45203982314691 -18.655560167872707 -13.871530133379261 -4.655609989069202 1.5374991364074748 0.9283717273932335 
5.583346306715398 6.23805529295233 5.923222509545999 -17.396031642877748 -17.18740613658538 -8.393377295499944 -2.0574178732284967 -2.1018122140828774 -4.969721231954047 -5.693174028240556 -5.487985591832569 
5.465638358230663 6.224639077629517 3.7232932491834134 -17.101162279130026 -7.8527929237114344 -6.013575977310467 -3.7245788707602143 -0.1472330602614964 5.114005057544455 4.180128040919303 3.77547402898194 
4.970750075113979 5.813001184877757 4.9383774852572575 -3.374088332281369 -3.416139602462012 -1.4504126041054752 -0.4309772901156926 -1.1968468098997436 5.366345012665832 3.882453509096214 0.7781903444198867 
4.561794229920833 5.433649992014367 4.702952269804209 0.701462545562497 2.2965899037684565 0.4624742747336934 -1.9991597631456723 -0.09747025095057726 12.32221117996988 8.075021665573145 7.5491374699306535 
4.73994402763321 5.390679997466586 5.055804830539233 1.0834606406647473 -10.76294614267734 -12.103449718913136 -13.42441585692542 -8.949007377124431 -1.8168447504583054 -1.1900228770033137 -0.7818253468559652 
4.995338178521469 4.991544134455202 2.5201955238330216 12.941102402356039 21.89639890428292 18.502180461090937 12.907900543892637 8.059452525277445 1.1932184897762228 4.524733028622178 4.754683021805949 
4.249764795633773 3.3214162570324586 1.6239025392159925 5.720038576674297 -4.593124711730273 -10.981729872609328 -14.268238001193637 -4.601280446733271 0.46877200850337974 -3.270951291579624 -4.145858295617237 
2.599528076018418 1.2907058115587369 2.946320556228632 13.919688106013925 4.899708782894359 -3.5758549021630035 -10.790724638033314 -13.400177062654913 -6.579848334775114 -4.79302714605558 -6.014502228311985 
1.5020862114380142 0.42128516366923974 1.4350852267568872 2.8172905996721287 -11.751570394225663 -19.462244863623486 -21.081572892719382 -10.154680453948444 5.176338259376244 3.6088919487714497 4.290266000041227 
1.677714316810519 1.0212925134670536 1.4363424982831723 13.362487684065329 0.10926961228962306 -3.9284062065844023 -3.172061254748815 2.5092193859325245 0.1406950444949761 8.171312071218527 12.156326251447858 
2.2412366713673153 2.2748275386456447 0.5855333393906257 10.979635791837248 18.52297264423955 18.67777548973319 26.045237248536246 29.1570618590587 2.605324804762783 -0.07289020020625658 1.0079649293070705 
2.4460348399981786 2.6907425203410638 2.2564259755325917 15.325872514542999 22.599944903639468 29.4065401617778 36.01492872590234 32.96068574033589 1.9181269647361294 -4.472181078275734 -4.966372490124066 
2.5576070204680628 2.3746307687310213 1.2127682102956228 -0.4662354619502944 21.280470842602814 34.03106961051139 39.850662323962965 26.53443897278764 3.0965483801925253 4.303142065367261 3.3201696140961046 
