-546.1441889787735 -545.3470121538555 -418.6924959134249 -385.3391388075654 -252.02738652837022 -174.37984111136237 -205.58351422175943 -323.0069473660657 -393.81956428505254 -430.9299504220669 -352.450353709546 
17.00399618214295 7.885603065839319 39.48056297125041 57.05713371254157 -11.69971745561652 -41.38904092575169 -54.34429641842044 -27.7870060975753 -6.511948519508333 -27.209175436956805 -50.815730992987426 
3.5611704855198685 13.37430368141817 12.559266237589132 -6.091109449142705 -60.2923266203098 -55.000039455919804 -43.212973200155005 -29.63259743353264 -23.42977581086503 4.567212518853566 45.51171468834929 
-36.1391720061493 -20.995577445201825 -19.03698243706389 -22.036335870880695 -23.99298446283141 -12.905293043697739 3.7459599624833144 3.1277557480748985 -4.988340326948211 2.240734484570783 32.25106919317971 
-13.521979203132704 -12.302068651100551 -3.37803049105092 -14.20620826573137 -49.0251864534834 -41.19098005735506 -27.845236473492434 -21.440331380766857 11.088046435717459 9.40236773965727 5.232686974323344 
-2.684540216745587 2.1053815005322813 13.360100045748167 14.13219682930086 -6.430432514456442 -12.626131858622525 -10.972807430940106 -20.358366395549226 -10.749630395816432 2.449267174855715 0.1565949391348293 
-0.9003521394222539 3.914506812639048 1.2208882558621712 8.46916124138777 8.959045484605184 9.243948233825051 9.880145818259415 -2.0506661214923563 -4.2096283989238135 -2.945176034154442 -2.1668112127025716 
1.1675716737780935 -3.4899943665880837 -9.17530329010134 -7.178583635159265 4.137859246468318 4.1449688571964565 -1.6204910086405513 -3.8948857215061405 -15.320781939868176 -7.282250294959013 -15.496559177281807 
-4.355256448862251 3.411264608327314 6.89579171281348 6.318039103023137 -15.006851420861953 -31.610407712630536 -42.87929836095627 -31.595004857422893 -2.4752207216772764 -2.7738317989094394 -13.806087147970544 
-4.718397741997734 -6.962874877115837 -2.604318638899566 2.4587582227583322 6.735490110534462 6.029290262225891 0.782491607384346 1.8796707958645968 4.9299978492766625 -1.917306348293931 9.429051107556784 
-0.8134410401197378 -0.13743308460202353 0.01011034018696294 -3.5003316749398348 24.93221294748463 29.155295167016092 27.30628606578348 12.52506347826795 -0.5732723481266933 12.27649952101769 29.384397993900166 
1.3665871001788172 -1.0937203222075096 1.678521444635061 2.9396211242831933 2.1751080271411465 11.866720765912877 21.719037215915996 14.727211223364755 7.026108750435383 -5.308430289513279 -16.420757820816725 
-4.082420658911381 -2.6877749250994825 -4.780597585866019 -10.259811540938172 -9.024688971271164 3.725098595711948 19.02919618404573 19.721455364808328 -0.8998152840668577 -2.486016475210991 -12.735897535923467 
0.4842252485093743 4.031230636843503 1.8348212424951305 1.7412843437064838 -11.406868334328632 -9.672487582115856 -1.9152719477320819 2.067306584417 -0.3679232880890381 7.137889463844546 15.170409491603783 
7.89652135294109 3.0528572454814893 0.21263468009471642 2.6181565854084545 6.519731792102373 -0.7760785634724029 -5.977480796504281 -4.697458792841148 -9.350704677218555 -15.611281271275988 -15.421518309128015 
-7.664423895245266 0.29378175548830765 4.518293471207115 6.188052725511438 5.87095657838011 -6.357765366518075 -19.230800778266975 -19.431240999670294 -4.376300178815702 6.110542300530174 8.342421528568316 
-7.404759773007217 -4.377296318598893 1.1279573201469506 3.5237123172693448 6.2353974295593435 3.145501113644032 3.5246099597586706 3.391552588814543 -2.800863701520907 -6.554475222331359 -2.8156491968132675 
-2.5975674744036197 -0.184153934969436 5.07681950564262 3.1130840066473904 -1.3828506611087739 -8.884987327227044 -1.4519907848277802 2.7211519383042955 -2.668709194856493 -1.5966073987799831 5.8837509483506185 
-3.6201450696013384 -1.2352343197237097 2.113611763870832 0.47141990784622606 -10.930543717381592 -17.04455181863012 -13.820027311504651 0.0878680077900289 1.4185574860088734 4.037133985145738 5.5234565127677815 
-2.393628196720274 -1.7286725851404405 -0.8501059651646418 1.6623537043753012 10.66244505400817 -0.9139830606715109 -12.98295877265285 -11.264231054469874 -1.2459597654077281 -5.204756777878857 -14.197480473078894 
