-167.32492640210734 -68.052866612543 -57.290295294634625 -139.23103775409785 -201.74653727932153 -254.77585458618705 -475.7352728235879 -592.5856084609634 -560.1089021296425 -497.4423204506187 -442.7848483089898 
49.29362356895155 4.440289217796717 -3.4620750926472055 18.348004542083252 78.79717620828808 85.20526443622805 94.53859779619768 43.84119035986055 83.781646582675 130.67954486279032 158.71214639669586 
-53.612012678424044 -61.11315734524979 -51.99806612649021 -22.987636467486126 6.666101040650843 7.68781516839775 7.059532369826142 10.22937217475964 31.778661991991875 34.09842366550548 16.630683206454435 
-30.41881108131576 -24.516948115265997 -16.150420402353816 -4.295006252390667 -13.113852845185187 -13.553761197347624 -14.498318568401718 2.035051401709229 10.01726773663961 -7.232354701474253 -22.350929282647392 
-11.369338785697316 1.08349322605919 6.921289592045583 5.755166619127441 -16.771938077048326 -16.469312104795033 -14.970912093061198 -2.676833681154316 -6.489442285792543 -10.209410901844574 -9.444774981513813 
-16.061622853355214 -19.82293723804742 -24.22205890944801 -30.40778074389076 -15.241184803510254 -12.733179007073835 -11.43264030159043 5.284151875528783 0.02934667637756938 2.286246326828859 1.2661022892794664 
-33.28873407052818 -33.18456269424638 -34.23902179614946 -29.33876491576313 -17.60995271581445 -16.010728427802796 -10.442580365043217 1.303926362333429 -8.813057248817117 -8.663372874248044 -4.4125733674479015 
6.2347684378762045 10.306627659401052 11.664551583800442 13.474595668828789 -14.122721725253147 -21.28628142015239 -12.230714411119958 -4.269726811056312 -9.808801971781286 -12.221644544889111 -13.091576989881833 
0.4636745014655572 -1.2738688416960353 -3.6162675035836522 -13.070040352278172 -15.588339447591137 -18.016221833174036 -16.099611403220447 -7.95089715399219 -11.500407013519112 -14.863510556503876 -12.240312981648554 
-9.229014130817795 -11.18282931994959 -9.951006543079476 -12.776839505901144 -9.54624660088664 -10.525642105516216 -13.606582272515467 -6.310641042305665 -10.324667170621208 -5.3171661870422415 -2.9571871837511474 
-11.45783443574531 -12.398899475831254 -9.962895667091889 -4.650959809785901 -7.901940051449777 -9.590696296801582 -11.320625756500238 -3.3761317988170196 -8.138765266046178 -8.332763438429334 -4.214689979791731 
-18.420637839345193 -16.162300169305837 -13.669787914214812 -5.175546374055839 -8.47712065014856 -12.160937839148762 -11.1219617062119 2.3753003549331515 2.786936936747235 -0.6680079196462576 -5.9565914818489745 
-0.028565996658379 -3.2262399837713716 -7.036811562477538 -6.556471436559438 -4.616612033690874 -4.716913006753858 -8.895710495899603 -2.048134366109101 -1.8846290299703115 -11.854892799136014 -19.386946029986913 
-18.59698977003326 -18.525941555863916 -21.27045923616349 -18.09787517773676 -7.8911945554103 -9.41687755604295 -12.10652689269137 7.167108455236312 2.4129216424779774 -7.885455731038178 -10.669158843483887 
4.903758402637422 10.56172072392179 7.281309823145809 7.917306010737838 -6.600658893821926 -10.953351543477979 -17.031664768282116 0.1036431994612994 0.17643043503822997 -7.105473171352433 -0.6576451339315281 
1.944391773534428 2.978836602858676 -2.848836945652976 -9.477220845737309 -4.7308685869159035 -8.510904486285565 -10.207317473332111 -1.607827824672193 -2.378756941102722 -3.3751051703575214 -5.126754509896483 
33.27778604320223 33.29908419021727 25.26564588217179 3.6151453107612332 -5.271542294258812 -4.326237238688632 -3.0153745557820533 -0.9296620405981805 -5.639614097383369 -7.61868335036992 -5.249099412958543 
21.152516430568582 22.27753769759292 19.8440352644242 3.0906332108455823 -0.9153414368108345 0.08669914592145778 4.188862533851809 -4.57378466963112 -5.378527767653056 -13.581495074802714 -12.861974919522396 
0.11557971854120674 8.869324997446405 12.51415027869323 6.264574763668633 0.15241155186557948 1.1361426969221247 4.504091028350672 -1.180357363655246 -1.218358408794168 -6.717798298395751 -3.179835206639084 
-6.213806806598056 -7.05705891986532 -4.466107352876941 -3.817629487823214 1.493662315426838 5.326467892111758 4.667975773849029 3.2692077092301552 2.0433603253019417 0.2694587738155795 2.8022380326020815 
