-619.4917181033528 -619.6501828272825 -625.1410224126331 -395.3952074232593 -149.58672861808398 -83.37745439745498 -125.49393351088025 -278.5229730503805 -382.9119058925615 -439.3315932780232 -559.83575709407 
61.90593905603971 61.54547414387827 58.82947588445479 51.88114921465933 -25.802504101598267 -36.00646464065869 -31.950593204102155 5.454462422503842 51.08074345094141 60.268474443965275 48.67153055072603 
-29.154450108243736 -32.76780782266326 -33.14323647744595 -133.39758013043678 -90.90725363252946 -74.4589740644926 -58.159462232867725 -51.71947496986197 -19.089182372343803 -12.006832090774203 -35.02001245290317 
-9.50829922388268 -10.806392369214379 -10.808128512580858 -12.943352221564876 5.1593541100931795 17.562269702337854 24.06226829395202 23.88657164174976 11.560170181477172 -4.160659143309213 -17.007489136689912 
-16.703908376244687 -13.257700387853948 -11.903385902884839 -21.084061603469923 -13.33765763332475 -9.228455653103222 -9.366955136738502 -0.36728607613305403 22.912572771281745 19.723367393036728 -4.6497259619564 
-17.395697008879804 -16.615174329731484 -19.338758270233022 -10.061995993505043 -5.911912327724757 -16.144647110126115 -23.305349156453687 -28.361124512860727 -16.45534885008843 -3.0548214457023097 -15.11609251235895 
-10.574090047916041 -12.626476350815949 -15.738011965777812 3.81116918231185 -7.561637488194769 -12.035289083807124 -6.539248176481598 -0.17419634092626096 -7.748470069810521 -15.047601477908621 -10.853557048171218 
-7.037474255220609 -6.059534347753091 -5.45801926481941 -19.260564751385232 -13.53690290508926 -13.926948198569775 -5.26460382061399 4.007050508928684 7.692873657873552 5.54790437708002 -9.034490951696114 
-5.261149760956853 -3.6514426387910137 -2.9112345036912375 3.6531595701815154 -10.962813775592483 -24.16742244605403 -31.650332737243417 -26.490487172307745 -7.858490585935057 -1.5967977023996416 -4.62666392869021 
-5.2989539719134005 -8.217741950687431 -8.273049723359115 14.066391941153391 13.778346505825493 11.200553078328648 3.731706605092325 3.2564782227209657 -2.9800204634110883 -9.428704236151312 -10.877492706758431 
-6.0000540348635685 -7.24455148646631 -4.820089613099782 16.865037989135025 21.86789146790612 32.04812314984747 32.020148034294934 24.296227459903704 23.387931363635175 20.33239949532825 3.489119249771239 
-6.889966561150416 -4.882029347959683 -2.7178834894578907 14.169851810150458 5.574706911105083 16.370990693017184 23.68556006386443 14.407341525677793 -7.453152019936903 -3.7079968101014984 -3.926831410142839 
-13.53358512545973 -11.186254359104453 -12.074948240972972 -15.87349068523821 -1.7333660501021635 5.24443461199442 14.418852496968965 17.20799831345491 3.5486444849660668 4.562273923262948 -5.797825255606551 
-10.023857669203986 -8.33032662164575 -7.50834412299287 -11.039452611992886 -32.3012309012719 -37.573558075766414 -37.29526008741279 -22.13591842729678 -2.246851963872375 -6.601381085693807 -6.895163989742694 
-5.164369584778246 0.7192922651040434 4.882333490752698 -4.5932832770651455 -1.5349295643457752 0.5299561320740984 -2.9194582928503934 -3.775027812783181 0.5075527719792707 0.20611884405966677 3.256034237472688 
-4.264379006941785 0.21225360424777548 -0.7445984757384063 8.382786854135214 12.340565389819194 13.08875967470864 8.234071269440097 -6.966249180432351 1.3201238683212981 0.7905203665084737 -6.497900694257794 
2.8481185162660436 -0.42130493155941057 -0.5863717565706671 -18.604509190468214 -6.138593432718462 2.833283560954521 8.79500471553922 4.390764462829773 1.487422325860634 1.7574742240236794 5.317375376798435 
1.4944624720009645 -1.970873545957081 1.7463601958904416 -0.8045492263987 -3.0633075141241726 -5.315557218419665 -5.108775161276018 3.029255774225491 -1.515698806332603 -0.6126490596004612 4.548541875192797 
1.118056124719795 -1.1042267267121466 -0.8594720719126976 1.7224902503521453 -1.6581349798338538 -10.699006328193226 -18.877300918125748 -13.383606022211685 -6.162914868760632 3.8832556507672855 10.073645328611278 
3.072673628842721 -0.9427402822279556 -0.733055815027702 43.3485539775617 42.5940929539561 28.764760701846647 14.095081906100216 -0.753190316873411 -8.697639637123887 -5.992967387468225 0.7707169000502934 
