-345.6483192226728 -353.4792833784768 -369.7068493882941 -341.18249914397256 -176.80614541573067 -103.40154801555383 -112.95797177585995 -174.39457396077816 -272.9826754383209 -267.6015840665959 -258.9560644890586 
24.866595577606656 26.53742860086114 24.691913584367043 66.16432091363879 60.44475030438376 18.813217646973662 7.522248915409164 39.943076375286964 52.465642816065916 48.622293854871764 41.724163069704574 
-6.6071893542830065 4.2746320015698664 14.027313948941773 1.5382357813113694 -52.44885866609947 -60.94347654246478 -56.8003097057386 -41.703493058393406 8.075089012565726 6.905646202652875 4.377724889620673 
32.285619433681354 24.512761181836304 12.068917060319812 -13.136186148156142 -18.05158056179676 -17.81572129678608 3.965437001871503 17.816637187166606 17.694316502726387 11.529100750069933 11.304464415381563 
-0.07987932952209752 1.559345178578503 3.9185177790295826 -0.02651305226353784 -14.507180241058503 -7.343212106979539 14.198599646662334 24.644922395017105 26.739429201277048 17.05752171277841 14.34589496719013 
9.873672765643978 11.059356155238948 15.14596087159135 12.517889888834922 4.955413792379478 -1.6138918769908746 3.5018661589590625 14.559486470082186 18.210464530979067 20.063407193205933 19.99469342722066 
13.319446594771172 4.64153946688611 -2.1925787256851526 0.5434654010358972 -9.23822980554223 -25.352498448457183 -28.020751164273843 -15.49049499101077 1.5256467882183666 10.016024464569208 12.44296056660367 
3.7578723535985477 7.309011827357675 14.260591786605762 -5.696309818227629 -20.54469841247343 -8.698494241523969 0.6517577829757455 8.853290728189748 10.5947577917716 12.840534741977791 12.297349458851382 
9.56299735274924 10.511908485651468 15.637215231310709 -3.943287109784813 -1.0307337981951188 4.194753139813514 10.643041442330938 14.792183836604437 11.333139348441028 4.25929972728243 7.038066506637328 
15.779672579314443 14.198721845881497 10.324071698980852 6.990375131346381 -9.980277997554797 -17.735820402418412 -23.169103321970635 -25.627769219503758 -1.3763526207360024 5.78131238361347 4.533678798939473 
8.854161688896195 6.355993180313767 1.3820877539133591 10.427950536138002 10.571526897291804 12.01576153790463 -0.5783275156037624 -3.7875967137986066 -1.9041899377708686 2.691284317540677 4.2130887963976456 
-0.0881785900207987 -1.5803097067149747 -1.2134650634659823 15.64768682544894 17.085940224405157 10.639266995026976 -10.434601572919917 -6.94222885687056 3.6997404042383577 2.3214821481320365 5.943008180083519 
1.9370042929945657 2.610261152578241 7.01023242546158 17.18283630366709 21.56408033516141 17.429786748529494 -3.063624305745638 -6.4549256137412545 0.86181898048929 12.440611270306597 12.417905062713404 
3.020872393460717 3.567038198026963 6.637888987996098 15.751877406856195 20.58969076929855 18.630046446585148 6.179515846373104 -5.376861813669329 -1.2488603141707297 8.147908551813893 13.042667111016936 
2.8446070210497116 0.9089670484738899 -2.0851828750913617 1.0068142643587117 20.06013531444242 27.706488205737045 30.396002405803582 11.919153307862922 3.509688608673323 0.6346944170677268 1.014639435897501 
-0.5675021059342709 -2.5646373799734357 -2.149705281629465 0.8969244303316801 9.505705866343527 23.322310861084496 44.9863337667375 33.73219536383185 10.68663907458637 2.898503028773886 3.104963962940885 
2.724170172899595 -0.4689202706320679 1.9373965747456268 -3.456807077186138 0.49505690916222855 1.7640130258220357 22.860508161664512 28.44777839903037 17.63173039674968 2.1002397938531834 6.001637879160548 
6.635551828082962 9.01065410175304 11.859619413401482 -2.5230279163467624 -23.749361307587446 -19.33639840102294 -3.8864046346298498 13.992819404481551 10.590572573537335 -2.5006157447982855 -1.4789246946587715 
7.341611222853211 6.681894401080074 1.688150174529119 -7.707666167135847 -12.777495955550501 -12.105432464692035 -10.112263193277855 -1.5296840229471562 8.306956022186522 12.272964305617524 12.628905328419547 
1.378229994737877 -1.0725818232778959 -5.826963442427313 -6.0783550561416995 -1.2092421358586818 -7.703683600949138 -14.916784980665831 -22.182242704245798 -5.090821127284889 2.7302747522480337 3.0698536701491896 
