-535.122911051298 -549.365137882439 -592.6040912543217 -605.1742902647106 -335.3792649379676 -83.80078542798464 -8.380933310505515 -28.877781659268766 -156.91528106153586 -334.3132595130307 -406.5475249797473 
63.00424479989168 80.70795439527102 87.7199922775436 89.27231621902268 73.49207911074456 -24.04743854991886 -50.38958824126577 -49.896033461728294 -33.129984679313466 -24.730942205459947 -52.936674910463914 
-5.035367453924362 2.453985620029581 24.822666106581917 40.328254840371855 -65.52354861896114 -59.625322253454385 -47.810324261619385 -35.11190744310103 -22.24526475137464 -3.430089963474697 7.638501830773627 
32.897969091712156 32.25352721399983 33.0719229320993 35.77127536894885 -7.628415137771272 -0.6417293290219392 5.073062854791793 8.890783380671456 15.506697400770772 7.5853481350527545 -7.637320307683455 
4.735898403422016 4.90575436534201 3.3479319388566737 -0.1910007765100845 -39.09997965301787 -27.66419776921633 -23.020740903937217 -21.265952994189956 -14.724759690744389 -5.866681351628925 -20.751974981981007 
-19.07450168326948 -22.106348396568073 -18.58880172442606 -17.306572747872725 -10.586605306680719 -15.127304989290824 -20.600588593624693 -28.17137287225694 -29.15384354015201 -4.855503720776117 4.602623044754688 
-18.394150578994893 -26.94029376249737 -13.827970317844066 -9.209010294261294 1.8314318537489815 -24.166089307062602 -39.310772509352574 -44.10338541164598 -34.79919017980564 -9.723930881968135 -2.858155105711504 
29.69306057075464 8.557724485702494 -25.545622685592207 -26.582057011448565 -37.75908169111416 -36.415465856739736 -24.280257729768252 -12.239211348929366 1.7020401738667221 1.2336258484390958 0.46389874427167366 
-6.3021494442870445 -15.244286982139453 -33.21553604599035 -31.807653163263137 -6.588408109784149 14.984617516479597 16.434377021682913 14.0535845128222 1.3002044040764682 -6.797861281609615 -5.793367549992171 
-31.398481865310345 -25.305964175295333 -12.839184666267867 -8.190007827396348 -6.696048342378743 -29.02696710873097 -31.367649784328 -29.971565355378765 -26.028183540724797 -10.789386748761745 -15.99663793917166 
-2.135499816052026 2.2440554610195576 0.9580791607641014 -9.003755674304525 4.018117718820382 -2.887201204984047 -0.2622657003235249 4.572531790095903 12.60987141004437 6.726244326485443 13.424499775181221 
-22.404158456874086 -23.034601977455154 -17.473327266161352 -23.154026541593737 -37.17826931780418 -15.249632572896921 -17.53978010393623 -21.663289643103298 -22.6996059435506 -10.088135501570626 -17.04662553974123 
-1.3263272471812648 -9.956588798429795 -18.621793022653996 -8.265391384278642 12.047289006034555 0.5291565796966823 2.564908025844489 2.8369479782601292 5.664929721883434 0.48728090386053813 1.854482146109016 
-2.214735323629292 -2.4661433646289654 3.0261587002462025 6.170148434539973 -5.959285379602388 -3.8993225402917124 -1.7861467998508924 -1.236729719739504 -3.4728787974876454 0.10005107366279226 3.182100626044718 
4.570847933422672 6.573586911140223 6.451101191023161 2.2366334880511007 -17.572331322298098 -13.085123772350713 -4.484957930905939 -1.100152091622706 -2.0451181929470876 -0.27895286574435785 -5.353128781522655 
7.427918034351205 4.014339970296891 -2.973847636766796 -3.5605615045280468 -7.199732251482393 -10.546203984028088 -8.369620608931431 -6.924044394511869 -0.8278291851200423 0.8216252418325533 0.3784502276136213 
-1.0315332186182025 -9.34416725470121 -7.3503533043428675 -1.0410505749987362 -1.2233669651125518 -5.061875437604789 -10.072207849939886 -13.416366294984318 -12.063503182043554 -0.6935084473631195 3.8038994099544183 
3.8330912774337906 -2.104029529128793 -1.6351303735113505 4.773710685659896 -1.14687180096574 -4.950577612892433 -8.410091479014232 -11.62138986752279 -12.128949277085276 1.9433859362260617 -2.561634215817776 
-7.302637899772994 -2.0035872087602447 5.382209231927309 3.7131754031805064 5.708827028444233 6.035674338846998 -2.4901582559523736 -8.993252218076432 -9.900738634006078 -4.903608474049722 0.4607669993627789 
-4.884353163698886 2.6093751772667124 12.409931200950393 12.751968952291302 20.301064155924802 33.7430810114641 28.72397714499715 17.030473871066576 6.510997027173378 2.1337706342455327 5.164140912030996 
