-727.396795475294 -727.396795475294 -643.1454627607744 -219.45479020824493 -93.09672067532885 -75.10026092194822 -154.66189698847413 -292.0690487409244 -285.4939420242073 -340.06894517763686 -457.3071374502352 
0.0 0.0 62.95076739316386 -1.2911029337300866 -17.958775945332846 -13.045106535277627 10.035096808872451 50.51415898578152 38.61650428024578 43.99512556796364 64.31167222170784 
0.0 0.0 -26.93005191126682 -65.70991841626088 -66.05798378885157 -61.41125563454813 -49.37892631280387 -33.131708430001396 -26.544656881300014 -16.73565772162797 0.9725075972015778 
0.0 0.0 -59.232172736177745 -54.64296095035259 -44.49812436869287 -40.1220338489841 -39.35429323098376 -44.95302793384958 -41.83284736187524 -40.63148594427487 -34.739758567523424 
0.0 0.0 -32.28818204041847 11.102159448715335 17.861245119643897 14.375983072036732 4.493502399331868 -22.596030203061233 -20.348114665166513 -15.813058751240696 -1.4795762297479276 
0.0 0.0 -3.44140542360291 -7.574008379422029 -11.735662718376044 -19.60547337915294 -25.19834481368769 -12.904645128724022 -20.912729628191755 -28.594940762812143 -27.572186219020093 
0.0 0.0 -2.642711046665241 -27.416174656890973 -28.41585515543453 -30.446931678812806 -27.059653657969434 -3.028965070391557 -8.065026542348882 -14.340719012913278 -20.821689061900756 
0.0 0.0 0.9018304651965774 6.598158129656758 5.888549859562576 3.221496751896704 5.047891700761212 2.7547949288393543 -0.29828943275859976 -2.8139216737432315 1.2600874832880837 
0.0 0.0 0.8235244071790605 1.603796680271226 1.0465264824754525 -1.5216685236490801 -3.608823164574382 -4.8630644624261485 -5.6128294701912935 -11.367978074577582 -23.207500789423325 
0.0 0.0 -3.565538999944279 5.822662198999232 9.875050203854673 9.855776309449665 5.832412998299958 3.7759830523260636 5.696158178785057 3.9281648991118456 1.4555369904647752 
0.0 0.0 -6.5046165223416 -3.800893131089379 -4.524997042240027 -4.91458079004908 -9.300210005219206 -0.547559518494362 -7.530404782794088 -9.855869266737338 -10.044920331937039 
0.0 0.0 -8.758099408745906 -16.468647028797655 -8.471192954138079 -1.5952814206250525 -0.8234506670097117 4.293255189363379 4.336383839753992 3.300098533055451 5.610019598886585 
0.0 0.0 -3.6569640467162285 -1.5590479974440932 -1.151031716746697 3.6886689879073993 5.658150317982976 2.487632180124532 0.41122095229248873 -2.379102106195615 -4.404176376830175 
0.0 0.0 -3.98697221130711 -13.34616665712335 -14.631902017585233 -10.221008657531872 -4.588409118256853 1.7786432390445788 -0.07987519946387422 -1.3810365743657733 -1.4279953521475026 
0.0 0.0 2.173829946285572 3.8397105634206135 -3.3715356090831285 -3.236091700265062 3.9010743142874293 5.882751439463133 7.532380188877887 9.33206802234741 4.073467320092231 
0.0 0.0 10.349555658540982 10.60689776571068 7.844111995767815 4.7487365732685305 3.8827208968746323 2.2042541813125 1.2998179036032547 1.962570661350304 -5.334153208516824 
0.0 0.0 13.389924845767862 30.853100089278765 33.268884623078435 27.670748158177673 14.886402633404602 3.4397784429158818 1.7303759039955278 3.114734380380706 -1.1197107199589014 
0.0 0.0 14.263008391274063 17.600348142101524 22.454800859957224 22.323258103353957 8.27468885318559 -1.0761809825788684 -4.934550681463357 -7.700032464114109 -10.261653400297579 
0.0 0.0 1.227858510719188 5.202380091581519 15.098551503126528 22.908590281221045 18.364992344413423 6.479899416275435 8.24894750214267 6.05343598231484 2.9598295027734673 
0.0 0.0 -7.050064873354222 -4.896792287525641 -2.228138346154834 3.4663565327136823 6.8268422031676135 1.533816545347366 5.109989660557806 0.186218857265889 -2.42128216417066 
