-519.4337716286185 -276.5804756623394 -77.8441922743958 -26.32762725960708 -69.10304695287644 -213.75890163689428 -332.213207580512 -391.88787803854996 -485.46532634245307 -483.65553449943525 -480.307155197461 
37.796363763455375 84.79388125685612 27.60891271982816 11.640015147944652 13.628726510950166 19.03507743800622 -0.5537493592540381 13.974189427034975 43.14890766047765 51.00810205347172 62.11211011721624 
-15.090269681656387 -89.56863975139743 -91.22547318775898 -80.60187558909648 -68.1441866512377 -57.65079489105105 -26.32775128686398 -17.82827553502684 -18.79506505148478 -10.579597606909028 1.7554399823535762 
22.594635844116873 -70.95187468431814 -48.07443024206125 -30.194531084453565 -17.81912652145765 -9.79004941501826 -20.839194559588805 -16.017119816463364 12.468057745474987 25.25365884823368 33.341294070356525 
-13.62198351827271 10.988026930336563 19.30892266336017 23.97046592031638 22.835084172483214 20.74660595506184 15.41988556673545 8.360566337312521 -22.776562794037897 -13.687296360455937 -4.7073660776517166 
-21.646502805575626 -17.346957494002652 -15.23980578872527 -17.127439149988184 -21.6685693943984 -16.255931204993914 -19.452762440409558 -25.14560063029402 -15.205840196829287 -14.62544210592705 -20.51508440440677 
-20.01897917922673 -22.722489487825825 -34.93909817171051 -46.02759359201838 -50.91810004837462 -42.16161798309611 -15.954573092796855 -19.42861261617094 -21.922602099436567 -22.147766896718956 -28.080113199759637 
-10.952755589989213 -13.829918286517941 -0.8052628448576852 3.858670773577905 10.834284388247843 11.308765803164135 -10.574877684394437 -14.570484334176435 -6.117818498566061 -11.689123584816048 -14.446165877527525 
-4.869168338589327 2.155020961908179 8.101981534290399 5.78907600861179 2.6220792196904275 -2.543110483823182 -20.855982321316247 -20.432489148259936 -12.933036929165151 -12.14938717904514 -0.34997225292583334 
-11.13804022163152 -16.27437280680236 -24.798361606221146 -30.805775928502804 -36.64801203367864 -33.015411449841004 -2.303055689293389 -0.037833349719401554 -1.7608880179782678 -6.855560812111735 -6.1564613882125645 
-6.449770244898216 -12.087877975618946 4.927655297171178 12.521924696172569 15.883745115004036 3.4644550814095068 -4.459043892457943 -3.368752426870739 -4.1506128902186825 -8.462968513899163 -12.082890125903987 
5.043169653199309 4.584281234151639 -0.6246700163798802 -0.2953245562683604 -0.6035752791811285 -3.8147969930661985 3.2551147606880146 4.5716818400358425 2.5606747955561255 3.3871840866747123 0.6908825061086634 
-3.3906553062058657 -18.83327674035942 -16.18124264633125 -12.598983287591107 -11.615207963310462 -10.845725457467367 -0.9866819665675328 3.6243134244205195 6.695747010316827 8.869504313036341 0.7774955560213623 
-4.971081737727393 -6.900287646987546 -6.81085849781701 -11.111205576912827 -17.3094697786959 -17.597203261011288 -6.945678584440024 -9.357888375188788 -11.511160824947568 -4.519145705957687 -1.961111559991091 
3.9722693120479935 -3.8150873554983633 -6.819115377024739 -11.018109282484858 -17.519764493106514 -17.135068794857737 1.2343302308261552 5.351620493994885 -1.4359786020558731 -2.3964623699085017 1.079175598753553 
3.5148219394365876 -3.7731068989773213 -2.7643283751915 -4.288670922096363 -4.205762223984854 3.9993932518963913 -3.8719460055179025 -4.5014935790742845 -2.0914696605073226 3.839169229063493 4.346057814576034 
-8.359368416411215 -9.399585460937086 -8.227767545891815 -14.749467792151968 -13.751364174457624 -15.546163911229801 0.27142891479479775 3.875519576148748 -0.5375650137755948 0.8912229475020437 -0.5045154431391492 
-14.74324244608652 -3.004516674483879 -6.593860258637203 -12.081780953532101 -8.81316472636129 1.9952035912205315 9.687421161934198 12.194376785086398 4.709576734727695 6.105783742659897 10.876801849763197 
1.6658141135292894 5.000357238532397 17.768764275830144 10.703950876743088 3.9160919277913435 -0.1073254433852201 -4.7381577373546 0.899796954232319 5.034928218697425 0.5763378599528904 3.4626800917414697 
-1.349124861985589 23.499804445014348 26.41199718704876 19.216602252187933 5.467464090409848 -2.958819201153429 4.14153302894834 9.061259359736018 -5.474906261820831 -6.68193426357011 2.8742857300114 
