-461.0668784207353 -472.37355932822044 -469.0559589718354 -249.57113220066105 -80.45333516300622 -38.577638121597325 -110.52552822900589 -295.02457912359114 -333.86583756035407 -304.0989466752793 -318.3633124868928 
55.253414840264 51.5095395594643 51.24360814639557 -4.139522425810446 -29.09051488357559 -21.598175672522984 -12.139103794610115 38.31831307925806 69.49303674916976 65.07527998209915 70.6225666870888 
-18.872570487889575 -23.649534449406623 -32.807328575127094 -69.61834268624892 -72.9860796409572 -57.56702359530442 -41.48539191810541 -25.596186002183785 -26.501508791035867 -35.52476335381259 -31.455657984548644 
-7.967467594578569 -12.191548994609516 -24.169852729800382 -14.992154716659599 10.088073751031981 20.646001484691855 26.395710627906116 17.437908687554224 -2.876681802359583 -9.7545096004473 -15.6160734876176 
-22.917377135569353 -24.401971136543217 -26.36986277109882 -15.61547926066337 -15.794523344693047 -11.19527695986353 -11.615303595106926 -11.668751660716405 -6.701549782299416 -13.488621521493135 -12.57068170399678 
-12.44829556946609 -20.893664335912966 -26.716874034255696 -21.661223645370065 -20.692701150638676 -14.643048767614896 -15.406707612635666 -16.13642612851484 3.169075536124899 13.742447390668675 11.532870727115336 
-17.417577528269778 -20.41490350484277 -27.204804212322564 -41.20182530525622 -12.387740864264801 4.772231032133035 15.294656813219937 10.454798618411125 -6.421275245606866 -16.271279098792917 -14.227077427859397 
-4.263560770241746 -4.233674669006456 -10.588721924711045 -18.85073024153823 -8.905087805439365 -2.5599474808687717 1.0996857933638104 6.083971035084836 4.15828196316685 -1.5632347895651209 -2.4029562710872363 
2.068887957911825 1.2270992036882578 -3.8375722484841175 -15.313762961883128 -22.761841390996096 -24.697702554022854 -24.076886036247256 -12.433522681171436 0.3641691137175693 1.4726594224864078 0.774258147211796 
6.634905352507985 2.814774060023408 1.0423152436822816 27.508588339532494 29.64535277177336 24.99963338891481 18.276210300356954 17.58484455433183 9.987023978269754 16.455653996674794 11.142158748063054 
3.26790455892555 -2.1206849927762277 -2.272142281808994 22.766995315523637 13.175161942286122 8.810712716005742 0.5908216314597001 -4.726275874145765 0.8808016862700891 -9.85935380714928 -6.838674664468569 
-6.36831033561573 -7.801461595239639 -5.0444869341031415 4.2266629078355615 4.797322158292115 13.47348916076292 18.099990634552462 8.600166332638167 -2.417336059318009 -11.437061788134073 -6.621309474887953 
5.8267112984446845 2.6497400469997077 -5.175634921408986 -22.85514519276952 -9.95993767818083 2.573148651124249 12.498422579892878 1.6174663812108157 0.766816039337439 -6.4424391407056785 -2.5211912990840917 
0.618727743242002 -2.647863368567905 -10.331545868816134 -17.636163957452403 -17.846848150084405 -10.760976820909868 -1.1560817371438072 2.9667185146507116 0.24092061425029157 -2.607024211723725 -4.319524871148314 
-11.593398039275975 -6.793306440816416 -10.522755065798709 -18.766448249502982 -17.5131672985326 -18.05462953698325 -19.805942806909947 -11.08011156589746 -4.9827380286002345 2.4717309567181593 0.9114267039507606 
-0.32046489048285204 -1.0717149486309252 -2.9837959511239234 10.565520117637899 4.299322895755829 1.781938658508081 -3.547213435420064 2.326550313897515 -2.740151158114588 6.073792243706295 7.230228165934851 
2.4445045188047683 -0.198407985821752 -0.739201044904753 -20.580688940514484 -17.288693265999264 -11.448609066347604 -6.575870886751477 -5.925237200731018 -0.3288400415720564 2.70046915542755 4.114464421949207 
1.464795438020703 4.1054642856372325 4.768702349757932 -6.945875797344202 -8.99917000326723 -7.040030399526143 0.9804281010309057 5.413216819604459 4.313401203830993 1.5679553478573593 3.898884364797513 
-2.173674367976526 -0.8201779476690821 -3.589537585015165 8.52408479004676 7.292090242612418 3.7264308478466592 3.02879877566886 9.718232188029134 4.757291111134982 6.362755549241953 6.695718549308191 
-0.022838100437355235 1.5927322258048306 1.7683823399533791 20.957551662594085 12.291753009588447 3.6025285191736405 -7.854798768296184 -1.0790654359308225 1.778649600695403 6.294965724462749 5.318630834491596 
