-288.6936132671597 -73.15879930920516 -3.642043246764402 -21.645426718860346 -102.66595440303723 -166.84614181342369 -180.25162418090528 -317.72362353032355 -521.4418180051402 -563.4181283529707 -597.2538742909234 
60.651001410554784 29.526103151020934 11.105452217270193 3.3243535877961996 -8.179645582388734 2.1990203728397564 10.018937181289932 10.148405424674849 20.743472053798627 20.8825204590417 21.22717370293433 
-6.024838417913189 -59.57646789969131 -70.11105445215911 -65.34985443234285 -43.28208932184516 -43.32577316911279 -47.56755847291164 -38.42085398113201 -25.509521757069706 -17.355730852818777 -21.90470946575136 
-85.33698955260869 -53.375245363823836 -42.38812684866174 -26.52541301548327 -7.645516408510906 -17.589732347209612 -20.994777331819016 -22.241438641271618 -19.499755876718027 -16.16628038715333 -23.517805331238627 
-16.234919044511525 -4.238095374322822 -2.172432971445378 -0.9633566405648075 -5.111067401099433 -4.240079664478133 -6.072484279975178 -11.553140345987693 -17.034618067853465 -24.110306439038002 -14.745566607190625 
-3.106878041592755 -10.962483778001726 -10.7818616750521 -9.862961796890229 -4.773424037106077 19.768572788091085 28.253322729571327 25.370438906922892 -2.7947748954032017 -16.33405912616543 -15.366306489719852 
-11.938547381600888 -28.7829883615235 -25.797171189212037 -20.938336458565672 -6.715157206743452 10.793985756345112 3.584867993131354 -9.090712910682594 -16.32006444975139 -7.832219368255608 -15.348813359529604 
-7.578628525929799 7.3784505052603455 14.090384788147817 12.840617827182744 5.188522582922774 14.099223303962756 18.263399681166554 9.16925479932501 -12.133209331372107 4.021481750126044 2.408100350398982 
-32.72077548377581 -19.496367803361498 -11.484922300576574 -1.848849622354746 4.344490928893376 -5.631258897302293 -4.5669771223995985 -3.805247415120483 -15.43996195616982 -11.871739178464132 -9.530601784741338 
-20.349280547953253 -21.114199618783875 -15.765727272333415 -7.4916707441773625 -3.471346575509207 -6.280589312448914 -7.8151469765518975 -6.1928174057638055 -0.5616347896381867 -14.350999918201655 -11.977445770936303 
5.30012785639892 -3.594873365114957 -3.835402789798823 -1.1196048704851722 -5.384938341835229 -7.012681922589062 -3.9392233382713444 1.1664427518552896 -7.610161388124335 -19.71464839089635 -10.629318872627815 
-15.84413851791253 -2.05901866271902 1.238325019018244 4.533570925257688 4.865535919702027 1.1191622221738364 2.252752778276517 3.7452629616430264 -2.5863619576270747 6.09814016580406 17.22593644413943 
18.739485267734047 12.924308993238844 9.74942469512958 6.811450910038284 4.300132776526637 2.2962990007044057 -2.0232825368589733 -3.3918096988656012 3.2167787884274435 6.156119018833068 5.082290282748861 
-4.789974551046088 -7.610374963673976 -5.947831412768522 -7.893248477653283 -5.785716027295773 2.775441242231714 2.538523590370918 5.831117435154861 8.629191877251225 3.023388936118026 2.472607775347641 
5.345484022893482 8.223346897687376 9.783438555953076 10.33966489521697 5.298557190616542 -3.304567573118629 -2.3192919583202354 2.517221366100195 9.199648881033008 8.212733318490553 4.45708637260563 
10.523500486902275 6.295893357134882 6.184987723820937 7.982983910033932 9.585348761622647 -8.092356240540953 -12.762173891595703 -7.119552047606748 -1.561173237414753 1.6624295071945077 -7.477287336891267 
-2.3936822302426624 -2.1686210903589855 -1.4672107317443253 -1.7043478239381988 -2.417611685594838 -8.887916557672568 -7.692437959536196 -6.147781521244132 -3.745737369608181 5.245773186791652 3.1166636603757376 
0.8062076229016344 -2.1327896741362324 -6.422990886872679 -7.822931841870359 -1.202159961030187 -2.9891177591627205 -6.077619530775623 -7.5432286613327015 -0.10372589076337435 -4.332576453277563 -2.566829819494381 
2.5677949532784425 11.365105763124125 5.042619881770945 -4.277334018003 -3.0435426859746064 -1.5392671024165758 0.46045658586490035 2.064147717399444 7.571941400232439 3.463394459536311 5.374129020977458 
3.03145679652396 15.763226017330604 14.476683660760886 5.382224192511303 1.3068914299289205 0.8161550777906175 1.5966415395467153 -1.0032691524145156 1.8496797938659866 1.4596054546838646 -3.595055135646101 
