-597.0871170675696 -589.1192800100164 -592.4608373729536 -589.9368035768395 -573.0201408009887 -572.4519201568409 -516.6905224647173 -359.57436850468326 -161.38711823830874 -96.8352207809327 -129.66135333067183 
39.857995825969006 38.10354602240666 31.20499841556784 24.38172004979441 28.079078719538487 32.34778776357432 80.48300968488904 104.0157474251289 27.24975918429772 16.389961544973886 19.944679161685087 
12.181618579261308 8.803722644658066 9.529051206533595 5.836211755177358 3.1368071672656024 0.6148322092581172 -2.3429387666298576 -23.662573909285626 -49.73139191127069 -52.19915948271083 -49.36646427158602 
1.7324115886125346 0.4076210102812823 -1.3162889933959732 8.63222688339269 7.978072950339975 0.6496186616594036 -42.552292461041446 -58.11201662500338 -30.76839010392774 -23.330794256095437 -19.808030617663768 
-3.7688511137264493 -4.845166304149011 -7.59904093968383 -10.919985690692506 -9.490907665661329 -6.770895176785125 -43.24526804518098 -35.4855184293457 -3.232322058828772 1.6131600403028439 0.18468431636114918 
-5.370232537661352 -6.149629184085622 -11.88781836886199 -12.24253282878429 -6.264973168952186 -9.44483162785174 -14.438128585603954 -1.054762869233841 -6.583102343601949 -6.508393820319252 -9.137292908890451 
-3.677454749082268 -3.6466728496727923 -3.659970063498873 -4.504203663953062 -7.175935031303953 -9.962852666063718 -0.6313646894044089 -13.101856683178658 -28.67820501034725 -31.636445726530155 -37.69946739143812 
-8.009601307669378 -6.901522010348932 -9.763003107551214 -8.8857484992866 -5.87549738727764 -1.4183827742519712 -2.264591228691895 -5.3505561742503955 0.34895218005152867 5.908684078295922 8.356419495935507 
-11.061364877316116 -11.66502153163816 -13.164049898641943 -8.80850261311744 -5.413620227269408 -10.498088444322068 -7.385553916188734 -10.506732938140534 -13.049331724336353 -11.819697608364372 -10.976258773500586 
-10.847699631080538 -11.0736487045303 -9.782541117542227 0.14585460147764073 -5.7341806223188225 -13.434683896394212 1.309600348192046 12.124465638852904 3.3266008012033703 -0.5648713635502246 0.46753209151194003 
-8.3466882159031 -9.275167822596392 -10.321477022597396 -2.2260508168906643 -10.952198086465682 -12.405140965740252 12.524669442138936 12.748061689264402 -5.741235028693712 -14.9657725718181 -18.562324853944546 
-14.495472653068795 -14.423407525274431 -13.021645693923944 -9.016940308479885 -8.58293907072462 -3.536510927207652 12.570866048131982 12.607441468448094 23.362574907403054 14.65240568234923 3.609030631914638 
-3.5959016442433445 -5.385299817727063 -2.7585552996305633 -1.7339873448253593 -4.063189982199949 -6.163610919588553 -0.8960838307850774 19.308165769397956 35.06470891671505 28.049938739866448 13.097377543033232 
-1.1493692866439542 -1.6368208602344076 -5.299712563905436 -5.31363632869016 -10.71913792047693 -7.007770397384887 -5.794393114721094 -5.4683002131353105 -0.8702697224854696 -0.31433603011632083 -9.023677524729703 
-2.823212983437843 -6.888001608327647 -5.912427762293271 -3.6484694674463936 -2.818295020474572 -2.017016304823498 -8.027986511143176 -1.8217085494360357 3.7935230666676185 8.758542317109189 6.072329065303075 
2.0927148625636867 -3.2939052981042467 -0.9714065205143896 1.6565343126383638 3.027244317363397 -2.4763714652205535 -7.659062703739535 -22.49640405386189 -16.447426792804713 -4.988836728447709 2.6047487768577087 
5.451782293088827 1.9941407557532849 0.38138591422998824 -6.2801801525854595 -1.2304611921948603 3.7112787015277346 5.862514074604225 13.649286039180058 10.21099750779705 14.753733092833105 16.675741276048164 
4.63153997734193 7.553137533834678 6.751844739469256 0.2813200420914239 2.351092970391781 4.508183173986464 -1.4688471394342302 -1.3558953214434664 -9.307909290778898 -4.754027443945143 1.517614187554818 
7.153075290946834 5.351663553547407 2.9945776296404647 3.5623160183491285 3.7038540617184244 1.0294214397314254 -5.440160627387392 -6.523747815518142 -7.481210192300983 -5.436439916154461 -0.747435521294737 
7.657691179658718 5.992219263113377 2.971579341491557 0.6535310570841874 3.4340790127504173 5.044043054677957 5.1058841941059026 -10.244730015299691 -8.65356921671614 -3.0366553881909333 8.507848094701352 
