-477.111765964525 -481.5545309529067 -496.41455512125145 -487.63969105789863 -493.0595277728125 -356.9877078703212 -241.0297881566638 -214.26940101614872 -252.84785436546352 -360.4275772047101 -440.8240261788107 
64.11602901091686 64.26819764147896 65.20806633235202 67.80955380217841 62.280757415653774 -12.760276834513814 -68.06375278605144 -77.75280601860547 -51.74010845854624 -8.473856031487617 29.267361115917566 
23.09156030172853 20.233357797762473 22.431700425469085 22.107828052318457 16.463530751745033 -28.873039425298693 -49.601471103502575 -53.56291559903294 -32.15056873371719 8.017019921851304 23.587479533859074 
10.274428672220367 11.047988275323704 8.569741129487602 3.603541916900592 3.6496659343402094 26.053277724559056 28.432772074391487 24.30270720386749 30.650576774066074 23.06259817164827 7.848027395223982 
2.823990621144281 5.624409485962053 4.54236432627066 -2.275573035064604 -3.069294096572742 5.444534599024764 8.929034097839565 10.700866604726311 25.9908063732735 25.48178086134407 -1.6133480834225113 
-6.342889483118068 -1.985061857031393 -2.214348165312763 -5.755905098353407 -10.494443203839046 10.31953338836258 -4.997413526628167 -11.317353878972858 -4.383524737271319 -0.9877919924800044 6.114073020448021 
-8.114573749247002 -5.325820225486325 -10.074621546410214 -7.700304149136807 -6.056779891371447 -27.625128970385 -34.44716261461695 -36.9354953216036 -29.927468135875362 -21.1041770845724 -7.067703913563719 
-12.676423143246446 -10.665886354254967 -13.323183366974998 -8.973039266081951 -4.528679136612336 -14.805328951619911 -0.31161169730514116 2.730909300731339 7.675708324122603 -1.192640621609661 -8.321818664707779 
-12.931435295222641 -10.88615462771072 -12.551652142671871 -6.513117894405626 -1.6040034021551643 16.243591419539843 9.951853017358872 7.822764512466858 8.910108727821886 2.455476036124805 -5.592994734369478 
1.7850500329374857 -3.6175356399449794 -5.272400138684719 -0.0991922305918922 -1.4986401499248125 -17.873384305722823 -23.053981476075123 -22.759350894675016 -20.945749036491577 -9.02645924242766 4.267633807871308 
3.8399735189242024 -0.035561689950176056 -2.2208799094438687 -3.2960376663320523 -5.944662904889896 -9.507509393998742 -0.5977107642370568 3.8939173800308557 3.5605126811946555 -4.683515083911817 -6.21467672077447 
-1.7076865948241315 -8.312961408849615 -13.923022271707342 -12.128126560404379 -8.155196387006125 -12.531322794334763 -19.29522732827061 -17.223707365460285 -15.194855323851915 -9.920878134051085 -8.100106294755957 
-2.1747895731339444 -3.836630736935202 -5.824763546599648 -10.68676406005045 -8.444327793887085 1.939815439318433 5.291051228086069 7.578981150437127 6.3085311759781195 -0.4833801452516074 -5.466723375187371 
-7.640208422493863 -0.7387188332465933 -0.6173202289945623 -0.9592209266707727 0.3713036054677621 -6.739044354605598 -7.526824844208001 -11.88624699179347 -16.617181927694894 -8.200008135167522 -5.442334213207857 
-11.068042071473624 -6.55526438328325 -0.14963468326657448 4.897704504787455 1.7463778890669925 3.3285757875815056 7.118128522735589 5.450863261693818 1.754944883082166 2.977855586450707 -4.5019170180305 
-6.726954273388568 -1.4046089193983193 0.7947113703069617 -1.7804930005213122 -2.156374602287821 -5.544466636614976 3.9316349972684934 2.5849430601528907 -6.066033628588523 -2.456656131254082 0.35788763535104806 
0.14401660472637773 2.676192419358844 1.6276947974753482 0.9893465851205809 -2.86502191686196 8.264395083251307 13.079378535178833 3.8100278165388435 -14.580069218811534 -14.349381255199518 0.7271156859008905 
-3.6063889161811296 -2.2895250934349107 -5.692679739265026 -3.4282712829462687 -4.832974068462542 12.750531109043905 16.09869236611272 12.770243341353268 4.941323384179946 0.19732892705844884 -10.630521377820413 
3.601923919634875 1.46457583054479 -2.2695608370409395 0.29200648295910187 -1.0938574728686532 -10.969152336378073 -12.172665032344973 -11.38051774979644 -7.81446588511252 -1.7382232719637984 -2.4400498372940933 
0.5261614587205672 0.03657553132067348 0.8170730826110997 -1.355634811736747 -2.103038639131928 -18.533020439247426 -18.875109900049118 -14.776022005035363 -3.7211345611572386 -3.299015206836629 -5.246737038301174 
