-712.265572003857 -713.0653203582996 -699.4051834583009 -682.4846301027272 -357.53218468135043 -136.8480879620562 -87.85226500591065 -146.7907814485773 -262.9671813424427 -200.88867218777588 -211.1445151176053 
4.9895470474331205 3.365086590543015 -8.773348642962045 1.9522115407226428 34.45321254071677 1.9679360141593636 -3.034160113168393 -2.706416772153808 -16.469250581946817 -16.10853594646062 -13.006029286515252 
-2.7444740535726107 -0.13671131846366968 8.737348890984478 -6.34150129778065 -55.06777932418149 -66.1359379151326 -65.33213539264459 -55.60312067302163 -14.389175911755533 -25.607474513524636 -23.26396467253683 
-4.2781338084824165 -1.5583496637416356 0.8993916115484901 -9.293041706640699 -88.34160186497425 -78.2097728323658 -67.22381904444455 -50.85253504078739 -16.928028338400424 -8.95994136224325 -14.32865362456217 
-10.088152721412257 -9.617378366141018 -8.662190413374777 -6.936712784037042 -11.513839740364833 16.349563845816675 25.124168446888397 28.221815866448328 -2.3913319093711505 -2.1686092588120367 -7.778326330522749 
-3.1584422168524835 -2.110944199672071 9.974058059515716 6.894986983092806 -9.152161315413533 -24.291969648115092 -25.833304670916327 -20.588139886866095 -0.5361817340796335 3.8264422678414536 -0.17762430209485036 
2.940274480071812 1.0443383464637312 -13.340936849061572 -14.074232675890327 -35.211735683820635 -27.7751232569514 -25.793023418548216 -23.302151565106264 -17.86562141648178 -8.743175635625432 -9.918905920818416 
4.633302893246361 1.5313225365138452 2.7861304022794697 14.090808321797397 2.0135043523996226 5.452055019241788 -0.5301258765508211 -3.5070236880591397 3.248197537802628 4.643734634400746 5.181497860225931 
3.8077565335215957 2.8480992759905286 -3.5815967877233206 1.0621104684575347 -12.746074538290697 -15.992818067373236 -22.51078662464495 -25.742981279677274 -13.217673693446688 -8.847565445361319 -4.027205437419361 
-0.9647483574265094 -0.20632001087585822 -1.6025409844188303 -10.623696693751398 31.806122014797346 10.62708833532343 1.6660647441740495 -8.032579801729199 2.0742896313134955 -1.5591342082854671 1.3873982929134776 
-3.885046309424462 -3.5726935713461696 -5.92989174736515 -14.888253076236051 28.31909453254902 24.088515595589698 21.645050487006884 15.91308022219769 -1.7896962691067624 -6.203077487071149 -6.257310277517037 
-3.5261234130046653 -2.094396398693404 -6.946077426700889 -8.27430847819947 4.67331163515654 32.978099515634746 39.66613130356792 36.874358470435965 5.32900754021158 9.774237658177162 9.70928679116987 
-2.801508479560866 -3.2439372183007933 -3.625060973018371 1.6098226551483616 -14.733140918843501 -7.3439156640429575 4.332752598441767 14.674049405409297 2.8641366008896685 -3.324409693956367 -3.0356893376606773 
3.0701408567726487 0.3867010206061887 -2.5901024257434884 3.025654164525097 -11.126156829883348 -5.534937446963948 4.304907780086042 14.86009241751334 3.583727324348448 2.237612643146369 4.5761125925104755 
2.351397369549299 0.9149458680472748 -0.8545593245305039 3.9086511857775337 -2.2735694623623584 -14.006501303408385 -15.068493556349916 -11.649954345148048 7.604881659714913 15.03511539827749 11.443999889810154 
0.09276153636315077 -0.9626460627260952 -1.1466356982460388 -0.39496823904849276 -7.6922225924745975 -12.056265544743258 -14.181526664642632 -13.816184478107933 -0.11132611585019458 10.842499737052893 7.856820843623284 
2.7287436525131388 1.2033102347262168 3.4382644413098546 -0.392916888869095 1.805143004809596 -6.911217531581288 -9.122355951767293 -11.8255884140686 -3.5997502157067567 7.297929466221547 3.5009903602117873 
-4.152933113820833 -1.4239943036148262 4.483089965088525 -1.057032152908835 -21.24971208705704 -6.3569376135994276 -2.3324369832324328 6.088434845820811 2.1252340979261377 11.80837415605804 9.273467047166067 
-5.505801137760356 -0.709656649449508 7.372822625337067 6.3295934168324095 -1.6291062987407077 -15.928594262134308 -18.301849559788785 -14.476251509014105 -3.3704378088440947 -4.683936338384908 -3.0751774096835423 
1.5573082617143719 1.557071887482324 0.7080284408932984 5.10159344296755 17.20341792894918 3.053842568143772 -3.635931484445253 -6.6286170891572045 -0.2526463883785278 -2.1612090595892477 2.140644630795112 
