-355.35791309162613 -350.3219393472143 -338.58273694271224 -351.5309405724127 -350.69346858556537 -379.9100858564933 -217.54674514059784 -42.05969885144322 29.75782872013506 15.770245112090173 -71.38347738244913 
45.692869651386275 34.84331510858852 23.91587841864791 28.03014867728175 29.49878574775019 34.244706679655394 68.92635635615451 31.239035509474053 -3.8562048305680894 -21.998037803738086 -20.68032684760342 
-6.189821808376882 -13.512291667266915 -13.227432405637291 -8.92328892805428 -9.919207914532034 -4.323911891949738 -77.4630799480799 -63.36318071767198 -46.50681884582474 -33.242998296719065 -21.62917219135582 
6.688731035828538 0.3727847060642315 -4.346369083197252 -8.30195109313082 -6.684800275727297 -10.319260834981119 -24.878247614562788 -7.173871799755624 0.05439590256628268 7.163274289909275 12.083818325340065 
-27.032020450910515 -30.04338916508315 -25.249006106402874 -29.993631108642326 -31.757045230798035 -37.37170880093733 -18.45794450734352 -11.130260054556363 -0.07138755366308236 4.611467693718819 -1.7203166207734686 
-29.777777285539997 -29.72722907068396 -26.34351791654262 -20.59968330388588 -20.826275869623878 -37.22169528193683 7.325464035520946 3.705157042750177 -17.010709786092633 -29.659480020357876 -36.725158697834594 
-14.728738347901796 -17.52974318302782 -16.368005933587085 -19.414089819521493 -27.763967537001058 -31.45698817400482 -18.269363317124785 -16.239805244020772 -16.921863802761777 -13.06399287626493 -4.241814793144143 
-11.262845128987967 -22.296296420767813 -24.13227492574745 -16.723975470457766 -14.1329981962106 -10.996323691752226 -12.04991811509299 -4.155591211405298 -1.3556864743766763 -0.4231620069652014 -4.11291866518162 
-0.6792758454735186 -4.2365859766870155 -5.652885569214987 -7.81079138672915 -9.010111642746176 -7.925252937658357 -2.158075280789972 -0.3276723072319905 -1.9649922449844908 -4.692159161234697 -11.31531714600803 
6.289658292248643 7.594799874404519 8.566921532624868 1.8264760275694334 2.1078438281433027 4.601651132640188 5.88697639730057 6.6286385852161835 8.15645433149313 10.844622625134226 4.118629837400425 
-2.3289572161244854 -3.5565234624761506 -7.439933300490629 -3.5867249236202903 4.700722328737785 5.071997992035451 8.996857905610428 4.30076244766578 -1.4978804458084345 -0.9749032191472677 1.0629162834594164 
0.23109549993663908 0.5131601572673625 -3.3840964279429286 -4.238938618208816 0.6201853097769572 4.973373055797268 9.320492276578923 26.417261901248466 27.412146004420606 22.806335003238363 19.04607915410325 
-16.804145162261122 -10.16459220091513 -6.569606902455647 -7.910772001054183 -8.07377554456463 -7.041922121167138 1.8462547694377172 -0.5834671266291884 -7.0547655227601425 -13.83245152038694 -7.742100444446573 
-2.3641539068226813 -2.058499105661676 -0.28129351151657467 0.2940337825391304 -3.3415151521869557 -3.838375271701593 6.0340648300368365 3.791024047361364 -0.6826944213042159 0.6425623316734866 11.434706184436674 
-2.4976988748419995 -3.8153606801024917 -1.76726226937534 1.8844051095378613 -1.1592947517020984 2.1493056853700887 -10.357025297533198 -13.345732815842226 -13.572092593898311 -11.32217265617857 -10.82986765042742 
-2.4416591156250176 1.3383371858919746 3.9071530992140486 5.292055101978802 5.01527355213271 6.1322997533505585 -8.888105259861025 -10.967244799725329 -10.06845958545421 -6.457536384040122 -5.59015246429719 
10.320574100429297 7.424499439644027 5.335007112140717 7.344335175493302 7.128229053978021 12.445841462004994 11.349222111636848 7.510553950757954 6.298112179839462 3.875672425817805 -0.4143078530596312 
13.36457557770953 15.577530369128976 16.09097431717126 14.716621018179696 14.384128441547478 15.403587762582092 8.478920448810292 -4.298959367665407 -8.840929869289475 -8.457956249857329 -2.8747622879210586 
0.7172454707901812 0.6648943622965415 -0.16878233387179564 4.4209827538898 9.519608991363928 7.888980526961828 0.9102436421803208 -7.35151927840019 -8.914580550800618 -10.219580504969354 -14.243465754652268 
2.8138470918434217 2.640900085592911 0.222904108681244 4.186289542939567 8.166336038375437 4.908821295278944 0.47256071155763646 -2.385812814198947 -0.6068431491585838 3.236613795267358 5.1506086910922235 
