-602.4236879807253 -429.4927983672776 -126.73177185483549 -34.45449882784786 -44.4276357870234 -113.55548596664845 -250.27292925472258 -407.615308963529 -582.6628946890484 -607.4059746783597 -620.256193324562 
-25.26269631430958 54.4321874527847 29.592694972535128 -4.320449274065684 -25.965596368000654 -7.587781481320767 -1.500699007330602 -31.849062844843292 27.51953836075899 19.410800932696148 9.680781501136023 
-1.4563701503562447 3.1536281361566187 -44.15416431723749 -59.21373495458529 -58.05887367163612 -40.0199196459164 -15.22379085621564 -17.65391172004739 -6.605960189660767 -3.7026266894374174 1.699171919865488 
22.22947768277334 -84.62200704853609 -71.24185138405161 -45.27132936004085 -24.9678584785553 -16.75200461047327 -30.139141680962105 -32.12723197409831 -28.74094066255582 -14.021738038197583 -3.8066825200281933 
-24.664434507939315 -31.130658416071604 8.599208814369627 12.779868612227194 12.638749945211845 -1.070394909241389 -5.861824532666503 -16.266257485072277 -5.492282966033507 -7.14829307079364 -4.651640686919275 
12.736493018156613 11.770459884666396 4.977375525675879 -4.095389863660067 -10.390865626343988 -16.561188811582973 -5.011956544915097 7.267646744424988 2.402778136964038 1.0131119397320603 -3.859423598603816 
-1.7329943336041853 -22.282817615402514 -44.33516608797787 -35.88015909678013 -27.745819281699813 -18.18804510811804 -8.72522192205447 -17.087816647003205 -5.358687531974837 -1.4818455192064448 -4.222394403884058 
-2.9569790324523266 -1.4262946978102162 11.5538335333217 9.557696375547899 13.131267663974416 11.77626221598819 3.860067185008118 -11.747300271239773 -17.24055011254879 -8.843400732968789 -4.954642415674349 
2.8010148387829226 -17.712537997265656 -0.33294948645377465 -0.5427079905903835 1.0654652232782436 -5.092325479147557 -7.708406200718564 -13.423620540765718 -16.779190923932497 -9.953257984448424 -4.244560959619116 
-4.7291253059853915 -10.553706107218645 -21.694394284688947 -20.766642030089514 -20.798745803117065 -21.725507547845034 -5.475824973155037 12.347529816253925 2.6790000819084017 -4.463074163971722 -2.4397096758296755 
7.078924570515641 -2.553082721920276 -3.9931071977627064 -4.971960297523022 -3.7776890873870683 3.5073742724261994 -7.557675380421001 -13.47862784852202 -1.0641607648175857 -0.10286151559903967 -0.868124131889741 
-6.829308547266162 -8.259669457263055 2.2597851347461617 0.2821861152622565 -2.6375082078691023 2.326025228005438 8.321734811779427 4.866587269557815 2.1168583468367186 0.19672150426466029 0.7977745802317068 
3.1079585930305473 -0.6226671000983751 6.554944761637257 8.752439104049113 4.491701283618028 -0.7537905295007773 -3.6865048117211154 -4.524684535135622 -9.79542182886346 0.6251968693500105 3.5405782497813 
1.997193903075956 -2.3619143863643326 -5.070553587802816 -12.724277951904265 -17.116238736529688 -15.703159617746527 -0.06704081146404706 14.389551366040116 5.792453015941778 3.635951644759946 6.018194945416052 
-2.193303523711703 10.08527304062268 -2.2025041972505015 -0.8100972983594509 -1.9073081832033225 -2.997122610438459 -7.772994608307482 -0.12310613790243075 5.027758803886194 5.861934612301688 5.328658871556895 
1.432776335526918 -1.1474398480176795 -8.160718811955661 -7.6510344955767 -8.088546015466132 -5.711267872848735 0.9801634532596137 12.558179831765415 11.900092065706877 4.320407487192888 1.3836920798982324 
-0.9208897880415902 -0.4238543858396948 5.007972906113606 1.1121121172586397 2.771704911035193 1.7715408908044985 -1.8046683474355785 -1.2958607357870218 1.884207825760806 1.6400295973866095 -1.8286792366113003 
2.4000770647309597 -4.007275899490341 10.0520262746954 19.90146062759873 27.508563270478195 22.70805896049758 10.49089878498328 2.1398826017507364 0.8463137642674773 1.948726695857353 -1.0040660768158527 
-4.008607159258043 12.976221468248111 32.46741645368483 36.086719175703614 40.50021922316675 32.58183481988959 16.493942698317298 1.1964013889992213 2.567947949538736 4.222236810919459 1.922715327252485 
1.3054309653124399 9.315347507223645 13.110676954410451 16.381110801850138 19.3407099612061 16.73987976392495 4.744587342187354 -8.43974370217132 6.1879924454070085 3.3690269889344084 2.1061983813649228 
