-638.663930536687 -636.3427148498056 -636.8495549855515 -638.9916503096761 -643.3550146110539 -618.7536448808927 -476.40754026520585 -302.3034722516111 -228.39088026527148 -230.47476371635352 -273.8211259624708 
42.567406185489396 42.9901535605096 43.73140163221235 43.663247019411926 42.17344667558773 52.98215749882239 58.577833258541744 10.774623358332931 -32.083818146584264 -31.627493368363155 9.080837713142191 
34.79034566640267 33.42334274138315 35.13460174142631 37.12564031313014 37.59004629843881 32.36526629326289 35.24797965185872 10.561228255157099 6.575145290658863 35.015274543062255 39.50023799586653 
23.450077673219123 24.200236460752606 23.7906402293819 20.141072986232576 17.452057876588615 5.222364342137464 -66.52164237519375 -88.08079626851352 -76.19543931129685 -51.26730960434121 -42.41042311458136 
5.123386224774979 8.692502486153927 9.397818692630779 4.7715290524832294 0.753801308750355 -2.160777664582578 -2.3516936217242677 -3.1581019073540304 5.198479955430649 21.76715538559334 22.8330138447062 
11.123682646800926 11.287072636058934 12.415455514994047 11.397935618563288 7.3175362510238315 9.50682178294201 13.492540320339728 -16.394723797685927 -17.19467467367447 -7.197286764211434 -2.3164098781535505 
8.05976943139828 8.822084967640674 7.438400184782148 4.732839229112214 7.396894207050427 11.392624420250918 -0.5452166214506523 -17.15347390368357 -27.805343604525774 -33.89106132206574 -20.922858224173357 
10.308366354988312 9.601115907244656 10.247130088868891 6.912733940665362 7.392958651861019 4.095836647427272 -0.5642601176191374 -10.849825672666725 -19.304415602803576 -22.41580228917994 -14.265149769209666 
5.785952620380559 5.025785617404708 6.239733165792402 4.342945256368945 -1.5864891217293902 -7.178661465045428 -21.424651573283473 -12.808030107968756 4.594217169473605 10.885009789392843 -1.881223654262084 
-4.519687481594735 -6.641376108173023 -5.241895729868357 -4.720990579264217 -11.669857097266906 -9.907751401052627 -16.52835271519102 -1.4791390717049997 10.386833159408578 14.404152957734357 5.126181292051686 
4.184488048203178 2.753902115066461 1.149856550427486 -0.9251044957464626 -2.020032441655052 1.4017909005644154 -2.5710323305371556 28.73929587567482 38.92634672985584 26.305948525329004 15.119485075017728 
9.375244080756039 8.693608305914154 8.227134697507815 7.377602759143786 4.723687438270998 -1.0889093309999605 1.1341762531789612 15.737634473337877 -2.232308646270185 -21.419601656504668 -20.583750073603525 
6.415545104893994 6.676625307605168 4.763184681680695 6.901521664832918 6.672549506316551 3.79245003574116 24.996733719536316 4.817671379569062 -14.197914315830552 -28.576426541779803 -11.44020925965764 
1.520755364799044 2.815322629762457 -0.8547195352003596 -0.7432416039731228 2.5321706734785443 4.031185588079292 22.536021245718246 13.237022466419162 4.2473649889028415 0.6479630604862305 10.212137440093837 
-10.824166661122828 -9.820231140475055 -8.800079856842341 -5.737301486437837 -4.898704522259724 9.146418767414943 33.86975508391856 11.36083725167438 0.02243407916836465 1.4065313018577073 4.362317462157489 
1.2728323771467935 1.6477092039161203 1.8410393421955424 2.1858769608561106 3.7045796872299435 15.119806701309942 16.359499171960273 9.470750164412276 -3.175784206755868 -4.617081809299546 -3.287319248737605 
-8.182307814864107 -6.424254533288233 -7.5942971732629 -4.7199749594713065 -3.6470612375917377 -4.818532560618312 -12.140612720940045 -23.9050171811715 -25.48731304046622 -12.462900069677502 -2.418110383640254 
3.0417470316528394 3.768101727484332 4.50726293691001 7.271124544673659 8.746714223139861 -5.989762126901075 -19.920460052669036 -11.637061654038966 11.08302926272264 26.129656798963524 18.250678948323973 
13.808386383387528 11.04293186021427 11.376198654585908 11.201653447714184 8.882270895265851 4.148710472328029 -5.514929682531017 17.27819724167117 26.074107272846675 25.268214161319406 22.99536361058376 
6.659754384977692 2.0951029021604257 4.479738920303655 5.902172420778672 1.1894067544817013 -3.4577440609624475 -5.8836110951532135 7.69616851678551 -1.6097195675064975 -14.039361099634354 -9.343481750795963 
