-495.7656994915507 -484.0442726874475 -348.975097084242 -181.14725115166465 -104.45850085097156 -108.99257135918373 -193.66452113532904 -307.00085659383785 -365.8466773842567 -422.55658655855325 -326.82718695513347 
59.69523804691286 65.62254009963235 -6.509710853356992 -88.50153724468925 -111.38921873036045 -105.3931583488083 -70.74603178660402 -7.782056531660709 12.951963232938402 50.940040546332824 45.11441721393362 
11.133269203905629 13.386358904556094 -28.8567279731459 -47.25703195157041 -59.701517418477245 -55.55610338990937 -31.4531597079462 9.360215104813388 5.270656653934623 6.846915360753503 6.038426995640759 
-1.9793432241237265 -1.3558007010541882 38.61215663462727 40.15293371854947 33.75939526803348 28.986050951312 25.637600805487953 -1.4900927288478882 4.248631907414885 -18.449259729948608 -39.78562006877444 
-3.079086155279448 -4.366371695858839 -15.60249814117679 -4.041897028803889 1.3238519324738647 1.728934548404604 9.367933203097165 7.519541847481956 7.374171861679821 0.2816564225406134 -3.3974121554301266 
-8.982121112440804 -9.5028303064216 11.963052889756614 -1.5948121518944016 -4.748826647923332 -7.577079062091077 -3.7673666391770757 1.500852447103105 -4.346616017735553 11.389982248612267 22.889781477871836 
-9.88483309514153 -13.139082782411206 -28.895113339267247 -30.231681105623952 -26.260365671801452 -24.761889024713092 -22.72103178784573 -0.5648869438031401 -1.9909951338664278 -16.120144650621267 -17.70326799905095 
-4.593015362998776 -7.459872851171323 -20.504717898204976 7.205149000059683 12.619943644221921 13.701632248610437 7.691333736929859 -8.368215074035614 -3.8789317692926426 -10.07966528563922 -6.171841658952271 
-14.519456032284953 -12.387308334727097 20.59536199180102 14.563223424581986 12.665255880160394 10.572232087781622 4.572101246274532 -11.335739744575136 -14.809406271501217 -9.883601600072204 -2.830139567794311 
-13.943197857466043 -12.120407129597902 -22.07960819052473 -27.159014633542384 -23.46514496753349 -19.209056695397138 -11.298280968802777 2.250960340953407 -0.8718598165368286 -6.439700630956883 -8.680397505409385 
-5.1334707035633365 -4.028065447475463 0.6876516127255752 4.413065910606555 9.344774789981333 13.901972191307793 10.109122960385116 -8.528401408824978 -3.2872260032217127 2.5939036850967616 11.870930696825418 
-0.7147218797913941 0.14941147631671792 -13.317175640576483 -9.70036904052277 -5.025826693819027 -1.5606599567539459 -1.4780309240394724 -1.491423841006478 -3.89046405129578 -19.14528755879054 -18.044025615771012 
-1.041406180661352 1.109764857127542 9.978202253965168 7.348821332251992 6.729237498141542 9.366177577703303 5.318939130355007 -9.258387201208473 -5.571458913661534 5.403080118180194 7.703176849490573 
6.405290070247927 -0.9414979508280429 -3.8939027514505273 -20.586698676394455 -24.634034195685878 -19.020622444592227 -5.466562730644744 -0.8537529491075166 -7.2986582824486215 -17.281043128396387 -20.379979976094965 
-3.996231249726643 -5.018521025501434 -13.247403289292176 -1.243009142043317 -0.8381952339862431 1.6290077967411967 6.992447871391175 6.039986077607628 5.292544557484882 11.891896878079674 26.965597891316058 
-3.9683390559250094 -2.347384628377567 -8.81931908474943 -0.05920194321356309 -0.9438066787670057 -1.5555884044154626 4.351275818373671 2.7069105331089274 3.9101210306918492 -4.427786294946038 -2.300708710750233 
-3.2771024657159042 -6.384909466057927 -2.9920357771904187 -1.2171053291585554 -6.116057090789146 -13.39362492644845 -15.580772370275245 -9.071078604554526 -14.376831203730138 -5.448728916684219 -7.319316855708713 
-3.0288814897390126 -5.113619719091654 5.145495627777717 24.56667842148301 25.913853422183408 14.738785971091794 4.762010412317019 -1.8879711689742218 -1.576637159141407 0.4483224153222709 2.6330416742089637 
-0.1042008433131289 -3.488148829397759 7.692517523534251 20.356613504298274 25.239139781099425 16.280919137789873 5.9303240327325435 4.3132092705541165 -0.032000508896447066 1.3498523210395406 2.532450461132308 
0.1349026117999943 -1.5801611764879668 -11.81350210848051 -17.25920511367278 -3.0972576026644116 2.3872283886313146 0.31816147321719995 4.180686491890159 4.867899340570611 5.445576708844002 2.1251423699671887 
