-520.23446442579 -517.6702454796354 -517.8522694242477 -508.5933457317575 -509.4019141479538 -313.66217666548675 -145.56338656962424 -93.57492909883346 -128.953270978071 -259.85211583370915 -361.4885306699474 
59.71370570204071 61.86867405448464 65.85493009657372 67.6531404304595 63.75725616586189 -34.09537775313842 -114.14788591871161 -132.03997925723223 -122.23207028542409 -63.69607582721807 -7.906665168527955 
5.700285746342382 12.940145064491727 21.011677236707076 20.690316009432095 20.598139185846282 -43.30833888888665 -65.9590967913532 -69.18337782826806 -57.443824372122336 -21.989974151015538 6.143027268904998 
-1.9535152318749818 -1.4885829130237482 4.525696396633649 6.228366997275764 7.057874602202411 31.043760043574196 33.394110211689785 30.232568661476428 35.03210916759713 32.8072549354889 5.056394428242267 
-3.0715553946003347 -8.983482950692201 -9.282578252161713 -8.30258386756551 -9.202794084926838 -3.8391601983539223 -2.218852182014032 -0.2945290081422572 6.875737236745961 8.68193444874845 2.677465643614065 
-8.535202144285206 -7.20069925112046 -6.362310006317184 -7.151635084796823 -12.789744173855368 11.124936235578183 -5.721260772350283 -10.3130832239042 -6.2858739470369365 -4.717299998001862 -9.724465279442102 
-17.17211783845115 -13.488522454845548 -8.42587069650114 -7.523933723366886 -5.036940276246666 -33.71934913841845 -29.29941712941407 -24.691978127769453 -17.89542484333486 -13.862899157278699 1.7793346387229643 
-20.747339492279007 -17.916723330306993 -10.419693611674322 -7.511815483458758 -6.072766649874769 -13.043292687613453 2.577253300043485 10.822169973254194 17.39683141720924 20.951099346609503 4.707449852521951 
-3.749932289226844 -4.294999190429723 -6.363128306222508 -9.524203625138833 -11.240231391827583 14.61705052042852 10.24388762126939 11.229954038817173 12.51753866311095 10.12811796913028 -4.711333885206697 
9.430270814298883 3.48360375798063 -9.812112677849349 -9.397363885127497 -7.2456026305230985 -18.562253394138878 -20.909978311131752 -19.661317728484576 -17.444235855850295 -16.196085000195957 6.420254985712441 
-8.466721332847827 -9.848358908861 -10.272183851147865 -4.512702431142873 -3.3438644529537425 1.0826063226704217 6.81610567153409 11.201923269884425 14.091373350213551 7.054411521424273 -10.77837094340065 
-8.455083316392052 -9.21921231809772 -5.600358884090946 -3.183136613810146 -1.7527311778788555 -7.173071133577649 -8.027099442296755 -3.3044535371071158 -0.39566605761191864 2.0869372620728583 6.768156018025888 
-12.147161245963328 -8.583280819814608 -6.425142695469753 -7.931790392074134 -5.5403928655747166 -3.491655196297989 -6.979947583521191 0.09354054293498992 4.565373302668739 1.0772809330384991 -2.1557222667574587 
-4.9854737030697605 -4.798375974282214 -5.360173860644256 -3.5168901225718585 -2.453901946663961 -9.29091632937005 -15.990977317491714 -11.070262357609355 -9.169643033440533 -9.677388687082642 0.11551240542893615 
-0.6960798516642753 -3.1403201551435407 -5.172035211424667 -1.4343787439748104 -1.4011944513312293 -5.48827476495829 -5.207739716916633 -2.363172504681957 -1.7924615192239748 -3.0150267426930224 -2.1287987594010733 
-1.4957437329971546 -3.9816629464399087 -3.4402394257523206 0.5963493577599545 -0.5398128266503939 -0.21685931662024463 3.5429332083498792 1.0341720246073685 -3.143111268677627 1.5581206322882213 -8.685856194181136 
-0.47110540822456226 -1.5491791186361616 -1.168772120090204 -3.339027527300943 -2.1158039993485622 1.8674956166417256 9.377023460223537 2.5730392606522656 -10.308613387268725 -11.119082825167682 -2.654294257895078 
5.282497584522365 2.313402014308877 -0.36304271263724514 -1.8192818182457908 -4.645863993523543 7.500979717462421 28.446749983160004 27.488097686376847 11.823153039162468 1.2341482980813572 -6.782385497881755 
-11.21706588752284 -4.685089046702641 1.6623005390859087 0.4731919170550076 -5.613069558581742 -3.5625040035457474 7.787652903576119 11.92505550072955 1.0378585269714733 -11.4776452059374 7.7035031163438745 
-9.542670433892074 -6.185320079945508 -3.5957106120663687 -2.3478587191439155 0.8486267189115216 -8.838630074718445 -6.498299969663109 3.9256335849081374 5.808824422193239 -6.873763369281772 3.2801881655479486 
