-550.5090738816428 -425.5091138486875 -222.8261152190966 -144.62338772468146 -175.59064299243747 -328.47054854536555 -458.48991018093943 -506.3896620257824 -515.7577999288787 -519.9515759935198 -525.1905977029219 
27.120410398685863 75.69596830236128 32.768210314361625 31.703157772090663 39.94896420610239 55.401501661636864 28.276057995733005 45.61505345651304 56.15982581620651 59.122439477829694 57.64378927728507 
-31.83125898759291 -20.901934254310483 -28.404051393075804 -21.745437633913255 -8.521514299725352 23.026301798578622 19.94814266339299 2.419897867965261 7.226196950452582 8.026955977568981 14.631624676186249 
13.869850688984023 -30.614893825659433 -34.83376153421272 -23.061642358989737 -5.83464955316709 22.84223813991396 35.067944920996815 37.74951931336284 41.071731290924475 46.88152655267768 45.248140759335456 
-10.399769996930067 -11.046680666376833 14.65093209665403 21.951831730498 27.67507861298583 21.958980319656618 4.372353997743572 -0.6258407864261966 -3.2674444851338844 0.9489288306284664 0.3651944672227898 
-7.809933243997831 -19.96828212470561 -23.653102200464424 -21.74160885979542 -17.398871925663894 -6.786922364138555 3.335831149969721 -5.404892115854293 -5.674686049994224 -4.881461113604761 0.35668981710971526 
-4.752957157695963 -14.14887860121849 -38.90360051503029 -42.9259341557013 -39.647136261408974 -20.878401662141584 -1.4118413554638147 4.799295012430381 8.290100173171659 5.264660233262464 2.257588989982897 
-18.41593205065305 -29.153326091599634 -8.997991864614534 -0.7912669835157413 2.1642862064423243 -9.673222174517665 -13.944207164560638 -3.4750595022555695 -3.620724940879223 -5.568043981628087 0.8758382226912792 
-6.749223951282616 -13.683146449983688 3.191010787938491 8.956198955739865 10.153565197492188 0.6068157333694217 -4.652856059987238 6.282651192813548 4.756367100700292 -2.4120525099956596 3.165665849288734 
2.839993512093666 -9.979320982043102 -21.831299492687634 -21.376244742087295 -20.795681743438426 -21.390985661542818 -11.098704052244333 -0.9956539591663822 1.5099650078605409 -0.08105860677126503 0.21586980556384894 
-0.5546302340663829 -16.784402101136635 1.8171178313352292 2.986836615570842 -0.08558715825430441 -13.624352579336971 -7.4696592641675945 -5.121005403825434 -6.966071206923029 -7.31572011850845 -2.9278612319489574 
4.063481670236453 3.9974341394233295 -2.2390421360458146 -7.038412798333431 -10.647289203474589 -13.931670555531287 -6.6602615141767485 -5.207196066251932 -5.077393152041822 -6.076421643952492 -7.646945015889521 
3.8075648710252707 -17.768373994325096 -24.96694521386337 -20.138750755446384 -16.53364196013535 -6.198701093333036 -7.80564181651956 -0.6738718758020992 -2.750119371007388 -3.9991141152024365 2.028790612016228 
1.2865047842627908 -16.222295714191773 -7.9876148278976835 -2.74168876561171 -4.503163023250593 -4.815879805295991 -3.636956276171458 -7.695101036962455 -6.346429392737871 -6.123047555881125 -5.821330529947671 
-0.7223188961365277 -17.336236748369437 -16.249790632818556 -7.799976120081627 -6.162191815571084 -9.135263117656296 -8.673954699931388 -4.188411889736096 -6.9822902299203236 -9.4086879259908 -8.939271524360187 
1.4348160847899272 -3.134576942160151 4.142784185160405 15.650985080883917 20.88810767907178 15.312948572682416 -6.813338129274303 -1.5191253772564544 -3.358933793684316 -5.895707307558402 -7.935250632159713 
1.4806885458297607 10.73139280548558 11.174961914077457 18.322991157642768 17.25899204032662 8.189333636803244 3.1871306628657763 -8.262391793267028 -5.013048342916272 -2.6022690306162097 -3.579778237250614 
3.7132008596634414 7.702266345857584 13.5523940372485 21.5135407965996 17.194428428874723 -1.5399920618695844 -6.591098166061052 0.9831322605224422 3.294025648317073 -2.5766769221350376 -7.748133362244159 
-5.33952008246215 13.599282684615005 35.08125877192711 26.231395075673827 11.061354995690856 -0.27713931037440864 5.206950643246467 -1.4519346979372882 -0.7397617726113508 -6.804729550198029 -12.340417058710566 
-11.551335689958792 9.77610098107155 19.170907357021356 1.8733075185440349 -17.16692154049086 -17.398005530621177 -9.548176023596518 -3.6678602212837097 -2.713158229730954 -6.531813853354599 -6.592176342389866 
