-536.296548948394 -452.6079712534888 -417.95998456654775 -274.31244288167954 -114.21008823579345 -78.94361423951432 -140.98975445092438 -273.21502766322584 -258.3180224303756 -281.6678319884385 -443.52163358732076 
43.41936033167521 6.2884057495543875 -8.610748023341669 52.62639924078351 6.2526261589552465 -6.8586015839230665 -7.978116338256644 -10.407560593544861 -27.291703091118166 -23.94613424848753 0.8971525677339545 
-11.248277881021044 9.289685091613393 12.717584806900454 -34.13762581883434 -50.214434600901356 -47.51134480312572 -36.973215095792526 -18.438302143959206 -15.955092810008503 -11.70724076051798 4.7498911408116555 
-16.171309464031676 -15.981235054739448 -14.604092653585832 -61.32716997094449 -40.740042979006034 -30.244458672159944 -19.837745248487067 -3.2750093906579427 10.256601682256417 14.412090968393647 8.753299967079283 
-17.344916461321393 -11.001888689096749 -7.26095783430813 -9.31410143714445 -2.627291408216763 -1.0405259974148078 -1.0748324201837833 -1.3590333521169595 3.51651431915998 2.1183833136475663 -2.8681895287295553 
-13.218999919266945 -7.221960353594354 -1.8709469864077586 -7.485962725422892 -17.536313613542145 -20.61795665781562 -22.07851048080504 -17.04331361715846 -5.313733135471155 -4.990074826945851 -4.571272300910717 
-11.663626227669157 2.5696829662341503 -0.42934504333741264 -10.17929766796642 -15.761635424761124 -13.833162442880642 -9.754284502656821 -7.5208833844710075 -15.140849199535129 -17.415888543912942 -18.254476602205756 
-9.78373903436571 -16.504568243971885 -17.128692168845433 10.484203383108877 16.729744373089666 19.62848568909608 21.88102116276942 7.101141733888428 -10.849419047693488 -6.079505524072505 -0.3494903295503913 
-4.93355663566227 -6.537878845465375 -6.220912767283203 5.347330853470954 2.0789708983182966 -3.921425302940764 -9.79174859402848 -8.137861510185028 -9.451422863966034 -10.075713812956348 -11.820727998588367 
-8.501888744152883 1.6601691157572163 3.4489774189130893 -38.96374934313734 -37.6540167445749 -32.220583031573334 -27.581034476053482 -15.39326400101884 -3.8152577808987527 -2.4118476532847146 -3.716944005927836 
-12.330361018915182 -2.5043285986407144 3.182616192392919 -4.980888763435635 -0.8325118044438684 0.5056403407387784 0.7449349749584422 6.405816009122455 10.575654663168095 11.202953812734517 3.787278508210873 
4.9971329079615145 -1.0327026628902198 -4.417389237229417 -16.330444061585084 -18.039491307284305 -16.94654741856325 -18.792272262429762 -12.62047502526806 -0.3759312370620517 1.2379204438334483 -4.475414612175588 
-10.060380760311821 0.0820362687383267 5.9663655070006305 5.805805363785203 6.691673869180312 5.9063015689454765 2.0727122694727727 -3.3428220985145467 8.887512023138786 12.238366671105668 7.158936088989323 
-5.365713758167779 -2.8974508865145854 -0.9338673400020452 -10.945140975962232 -15.11917127238622 -11.270169466821244 -5.34021141167499 -0.583132934972202 -5.756362144353366 -4.97690905883038 -8.901098181176879 
3.2841623637474564 10.0878606508212 8.691455204510468 7.6022016264798005 14.322809241546555 16.5891531933394 21.627889269941022 13.017385688171661 -2.4506150739910577 -1.5012287968609437 4.312336985673528 
-9.79688148520249 2.5138857364618605 6.643372890669749 -3.4429154251848746 -10.802874276440983 -10.58920621529155 -8.28415200206324 -1.035754425828077 -5.9120812109920164 -9.474961001136446 -4.250687594045579 
2.1255715107284296 1.1147685016490865 0.20863168745751692 -4.325301581979218 -6.273476279374339 -0.8523629953644988 5.682632373540439 5.611128804586226 -2.5974731539322935 -2.7823540965005034 4.425646462368569 
12.519765839616301 4.569165005436792 6.180203536723971 0.4108377323332282 5.792137786742734 9.167870996507059 12.150151004189386 8.739411890012356 -1.8237577577648745 -0.5633653435864523 6.691919691596392 
3.671807017201674 1.644587168169378 2.6647442964449617 0.9586097381158012 -3.5211614775607654 -2.725677780792865 -0.17944613123810116 -1.3907206851370755 -5.520961379928323 -0.827115801558378 5.592040843613221 
9.503626645882639 1.5966004237302749 0.21734646663635548 -9.024895498653258 -9.005703896981018 -4.576222668629386 1.07134574917091 -1.6997911880016408 -9.806264159938097 -8.698115148601273 3.606660973947144 
