-516.2277172876064 -508.67322704630806 -395.89679023164945 -254.4421257561811 -206.9313671812766 -231.64495921126462 -287.5504022610965 -341.10535676816005 -392.3092035836163 -409.11338707657075 -471.6236491765947 
57.43295999519683 58.914761647113664 106.51329725039997 82.4922429848408 57.76495227665732 42.23491558248003 22.62740548381575 1.1616938587145513 35.025185749097204 54.5282165483643 58.57084427123394 
0.794691880633705 -6.756387613007101 -35.60245789779732 -56.148901305425824 -53.24396704968919 -38.186927694832605 -5.920132324016399 7.8672256453312865 -1.2226105964448344 -9.546821414400853 -11.84283042931612 
11.23713149992529 -4.923368738455102 -36.7571098851993 -17.634739032606916 -7.096242364270374 -0.4776149209252559 -1.0421933858483354 8.15806329515313 4.10243652358758 8.487145940610528 3.2016221910337506 
-13.325064073659465 -14.863525858583053 -12.415183760249429 -18.838968015434304 -14.615317794218232 -6.8944480615442725 -7.910462257916388 -9.81513555512213 -9.708025401365024 -17.91004521878633 -22.371100900044283 
-6.818455867044065 -7.038533872952282 8.785876459117352 11.872735881616977 1.3295819996217695 -11.053964134182884 -7.040469572168501 -2.0306150935192187 -0.8472754302949651 1.362738440717723 -6.142639286148965 
-17.758490835471864 -19.4890340849553 -19.057263090033317 -25.617503922891686 -25.721099821369926 -28.43055922017735 -23.193154635718997 -6.748710975518772 -8.236265315820404 -8.888053335361798 -14.241489337208709 
-26.976658225236477 -31.62239249268037 -23.65218196903905 -21.58986704859734 -21.95633540069592 -21.695614784416563 -14.484901107237238 -7.8602099852034755 -18.973638895360665 -17.09138598180423 -13.20842242830004 
-19.847412300216057 -21.521030091440142 -18.42655573961645 -19.04769277496733 -17.81207675746282 -15.591834819081608 -13.060815333810147 -3.3677774611035827 -10.699220402175019 -8.537466200388893 -5.458338643301651 
-11.842618617612365 -11.145867216043069 -9.71205308158698 -9.739976776806813 -11.232113824600573 -12.932529586682506 -10.036040433781716 1.457413170947952 -0.36331868373453785 -3.7737976017735004 -6.889169812649593 
5.27155615410363 1.3794311042914087 8.922980524313342 9.66375728278668 8.98422489993473 6.425694348581351 -1.3706614592259252 -5.269255473456226 -4.202396725984509 -3.221205889574005 -6.555579250260646 
11.306330518452668 8.270544654128704 3.057169652976526 4.894156099269323 13.067940634866787 17.54795880952473 11.010101797457772 -4.2216642958893384 -8.127488365630018 -7.721624614568375 -2.2254273510302403 
12.875645469534392 14.376999159540869 42.33768820329942 49.668652150977216 46.21643965963142 34.07765065068801 20.718174757239915 5.650732414276351 5.377172858867482 4.3400467996015415 9.295397066105274 
-5.579760902980963 -4.640366640991524 3.2669683100146067 4.457066646914662 -1.4632951501654308 -3.928023271516522 1.7565386411267636 -2.428798052915714 -0.6981075776347293 -1.449145078507252 -3.545617625289567 
-1.524401923224441 -1.3508305033335162 -14.451472120723581 -16.00540710975242 -19.018104449600216 -19.574291993270933 -11.887856363734343 -7.63195533060296 -4.593407603860378 -1.8582955310355291 -1.9018247445854313 
0.3945537895351394 -6.045682038046804 -14.666476132486917 -19.326092037996034 -18.4320102075885 -12.916235181603977 -10.190024512702584 -7.445287458416142 -2.97600896778472 -3.924148361370845 -0.3623265506434378 
-4.651033724773091 -2.702419525180922 2.532254709373036 -1.0093419164648465 0.524901541706997 5.918824188101823 10.111027747274733 5.553356403408394 3.7844717263256364 4.29714402404792 -2.6762026937469443 
-9.390763024803405 -3.07064935250226 6.494329649820293 17.251101468290646 19.118788925246648 17.089303592813742 4.922452491014367 -7.63116856707624 -6.414175965834725 -6.533455880695552 -8.588641919215878 
8.731098996740197 8.686169797850354 -5.238977958189366 -18.099545773619155 -20.926193202940752 -17.455081613560566 -11.35062290415248 -8.079039054954215 -3.8321688125933036 1.228085612226493 2.569685271215169 
4.986625748307137 -3.3457892310055435 -18.27279566078831 -16.620209383130163 -13.633703679934802 -14.145664756069047 -11.603542480370407 0.5596153398038013 0.4715419045584117 3.119025767226332 7.8197297865529265 
