-461.73758760695495 -447.8061519855018 -444.53097587854967 -454.9722329850637 -446.75302260697987 -337.1958519769732 -225.84057819596762 -188.21012711623337 -208.4317537458897 -281.4912391696875 -347.3046757024754 
58.647710279206876 60.23822810922736 64.57437704483883 67.94061228143033 70.04212352884497 124.02547639376542 104.98844306378973 83.05808083354411 65.1093955742262 31.095299121918536 15.297670932240298 
-5.828706391200104 -5.808649471785827 -1.1121669670983918 -0.8651604539777705 -7.03618497937155 -16.844419507375637 -38.43789494047538 -40.868910871816134 -25.61315496735852 -3.5328847846568174 10.11775845253792 
1.7908481401081568 11.246084062949194 21.65837411764737 9.217106455773902 -2.681231271720827 -19.894155839023163 -12.964017544388469 -7.994749903706602 -7.779910735046128 -3.846338068500818 9.505042600470365 
-17.545821232268153 -11.930879563933757 -5.617863328945342 -11.441838674037744 -20.95529681869307 -19.300135497798752 -10.474692396387384 -7.369579795666072 -4.030227454344001 -8.439727222239647 -6.602805586061589 
6.812374594620171 -0.2815730653386465 -3.213326489213314 -2.259953114467935 -10.447689082053728 1.9981743172336812 0.6937845272886716 -9.812948238584596 -12.777583066693207 -7.573334468967179 -0.7163776866753825 
-23.671519497022373 -25.126650619230013 -23.202717873199244 -21.250432329701095 -23.74615213395201 -24.93703529658883 -37.09585688056636 -41.05194079891304 -44.24805896107719 -37.08875458058479 -22.850426969046353 
-22.479345228775088 -22.541861079848772 -21.40503818915395 -23.35421521953482 -26.813393899604822 -22.64996453577453 -13.334600312592833 -15.094893975345151 -21.405230383518738 -24.523139355885203 -9.034670121219408 
-15.65517045035794 -13.921917001440896 -11.964167776213104 -13.363240553303417 -14.87437716871521 -13.482805012370548 -19.77920214142995 -17.515689049123022 -18.404830410878162 -21.942338128141984 -7.716304826272401 
-5.701309821377215 -6.069654827046452 -6.9599380387443865 -12.726218577655903 -15.980623343104831 -21.375577272783545 -35.9254915374094 -35.706833085482394 -23.29644865800587 -12.504163755411088 -0.7284917060587325 
0.8138723366607633 -4.11130663569014 -3.1717805235024494 1.5033186974783346 1.9399994700265832 -4.869507813411537 8.275508370642282 11.172076286736683 7.484960484358271 2.1459835864573957 -1.959817630334403 
9.403222597120239 1.9750522408867175 1.6735246994847974 6.0732724923145 10.91802576047482 -9.25037581142252 -22.99799457006184 -16.339964994890153 -3.159935597519067 2.3017569796738218 -0.81446897561445 
9.050826271374099 9.111611154159823 11.881985284903681 9.607937453719313 11.64836817130556 25.876348088296503 38.42158223449795 43.412699434427566 40.478890175035 28.931857245688327 15.2636443221486 
2.489649193071713 -0.8020403845017987 -3.85649753711878 -5.875765856280584 4.37396118419185 32.62358024993106 38.198074666305786 32.663635776814345 22.38266470817195 7.006499138702061 -7.53075726577838 
1.441568987529327 -5.3356623634755636 -5.867838047851192 -1.9709782148113006 -1.0927631104784055 9.987920438058689 7.467145185817515 -0.3761144340599015 -2.489139682703403 -2.2339670523943 -4.875596594201517 
-0.28359724613509085 -2.930579449911571 -4.20269198531553 -7.772289094762549 -1.5130501843635555 -5.432852136448529 -7.787094095665592 -9.5177513609873 -9.411547652739955 -13.783569653154627 -9.649413041031321 
-8.527857783313811 -4.042324899764891 0.2761807218103673 -2.178490059528762 -4.323002588676853 -9.340521988901571 -13.881365817839413 -16.17382065027413 -10.204802265828057 -4.6161428533739715 -1.607861018888291 
-13.831319108736452 -10.995951347307244 -9.226538342876967 -9.536799098073104 -9.052943152528606 -13.907871312197699 -6.68807294668701 4.710001933812469 11.177506055593398 7.715932237238848 1.9608551462572852 
-2.7841179840700816 0.20214763831701643 1.6297422686708267 -0.9437051899234399 -6.805959788443841 -9.36845765363032 -3.037319121957735 -4.570129900436974 -1.1943480891065812 -0.5256274925793823 -2.536745393134739 
5.04610962995798 7.974681019844079 3.6094780796505455 -0.8842226019682131 1.9989311327154282 -8.374369556522334 -15.776174858218837 -20.95758582008324 -26.233206192699683 -15.092393546384544 6.362637150778061 
