-515.330208624272 -512.9978321675455 -520.5867292209888 -525.2293132949296 -524.4276366720426 -388.5505293168959 -167.9936389139071 -107.94376795617227 -127.43061575065786 -201.05558921179036 -335.76451150577003 
55.71566184926549 53.724554271881765 47.353426192203344 46.579821189326694 51.837642676120645 54.68706275749213 23.839108689197033 9.26008755076717 6.8681244554695535 6.093306121095745 0.5867819284471274 
-6.618091673951897 -10.161850793583893 -16.451304460931254 -12.507059410223988 -10.106270036829997 -53.37679661685451 -84.59015264122814 -91.58813262482698 -84.09849702854636 -61.539635265155084 -43.3335246459337 
-8.995797372782329 -10.343037381607964 -11.805012358315388 -9.503838608659155 -8.619762070520258 -53.80248568052993 -49.499762228778316 -41.855113018535064 -43.56290184929052 -45.782684617412315 -22.328560393918245 
-23.557652535956933 -27.42913675498088 -26.187444304436646 -22.01130180562351 -24.5478855397592 -8.651525026469383 -7.849892041936518 -7.55202306149636 -8.026730282692316 -8.44954083334159 -0.5664238375968867 
-16.18076556144964 -20.65566498003313 -24.098819068709684 -18.64270101389046 -19.605923720118852 16.50026162915433 2.0626248089884864 2.6524518407469206 7.168698755153259 6.3601673772264915 1.5328073177520873 
-21.189068592242037 -25.809597796411076 -27.314040476072385 -19.90928682428637 -18.175361313063505 -40.320248247523935 -44.971462810621304 -41.206886640830646 -30.939026283710756 -10.3483195218348 -8.001675800563147 
-20.046428557364507 -23.445022437173343 -19.43003370408843 -12.905273016584715 -10.154281048336989 -21.286358107995138 -14.866984688756148 -10.262781838531712 -7.857372468704179 -7.384423938638631 -3.4576664853644274 
-7.479307348621041 -7.313196568559236 -5.620398625913538 -6.223066311879551 -1.536749756322387 5.797468820576834 4.539987201263438 5.124780743598949 4.923043218252077 -0.8941983561491798 1.968155633535532 
-4.239665865916078 -2.4758315629306225 -2.7001779385791695 -1.3821185873961113 -0.884117902829056 -1.2203292853980618 -9.32473000646963 -15.272455314892417 -14.330947951779248 -9.168047431977005 2.812173669444424 
10.187467879560824 5.2356065066853255 -0.3390294998296701 3.484623708757026 3.2559399126386404 -6.832243584911646 -14.373532076716225 -16.806435993166236 -15.516621057652351 -10.380793370516841 2.158161449074075 
9.40205894895848 6.345121201316669 3.198534182080378 6.5157623423733115 4.706898436818237 -10.16569651387433 -10.200374297188615 -15.838991089162487 -17.018911162038076 -8.729054810552384 -0.00437508488723648 
7.734722210908041 6.892849442075477 4.209535988309805 4.4614429912058835 5.15629981576183 23.019519113983108 27.875752002745756 24.15234848260466 19.764645383930667 11.412625306271853 13.398477478075993 
11.160738444867711 11.507101767080677 5.0125641128876985 -3.519916144153164 -3.284840187667949 -13.050426893990242 -20.343187784058518 -21.78385662219594 -18.36609508375815 -6.05621668497751 -3.2524939747408554 
3.450044957252399 4.053981352486036 4.537600709986704 -0.8527492311634783 -4.577444515731047 6.327957264913198 11.473996995483706 9.002843386417565 6.46404493872258 7.301348065786641 6.5679417051715205 
-4.632633974236092 -3.3884176151704377 -0.15831217692182065 -3.672361622739875 -5.671089269952809 -7.933561859468593 -12.466585118769625 -16.279339467980407 -16.173280699631306 -13.240259631900152 -14.675084508831695 
-6.901971549985892 -7.232988570213756 -7.0279336320048795 -8.618340288082894 -10.064713973195914 11.106830224818067 12.928530428783864 6.548190650637828 1.5681370772558192 0.19183127638410075 7.604410943400696 
-4.01078141370129 -7.031480075597782 -6.120554657593994 -4.017874060865904 -1.879241413982797 8.588036494859487 12.34752180008443 5.131241092642667 -5.22384732370224 -11.708583937121157 -11.408860515984667 
-5.963607429616313 -2.8167194182261346 -0.984217815077161 -1.2667492027689131 2.360866886877365 2.464341399021337 17.330503891820804 15.37284802722548 2.9812281373706284 3.565473339777961 6.275458168080015 
-5.5130170521997215 0.2490837145394576 1.8681598833889193 3.617516171945316 2.551136382721764 7.187037695924591 18.592866261456237 23.091922771369084 13.273294331939038 5.454786073112402 1.6505116738039285 
