-165.434195510518 -75.62705602237331 -28.246546013079282 -24.59895905568153 -83.13616333367021 -178.0387972601643 -262.533650454414 -311.5696888796616 -357.12952754215 -385.2649454204485 -392.96136914164447 
3.0957305898274257 -0.7895743037191955 -13.534406036102634 -37.14698900382386 -41.987688818632094 -47.1627798412016 -71.96227409233046 -60.126899301802794 -36.724773717841074 -13.943692404293415 -11.546674250303818 
-50.21098320029563 -59.259637153812605 -62.904571200789434 -54.64531651104314 -39.18545345207232 -26.51005547666774 -2.1411866709799288 -7.452367409045232 -15.144637980965406 -18.792244575834076 -16.936741929507804 
-43.409404349071025 -26.903559933815245 -13.723218961918004 -13.740422562984962 -14.567589333438242 -25.86736084009251 -11.594014495631635 -4.624705194407088 -1.3743961571369505 2.7956290821479626 4.144370545009242 
29.392584895878365 41.872535921275315 45.49530256085255 36.301126637522884 21.096883025078377 7.582616890480127 6.05028448531692 2.0344783579553365 -1.1991946394375879 0.5859273534099392 6.266500126259141 
-29.381802863611355 -35.77033813985984 -41.39620418885752 -46.292897851318585 -42.31078143054498 -20.24305534190541 -10.323870927104728 -7.941473897571324 -0.5514401553828814 2.1149582758201593 5.909700496571582 
-16.345479728347794 -14.889648141455652 -16.59784313572319 -21.94388351050015 -14.896648745715824 -12.143957806536983 -0.39897500364819494 1.588174757294789 2.358824982429319 4.979727523026364 4.6732234285991225 
-7.9267696877094735 -12.345986916648041 -7.241627354523697 7.883824292567398 16.48883426775366 9.23990927450309 10.943614574829901 14.974632826895423 7.932341241295928 -4.662404444365134 -1.698389936475019 
15.446141633164345 10.81245858001082 3.6738710473668688 3.8054544520399363 -2.1533094674597244 2.1726968555655413 -9.765787489918637 -16.931250089059763 -9.197715898190054 -5.572660315384617 -1.921763941362686 
8.247270851187608 -3.9161463260821137 -3.3610036546778534 15.306954543212466 21.062319277909374 13.79194406628203 0.9428185978714009 1.7594519329011824 -0.899342020686302 -6.450272177347295 -0.9844272566427554 
4.112299697882041 9.089638293354366 15.224596890179395 14.351740628077534 6.929874424232781 3.806063963955982 -1.7254075631529926 -2.7067172949069453 -6.036424384099261 -1.999260405023996 -2.2450954518154798 
21.18984486292084 27.198364368849113 33.88037079143454 15.8826254651661 -4.9881899261937885 -11.324559150260125 7.448809351199435 4.997450127445337 -3.7741475551342116 -5.130331071917146 -8.217281388483428 
20.066637819392618 20.234308073377328 3.9908750410219653 -31.08407512369023 -41.224296885195606 -25.849796393037597 0.5976538868826938 -1.872783225633662 -1.94724776775308 -2.028508547630082 -2.0658169839191003 
-0.986143095734234 -12.350639852523566 -25.172903990209612 -28.74803575144717 -9.698126309768064 -3.4203496310499197 -7.123286276678531 -4.962765641295533 -1.4487034861031631 0.4154555595071292 -3.187233165817993 
-16.18442278903695 -24.103330833697495 -22.93216747071132 -0.5436851619071016 19.152131695310935 15.903790937783592 0.21698507802986966 -2.49382044282265 -3.1458213664449244 -1.3309164047915214 -5.161037521828074 
-12.472991139700342 -3.2989334858961206 6.372783455413275 9.909809713615761 1.2352261311202155 -5.230517910729145 -0.9535015428269071 1.162023338987203 5.250574994516996 7.749010435726176 10.101950456801392 
-2.294384442761189 7.939331319853764 -1.2514997515727124 -8.414469154426165 -10.490305027812667 -1.2443295440625979 -0.8135993561988653 1.1708156570997676 -0.09064582603675816 4.5080376818236765 3.8877171951394778 
11.844210235875387 3.7712850267831817 -9.586694404916706 -1.9592132743270012 19.839865557841765 31.91056655316695 8.49261322109044 2.7848455968238897 -0.5276897540920767 -2.1970122880388447 -6.9490994753806525 
-9.328319031748979 -19.58190145878232 -8.313113696511927 20.98258845169027 37.05536080931374 22.77604762494027 0.6253244133521249 -4.645874580169005 -7.6220100499786 -9.920058693601444 -14.365403108368238 
-15.810699907793866 -2.8653461567704683 17.283342767467463 19.293852220522965 -3.5515996289251612 -4.562516737880824 -1.992828911269807 -4.135046768059798 -8.213414743556218 -10.161579578101438 -12.57084917749837 
