-690.2895193816154 -689.5632415529458 -691.4759237529157 -689.9884489569878 -357.72032714559396 -210.81673474084462 -175.32701372956222 -241.9020190562296 -401.60245784417657 -588.1156678999342 -652.9954743989595 
68.01767004761527 67.05540941087074 64.10346931817078 63.4062089386577 -1.4323074184301787 -5.739307485394003 7.667990369374808 23.170231415484253 32.268038885491954 54.95551311171563 69.58292467850083 
-0.34437013956723417 -5.324320387433692 -10.015598997536188 -13.70516335071703 -94.60613694837744 -89.2684681875744 -90.83222837331391 -86.98193054847366 -79.44528126197429 -39.88778024657344 -25.417235208063914 
-11.050021197430894 -17.121587916907064 -22.490944376742 -23.90305051826151 -22.510919142129527 -14.118797651357783 -25.303207166439673 -46.19566980056453 -60.89546906680771 -35.551919040694926 -24.433579476762297 
-8.498481771008812 -12.754369242867241 -14.626214326090363 -13.793522211564799 41.3365268423989 42.808668662224086 40.599301419367265 31.672455939297876 15.335951215527505 5.062745890780261 -16.295673339975444 
-12.162897048718062 -13.713743425233629 -12.526486795359451 -11.953314505195532 -50.545927756218745 -49.10330889627123 -47.13115301271401 -44.26638078200163 -34.038537836027274 -15.955406476530383 -12.54115746459018 
-6.274466557300367 -7.2277167595478815 -7.402402637261842 -5.800684405494305 -8.762520998786353 -3.5556940936534422 -4.255383408130498 -12.620446039288257 -29.8433573096724 -10.298511597030224 -2.6334539856064927 
-6.155458038022391 -10.426219981636457 -12.001902337085781 -9.404915825934188 10.260929162634593 4.364916485761189 -4.019320985215056 -16.147138842613046 -25.79250613462257 -16.000618801904672 -5.151817232066679 
-11.083944387510494 -15.017218398819711 -17.362125816789895 -15.186322900387786 -16.29012185847803 -22.366156970704104 -31.909538094871074 -39.105137560482696 -43.068742508903824 -18.4157327594572 -19.15829672305867 
-1.2503253582025569 -0.22233757113476904 -4.404715779135117 -4.761586998451272 26.64829814551291 23.831448010716294 11.418295936136705 5.569305296277081 3.2086344109541125 -7.2942107617421135 -10.663077111328695 
4.7161067633737215 7.4142090177657884 5.663824568622404 2.0509187515713636 33.16144862522507 37.583613445955955 26.080732015687985 9.94099730775235 4.916959419104172 -5.321218668312589 -3.3986117357284025 
-3.3997287993602057 -3.1066488178386114 -3.6795100644808447 -4.9556016501022135 23.86806165782391 35.23644961286317 43.42174951752625 32.65787403908392 11.688684643203462 -10.245330547725885 -13.191282569787624 
-4.7117255019249615 -4.943479486288391 -9.910401648560818 -8.749543340443768 -20.054726207501687 -18.969686503978142 -0.16127096973810634 13.062675036721897 13.37529868339021 -3.5621171686608606 -9.21455590820598 
0.4575974515805494 2.0894370766208388 -4.250273889124342 -5.101748956000106 -21.392866161560995 -23.289312571641688 -14.209355410615618 1.7504330279784563 12.319581277559347 11.050087466507303 -2.8105030734999903 
0.24291434556815317 0.6700736276996417 -2.0425702921712503 -1.1559012070998693 10.368954835398858 1.6520598259281098 -13.144827021837234 -19.205022054267246 -5.157729115122219 -2.808003559456923 3.33457318867522 
-1.8780125003934716 -2.5125566428644914 0.08235870546656765 0.028016964443475123 -0.606590819531241 2.5739537231063774 -7.622593591091302 -16.18418221167343 -2.661324688569108 4.073692578612445 2.3304322539760083 
-0.5701081130549437 0.6525737141799455 5.298351935418745 -0.7997813419554651 8.662311165214843 17.8358466016887 24.961770053338434 27.718174052256302 4.60892452976675 -1.201739783446306 -2.3505252259917633 
0.3556650758522648 0.46147874569997427 2.661075921731642 -1.172097024798565 -28.877104007066848 -30.707715517430504 -21.7559246149172 -8.14281922349082 10.207950761443119 2.1177233939199933 -0.6228761703034688 
-1.4231149116727633 -2.6076742496221574 -1.9066792141774767 -1.0288825313474943 19.961476864482652 -0.193886810580302 -11.690957587862869 -18.67584469030323 -9.110258984869951 -4.394463828274072 6.074017015787387 
1.1308735472792049 -1.7759006090461442 0.03422447621399871 -0.35869949825545083 23.34603809922011 23.209787088284386 17.439431284693885 9.272901189971625 5.442194249913429 2.6634334560533417 3.047487530100579 
