-775.9464650462895 -757.5933607755194 -624.6813228957053 -439.75285537521097 -269.64359852964725 -211.59184852015957 -233.61569317421038 -271.2344736961292 -362.567292071289 -536.2303758621889 -729.899743704519 
29.6083683131942 70.51926379493952 166.47142853133795 80.1768627448384 -10.54344005794648 -37.630182744739045 -50.865405272299476 -11.033485950001499 27.954581719610996 58.789382766348155 26.66341844276257 
-13.156947277131573 -7.809689783469859 -33.44618719014578 -49.662705027515145 -73.58930949021165 -75.88385684333713 -64.05568590128684 -58.79641588564766 -56.880499580449815 -38.2006684947429 -8.190335988581566 
-23.771211645160207 -41.740322765894334 -84.45082926425543 -67.51014598823147 -42.9365024727965 -31.042238155333195 -18.226127508261776 -34.57567064629329 -42.61786812263469 -26.97384397355735 -1.8640046057360435 
-19.274424201744235 -54.47239535596488 -63.04578778749967 -24.28512528832497 5.657658358375922 4.066420487348303 6.268586861261366 -3.0721084372267513 -6.375675631640393 -1.2832467657001478 -5.660769620567222 
3.5475439231124892 -27.980912516789118 -26.498530724551195 -42.413720618610995 -32.05750416522447 -28.232426645168673 -23.258510617018043 -23.036635022674368 -13.74999759034989 -9.97833592693149 -8.314371408381726 
8.927089166710925 -7.18269098198563 -25.274444495135135 -28.06375414149322 -20.1192643132784 -10.936175341393174 -6.806567123911938 -12.947830896365444 -24.907191997827557 -16.760281635063546 -7.832885148906023 
-3.400530560847855 1.3058530971488114 -16.279004922463102 -22.034517405707085 -10.594456772986348 -3.3041787417654778 2.4467325755884612 -1.520909473449004 -6.550257951665268 2.7113838101590018 -2.2167654687400047 
-6.529910112539796 13.114708597563599 3.2203966173387855 -2.3079091788817454 -1.9033344258457112 -8.146006743175224 -12.684662891970163 -12.247994679576994 -14.062197658997377 -18.95493108180301 -8.347225700222296 
-12.926020748062406 16.031044044404897 8.312437751048057 11.848996382835194 8.590055474699465 1.930482459543167 -6.212685483981472 -6.100936630093841 -2.011445523821746 -1.4618408247663621 -2.8643938216414635 
-16.098363517031146 7.689806586190022 4.581006141437739 -0.22458493771914984 9.500608079639754 9.272854096522746 -1.165706321106621 -5.869961763122866 -6.8085794214075905 -8.94857845316914 -4.890144609640247 
-8.664272864526883 -3.434933258163305 8.24993337355659 11.00832767198206 20.09650896520615 30.453014744603376 23.932849803493568 15.146711855570974 18.35992778334697 25.2212933241343 7.7657305163861725 
8.192129325956557 -5.0615653653491535 5.075616561182918 2.0764552929010858 -0.49714296383353357 13.726259608281495 20.584292850549886 11.650575806501672 18.351747598310556 26.984717547403875 5.358902613774721 
11.779151538463054 -8.988769283449816 -14.887513531975703 -7.349150538231967 -11.747744871270033 -0.03190783244615855 21.651707609128163 16.48446726523928 7.403266957243863 11.2077693241975 3.3682840510042675 
13.391017812691963 -0.5467800504370683 -8.360634985161173 -17.006131842750722 -19.506071860144402 -19.583578283664846 -5.0005155349850785 -0.09753076434903196 -11.904907931937736 -15.890450157122153 -3.289174875231872 
14.958699930015449 8.684619179932602 5.234777036251435 2.2521757080286617 1.9792661687155242 -6.487422914351351 -12.016614590521765 -3.304507794738078 0.2517860850054312 1.3420322488710827 0.5281956099369429 
6.075992803096296 6.521162830103993 7.738921522379278 12.781584839496846 10.254856019864688 6.872530633414791 -5.536187297083349 -8.333085685794625 -3.288020923640314 0.6919597520190057 5.780084882173977 
-1.018411871287437 1.8467273308755352 4.500626641571653 0.009506767207620892 5.051351175070796 9.767970667570125 12.320138943498753 8.974029050153792 7.996465460887176 5.867110375255081 3.9787533843890435 
1.1085052545562957 1.7356566525855148 -3.7683188384445345 -11.887152591956827 -10.510880290524696 -2.513878905572024 7.335020300615966 9.261633367054806 0.3690554666286894 -9.484491342929502 5.706610557138286 
0.5403764831002842 -4.621175639505665 -4.3012627785360324 3.599353895819241 -4.635906376444693 -9.609845651696633 -13.98014464783565 -5.452298462335104 -9.41997587039252 -16.80164337130914 -0.7793480093836761 
