-520.2703005961233 -552.8671498638629 -308.50927637980436 -102.70556986879278 -45.05415597268318 -52.83271852428815 -104.33010766957396 -244.90208438968537 -445.89372802002305 -599.1214776920391 -628.0980376342166 
55.65833600362562 57.33381928882519 78.98388293131708 44.98700647706518 26.287526205847264 22.131813899032387 44.889829925989915 78.45542154843218 103.41656910068156 44.4491030972445 13.33963719381055 
-37.02286291556305 -8.04505679213281 -10.938553476202918 -22.64851260484332 -19.100109988538005 -18.433590517137397 -26.883447716863934 -19.720295480388412 4.827276916555105 16.99074041137607 7.448633073081013 
5.95621404675968 5.0858601679107664 -71.25424932256834 -65.50844788473697 -46.16558763829512 -37.52640179983322 -48.305990707904016 -50.42258275516271 -59.16212709730955 -7.822738876479553 0.49615304399480875 
1.4103666972821065 1.1693135189886876 -8.100047901447551 -10.23110439591776 -1.5047118788452967 -2.6627619840303365 -17.786713232639958 -26.388401584713133 -27.560986186149506 -19.555334255153852 -5.043771991874698 
-6.799154630306041 -13.0062116493081 -2.5527683561482446 -3.7051098674411076 0.644550550702633 2.52685196477002 -3.3615767087770108 -12.475004543296304 -9.01518217212168 -20.297437791542542 -7.953114847547788 
10.902289498896636 -5.964522911224886 -37.62033138427053 -39.849080165154234 -38.6603937677389 -32.554562322816025 -35.26353878482766 -29.494161020805173 -24.098186186147558 -17.704066069178648 -8.44449386520132 
0.2349613824594614 -9.205725934639705 -11.090652688157608 -10.771954853028 -3.880644417109848 2.1696232512642384 -5.579578857233003 -18.126739646895935 -16.555270567704344 -17.304880138877227 -7.4306033190626986 
1.9346019357152011 -10.323960906453122 -25.597983511644728 -18.84640839662402 -13.277863677596102 -13.909202565221062 -20.358605244357932 -31.825290499211114 -44.49579324334481 -19.286179619215986 -5.691131014425167 
-0.21833748032113104 -7.678125325517955 0.4291408194529607 2.6233819139801358 0.785169291999616 -9.869325148198953 -11.243211606854333 -9.291710787478609 0.11093723699273761 -18.77199652267609 -3.618028381825657 
-12.712979056064388 -12.403778262318749 11.635803786820386 4.92782083852908 0.21801891030131182 -0.2648713775613122 8.845977879894791 7.453713928996248 -0.2925813304283622 -10.597425887028795 -1.5197790210609776 
-1.8183355448623706 -1.9578483081016387 -16.535995902274113 -17.93423234161606 -19.661401726452667 -12.087953420798335 -0.3170723960248655 13.503706576272737 9.037901963763506 3.3829658108539062 0.09182133484746868 
3.826815838097146 10.20774391248389 13.504592677417026 13.70314405537124 10.775123386049664 16.381375011148904 30.530256497023544 32.41470682563833 31.681840796945785 13.800215102062305 0.6975178484727255 
-1.3576942851785245 6.91268450583493 35.049240539761755 33.47121697804526 27.0883933620855 19.04132827459115 25.076468973458738 29.679312056258777 27.2847468778214 13.554586728500865 0.29719908055562894 
8.07621613223639 14.386119538898132 26.760512825742317 31.288051142431748 31.672934529918095 25.09587318042199 22.732662395459492 14.688555990772809 10.86208019361939 5.891093169275733 -0.34349418132606324 
24.217713662238197 29.147571616738524 -2.006412383092708 1.51764447051525 7.613871038231627 10.360533697220019 2.7044542206770985 -8.516708186273018 -12.491937205422506 -0.3825674437014419 -0.14242497329626946 
19.575768159417766 21.47616141925857 1.020180868753302 5.039169562140387 8.556493130483924 13.415084303550975 5.040137115676753 0.08276781326470894 2.0657191583156123 -1.2386171685320906 1.419056873741941 
-0.28691866683835393 2.1284281348600835 3.3008539395208882 -5.83288585427143 -7.058966505075019 -4.139114150999347 -8.453066304184038 -13.257641983917152 -9.686443781696742 0.6557317750853839 3.746359513271291 
-2.8833472891238108 -3.94052096792797 -6.222129307811657 -10.18563870895875 -14.853176254088833 -23.596527774593184 -24.412324679039653 -14.775428162879926 -11.742510105922197 1.9032183280468369 5.465425985301289 
1.350443728522559 -3.487461048040301 8.600510915619907 6.172806969310466 2.941510386169761 -4.308372239560585 -6.690692903567397 -7.635135916127032 -6.817773997689089 1.7077343581463085 5.433283568637774 
