-273.1079079443872 -243.9809425332384 -248.9759245434015 -307.87804782729677 -419.67049153711633 -576.4712966439604 -670.5995896833696 -705.4074863435186 -702.5655050382322 -695.2373264928088 -719.8224661227448 
-66.5558735100287 -83.78288902534243 -63.84971894276391 -24.042317566840612 23.45459756942391 76.42238400687643 51.48987980889754 40.66170201959248 51.00125491480594 57.15833243465539 37.53356101271358 
-117.60209302527201 -131.1804132298733 -137.88050432958636 -138.2102357518649 -114.86973518949843 -79.9857851213408 0.1699089661270517 14.991688402220872 10.233278654562298 9.994116318313406 16.143420180639836 
-72.78726809935475 -57.55065258564119 -56.73653588978404 -61.306153244776496 -81.36358692448528 -73.64818202302365 -13.325193977535536 -4.503366687996861 -16.118242022293067 -17.567478113175493 -3.529170383560477 
1.7301652356852486 0.14798989734342843 -4.075171607912705 -11.814030746601075 -9.364880093182805 -9.18539094907695 -39.30396804035584 -27.251574386776586 -22.920040192227052 -23.735989754025262 -17.537160620686365 
8.722329940218865 -12.314081320662588 -17.945197733772936 -14.442010364915035 -0.8772398225710915 10.797813541531958 -19.463694423586087 -23.973560746494613 -27.809264294857975 -31.152876382968287 -28.896260859450702 
-53.11756425903857 -55.723107531513314 -54.430155921954814 -48.86954443568048 -43.35685322225518 -46.25249342242882 -35.86613975281917 -32.395384109391074 -34.8494793913944 -40.84866738501144 -35.24912503507758 
-13.025473455197858 -13.33164181454421 -18.005243501538388 -9.033254251890774 -5.409745418980755 -25.16469138424813 -40.198704905619394 -30.248243856992094 -30.30819611780014 -35.04646485517384 -29.473061829378587 
-3.7328952279624468 -22.900972153099136 -38.93176642234155 -33.49318253010124 -24.83908756408018 -7.273215046235929 -0.5286191217427986 -9.163113036138167 -11.663962442307948 -13.122834686046398 -12.62991042182375 
17.098361433473663 8.752947696705666 -12.60720092701144 -19.448499140199942 -16.96967388946789 -15.131667802804444 -4.570116371705116 -3.4173579579044917 4.426924957010501 4.836679595711769 3.501947711815708 
20.626916126966243 37.98939210230738 20.341332924292864 -10.154911657106972 -20.214762593286267 -16.790466492045176 1.3313210382446048 3.1708829826067797 7.806887769720255 8.240831742513103 10.444458611153582 
7.563813776084736 25.80479522045517 30.27718556155248 8.022068503953976 3.3138105053206903 11.408321129696725 9.992982225010095 5.708115749118694 8.121564997163764 8.16860321282835 12.111798096581573 
3.1977817350346696 0.8527288319805955 23.76185766715836 24.435384641927826 17.4874248699121 20.4674265331686 7.4898919077429005 9.625237834873875 14.325948909402534 15.21809612669825 15.157785049640491 
-24.663549270169888 -25.26254680356444 -2.4921750415710866 18.0010743026648 5.821508058755014 13.859615296948837 20.670670605310065 17.930869336976002 18.06756833105337 21.09736389109302 17.07276460324099 
-0.8535275887014565 -3.2907742086865013 -0.9816052582763779 24.851216909365633 28.232053476427076 19.738795428370224 11.983389240333885 15.068473117237005 9.485024697051703 13.287346844406525 11.381941760253811 
-19.41830990133868 -22.455137714966725 -28.183829335835902 -12.389970818404628 18.51465891616607 13.860447515140406 2.1424193943320127 5.988271203511563 -3.818478812666286 -1.804500137908299 0.4714450028091717 
-16.75055984575596 -8.427418415000236 -7.224214540765345 0.6585372176852844 14.691064707218658 13.68770079602308 -0.114020891966298 -4.0517552310003895 -7.534138800449478 -6.742167147269667 -5.922655221679351 
-16.737054401278975 -14.066930439802988 -11.056831819113668 -9.797575296063183 -19.998136944136743 -18.322392819235215 -5.8101022703014 -4.190492085207221 -1.920930827420807 -0.2612576175533107 -4.484335215358703 
30.772622983126798 12.813953354973235 -1.4372067254459335 -10.467349963122375 -12.191260830720418 -14.28435278574871 -5.446674105274397 -4.269263444405371 1.4344718704924846 2.3614930921389954 -2.0325672286570304 
33.5895004108889 26.66384260488858 11.812326772234496 -6.005988371504886 5.208379591994244 3.4098521851056502 -6.3806479900308535 -6.612156904136601 -0.7678831808481719 -3.80880844493784 -3.636622226280922 
