-647.1053002378143 -646.2497869254742 -657.4594108676437 -473.06423097131386 -225.29848829941818 -142.67500823195826 -136.30517404762392 -184.22254793198005 -300.63312340630046 -531.7655225161469 -677.7850056316188 
34.384778546823355 44.49070843856596 82.68455927206224 56.42042573500663 12.307346988421374 -5.5112912290959315 -8.762857281906943 13.13249783551442 51.15875627695736 56.86711106501709 67.43548956437172 
34.00765492616698 21.525991053905038 -6.572903655186648 -23.67638389251486 -31.651914478694508 -46.01860673660208 -54.04104981213423 -46.93814149190206 -26.18183967764184 11.75585583658512 -5.639215015942815 
-14.894541230425915 -18.434136138466187 -9.442440598048805 -53.721032906202005 -57.662838116602074 -62.097096058238925 -67.13968712286633 -68.60167980877857 -69.84583409137967 -50.16468016576436 7.798154816055657 
-2.926215596872109 -9.800651667826543 -20.76116656657682 -8.007676874708995 0.9898275967448958 0.4873281194022016 1.5762308523545925 2.4034586738571484 -1.754888818279214 7.3157391658989805 -15.044316079646492 
-23.093252172755054 -27.893962279436508 -27.159146924728198 7.62368673382245 9.103225796680105 -2.456884182314723 -9.64674256647076 -10.293457358051054 -6.800770253713512 -4.582931801144522 -29.87791636501082 
-11.4666928396564 -7.785720934774483 -5.210097449159384 -36.89314050446356 -40.245138245499234 -42.014048117385855 -42.97460142306076 -40.0457747194143 -29.448998043092782 -2.3731517530802533 -9.091929834155152 
-11.534376945788548 -9.039155113635783 -3.344133152483777 -22.433766368990625 -26.224495229907063 -23.671641532864903 -21.1313126355617 -19.118770144531645 -17.133193477208287 -9.232482056772138 0.12571696056966464 
-34.04673056790561 -26.38168018901184 -10.567977993628286 -13.126980771704526 -15.798288667247702 -13.376140991176552 -10.510924554869042 -10.515617178036049 -13.443469391636203 -22.91039708706335 -15.21750923394736 
-14.055153628419559 -9.924633623592882 -13.66978811006518 -2.1403711065705284 -1.7908605361994279 -3.1248275679045756 -5.285107350370982 -4.924554167213187 -2.0522584465562406 3.8069436211471674 -7.324151541407087 
-4.8702985371345235 -6.390740865463021 -7.36720765394271 3.890587557464914 1.2568485811296033 -0.7106757295991925 -3.506237365040981 -4.938019174065525 -4.010799826393349 2.897397412704172 -9.052896375064353 
-6.533648147532954 -10.891313860092634 -14.795844896916174 -29.26315827436861 -30.050394975677417 -29.727668276466538 -25.697653682765385 -20.592045736766664 -15.668275691986704 -17.287193870902367 -13.429730416676403 
-7.6542152025140044 -8.880442589309533 -12.054807277766123 -1.8618033275358823 5.6868374473046295 7.126002470202804 8.826758692441793 6.413756424530986 1.827389317625235 -5.809880336725643 -7.772271817613667 
-1.2871245068498265 -3.4519941458442664 -4.382596845862842 -2.2758100631604044 -6.836940801402167 -7.7610007731336355 -7.798921266313057 -9.612688852478176 -10.066914779962696 -10.375997454407724 -4.336824462187437 
9.475189452127534 5.425822932065025 1.1383470073132098 -10.377091625582228 -12.359211045158137 -10.764759463432455 -9.465293744892621 -7.305881317265876 -6.194386239010287 -8.774995381808104 4.919135652262982 
8.915792510737779 4.434835980042428 6.210969701056534 -5.509406606182985 -18.650402393254904 -20.34550351386051 -21.105966004448483 -22.479743243714005 -21.54870600103169 -12.80333360615331 5.31110743255214 
14.442207810965519 9.42984859867427 6.634743126118243 -14.783055200053674 -12.74925417294738 -4.695847671727692 -1.7669318677493708 -2.1539884646018588 -1.5710908592772554 -1.050006718493505 0.6150421116808833 
-8.022776797500466 -7.044945803384477 0.6775953312936047 5.527446566672232 -0.22316219164374804 -1.3952779101373727 -1.6890351699800714 0.7265278482086909 -1.672400846555035 -5.0784782197819105 -0.420350720846427 
0.773171881186218 5.124734541798695 4.793677401141505 -6.531498293072634 -9.539242979311174 -19.15260699003408 -22.248032185497635 -11.330286115311093 -0.6092666326602294 2.8980705278456043 1.7013459288689283 
-4.849381898163937 -1.1645628579433724 -0.22497455564165247 20.92634540721382 27.28662747278364 9.381529781672363 -8.928066751376772 -10.543824080706313 -6.741240527546635 -0.01676898919398262 -3.6506938164789697 
