-833.2136869144404 -300.2137454541943 -181.59562824176402 -183.4822247255478 -245.1625317583322 -274.67575618072783 -285.29244733149943 -335.0181717778889 -476.4213056161327 -581.5715863431989 -658.785047417538 
2.637231376007985 69.03400699367094 42.92118154084011 11.809026642559026 -35.03754721071002 19.999694618759573 47.48458992953919 62.1509097969613 99.37457702493379 94.68799684169035 91.9068647734079 
-1.443846945080975 -13.098058612417375 -11.083901627015205 -10.78499795293996 -31.014981508269205 -17.14645718815393 -12.976403587169058 -3.7002071085457917 23.390267749729635 39.63618841186566 46.77573248602393 
0.7428700840537541 -58.31659580884825 -48.66138306535571 -35.73225964535196 -41.88207139998261 -59.08158080585008 -57.655102582643885 -50.91682291674052 -23.638474120424096 -3.9973376624353034 11.019904405471467 
-1.9317346884563558 13.218185094236077 24.32775474953165 33.54300566965111 37.13672234464548 27.22967384830708 28.766319794640204 27.14843461610674 2.7114747798261565 9.987738192419037 4.568246181346311 
-0.684765467606404 -8.76873020511008 -16.73582390317951 -23.988588676785884 -19.471798705229496 -9.232470030262865 -10.468069153246804 -18.422124722666105 -40.62167404917254 -29.64342645224162 -17.99419107615661 
-3.0152570192210613 -36.98391010367176 -35.9533459049069 -34.265777552981206 -34.24116438762732 -32.7627053810672 -26.63359415015038 -32.06795595025238 -37.866224693792304 -27.958174777347143 -11.513724953621814 
-2.770610292608837 -9.025838381982316 -4.866121191177209 -0.931276489373277 -11.603713154654931 -24.00315673963874 -29.088714444260013 -30.58417758466748 -0.25629968486547106 10.341065295705524 -0.47785419220263414 
-1.5280101254363223 -19.631402427386917 -14.496973093811343 -10.990514203214616 -16.320795986134726 -21.334943053440725 -26.271657820722297 -31.24823177051853 -30.867313069756854 -30.99545692327026 -14.571966765472698 
0.013564730971324379 -8.618675395495913 -7.302847643593767 -7.418739912437001 -5.931892661784001 -5.070893527465239 -1.5958533436942115 -5.756082791897217 -16.04256825847042 -8.212561130730553 -12.876777322483502 
-3.3501912817188613 -24.52267498592208 -21.7488467675712 -18.77721171475366 -10.09863829544281 -14.667610858576516 -14.37905414020201 -18.30612780060119 -29.156575149916428 -28.970056198305663 -17.57399552049689 
-1.0315404321752535 -18.376560239738765 -11.804336424584259 -6.1356164918992935 0.7405604739236571 -12.734602769323562 -20.46018422081937 -23.870898417927563 -18.823651275737085 -3.9327240539003103 -5.008087465341552 
-1.7570680281763753 -7.18135204800824 -7.731873867483469 -9.145936294015739 -7.076083175361214 -18.5617314518505 -20.99799471160484 -19.561716376279456 -13.497978496860515 -15.38443760744612 -9.408425492097495 
0.25108350281008596 -15.430782365883147 -15.434791897044096 -15.934319112666152 -14.453988764872271 -21.65462494414676 -23.83124667837847 -19.007644450337878 -7.527469431584915 -8.761805023548312 -7.592894551908088 
-0.5641838274661131 -8.570033421352303 -8.258972606897725 -8.734385548966728 -6.949268619184871 -15.44525449891355 -11.465046117711104 -8.104993260526234 -19.759286121836706 -20.321975830063675 -10.240156139814022 
-1.8392695253271998 -16.666804521740975 -16.060246923339907 -15.62223425843807 -11.351941672730103 -21.58838432811207 -24.254334404014873 -19.99785528593189 -18.142946401082455 -11.71634247230229 -5.076746212776891 
-2.6453694222821627 -10.38228090089352 -10.834763804306224 -9.743280031587457 -4.000332521570183 -9.623475772890014 -11.565430565517172 -6.123908779337753 -4.742901768044815 -2.5448717808794563 -7.439572062198103 
4.149735605209754 -18.625047181155615 -19.615557526730672 -22.29067835108612 -17.41016940700545 -25.093423735003192 -16.541131991555254 -10.221872723608133 -11.393174167318577 -13.22058252290137 -13.343440061680617 
2.9171988858526845 -14.199594356290088 -8.222938027747734 -3.763939690397097 5.479820597166505 -8.285441468821556 -7.10185861384735 -2.549684413367997 0.6511476695302548 -10.1789328203805 -9.735553382701763 
3.0163877982448004 -5.9891040260454345 -3.1678145482509006 1.29032472619481 15.821786332627969 -3.0592077921422494 -13.803598023668094 -15.106784659441875 -13.832888868507915 -9.910833449230445 -3.7785183693034847 
