-294.1287834287648 -293.2392507811113 -298.59779526244597 -279.1966084508847 -245.03082291581677 -146.0948721382925 -115.8338697949744 -131.56694389932994 -140.56965514265337 -172.8340620133912 -231.21497442056457 
82.68801312234362 74.77437439830268 69.33775503224174 102.46961358880733 110.28118042644145 72.94122564900746 52.24408248648447 64.27125312158675 102.30438110561575 100.69900279678828 93.12744927891788 
-11.619566541000797 -6.404175198800543 -8.171251004859169 -3.4146648427684143 -7.357517197239021 -14.620348395687447 -19.902570484149493 -21.61122846669692 -19.9094385767395 -3.742845830353339 7.36401714710245 
0.48349124626915024 -2.0432183468653866 -6.169563249642423 -9.7915500474279 -21.45271096051401 -43.43849498406256 -50.26234002632441 -60.15334808087047 -60.25258515180917 -42.780602638163714 -16.04779306885576 
-12.301142983390754 -10.379876349086643 -10.212585569646846 -25.33866612895213 -21.79946862671617 4.986092825520923 12.537617962074599 7.7214163351999705 -3.8954997960599624 -16.66998019004412 -14.511936483519891 
-3.327357900284857 1.3544505008251444 1.1968939370768206 -15.048407611309287 -5.571681849850259 -6.728427310461629 -10.130398309869987 -8.78853840609494 -11.667010861326474 -16.918228705273584 -13.394747822798376 
-1.0946745334557713 -8.7403701065981 -9.777361869341469 -16.921254585268304 -37.15926648755626 -63.99387559905768 -64.2427460682191 -54.32381013335284 -59.13382392375699 -49.92447995927337 -36.912261352349866 
7.120231902057123 5.36728448971388 3.2113940271701638 -7.625782584791253 -10.557569027812875 -1.9367404437638784 0.719532084817602 -2.503970998765566 -12.265400271560683 -3.0270846067972546 -0.34521217687704464 
-12.742680608494041 -16.712065424823308 -16.484246190784123 -18.891131183125864 -13.243329952500847 -3.63047396452272 -2.5824239472223147 -3.415276813091025 -10.388005069335573 -14.566426676489758 -18.66992228400199 
2.6332866705856155 3.5329854915706203 2.9710275284366245 1.2245039067504249 1.8443625551607568 5.444465798035308 5.956635717581008 13.383588129254143 12.840881830308849 5.661979982719066 -5.3908249654520315 
6.294316875424901 6.4704447899506 4.98011790069806 3.4598541561231784 -2.0694051745754765 -11.365433224982635 -15.186681929913387 -16.847865856922866 -17.0082170715254 -4.170777825649799 -8.13991141773112 
3.5393493375625553 1.6491502418637292 -2.5829558564397455 -5.146565842057509 -18.548647691180207 -30.724076007034313 -23.369961565084377 -19.491328706243852 -22.6984247022391 -26.167392849034037 -22.81611624684293 
-4.0683069021501375 -4.6153126006231515 -4.320138945049733 -7.779876159513439 -2.7973149709498126 1.5176962318712912 1.3624642770472066 -5.384306301544307 -3.918970428311053 -0.5207843205905842 -2.764803690555622 
-4.258709019974634 -3.1140889326422414 -3.303061648828102 -3.928186625712269 -3.756823658000461 -6.883498651834023 -7.513665538918749 -12.550485980987354 -9.91031171923444 -2.673314223940043 0.11554731580517913 
-10.680816672625099 -5.787110226926175 -6.344490566690878 -7.242077997473289 -5.449573808002427 7.207726864003897 6.8694513312841945 0.5859517615289553 6.334141391459925 21.20573900135369 19.683723316573225 
-2.9497116687563367 -0.687681186162182 1.004926835647257 10.006514912291461 0.015206284166099593 -12.164033965510999 -14.611343419769277 -15.51070850034096 -5.611170291335881 8.756622066180263 15.732967579957675 
-9.393382019381662 -7.375049982120857 -6.881043007875803 4.09533364277943 0.7019527464710289 -0.072721412169525 4.403523924314897 10.723207527951637 20.34843229280901 25.212930558424787 23.09849590446872 
-5.8672062060962915 -5.120983673170543 -5.826849520212992 -1.9206032756673435 2.832914695221267 -0.9649017237179756 -5.523205525964135 -5.246345887937444 4.874824325555047 10.944428584360779 2.156201823131296 
0.21103865434781136 -3.4057339128150033 -5.661309291615199 -2.4432297844414417 -5.332724745788413 10.556084635670071 13.278025573687692 16.390075027439433 18.427396870727705 11.256883674038217 1.9289710414601497 
-0.43867487198763716 -0.7034495596095558 -1.518126418801975 0.37662546876244307 -1.306152716143494 12.270754471940577 9.709848239563952 8.376255231610159 5.063903821529501 -1.45598178881982 -6.919673278172889 
