-652.2494275598355 -229.13529854075244 -92.12783198908734 -46.26882308171101 -63.60127153745076 -134.26120427192515 -240.65132102257687 -374.97222043614414 -550.6771184186282 -612.4261528350945 -636.0498236010636 
32.02227468955351 -39.83470934306489 -56.61837837591521 -61.043120892114615 -48.66753272090527 -17.977009743261164 14.720321506789285 29.530632730064582 26.439749976828715 26.376459922181766 24.613652331620578 
3.922252106686507 -53.31631018650111 -38.200347255690104 -39.492963948964466 -48.618877548886815 -53.8416516108886 -53.58385295871204 -30.287706946311097 1.219165256483064 -1.1210786211833157 1.023189079523352 
-1.4555177380601982 -2.369562974828399 14.10322706414135 20.744759929654627 19.35412000044358 4.207907742058799 -25.568817065832718 -8.935673199519606 10.120127955926751 1.983551686481634 6.641405097321893 
-19.49987910510763 17.93372747867744 9.925851954103626 5.32156077585824 11.194463272995844 17.094337303648658 8.842406502386286 11.71736539501827 -3.8781375497881294 -29.806495559708274 -24.20302776920304 
-7.420751478205217 -33.092734543904086 -42.24694066439896 -35.74334854499213 -25.4699319247127 -18.933901378452724 -16.96567180704408 -14.149211300156587 -14.361537495721862 -15.949284552104157 -15.44833690039369 
-0.5987067723570492 -1.2833414073097265 -2.475264687853826 -2.671951373249704 0.1987292079371321 4.840155200233051 0.367080335376705 -2.8038656667376083 -8.220238168023734 2.302970283380297 2.5729277594420745 
-13.123929211114508 10.046993341961235 3.347080023115305 -9.493898307813462 -10.067523490606593 -0.20242584744360903 -6.627678000192751 -13.493305827263189 -5.962168298222645 -13.46405563862556 -9.87611456593487 
-8.169548789855556 13.542638470273761 3.86217868971754 -8.183395212674982 -14.624484614841922 -16.889015454643932 -15.701221875869356 -16.658356619530416 -6.457341421251441 -12.625913921732888 -12.669571860232562 
-6.719803689670584 17.835745292742693 22.521571919177624 24.168436729240113 16.926261329490064 7.318925706528149 2.155324213171476 7.650300283474037 8.203279358529892 -6.446371542851215 -8.167284899927578 
-13.143506974484659 -9.694350175803411 -4.898554751528305 0.22032767314895713 -5.985196770709502 -17.00592543798353 -8.197054695346555 -16.854238970355205 -14.787258215932596 -9.538301340756501 -11.400699898632617 
-9.79401654333501 4.563769307016582 2.70819262665937 12.03574627585208 25.259062427069885 25.83167554614358 24.109141347164787 33.34393039680522 6.5487936207851325 -9.473254649960502 -9.103601597275357 
-5.216867566167212 -18.47267208571983 -17.343683971910465 -14.338651957306425 3.699107495621716 14.366929522386439 15.226982832788913 19.363807810638725 -3.157003802693131 -4.287694196690273 -1.3199207703772082 
-1.7464746276429357 -0.3730873755395882 1.3419315108152676 -7.521583545550493 -2.0130119108759623 13.044320064215473 14.773371610977918 9.084128427314418 4.073666018737979 -4.921103228219467 -10.062836467670078 
4.775733744021025 -1.4447458831590816 -2.088197809084485 -9.385513597860195 -14.19599002914109 -6.901996411612307 -12.609532515095603 -18.510644007066194 -7.8071195941933045 -7.83425673748784 -8.85487238098914 
0.16203427566947953 -3.555274265814827 -0.8404717579059218 3.2906941363386046 -1.5008666414331582 -7.261575388294608 -9.077689958838645 -9.938633505249683 0.9565337007288448 -0.441920250793273 -0.07787251167240512 
-1.9970653566269503 -12.878978875881055 -17.33634931660449 -9.134775760194836 -7.097372971101494 -18.341828774048942 -14.363687358000188 -2.6404843626408434 -1.3201874041064738 0.3130666541935462 2.7608423079888467 
-1.1653063240595045 14.01869605857612 6.704475254452878 4.515853925452488 7.043435594276872 7.497281408104038 9.198458061971866 8.697741153082074 3.7786332851846485 5.435340146044643 7.665917408367784 
-2.2294773461233692 7.17387460329901 10.147834776068308 6.338471895967691 5.310420511894381 2.95155431446575 -3.3204935843413774 -2.7494751326093985 5.774831893981098 1.2682658716324415 2.3384388157984337 
6.7343999847299205 4.733709811231471 2.6212844197197454 0.1099743268218244 -6.256440546608415 -13.048395892357387 -12.316402499213243 -9.02003075929402 -6.230442926372918 2.271561364936729 6.10550369524888 
