-423.9873351407939 -406.44437082797873 -382.3624459972171 -371.6560650006779 -268.0200498240657 -109.56614189333102 -69.88695122057102 -113.8574976646386 -203.99346529037356 -301.61887934318923 0.0 
28.35330112995708 34.78841050420708 34.0549016992519 57.33927723876576 69.1535323669944 46.20062523795031 39.63087572387277 35.45583473637352 50.79617539798704 47.9706740333908 0.0 
7.791848758851415 11.788273302663638 14.71064193238332 19.061943818000085 12.962125584137794 -14.223288182131144 -27.118626979846972 -33.00924995053693 -14.456418356709467 7.246846337132166 0.0 
9.483450819248997 15.700909110222625 20.656880969167002 8.486572308210311 -30.871832674176346 -26.83816731102828 -26.64926516762291 -26.757933344772177 -15.006639656101717 1.4043039094737446 0.0 
6.984545967271286 3.310155113321125 1.2026850645369884 -11.524369899648619 12.436877434853532 29.9681423695456 26.508811410114326 17.81897268363425 6.8162778375053446 8.298903747175695 0.0 
11.429175399567582 9.460463986940946 13.000914024845367 4.376121644653029 4.063709530717858 1.8071488495020869 0.9213761245828727 3.3749274609455306 9.86635542550945 12.23416875553138 0.0 
16.019474469713106 8.436688537735707 -2.6679227805162227 -0.6809102676003272 -16.850228259837706 -25.588266357252813 -31.657722015616912 -35.05577767318279 -16.1219476106906 -2.170201893135258 0.0 
5.743650881239299 3.3100927488165173 3.0946238896581297 -0.08740936329341631 -5.7949240374736934 -4.443198025586868 -7.085741398186973 -12.94279159001859 -13.454990123953296 5.781235116822176 0.0 
4.809076728440596 6.483996482047095 11.532819461186294 7.108825616412726 0.7606873887209997 2.5655672958071016 5.790077510498806 3.7912910236228434 -2.693942750711388 -4.56730342480558 0.0 
5.308354856267938 1.9293537038314459 -3.2781568416493148 -5.839462146220056 11.175270666583415 9.823091239961068 7.124155730745072 5.307674580186534 1.5981379937485023 -2.644359380184166 0.0 
8.923565408820147 5.0544744144095315 4.0146042793905234 -3.8549068535330657 -6.063047894034927 -8.941382149521509 -7.6511146834256705 -2.7543256651123684 -1.1608958483914424 1.0358877525252141 0.0 
7.579395167988382 4.375393843253616 -2.2091298763785394 -6.074328251430229 -9.370167058373553 -8.171168156917382 -8.333956827003577 -5.389595223900107 -4.336340827891355 -9.345746582472184 0.0 
3.9904194921933374 5.677475864753756 4.185114533134687 5.378608207310109 -3.345561017326765 -4.809178166585467 -5.672974024451227 -2.276410922612789 6.830039959045467 2.6559642259271645 0.0 
1.825821144992927 4.3065444726707405 8.511722795038478 12.003836719776745 -1.0768681164538814 -9.669699300675578 -11.92991579466845 -11.072472097122652 -6.84313047501093 -3.4652116333789245 0.0 
5.362874042342623 4.949083860304576 1.9696730120023556 13.904263480130627 23.954294473406236 17.34616299570566 7.14911008329245 -2.1734003271160196 -0.12420301897719199 5.377211609961646 0.0 
0.5473503137338602 2.277797441007403 4.543741512866667 17.133154812286243 11.810316667708236 8.570165149135917 2.117616525120293 -6.959805159154383 -8.882531845498008 -8.150070983622927 0.0 
2.867252627365747 3.873353379785495 2.7506188510980456 11.703938637473435 13.469406372919465 18.136525633390693 19.700645565475845 12.425350462493823 10.476452324715265 6.444264309181946 0.0 
3.7695979149778953 2.5607360637567043 2.340705261182391 5.996168936115097 0.6302117992725692 4.3331686517732715 12.074033972218167 7.610803554338698 0.875374506121037 1.6461219172085495 0.0 
-3.701444502822772 -4.554464083749605 -4.816730373860574 -3.717556814287925 -0.8268077167193857 2.982665657181722 16.636862760019145 20.8364217004938 11.308831107953988 7.809071080988341 0.0 
0.3197412352297728 -2.7043887706175824 -1.2902422923311658 -5.030480266463499 -6.917517452141267 -14.615182367469329 -4.9122648031934055 8.577685392192993 1.543609992428044 0.6755221376774423 0.0 
