-9.41449422445596 -17.65911879457056 -94.65630567735067 -303.9545812585387 -342.2103574823538 -318.1535237706824 -105.95433666333383 -21.270612920261442 -43.97521363739997 -93.38180760981369 -76.99778370595592 
22.559879901042805 39.7670832763401 65.80500839173442 56.5515847025151 41.91885400450873 33.12550557155609 -3.354386225383011 -21.069167056434214 -43.75350593214645 -46.04647372203524 7.480627215015586 
-45.15145939584451 -49.77724918969328 -59.77643681694934 -15.431372846186008 -17.139733382663593 -39.1723443414179 -83.52004988550736 -83.26554770891295 -74.53207713596979 -74.97450854720645 -80.17023365159582 
18.944319509181177 18.616870786660975 27.583728010312974 23.753177174805533 17.946710742401038 26.189317850655634 -2.1248854118989517 -7.468076401442837 -5.402229241522079 -21.48521072651603 -24.597005891739215 
-3.7345165078664464 -8.876046431012075 -16.73590540293466 -5.698002629098446 -16.547215896192217 -17.512759141135426 16.04855402873646 19.826900754970524 19.79511108843873 12.472110990302504 24.246407341888855 
-26.63167204126533 -16.286163117035848 0.6212958227053342 0.0998610302571476 4.410730520107586 2.7948844726895388 -19.148495514716572 -23.974153153893 -29.2240386651347 -47.185764008619145 -38.887067949449644 
-5.290029120750686 -8.980310130148377 -18.65240923657624 -1.4668894130029084 5.790590146084852 12.321347308864468 -14.601493877909654 -16.73662545604962 -14.857245306254068 -15.669924094761715 -17.543590696808348 
-15.783227512459067 -10.09089320975278 -0.2250890107770007 -9.016063709952167 -8.272343212519992 -6.389662779348276 18.99814716091634 20.53172553089903 15.91564116679527 5.981572530911791 10.325296903685194 
-4.9224378367916835 -4.469692368496031 -9.950025093807671 -7.25270990792518 -7.413720016228837 -4.963957411938238 5.798029697690685 2.1251923650771567 0.7416742569215169 4.748944733457687 20.26140831405872 
-16.52065494288623 -19.744366367932457 -16.965129516681376 -8.623816038426325 -11.75028046561027 -12.112222971208098 -10.213728433719641 -3.044366306701922 4.2643438324905185 12.38194216702964 16.2157381203899 
-12.474381738287217 -18.036002875159937 -22.30411153137063 -23.766266973979384 -17.83270381117996 -20.59550078097161 15.787700801003854 22.478480313186278 26.106560212356 31.0751675771419 19.746521690316346 
-29.236506115156786 -32.50080775967738 -29.81521637131631 -16.462042429463793 -6.641190037870265 -4.0045621392471045 -7.058570848790696 -1.9883538602371231 -0.4626322032282262 -5.274584896667296 -9.692821114556898 
-22.91477081977309 -28.223712947837647 -30.768769753637965 -9.830981349097083 -10.597264965687092 -9.484735814877034 6.232059618213796 6.34927455171402 -0.4328600496167444 -18.259538152448226 -14.292636505397505 
-5.65523959751342 -9.04476952770934 -8.369084553004805 -7.941531591345976 -5.923995729392514 -5.385859434700123 -21.96730551384487 -19.997287356250204 -21.096893348004308 -30.780494234075277 -22.606639517603107 
6.762736094779838 6.065152855413167 6.054963112555148 -1.7315775166859113 0.3114524188493887 1.0601582285692712 5.9266050216991015 4.4639073368060735 5.262789031471643 3.1368713020277808 0.15091769450626902 
11.623316709981124 3.7386610789638834 -2.0681536343298337 -3.736348264110216 -1.2901948761983728 -6.218450826742512 -6.053829027818436 -1.3600545880814279 3.434978326653095 7.867769657502589 4.723257581997693 
-25.303654905880883 -21.40470171775503 -14.212669049306438 -7.213662183734681 -4.941755304116697 -7.994001415890695 -0.8980117950329023 -3.5023910568594756 -6.418729962291451 -14.90769338154529 -21.599409310297645 
12.804863007297342 7.282962630005403 2.7006793564682967 -5.226558353337095 -6.585674332645959 -3.794347017504247 -3.375483133437946 -10.316553633622776 -13.81358825620783 -6.095626903500456 9.166146049016369 
5.579956247370413 0.7284935659572257 1.851956035835791 -9.424915039209303 -4.504673129658492 -6.6440480057866464 10.709998412943659 14.8490103477276 24.045862798348487 37.56143970294035 27.782589331837485 
11.252005936542743 12.379250038713883 9.149200223796793 -1.244874465458754 4.420008571651309 -2.422746948525403 2.554219128488147 3.271591494241256 11.021557200942746 12.972481392648024 -1.5727932120123684 
