-586.4213207949745 -586.5814345534549 -589.399172804872 -355.8952809014763 -88.33014469726645 -16.981740702237364 -40.299783354951266 -137.39639999423713 -232.64410812148856 -369.4281565611143 -570.4476524813537 
3.6310964156323404 8.424961699277354 9.302533246170238 34.202104177572195 5.503614521620529 -14.191553626578305 -32.3427650969179 -34.24853953928528 -17.35149420205874 -8.291103671486344 10.380943812503912 
-18.51632336054114 -16.2891409210135 -15.55460818028709 -92.47812834972137 -88.80629799184717 -92.46150714311284 -97.56790432601 -89.24377882376477 -70.79540891015802 -61.521145854851646 -35.78774595464371 
-6.742791745367898 -9.609013366474489 -11.273134581439624 -56.11224415051494 -60.1806109700572 -66.58491953340378 -86.47551069434658 -107.1256293935767 -87.16019348118394 -70.2232849757703 -20.547521335709508 
-14.510253702843162 -19.56758307284785 -19.28330888479123 27.667761457066028 38.06664431143503 38.95447261327526 20.794044398842914 -10.46591486313279 -7.56082676756004 10.590162838653114 -3.4057248727571734 
-1.3706153530689813 -3.874211937434249 -2.7737096317741305 -21.000993471927615 -27.162728857917386 -31.852503416076786 -42.980902889394 -59.92425575505666 -63.519693107392 -43.64460359565457 7.096342819633584 
-8.582025353727236 -7.025083168564037 -4.745784835754867 -15.788571365284842 -12.544345634358216 -11.78432661486141 -16.328806584452817 -32.111255160351476 -41.5226840056861 -34.93863265209671 -9.800371914177168 
2.3745934709233385 1.9332827877356038 -0.737981083510703 -7.39290659548246 -1.0329600976120714 -1.6206753625171917 -3.306023879540168 -13.601190716940978 -12.825731120947896 -3.434247756904089 -2.4550760079707956 
-1.1151375117740119 2.377556553812553 2.4559666800604174 -15.057152996223252 -8.538265176576935 -6.283546325169397 -3.1893219878796284 -9.132825327939965 -15.704638981619887 -19.71327624398514 -1.4430760238818126 
6.634296094232124 7.0306966739110734 10.515261525262705 13.60130893950966 15.341581282977241 11.403716169086053 13.70292117159687 9.836503116078356 11.050393001956719 6.678760067653424 3.878148815805856 
8.523115526442512 6.800251430535189 5.865711832741114 -4.531842453241412 -12.193568052192397 -16.40179427211727 -10.028576806026924 -1.3386321025879226 -5.936850679741687 1.8521961822472903 3.515252254605749 
-0.4530636626190744 -1.5715079323343542 -2.5044980966151043 13.01213439218198 15.293149377116467 8.336137314029486 2.5093118014128635 6.969799190300166 -2.2651049808970414 -5.999571150426138 4.848351196322417 
6.106660892367495 3.3515805251512596 2.5769272730753987 21.726400193294875 24.626441600056857 22.296778820743775 6.849105074382209 -3.5521975247659907 0.45058830631104685 7.349073877783908 1.5697810073617506 
-3.8542969068535333 -1.4011395442962882 -0.8743832838446584 12.034436096295492 20.45583906571106 27.848441809328328 21.828154087010493 7.755830791204614 13.181180724118143 20.53352230635764 -2.5161265816178924 
-3.2603828829898878 0.5162608500204746 0.9803383210740506 -9.990526444378373 -4.202320171270727 11.698175444521578 22.736094208747723 15.577755857654767 17.94634370432125 18.271179741022436 8.618301899757569 
-3.882127257662885 -3.2160668323867947 -1.5647467436961064 -19.279315875781663 -16.009601963154882 -4.069082133242757 20.842372638805063 33.40036115650465 20.70219255819204 20.92773311498453 2.8830799555397344 
-2.3887912597404855 -1.9806297683831793 -1.959719911206736 -3.2825547388815437 -15.737179658623472 -19.00081996820294 -4.8517072817085545 17.567929418756307 4.625761671430015 2.7374671324259174 -3.0163103165223886 
2.3958368483284946 1.2870384158909705 -5.792039206631807 4.666410783095218 -1.7993974859706097 -14.236588439527402 -21.460134067387653 -16.510437751367444 -6.099336797687311 -8.674169956159336 -9.657259069949806 
3.7551222463845884 0.6642395242430996 -1.4858632875106244 1.6623959837751532 -1.3159290368348289 -7.690750080267084 -15.344575926906538 -19.49532700207106 -7.068795249948432 -4.399261199487615 -4.92418664749401 
2.8738840584525063 2.5276672128049036 5.18592894739938 -9.286252890216117 -2.9939107313467983 3.1312284533670387 2.9191182403733564 -1.457595008355605 0.9114875663137977 7.590439698590834 5.3495905174801806 
