-502.5633057438371 -501.1372281867786 -506.3563699385049 -505.6191564647173 -502.751107334067 -308.047866796462 -160.8671324211964 -136.80838698463688 -159.34806428000556 -216.10125846197616 -347.66404950167754 
82.04328708662585 75.41144361347082 68.92103294284365 64.65352103874903 66.46551317985441 25.22720977085755 -8.187459209967379 -22.183455657768974 -13.840285871849467 12.369424348864152 53.206169421779585 
28.280409254268633 17.42591425224211 9.740268420065526 11.08440251422843 5.134799056677583 -82.56923129448799 -97.8959417453028 -88.31860086950624 -67.45033484504351 -65.66197831697004 -30.088206273457388 
19.531379996457076 12.076408604493789 2.3025510039641 -1.5929530883580802 0.1250238366338648 -22.34423007567608 -18.035366912508586 -6.881759737396607 -10.449012996828383 -25.840100373373094 -16.435943637554185 
-5.410730401624527 -10.563211371175804 -17.995207524974248 -16.255537750220768 -12.665454488371958 25.756872437026644 24.029638412648634 27.584383184782176 10.79599625402211 -4.5553843136684025 -4.561478927152995 
-1.5759408225882363 -10.346170634632724 -23.771550345467716 -27.484119805102594 -24.79607439488686 -44.06629909366886 -48.384456846358155 -44.798575836680286 -44.70028922276919 -52.31010435114231 -43.79012349411574 
-11.855614193111386 -16.90298113296149 -21.7274958291814 -20.07548401777374 -23.20946083976864 -26.67131535022821 -13.618114738661761 -8.890976432908774 -3.5007350347663513 -16.063508273277314 -31.543640572461637 
-18.248402305486827 -22.53170223285428 -25.822062631782572 -23.964577098852484 -24.799941138413146 -22.704790522389423 -9.224701374130131 -3.313735014993614 -2.0879970413985207 -8.090817227456313 -13.574123261922502 
-17.376046006341337 -15.303513687130566 -14.01548864086081 -16.7624778283091 -19.43088554074681 -15.568641225666582 -14.539140304384468 -17.02837111815415 -15.78362085714246 -11.255577279345946 -2.244512945048191 
-13.69800392409082 -13.026769500835778 -11.359835319998382 -14.557782741491337 -15.503719339802988 -12.610067488443885 -7.637613130262192 -9.864641887693491 -5.159972695210028 4.834255936324917 21.28538821284632 
-15.139304352292958 -13.080728131961408 -10.381931452562576 -9.962274698416401 -15.197046860405559 -5.966114475684063 -3.7458113116494496 -9.656530002518558 -9.883765505504963 -5.474688898610847 2.545444600521201 
-7.2266662380713385 -6.71881334317219 -8.806956718028681 -5.62167673682815 -4.724663859515971 6.852579429747373 14.343715723252526 14.061845585064209 4.160680236590313 -4.98098721507888 -24.905061912234316 
-2.9100464062103217 -2.262264451407257 -2.4554543210504916 -1.3225608979352013 -1.1649231187662643 9.32418013926828 24.031552494623945 29.53961520502369 13.908608099575712 -6.781053842813451 -26.173593501947554 
-2.8794288602425784 -2.5924469138629593 -1.9555852718689501 1.0897120804095581 -2.9786179720480943 -5.564368492772531 5.82905882384674 14.64659078864345 14.649545288824914 2.5837995006222014 -2.1638609856253512 
1.6616206148010277 0.5856022227084077 2.5159191623033306 2.2909822180475476 -0.5600682095373576 -10.510384590472812 -8.069132561211527 -0.7348323328036244 6.802761391688923 1.3882587983773536 6.675475283698063 
4.769137579210016 4.1109095011711965 5.123485808902705 2.8258662587401564 1.9349972525770796 -3.451091600041744 -12.522089288036304 -18.345964135069494 -18.47787104788651 -11.189357967542811 3.635379408195177 
6.837587188569807 4.534555149583481 5.293184428700762 3.2708488115176366 6.161488334627773 5.936197163919812 -7.630040802155922 -15.342984650935408 -18.857371483749443 -14.74622651724562 -10.50850640869081 
9.159276387769347 9.052238508258819 11.838678393646443 10.835460513957212 10.05452267396349 14.697976002413519 11.280940345971711 8.417971480021844 12.411035536837854 20.822160181370855 19.695204725795975 
5.451652750683641 7.805122832287167 7.096071952266648 6.626932012210075 8.568241090796466 6.201070843491289 8.406724202864629 13.490841320983815 27.565232460678775 31.421399284750205 26.96352662036271 
8.122310546394749 9.031345924838105 7.90836431932123 3.669708098458006 7.128625096303756 -8.440947423287756 -9.106268402011764 -7.355926758782367 -2.6090797574926405 -1.2855362966224646 11.471340299844424 
