-503.8664374767451 -496.933097464064 -365.459939899467 -166.47194555506547 -66.00631821735503 -42.441572844366526 -105.2804138366472 -262.8783992542678 -399.3174215680689 -482.73063288172085 -485.4790999913366 
63.34669793052743 65.95142388673199 34.68153825958191 -19.841832672657425 -41.792573179684055 -43.27450458041903 -33.77461482649079 4.792248160110403 32.58551247049675 49.761654574266245 65.5258697834328 
14.637820221160432 9.98970463510907 -46.905529174448304 -53.525731273515376 -70.65886329041615 -84.22847294424453 -81.44187003434392 -59.23376703951121 -26.10039521653951 14.179939074332351 28.33473111653872 
26.545596838642858 19.288989315463347 -7.104542413127385 -2.6566456045511013 17.954203682122042 17.35419188987718 8.383811782910092 -21.655110465870294 1.1782435683493155 21.64742405981959 25.511146417108908 
-2.2879796408146045 -5.732724529106166 15.576994250785628 20.620011021704514 26.823459598583362 25.71944460296261 24.53979220201871 9.348105924896604 2.3300055158060067 -7.835708464167419 -8.728282038513623 
-12.842180865815282 -19.74561312966173 -39.246832738890845 -31.37511501238812 -44.21872757741914 -46.148795281915724 -41.01524870117542 -41.22960947267485 -41.07264661803712 -25.219302821044007 -19.128581347580273 
-19.868140501943877 -22.860955590341035 -35.461863329371 -13.22267877243095 -13.295902204851025 -13.237907066236263 -10.530440758986982 -27.711526845183354 -43.761298775682945 -34.71041739217693 -21.785682866628306 
-22.70718662854852 -25.434421056746647 -21.40077717428462 0.034227870082473244 9.386380114623178 8.09474400370986 1.4405459061378219 -15.260185597632928 -18.482379842647205 -26.845670294613907 -32.855034619302074 
-26.797778902465584 -25.32072484174603 13.97757787725741 22.14568578238211 4.451480089964826 -6.329900542920653 -12.133545292228636 -21.023496016656267 -32.08830419237604 -34.8417941059821 -27.636829356867594 
-11.751654228775632 -9.957662995979522 14.657404659815573 29.867341063134706 31.136806670303095 29.137638870918444 18.15809857498855 6.972922304521844 2.9096311040302623 -12.660224440102029 -14.034722257993508 
-8.651536414204724 -5.529762909393652 -12.99269444527318 -4.553612776027042 3.5321623536829425 14.083795277353403 8.763866630046811 0.7436226683036471 -3.304735460356415 -11.63762165140294 -8.142289428226606 
-9.097103746012353 -2.850326739482778 -21.98717956275076 -26.002925105040198 -12.528179841382045 13.391324717097007 30.223246674099833 24.98246408290848 9.074002141273306 -3.5176029035719454 -8.642324558718714 
-0.6859780692752222 0.06622604275313787 -17.828592405548477 -24.615036202074457 -26.88265848940575 -15.447708266181596 4.320046779164073 3.203969790371639 -11.435959479298187 -4.759813928777032 -1.8718167150555478 
-3.528280086381848 -6.053595119712349 3.3568156934124143 2.876360130502187 -14.28813485348993 -24.631707133203548 -22.67026668818864 -14.547056694988559 -14.90532693564107 -11.101847243406526 -7.605178479733244 
2.554971265523338 -1.2743115257032098 7.8676533773917185 8.9959004894262 6.100217809958324 -6.167801901024325 -18.380552386806055 -18.950267750937726 -12.535863365087149 6.169313173177456 6.622183527008273 
11.752286139165914 8.219369130755235 -4.102929758206197 -8.544667195853044 2.536096051859073 5.091248056689464 5.625718839502744 7.603774032094096 13.030004246157526 1.9371847826143176 1.5263453755518408 
11.009669688307074 4.400915078145527 -10.843113064944319 -9.430197153856533 -7.425414541404548 -3.0929007385841447 -0.32464730346212134 3.4504641541221766 3.7246569196384924 8.45313658550537 10.391662642647205 
11.626991608063648 9.427412353484188 30.329354804963863 41.443424715339084 23.73880289007588 10.312500752384892 0.9682605143436761 3.525353150539466 -1.1247217713662783 8.159738766234026 10.685662483673688 
11.155335391954274 17.13790284393935 30.544947468519382 25.516561221017007 29.069177054862834 19.35125907529821 7.53710795484099 5.046244482825606 10.58682223964516 13.68115288710926 9.773149588949195 
-3.5115620199823914 6.8335985841068405 -8.821347308350592 -18.96831965057232 -7.183808311602046 6.144153020790222 16.040653577621136 19.385848650192642 13.631781885700919 -2.3391618858705487 -2.8808500390764973 
