-627.3775837181746 -624.5878862203791 -626.2288103177494 -411.11425850672015 -213.03294204395002 -147.0559974781918 -167.58715319513365 -264.56262888441046 -485.6597125988672 -620.849570660809 -620.5692516197313 
12.087657329563212 14.101417350390683 15.318069922766206 12.960528895239545 -20.353451835601224 -40.14955221409054 -45.094124006611935 -13.45650131839336 44.56609730887911 13.098300976522129 25.047367416847713 
-46.3253818035009 -46.104602241319924 -46.57413030912538 -85.36891617972971 -83.10219398088992 -83.03521358958025 -82.07589945979383 -78.33022789354423 -44.2494104848856 -46.977434932878865 -37.5050946028285 
-19.22221274148803 -16.641262098284514 -21.459732124027795 -60.08345717467006 -41.21692259826306 -33.44468498467171 -29.569854987880078 -35.375521227576215 -56.828603034318405 -24.98599518348521 -22.705876421150414 
-31.967570037968674 -25.452422952901017 -27.272541692485035 9.33933167335939 10.292924699599705 14.021585848913883 15.21574141613177 1.4052319204736348 -13.728451982486787 -31.660755209026714 -31.95750865460195 
-23.718134777299106 -25.403639766252645 -21.350240174548908 -41.81226771528381 -52.79577986264549 -54.974063048092304 -51.20206942170108 -48.43393764516358 -47.56954071124372 -27.98982366190505 -25.832992395458405 
-17.911159854750345 -19.638273627114607 -18.92109622474177 -35.559700981384566 -23.843767337552805 -11.841715394282208 -14.02802369020976 -27.8119482975012 -32.46803782538056 -17.776397756341442 -25.79273868131956 
-11.053958488506083 -12.249412972021254 -15.212189071230057 -2.503155704995164 -1.5055429546275532 1.04045894931868 1.497255929554819 -3.044412135091547 -22.88206138996521 -11.176529703228368 -17.28661598477248 
3.4817305739110056 -0.9484490041219535 -2.9201816820322164 11.360630398996868 2.8303166115412206 -12.464110079516555 -16.4980847578261 -16.34598703806313 -21.035141503478076 -5.001392162895197 -7.615310471299765 
-1.0102852743290172 -0.8368708717838962 1.406485001607983 17.93698928549491 16.1503371087969 6.543207273903875 0.8249006563298775 0.2392633620505478 9.099769066290138 1.4832361296945868 -3.129691859732169 
-0.07369509473422742 -0.9288827942311764 2.7924493872885776 -2.5505289964393594 12.577224311621787 21.660347608542274 20.298500389312018 8.156561886615988 1.6292951199770933 1.7819715444377222 3.3563669766690905 
4.40972914147242 7.279102205488871 8.617408959526434 11.551919426960882 11.527542086393519 24.785325617093662 30.013088023984423 20.78979560816508 15.749029293248437 10.392293986477043 5.458595121892879 
8.302424963060421 11.37319923344695 9.402491383538997 -6.8676430981370995 -8.792012271021086 -5.449049917352521 1.721091336828075 -2.36646324444088 -8.780608954292177 9.899366490676751 8.805790227330359 
6.402191614788137 7.520471124186666 7.536995625869327 -4.3650739077721195 -6.5835399003488195 -11.405478640881245 -6.154733266528602 -2.0620759199523264 10.548898072076824 8.703151890582316 3.432423258754277 
-1.4066939180527913 0.13198350687045424 -1.703723826312395 7.512728499549431 3.5636891371054302 -10.65919043431297 -17.511758992423665 -3.2346824455565173 -2.0769378574270507 -5.435598313054067 -7.739616901016785 
-9.68013922981137 -3.3596795297848416 0.8874647152556336 20.623908053890446 16.49413968551728 7.169249340507193 -4.010367141608446 0.4142443634303391 10.110570919971245 -5.165580404497959 -6.627396281115907 
-1.415877335245294 1.5435886410533708 1.2269223790907533 -8.010123335492832 -6.905956189319838 -6.66942977776843 -8.317108964775347 -12.662380924903875 -10.630799808941854 6.779228162091693 3.374417953472208 
8.681070800867676 4.974419171305911 5.142089961617632 7.808501535793263 6.465961615470338 12.198105944517824 18.4611077468916 17.586154026435278 5.445903240190949 10.024634521942483 6.950666041824195 
6.306321766353799 6.95012768793803 7.458717189072352 -6.30220515598088 -10.212398658503673 -9.747720370454363 -7.6524383323355964 2.3340789399858037 -4.7645239145187706 4.027778434333947 5.985762542693509 
-2.8302620601532684 1.660953527439558 2.23514947075742 22.34306809399682 23.559816747613024 10.2777510042329 -5.520786447281089 -8.75011946902034 11.828615072615825 4.88743694497791 3.1611986662500144 
