-602.9037008694121 -605.9644978903427 -272.82637512407666 -147.01924504815113 -124.99563078723321 -167.97198284263254 -286.55334132912066 -509.23414149362725 -606.4520137673367 -607.0958355639367 -604.2911654677799 
19.56659737620174 12.459706774924605 7.823549781980574 -8.697104896708993 -26.141067664991787 -23.760118903912257 9.029519717529663 38.09690465157262 14.810617974040476 17.72917422776254 16.63194979581445 
-39.67318664298767 -43.83223618445513 -62.463355663426924 -69.51981304362366 -74.39968725299752 -69.40930995400086 -65.83163616322037 -53.76260916585794 -45.54546360071532 -40.14348226135739 -33.36508044794903 
-22.414315500515723 -22.543846058720874 -47.68396315148747 -33.22326662463231 -27.822949377043614 -43.554947171574824 -66.43018793855161 -51.73826380315355 -25.157362773828808 -23.43878897401325 -25.323377603676658 
-27.933649728061045 -24.278974703579692 32.28094148778153 27.581616329310343 22.837548926293948 12.88223669200537 9.157598414121217 -22.29788901590026 -27.569972831561472 -31.756639831566552 -30.236868726744273 
-14.567379984542328 -14.780870560456012 -43.27435576094773 -43.872170853685205 -43.172206235261605 -40.28823079420124 -48.002415745757716 -48.29771961486476 -14.811713734255552 -20.89164968436286 -25.626028923488818 
-12.015935811887307 -12.394632911011607 -19.663661037140464 -10.714626947241005 -10.486875841663638 -11.441422179384546 -22.596583074280197 -25.756027396095796 -13.316744664005487 -19.28420253137314 -16.25301495062328 
-12.602047431544253 -13.92365862130303 13.063074869836589 2.326265359926586 -3.1121250812343035 -4.134117161448307 -9.000677335897372 -25.509524451601138 -12.381689940568563 -14.977250651749001 -17.651652315087524 
0.6444127072638364 -1.2233273383852497 6.865953739125658 1.2704055235550942 -8.309427912542008 -6.561266865800603 -3.2649718171308844 -13.451312202640313 -4.334548321463856 -8.234991809079855 -9.373618463686203 
7.222105968618854 6.517787011288088 24.482110176658423 28.44169913426197 21.9447316200147 17.066527007498927 20.890551110663893 19.65177095610248 2.8946394455156734 0.08486133360805614 3.1656141644486233 
4.655390235900885 7.202772105262689 -4.215158943095602 6.982856881553268 13.160119889381189 -0.7233500224195487 -1.2418083523687038 7.397271508213886 8.170015949941927 7.269294507641771 7.258874668802697 
10.884046510135327 9.718785828441206 -14.301041121062443 1.1187686337295237 18.11904840426913 11.386466186377685 3.1590996888716103 5.825441935202323 12.654425442902824 13.660107068948346 10.47688947021539 
4.7815705743736086 8.404895744910057 -19.770145843772834 -18.63222816447134 -7.746319242224486 2.3157900633841253 -0.558863979055448 -8.698855460771183 9.998799297590836 11.076924884130266 4.9763683671088685 
1.5707616573741856 6.305817318952252 -3.6775195393283653 -18.09126889557599 -19.682747337297293 0.42349648299682285 9.798358280825262 14.602213842027995 6.5848825127359145 7.5198786800084525 6.6514196785245385 
-5.636321522628248 -3.124969972894334 -2.3587750647841306 -4.535018016983734 -14.990118705102901 -11.614383675147032 -7.084260961268288 -14.308651426655945 1.4118756038365743 -0.2899806344653426 2.884239108957072 
-10.204461255595865 -5.212312280709076 3.6118458608444572 7.305006825803959 3.6878807857689027 2.6675572548096764 6.8568990358678334 -1.0557884066907004 0.9302887726675215 4.070163397982235 4.927671499923587 
0.8575786078793111 2.927954913285512 -15.946111761380369 -13.617336479087461 -4.862835541861179 2.8559760287688416 -3.608842636208899 -7.034122323533557 4.7679613157686065 6.730679250639788 7.166577518693335 
4.088422975182193 5.237012762919926 3.5111718481124377 -0.9923641492368225 1.6944727960013224 7.870560446045777 9.214761826347875 5.552499485761404 3.15142328627975 6.405540955163152 10.47824537305983 
-0.5869307574035894 1.4232936059260204 8.806085599677466 2.2991112139771066 -4.461139766964103 -10.805057401074306 -0.9664517220383759 -1.5972387299641975 -2.486435706025452 2.2688647416669596 5.81159615206357 
-4.509639559153545 0.973065323945755 8.96447155136539 15.285579617831232 8.634132803890958 -9.785771764172882 -10.038502715925055 5.934345964564278 -2.3307322749283728 1.1717861162949967 1.7101004910395328 
