-504.3641717557051 -355.06765125623605 -106.24502599333502 -11.330679203513474 5.557967382478316 -58.96921822607848 -196.88112874537134 -305.8388649978627 -515.9700681151429 -602.75591169403 -607.5779616540943 
123.75718938294119 161.8622204895736 18.986800326388593 -19.492519246468582 -17.164221591193808 -2.5179544321324006 40.86349472921958 68.26749565683147 98.561254155508 57.10090031669859 57.68203748590623 
-2.932702957364122 -53.1473222495876 -32.68959069381867 -41.52536373676442 -45.35850473986507 -42.96437979317449 -28.632171296536253 -21.976626917847646 -10.960067082527896 15.050225503973396 25.266843654376977 
-21.770972094727465 -1.3760398058303824 -24.624838337645983 -28.996237403234975 -33.16561108157419 -32.97409654555264 -32.40877781395837 -32.73234102288396 -27.08569815994868 -2.107685101499521 2.9228726288327165 
-20.26563981891402 -10.433664881533792 -12.337225254413001 9.427362625415462 16.991515489942685 17.659152773200486 13.699240733244487 9.66157858841877 15.950321234198233 -2.6186156332244037 -10.463824978090893 
-25.75618924397967 -37.01777630992381 -0.6176459349272521 2.931227126023753 -4.831464243128233 -8.058089404991849 -2.316410218711865 5.093625014272006 -13.171068498855181 -14.323431897864968 -22.382550018392223 
-27.145021343471026 -8.283690613491526 -30.336094927704764 -24.23333569377258 -25.229972273901424 -30.644551818021952 -41.81440812072991 -40.756723177075855 -44.18301232806259 -30.01094891407937 -26.52539924187792 
-39.610378625443346 -51.68006642245936 -31.852295945391855 -17.864747374211966 -10.630024320089237 -10.970174875468462 -11.479741233147672 -15.836884263168368 -27.571592643577276 -25.69995235699882 -19.404696224588157 
-24.779000132839876 -11.919061819086853 -17.058329056261165 -20.033095887448372 -19.388250451002882 -19.510427940970374 -15.038396487744398 -17.5017063365551 -10.038662158429412 -7.0736524396775025 -9.569394982229106 
0.29686981615665564 8.457646529898275 -4.614642767619907 -8.235990644680575 -0.5525750381899878 2.778552790054234 -8.90583942862125 -13.697572858463463 -4.343364481576684 0.6279828645728514 -3.953702977600871 
-7.51823003730786 -17.713693197151176 -4.969074331086505 -15.971956121104107 -12.086989354803556 -6.559620185587988 -7.095650851586281 -0.8178415708235479 1.7600293015149897 -6.664399817865284 -3.665523114901692 
-7.294731087200901 1.753654210114824 -10.839485016671073 -13.919482744661146 -12.268801661885568 -14.337905083851787 -11.796372207681063 -5.323106633446175 -4.639859972349951 -12.43660129042392 -7.79291180478264 
4.088339353898414 8.83236653596488 -3.0938566878222717 1.056924442939665 1.1598821192771296 -2.2600554176260417 -4.452753244250945 -14.1669874284944 -10.851579875158595 -9.187629816635923 -10.602902609086225 
-0.6389552968860068 -2.093962452072769 9.70804857790535 12.84342675987124 0.8162776115124981 -14.491300570131859 -19.267137815582803 -17.7777572946791 -18.15565780570762 -3.5013387696216975 -6.728504449445996 
1.8901625714821728 -2.582667862653722 19.734674371522946 35.632303010551794 29.36412642989525 15.85204940308225 9.187987740484552 15.987703321892027 11.156516314840019 -0.1316557094603914 -0.36904954026964876 
2.4678331735021253 7.792727272691331 17.007688255028192 20.677244402095106 15.30445123698112 7.850052576861377 5.422565515701706 7.092383374712544 7.644381328690004 3.325639808515822 3.615303227388289 
-8.645848150435588 -2.7248360854408666 6.1149802404342335 11.275880256708191 17.3783339215501 26.229469333484715 20.16342725129777 15.448401288564142 12.030431072595048 8.764270057259186 8.413250659895255 
1.2771529432720876 18.635173677231194 6.4808921531190435 -4.445609791563202 -4.235092021442123 7.908190520071828 13.156656901832456 12.290599174251849 3.778126924452966 12.223093155288124 13.623603949590322 
18.443237797847836 25.503711022283092 18.49312146252235 9.348718333437313 5.500177939642166 13.39715886510659 16.90819984951788 9.175435585467447 10.401160550001194 9.402361272478519 11.952261982515749 
17.9112208917063 30.865875775056843 35.344401016540516 19.562734967422006 13.855941583499025 16.491816655386746 27.650694587370054 24.714021956403776 11.32469078489891 3.455290112610049 4.8599993136053765 
