-371.4313690954266 -376.8646557041623 -415.85584615409647 -469.4437628873291 -401.9058016417334 -189.58700839435676 -118.82837387625074 -110.84755476908235 -141.71471026116842 -233.3609442115037 -380.97791070675987 
-4.207052944194606 9.600986163172195 26.122562930985612 51.20984011598188 65.80236884731383 18.66228273302881 -10.65853886084735 -25.313640903919634 -7.722633258066978 36.45726550463304 47.47815022792782 
4.495738025077297 -2.478279253074028 3.078498811599088 9.873957402319135 -49.73305294370336 -80.8000120754024 -77.15600341150167 -78.27726711168307 -74.84992026435313 -56.60161100733551 -20.783408089932227 
15.270281578186378 13.02142992153146 20.506827588120135 27.991472023763873 -3.848151062908471 -32.23649312260738 -21.24234649296453 -10.559248186510079 -23.599339272111376 -30.207494602557098 8.6059423478893 
1.298744290867264 10.119064935080111 15.860064304149427 15.947999020418052 36.28445657305538 32.20769587637074 33.269227425587815 36.907586780783205 30.38185983150099 26.94515478992579 28.093581628827742 
7.358599236947603 17.13092559525034 25.20290799932584 15.020214716262617 18.395604217825543 4.584817173955202 -2.8420983649590585 -10.438170197357847 -11.858199943577201 -3.677262604526496 5.4533738367248334 
-9.309542646405175 -16.43137299782084 -9.243125635663514 6.232976559118778 -16.390736661304835 -29.60507875056176 -30.644429110549623 -30.978565294833203 -20.151520347944007 -19.52188109511018 -13.836734317518138 
22.82205815128301 15.865363182304382 12.503549043676115 5.3955719982831205 -2.087830700297846 7.142179540701279 8.218164647339425 5.517207139887252 10.618629636317726 6.316760567906992 -0.46567691821565305 
-18.154159739233652 -9.125841307683821 -0.8560259867329292 2.188505333839014 11.55951214404266 10.562211191660461 4.8660741807229995 -6.248652064067871 -2.076407104483189 -0.8445421334360401 -3.4749089135200357 
-14.431679268700345 -4.807694539325567 0.5537134710997288 -0.362127860725051 11.75073524828186 21.707834167232733 20.68954062318143 10.51783513348227 7.3465785177625875 12.565877837660974 12.91883426410167 
-13.616990745169758 -7.434813279269955 -2.8102175909315417 -6.100930123774269 -0.7859100220465204 12.146117579160421 18.234727393833708 17.78157096181568 3.0230696339532495 1.7683033673385644 10.315639282270453 
0.5260708992307523 -0.6217260268664137 -1.6625538701518463 -2.29914480089018 -4.413173499621235 -1.2382009694520528 8.540100464816177 29.96711692851273 30.001182313085735 12.184965978606144 -2.142083592502957 
-8.579217953909946 -6.296090210639177 -1.7292422193087595 2.374188719046453 0.15917673192522663 3.455250440384612 -0.10093311502926997 10.86204158763567 29.406445390833092 23.848307746729066 -1.8460374633115044 
-4.756206462600902 -0.5276598439427094 -0.575313999765996 -1.2210217933835295 -5.253526140701771 -18.855690329941588 -17.76388982724093 -22.809529441957697 -8.43949064236496 4.349756836874431 -2.2779015101822724 
-10.320580618688968 -10.460399269683737 -9.47007016334404 -3.5547289761541077 1.4097008131546236 -3.1719370392882524 -3.5533307366026 -19.507851032067983 -31.519454375446987 -30.400967722127476 -12.909354416032608 
3.526870176466705 2.0896454942330074 2.9382204962010006 -2.6616574451327626 -2.9536455896485814 -1.6924882417207345 2.3274945433421106 -4.058029649060595 -20.283183912452152 -23.03906581436219 -0.346823397824279 
-5.668023588174478 -3.6872415205986355 1.4106027456716523 10.647067440765891 2.294262373748176 1.8612615114913222 7.7719177740827705 23.021357496405912 31.42520000061004 20.792319996721492 2.1892830831588745 
9.22729845514241 6.378616912085885 4.624421287148788 5.679131021327931 -4.207510939703075 -15.962512334065456 -20.804639093083047 -20.156679901733316 -4.4959859802997215 6.899053295863496 -1.3163320982107274 
-0.5997679218575505 -4.2702618834027986 -3.4601667429777443 2.3815988855808783 10.3391271482487 20.86896566848395 16.167923324457092 -7.204689527224337 -18.39531172141632 -10.71433327462086 1.7963388740836468 
0.1003522921026092 3.7385553702686822 8.388090987533458 2.2124852358307403 14.950895896806813 23.17815210263022 26.722129896018373 18.91520881068245 -0.11525081781848939 -8.468547398453563 5.5390985655885405 
