-361.99260872673096 -405.0325435390654 -475.9161454638119 -474.6020168883754 -219.0704469512053 -126.13020015506231 -110.4309818582989 -116.03472314168023 -174.6824064446512 -289.29386312843013 -397.12641938856785 
-7.6372105121967335 9.35325214130312 42.00000205656174 46.53116074969323 -1.4059713201219801 -33.40082541549808 -63.38250385842889 -54.208643648597736 -12.167703371897174 40.83743354435813 44.72953248738844 
-24.234181111151244 -15.422883156250592 3.6198626361436004 4.348594801140095 -59.65242871242293 -61.82982866751961 -60.735483163841295 -57.08579292452379 -54.226745332049106 -46.676993676254945 -17.773736034179542 
40.10430834554934 38.91186951889427 31.73693011856777 27.395122442577794 -33.26483405797009 -32.9799829486973 -16.765452591397388 -26.616054012788773 -40.21671105387832 -21.14584243090347 14.714358405477398 
25.392009794943014 24.452544536644922 21.378671591023654 21.765613626820727 36.42840530537126 36.001225255589944 37.05609111595744 28.337476008101614 27.25135652818947 18.827326787037723 23.066151160216258 
15.9779088135026 14.63723630799119 10.945375912573251 9.916012675562605 2.6112721133610464 -3.19231820023864 -7.471963622236757 -4.011386630971224 -5.241781412910859 -12.166205929369536 -1.5952551939161457 
-6.490935754076096 -4.9461211391880004 -1.2529130098148111 1.259650504029945 -33.483896865128905 -33.40865088142549 -38.81288510596889 -35.919349223946824 -28.60062915734857 -17.64441628460858 -7.998961939456453 
-0.035997792134098594 -1.0530499382566263 -2.966418075917703 0.8039604532495183 18.655209816923474 20.12052935322048 12.922792528445392 3.066456040447 1.0231707814098971 -0.8590619648379693 1.3142160070678766 
-20.43377585467635 -17.95946587142692 -6.152927636713714 -0.006575536218550115 13.367503488280008 12.462051933442092 8.854969348132105 -5.131057215572573 -1.5110492427770241 -12.831344874082955 -12.74079833769645 
-2.187105242885645 -2.9669367315892377 -4.177239823793091 0.9656606406363464 18.01476387562841 23.689002965003084 28.637030123063948 14.01647597589703 14.406263006980137 19.055923587844788 14.605882583791413 
-2.920374020266582 -3.4100352455397775 -4.789929293895262 0.5921761934325886 -3.507983455074543 4.487299068115793 18.063094787793275 17.231955910285283 7.9119735055381035 16.273444257967757 9.207807692379507 
7.404637318838041 4.040384806996877 -2.479626485688284 0.17047194886107858 5.154094861665282 7.5582401294202395 25.796465761987104 54.42024724968029 56.18932748493565 37.36690230045593 14.78993239278672 
-8.46781243660425 -9.011242803842514 -3.8762282480782924 -1.8724162414688967 -5.948403280389132 -11.022073983137052 -18.61603282765872 8.646655640902672 22.5991202483932 19.059597782967224 7.079193950015188 
3.804636536964264 0.5609305467321416 -6.087072437949885 -1.0616342177867473 -10.84501127033874 -12.256536251149985 -25.5736305040575 -26.35954204806248 -8.764283126119423 -0.2561267982683084 4.2494284242940585 
-0.8270901870392666 -1.3361149443555658 -7.228778222417376 -8.151159713718325 4.856358409846742 5.809890911672261 -2.585980789306243 -27.451038672843126 -31.905765837033893 -25.919702572382747 -5.0838169560982 
-2.0716028321302287 -2.9540790462011555 1.2533690402609694 -0.004240985906005135 -11.712537946466272 -4.995994627365621 9.089638947782799 7.634850843313255 3.0534393505706166 -8.67131727137495 -6.971730210879368 
2.5836572888045706 3.968423901197462 6.89795067340971 4.984234522040385 0.23035259615349185 -2.4891132086407675 -2.903224105873576 2.311337582882413 9.004279119281753 -0.20019056366048738 -4.441236750261887 
-1.631443527721059 -1.0922160896853068 2.786594220105018 4.939475996738099 4.947607871198834 1.7986762613917486 -17.657580268631026 -34.04606259842528 -24.189424027358648 -5.123380524094947 -4.17852082911771 
1.5570636840258865 1.4161727263054755 -0.2704522108581656 0.43420063233325124 34.31193313873315 42.772416924658614 40.5478497770596 9.943403880875824 -6.470909804758451 -9.47692211971926 0.9378262733084228 
7.575626467538775 5.66473437114408 0.32550943570185953 3.05087492769015 -0.6945671576461293 8.311014029487385 29.684645653648236 34.12716666387927 17.127415314036156 4.865803466380235 2.2116720103950485 
