-573.4840034803765 -568.3881136423129 -578.6759441368791 -589.5207977911917 -361.4628426132018 -166.7345940206211 -124.72386733637798 -170.3753689150653 -246.03575211468242 -365.85719453601365 -471.63703092212523 
78.41289071891077 77.29060796780351 69.38550255811089 67.74174323400752 69.40204826525235 59.49288327578304 56.238266023450905 51.900891155019345 54.185938671105006 65.6574211486796 63.177548460989556 
22.634154362984184 19.50207997890405 18.705975319525173 20.963097124271393 -21.821600601401954 -13.403626777516449 -10.158267951352492 -10.680268309847843 -28.152520946598354 -45.54275863999627 -22.345319742987854 
35.09969129997635 40.0411669218682 41.868057216549914 37.256418612679866 -26.525265903130197 -21.212253462774864 -19.586289489788577 -21.921848779109027 -37.771145838434094 -49.355576545403224 -13.947813581079517 
19.637160739554933 19.020366876280523 17.289052133859364 11.697211915801638 42.48470857519741 41.90831816839335 36.62767683608939 27.321483309356324 23.134428869671197 13.776307164799661 7.920589725201591 
15.607920367684237 8.39929641243185 8.990779567136478 7.957084168163341 -4.716859513696862 -10.837280818292811 -12.878084468118214 -9.006265022887133 -0.802360746228501 -7.788870507258085 -2.3795669111248334 
-2.069614122121592 3.571175873587449 -0.3668544599674418 -3.3010727975597547 -23.93028406093911 -13.813120161354924 -9.862537916224184 -7.107611909989219 -17.276057145268148 -31.57915368012518 -23.547397827560523 
6.160894351482958 13.781270240984655 9.48979818328933 1.8815582792050507 7.245328322594214 7.270759202408365 9.308589947932372 7.570864345087339 0.12472758786495419 -14.591691678713046 -20.210588578299856 
10.564027687997605 14.194187313570865 15.547068120462885 11.241777293618746 -7.204505869786872 -11.342496083888893 -10.694663165648869 -9.96323795582883 -10.348612198438845 -15.73134180250091 -16.046693191048877 
3.0611968167483328 4.78722721312511 4.784000557723966 7.527326356056628 19.74446480094624 7.92018493124762 2.7989022030290487 -0.47452985969040246 5.6198143417563315 10.825082158770941 -1.680096048273046 
9.653425626505737 6.525726403509131 7.723599415574302 12.53737443249835 3.7562090306005937 -8.083146491165392 -11.254223578950114 -15.76171612668714 -8.460612910122725 0.16155586598071245 -3.8848786204018113 
10.2600212088898 11.47973158814088 13.9589462062833 14.882613752664732 31.64001352719857 23.13758311166231 20.799740089681194 19.296560304398646 25.98688488623458 39.27114549460457 32.748470856485895 
10.678113354079674 14.084913735659088 9.133003129363388 2.4184595071731447 16.051778487018126 6.378978318541972 1.5479583297504924 -2.39729584867248 9.16954869818502 13.607193926830927 0.25460877674669113 
1.4399289492741627 0.5012422613621319 -1.2674750266678947 -5.199189998147646 -3.60698832835236 -7.926013026392815 -9.563589526261126 -5.359755348560415 2.032639074724092 7.894582112067417 8.589185982368313 
-1.8243714624829575 -1.6958327460804168 -4.335142460698574 -3.961451247040443 -7.093831449469533 -17.11857670369596 -23.99556705140117 -28.868864939255516 -30.360787162184778 -17.32497232650004 -10.754049117179107 
-5.594718350799499 -3.088002161098909 -0.8366535475319559 2.4220897732152045 -0.24403940934732019 -1.42075937507953 0.4399374705749967 -2.6828368209510014 -9.678899138101823 -6.388025155614472 -6.409285306812343 
-2.7620708498319537 0.4045745807574108 3.527652480152369 3.1868865461296583 14.704350157906326 13.65317720390676 15.519246974368109 13.192299767686501 11.96128387340513 6.897799007040629 -3.978227429093139 
0.5447994936634544 -0.26180394620502645 0.9083521128965879 2.4266547543067207 -0.2992908625657301 6.3011449522917395 7.5850924598173055 5.763747640578111 -2.5754919453749356 0.7893931641444222 -4.658954346454378 
8.234257834470746 7.645989497578848 10.312924195736738 8.368918967638557 -8.501998519104742 -12.079348438309674 -19.295260115348718 -23.404878953048666 -28.148091227433124 -15.363538545026607 -8.307493277623559 
11.965891980258316 11.958742844003048 13.077440275561127 7.384424764922967 -11.396199499090798 -12.685966075376776 -12.212614220355254 -10.8206891212992 -14.105807662873437 -6.437302653312867 -3.238184976869728 
