-520.5653352952438 -507.8237565914607 -491.16234941768 -502.2751415152261 -515.8073953023699 -520.0074248426184 -357.89776860826095 -275.95237954880594 -288.1559733812045 -349.83770592748266 -419.4774482990901 
36.25335956046178 31.634242523654528 24.63787014881933 30.878247555066785 36.86759984258188 38.01625391442229 30.702436044549977 22.439223465762762 29.640015887919745 52.012666902727176 48.806057887029525 
-5.408910141410088 -2.497921613056417 0.9788847509069 2.5655634982659747 -0.4485942875877902 -2.3884839993957003 -31.073502494649404 -44.620316722424135 -49.652447668865946 -38.271715511993804 -17.85321083924594 
20.020952726648467 18.45213852765325 12.61317382624142 10.991825686456096 13.119992494492223 15.772539925912506 -16.52458967724264 -16.72949055125971 -16.785220335046183 -22.352160187184353 -9.766996653873466 
19.766230570935097 9.418893104285772 0.7297199706847759 5.839226850011809 10.905669647542602 13.711683901630096 17.772291200634537 16.398558480607072 15.51889052084548 4.765552155753248 1.838275853966433 
15.57686085792606 14.516688310709565 15.273867722600627 10.475357076732468 10.685631003800857 9.102324625256387 -16.260540510621105 -21.892788078831973 -25.298875220698232 -15.656745469909199 2.448124560641122 
4.440460961169514 -3.8339652220048457 -5.911059917181306 4.563976645596684 9.696798692071066 6.8360937633476615 -7.175521484106215 -7.044929119708749 -7.276831504809864 -5.636234058873012 -5.110677818878598 
9.63267644318405 13.266095105972529 17.04218858336039 19.90175576756733 13.624322548587891 11.146341214931702 12.11018231073237 3.2270276913621827 -3.6564824104889126 0.9928386590093964 1.0595208239686817 
6.095926400542156 8.909430756163939 13.530862022190114 10.451083398128784 3.294107428093067 7.434911302406123 16.076912023094025 10.764324111090254 6.12462460449464 11.671161460534634 18.787328915163148 
10.026637260999786 5.831139703160172 7.585490516988534 12.0426507318803 9.454864608750388 13.84048299899026 39.72630178239693 40.109484649073906 30.147366098309938 12.237499047240213 11.453090873409595 
10.351148322082624 15.364940751239134 16.678143782551626 12.14689268897276 11.007040865064152 13.804427889275502 19.524540229452636 33.029609359121764 39.269137760528444 26.00891210183427 17.300512396241167 
6.6265211626997855 2.5180202506233607 2.916225657098506 7.568053249318702 15.666919477664859 13.760097393290263 6.3685391545795165 20.375920920328895 39.77267176941157 37.72617302557774 26.034243594770317 
0.9538807885891437 2.916150209492299 3.3225911961661687 3.042178914369988 8.9452857994904 9.653496576496737 -21.093583853371022 -17.059539088212016 4.2148616240012595 19.519368189855776 11.200791683905114 
7.645299365538719 8.439353627023426 7.950129977176163 9.2053776633925 12.561627638763614 11.329616961402284 -7.059855101230787 -14.814976234614278 -10.298162034520786 7.942532974429355 17.439186151857797 
7.311235579955968 0.6914290677246808 -2.985145927649773 0.8742418694193851 8.378607328880722 7.745028650179847 1.3638067795376427 -10.021860686049013 -21.61952431112588 -22.458498508226384 -3.554004400741378 
0.2108181295459146 3.168794144439914 0.10082332663757276 0.08349490162331791 4.077297524370386 2.1321079133259633 2.47262365668404 7.259207358099166 3.7412334410918264 -9.823436498656823 -7.717377925404299 
1.2620872897809554 3.726056179125134 5.110278616591772 7.653108868310554 6.715250202530655 6.664413584811575 -3.121515823460455 0.9735366008632531 5.548016057715015 10.00935999880085 3.3445412791424793 
11.475186962739691 9.216342303897175 10.126238956132497 10.865624134388675 8.957488973583358 7.513855797081171 3.3593665055276114 -6.036121992168287 -12.233208522003089 -0.22923443736183502 7.030630992462797 
6.809685913796304 7.25630707910076 9.967329503248456 8.248678710363473 2.2065801662096365 -2.8447311901600836 28.07960123730807 12.903767812737051 -10.314689252714762 -25.87487161239985 -11.971000047142297 
9.283318043142746 7.737079404323193 9.452691970305075 8.566508947366659 5.858724999478797 4.719694884499998 26.03595605422783 31.337225304684914 25.79828854685116 1.5457677325545427 -6.027330581961587 
