-155.6790835409983 -153.3174476594957 -149.0090847776191 -153.34231958000032 -152.0602434341816 -83.3884903018666 -40.8519629087009 -42.67499661840006 -76.79920277731861 -109.49563074256709 -137.39330094383226 
66.21683078003244 63.48136153141952 64.08541884816304 64.15656971100171 63.57298639858331 76.11832269154809 60.56530084833658 62.146912588747796 76.78592981865707 70.46939854398126 64.59844666406816 
19.099507258214828 17.469979710576737 12.006801110753065 12.2844820586233 9.553962606653862 -0.6968823844215463 -14.06853541652102 -22.196728739397763 -13.153411985638439 10.20442225280459 16.259803477945088 
14.423360990855617 16.667276314859016 13.258671208288277 11.548621111881985 9.342699032391957 -20.800370252930584 -32.35948361582122 -31.109515864541443 -15.20698315420537 4.631337927334772 15.753567852584037 
2.8850193694434934 5.985338381592344 6.088755353758147 5.482081093584155 5.152340370959126 6.593534543857745 17.000787658848132 26.51644036266419 18.111356181492027 7.922893559091225 7.511801255994939 
-2.434914438391746 0.4956839724844958 3.4774192808059863 3.815866629049924 7.847030165609478 16.873344444045504 15.516174240824926 22.19114108077301 22.553828932520645 10.76161895006766 8.61241463803056 
-4.5193348357899925 -1.923924696921417 2.8916239579548866 7.329049142889126 6.742736214533911 -10.235485766523908 -20.658284707867026 -20.125921874333915 -12.438144002006474 -0.9061985905616855 1.81147537799224 
4.560153209449236 3.9909938539480416 6.379782444295522 5.804752778952195 4.22126004375788 -11.989893898806137 -16.06320975015679 -14.777544471294611 -11.943306321210091 3.017991030896192 8.240295127589818 
3.3124895401785244 4.679699513132934 5.9198131283033835 1.8201693412670092 3.065125215205207 -3.1279161990611213 -10.380838952602918 -15.122859041298685 -12.742939052613531 -3.550015653133511 5.316739947892394 
-0.8320211679314773 2.1324992353977787 1.2719313158987609 1.9576616098874617 3.4436360492624054 1.302749120312864 0.5647162479057444 1.1145608477718667 -4.373211923636389 -7.059615735053574 1.2338057450850597 
-1.2680606878866436 0.6422993857176591 0.878100758782635 0.6820408702392289 0.4566087408889077 2.500492207222783 0.4995745721180874 4.501184036838085 6.7220901796288715 3.6843354922987963 6.4600138581511 
2.0984313687391642 3.284455741229001 5.367082590771933 3.776874000213607 -1.2476035611973797 -4.829814946373769 -7.738079571322505 -6.558613967311181 -5.015502443900662 -4.769961940437874 -2.733323100160889 
6.944349203601323 10.442905679159551 7.083763302124305 1.6745766113937868 -1.4866537494110217 6.442691700119335 11.320918528089184 18.3529460186778 16.332115628399674 8.350595247636868 1.867925809163912 
5.197418991971332 5.735196011435189 3.04134446012743 2.4408158437988803 1.6863658008234168 3.2031549528737466 0.15221671007144372 -3.502125615035828 2.514379099648494 0.22432146660244667 1.783198046037871 
-1.9864607043397238 -3.665452349451081 -2.775498152085264 0.6006960935357706 -0.45389027363332934 -0.05438226690559653 0.47488138637066823 -1.7105388899955853 -4.767350978406087 -8.462582601355864 -8.966114734161241 
-1.820616165389572 1.0811859265323576 2.1082700112755703 3.0550874448467362 -0.9381613464765506 0.8826622988653832 -8.42495808311562 -15.921453687900733 -11.62102559875316 -8.558472187566698 -3.80260311455258 
1.3771951931764446 3.4438004445464974 0.5120947438832582 -2.4092484585723764 -3.3032690468483024 3.340008856083627 6.443359773423403 1.6992862980166257 -1.554288361849398 -2.4408459253247834 -3.1563779865562642 
3.9604111714934405 -0.28158422629835433 -2.2022644879119904 -1.8022781306843876 0.09096417239258392 3.460620573134238 4.469098164917419 3.5305139589656593 4.446873624070236 8.213691750138578 4.814252193297667 
4.5264529929055435 2.441023708487462 1.3631222073459228 1.2597558129825033 -0.46834991127839065 -8.550657568614026 -8.947051947327337 -11.015486920826717 -10.809123030731298 -2.09431814811355 2.3592291177182405 
0.15932050994434332 -0.7836410314643585 -0.9296577538554001 -1.006642519753997 -1.057301528834913 0.0734630823733533 0.9053736650743878 1.2381958926539172 0.18038111392660738 -2.21434310362279 -1.516836762243623 
