-585.9819665413698 -182.36157743290082 -50.87649502363858 -15.686433089567927 16.538751214638822 11.186881735126809 -64.72023985174289 -224.95315855576806 -466.38880223784236 -536.4293703816841 -550.1287504019245 
41.6339758835562 37.14524476256808 30.974760265212645 14.818247199797515 7.226435582529269 21.445627359622797 28.966458388029373 43.162348651712094 39.07373542518197 48.030026226822656 45.186801301406135 
-9.554661930243693 -61.53570874604233 -58.23059846515495 -44.357527668768 -47.469875159858745 -54.19259415299247 -61.680075708805994 -66.19747817493648 -35.46099836996129 -30.74608705868492 -30.114861922687197 
-9.117218315342026 -43.90536309723373 -31.206779395081405 -11.195296465120371 2.666419284048742 -5.115083407047502 -15.952117564938685 -37.97388450914529 -15.879437983382626 -22.767506047537672 -17.632121889860493 
-10.479649186336784 -1.697266415079361 5.979190098811742 12.952745715554995 11.372695309633954 6.3965210325883035 5.389511079185714 -7.1768306589089 -22.854531972253582 -23.273478892926754 -18.674843476248434 
-19.218768156676944 -4.54516268944261 -2.404666215351509 -0.5470036360932831 -9.231247281701144 -12.108959713328169 -11.948686664033193 -12.972422013366117 -19.103507162609056 -30.915065421170205 -31.345673200904514 
-3.93068304613364 -45.362597583165 -37.14589463878729 -32.84716099212356 -29.705141167243777 -29.058743075629515 -33.88304443670336 -37.17171963441862 -24.236894280026775 -12.662585481892416 -12.279054477953316 
5.2754529298049135 0.7679393045660338 6.121003292330962 15.958368289120736 30.962069332212987 29.63986421580604 18.112247724754333 -0.9479161835104466 -3.1912384485540315 -0.15898509084409262 1.2344643214185425 
-5.234093996729696 -15.743030422956434 -12.726629675717954 -8.262214122103988 -8.911316470626076 -5.491340427247006 -5.584248074076715 -17.335077560433504 -21.758924218803465 -11.796915561294123 -14.095185493197842 
-2.6701082930406685 21.877930112408798 24.801638833412348 15.678193063039505 -0.584156181872399 -1.139883938503029 3.0029631079534624 6.466548454352741 -3.926676348111577 -6.856377448058897 -2.014761977810493 
7.524393403690555 -6.927121647240474 -12.026799778056041 -9.303218240734479 -4.381347592353227 2.248815169518862 1.033605396742597 -3.4747606738852412 -5.665344202365967 4.581938723250959 5.317765716217319 
2.3175245494291383 -15.743639366495213 -20.542348050336003 -18.70161087766671 -9.214810066606404 -5.296184255267807 -1.5674325916200527 -11.50730200490651 -12.625191966143554 4.9628393290681245 4.864242692829411 
-5.991593582424221 -6.110427138524109 -3.3583971102975063 1.6726260522360017 -0.639270865721463 3.365065146088165 8.34275401047574 11.230131425188015 1.6566291809599156 -4.990375869610814 -0.8998011891078992 
-5.793506546191334 8.959899166231265 2.3626269932348123 -0.8692116989405029 -15.045910978432804 -18.267010344998262 -16.217440523918377 -14.098245483709904 -15.30695282683848 -3.668262398295355 -5.761682280942059 
-1.9185128243268554 2.913290192425632 4.80773281166611 16.529205944053423 13.59763086372337 1.7110508458762672 -7.60623662840569 -7.647520341492025 -6.626482712651087 -3.838551258528989 -2.836168208480723 
1.6194669226452556 4.437101401311434 8.613845932554653 16.535505126295927 22.21083918324542 3.9731274583563607 -11.917056175029426 -14.309787946665363 -1.595109966244985 1.9188316213514396 3.1143823036757787 
2.549540246817731 14.459808699198334 15.036192951614085 16.36464426765896 28.321318743827973 19.48250490103947 1.144396635443833 -6.468081333747638 -2.7719644129066605 6.436605471506013 5.519579318697199 
1.7435972583849502 14.410243301117465 6.452777419776529 -2.4436464660442905 4.2606237033438035 10.892993613093175 3.997600701106536 -8.236397581499485 -1.823158184707173 1.9982464656581307 1.428106564003393 
-0.6231274239362258 -1.9897946299343647 -12.509916367898013 -15.62770712367683 -10.938655160856586 7.386586979128352 16.16262975054083 2.1187209168735412 -2.8368827643900234 -1.4788571035928921 -1.033508855503017 
-4.00231092344139 -6.25240281782901 -14.020628030425103 -14.147453512984722 -13.31826991978571 -0.4935619256834311 13.888181399397617 9.692416773095928 -2.1450535437349796 0.3039390914294472 -0.9771475849617437 
