-452.7527288661193 -464.51145146910716 -468.0677841666792 -335.47322694788693 -242.3880574485478 -225.56454018931893 -250.38701568269815 -352.553088482602 -459.6468648636104 -464.872775502804 0.0 
4.9549243659871856 15.471532196744448 19.3310409673441 -63.91436420479689 -69.4484313860894 -53.44259775497639 -44.751588908442585 -36.471654361695585 -12.13084570653078 -14.97883739846644 0.0 
31.331227693900363 32.977663361937886 28.90852331350463 -5.09816272938134 -5.615177492734928 3.2768186352203 -3.5677098164408187 -7.878660713905916 31.887307777064464 31.91410634759356 0.0 
9.746661834310926 15.584007557792846 15.190095405047774 35.96119129079526 35.051508548492 37.90301396401735 37.30862489236419 29.03525259871413 12.967098042668681 12.274695632536567 0.0 
15.120029373959545 15.02621843205484 15.811301856585828 12.27348127303259 6.0440610962985 4.300244672735648 7.641246290185978 10.260187609102086 10.833430959625812 13.924836096555094 0.0 
11.393346532179445 12.602925550966173 11.162491470379148 18.673312958729923 17.15240235466893 13.244107535725 5.359932384060667 4.696278506397213 8.299200400181908 10.104881553058046 0.0 
13.449133498119828 13.34990487537666 9.269356832616403 -9.908747835440131 -15.753311674163596 -17.52844135984418 -18.686268007784868 -19.502361842143454 4.443818388704662 1.5023151482045338 0.0 
8.099225141047329 12.14544976346133 15.09213413615424 30.59919680186895 23.215776337045455 18.45780751298377 18.907348599625607 19.516952793553344 5.9706051797521065 5.922199601697317 0.0 
9.650839174240843 10.789264443939409 9.568508817340991 1.1372907636588352 -4.884329632277195 -4.332697829944406 2.8294060905252962 16.0840945750928 5.646210829809174 7.292495430447475 0.0 
6.222800679348154 7.679238009768432 10.154150943548157 2.5016858060604914 -4.224701459993426 -6.345597046338268 -4.220507926540961 0.6453754260797262 -0.7493583198339071 3.9822326449659586 0.0 
0.7441024829200691 6.059244981509396 10.437642012589844 8.441222485038994 0.5347790388654162 -3.2294379511477764 1.080666783978146 4.421938439510848 4.998667503158498 9.905430151186685 0.0 
13.288800778460413 12.153154899474234 10.01112468904251 30.337461774637895 24.36296514647757 23.26904216070151 28.958612354181962 26.443512690574092 3.8334928158504042 0.44126698446285567 0.0 
2.9903047272562793 4.757256286818096 5.206096246783909 -8.614046404778723 -12.892959227665255 -11.021754600117049 -9.725038468889263 -5.625592561058427 7.087806540153737 1.9513809967185822 0.0 
1.5721847290863016 3.3907294015786356 4.467508516891778 4.687417624294789 4.358731434821007 5.170876489908803 4.7782203213608 10.275538428097395 -1.3310449307141226 -2.7753648805572704 0.0 
15.427280520157556 9.803107935803236 5.8647178761355345 -2.7576813797876394 -7.849216388607737 -13.643362197129708 -15.41071941407747 -8.162780679833276 2.35538301707471 2.9574961372296142 0.0 
0.6018065129993699 2.583573429159993 5.805884586031533 12.533028413846095 7.76976511592847 4.767478537452089 8.458303792421585 10.66127526723372 -2.0499854577818013 4.334341928325749 0.0 
1.4471862412761372 0.24813398470776235 -1.4798553725666 0.8514057645509907 3.9113241152897995 7.2154377626938055 9.112498887299115 2.746774601701664 -3.7242760908641666 -0.9222993794700116 0.0 
-2.3868732140980065 -0.6904621875075342 -0.9239494229533968 -4.3889847543973 0.07003578008409683 3.4341040313168056 2.8885327300517227 -2.792548225651604 0.17242135244308499 4.262641642695499 0.0 
-0.4127886881516387 3.3479190338357716 5.9274355746256555 -5.794697492661571 -8.268012253382297 -9.547719361229547 -7.672096743868889 0.026089103836445526 -1.3002839185590847 -2.731155287649128 0.0 
5.294323155953569 5.263632025522279 2.103391908730369 5.83571388809111 -0.08135200623333844 -2.9777499647302483 1.793095349537262 7.1400797777834955 4.649800635600544 4.249672042115038 0.0 
