-707.9415576149852 -703.5534096293635 -425.8058535052752 -223.9605258914681 -166.95595173736268 -217.3381665762972 -415.7912596862357 -593.3301232158324 -667.0562963009285 -685.8179845420256 -695.1609691887038 
20.67878012316853 22.19443790241648 -25.171028977735162 -32.40105560730312 -25.197818196322526 -12.16471464833449 22.069690461230678 4.4257705971261085 -2.935208892820513 0.2528523962757546 7.0558808304120815 
-14.629606031863498 -14.56194208945265 -76.64065569177177 -66.28645508969335 -67.72221060840687 -69.27359886032465 -43.14252719743095 -14.45091282130917 -13.299694624884172 -11.011193820516144 2.1111242804246704 
11.968877099190351 3.680648913436591 60.98276622613622 57.58046756622454 49.39655516392543 39.61739508161685 31.705965476016644 16.30668851008408 10.8693332119585 14.462849528126197 13.092241453662856 
-15.341862728060445 -15.8087417596005 -30.309985532309987 -24.76695977320582 -23.57698024498709 -27.788155492040342 -37.692595187159824 -35.71824418104917 -15.866306886766765 -10.429475880776959 -12.601475982159013 
-13.30362500899826 -15.78749165592964 10.982409157878754 5.6202219420698185 1.7477980937208235 -5.432331225541542 -18.38559805433576 -15.472077618386287 -5.663642166375735 -10.523857392304063 -10.235202635504859 
-16.026649021317386 -13.578534303391766 -11.344763769071989 -15.404711673591983 -22.32180412163069 -31.34203035340108 -36.19948420898443 -25.70218539303668 -12.776895834171391 -13.111598790975888 -10.794899871631541 
-16.40163327820349 -16.158874890495994 -0.9527930990138035 -3.027473937997942 -10.826652797675894 -19.531852308880943 -11.901276279375086 -6.697609898925931 -6.592556450618979 -12.318394880816331 -16.234011261184843 
-17.705939297631424 -13.947228653329457 8.674950221491052 10.119171705577873 6.76950841744939 4.214385614272397 -6.201768279956734 -21.804017591005994 -9.631182467699237 -3.254750224695485 -8.01250345625962 
-10.372842450886319 -6.345139459539576 -15.759962648360343 -18.04801288044787 -24.070730409472397 -27.457833991919674 -21.382079951814756 -18.53086059020439 -7.846938322210891 -10.466092682375049 -12.604896785703044 
-7.023002646127383 -1.9380472652280476 5.40711914833151 0.5671314855279402 -3.714278988779589 -5.430731493597164 -5.094118900919205 -5.224692337742755 -9.184865512839384 -13.99271981612951 -7.465327735538092 
-6.200786214958294 -5.188049024003209 -3.010510037659283 -10.286717905218424 -13.601433800173469 -15.254601165971195 -20.709995611010513 -14.278856226528113 1.8335382407935483 4.101059169001369 -4.852863571871976 
-0.4866329358239859 1.036666559756576 13.553690703153679 5.230915179983524 1.6650667997505857 0.7159555079258968 9.924739484156312 -0.052947405604042874 -3.6666811182871824 -3.0992420726383476 0.0429598025784701 
-6.120926225677133 -8.187453196013841 35.60932190615718 28.11233524174348 21.428375849910566 14.887097864505785 10.368350061271393 4.88170798278148 -15.467978371892618 -13.34442647545259 -4.786487670878171 
7.425653347713029 0.13550178005432656 11.060740807973692 13.754344932978356 12.639834776465221 8.376724388058811 -5.136761691103345 1.352561270279388 3.6860960648666232 -0.3071979344218755 0.14101755528066262 
7.997585849976491 3.936950156784656 9.132566717691606 17.54162640186013 21.26353760875171 18.84747061351963 7.991657355458687 -3.5437059306476044 0.23961739174611596 1.1232315659375713 -5.089740435987787 
-3.1250541175791655 0.05926589263236831 -2.586531698825065 4.20190047611518 10.464078464999249 10.958018873996785 10.558847336982005 -3.2114720115210007 -8.502229483539333 -9.68215887027846 -6.002801541488715 
-5.031755983937808 -0.07827500689103384 -12.13615546544969 -10.120416347852833 -3.6166608400725266 0.6545874882542637 -2.8679766381483134 -2.275059920773317 2.468235274229592 1.9943275415262893 -0.4018566669223065 
-5.060533889920141 -1.6609741548285757 0.1663696211815825 -0.1796019832503541 0.168119034925309 1.102153510649638 0.8312308254891849 2.6719702738378746 3.4202390334004305 3.269242858021452 3.173012715644429 
-1.4561766695789937 -1.349172900769342 -0.973707143066628 1.218405428414358 3.2357478970808033 6.393623985940454 6.538200906603138 3.7444326977818605 2.6556501728059 -4.848305505934318 -3.81024915442679 
