-238.9175860124058 -241.31785298781477 -250.54776249254255 -251.13607060923357 -246.581659063743 -167.66072002981446 -98.84631376797552 -101.72349863986571 0.0 0.0 0.0 
82.49677476981898 87.18904700426884 85.69120238829703 84.94371252903326 84.8649129961275 55.1849273113622 33.50135141903859 45.01047043116324 0.0 0.0 0.0 
-7.497234261430672 -4.817783358456648 -4.811156223723116 -6.759833068501349 -8.37506878425032 -61.61629814694015 -75.43678892903932 -75.08974583111534 0.0 0.0 0.0 
35.408272982915335 37.16402766535925 38.56567834279787 34.47061046932876 31.3707421716776 75.29352415227788 77.15271358751798 66.68336660407479 0.0 0.0 0.0 
-11.715105760542254 -7.629374810647226 -7.606615239245853 -10.361038276728586 -9.269839094793571 6.890895848434926 17.27658228389876 16.433929667421832 0.0 0.0 0.0 
23.0818654514608 21.857353624316936 20.930141529130342 18.674404568347068 16.70612769313702 -20.714235821888316 -25.643673902194827 -19.457656316334166 0.0 0.0 0.0 
12.132561590426569 11.869671785111844 15.136513927336322 13.501300448134941 10.163219719016283 12.995134730362984 8.159434076763233 5.254538551221092 0.0 0.0 0.0 
3.197425956714372 3.28439218131944 1.302817247329815 1.752163952824708 4.200384713870844 -3.6163840664211504 -15.755709359583548 -19.86673700658056 0.0 0.0 0.0 
2.7677897384410297 3.249068907501737 0.6502411054154479 2.4724796934866453 4.819704814304636 4.934863992611181 9.152984873762591 11.53776378906577 0.0 0.0 0.0 
-0.29760628700692837 5.408375372054442 6.408429348243987 4.601049425109358 5.757500562090328 3.3519652104393307 6.792736158161356 8.291636594580314 0.0 0.0 0.0 
-2.9836009991580066 5.032390617814272 8.14567441998241 7.814890012353699 6.752575570861785 -11.897594186263264 -13.023064009828957 -12.85272846654642 0.0 0.0 0.0 
-0.1574765413069385 0.6918770603582007 3.1808277180115248 2.2441074428368117 -0.4963082006983017 3.065124322514725 -3.278505788268987 -6.020223453635818 0.0 0.0 0.0 
3.3355836361692788 1.8822824125148683 1.3284770595363744 3.8411955980628623 -0.06747269265414801 12.660218107930005 10.668240885014637 10.602820192228256 0.0 0.0 0.0 
-0.6281001339102417 -0.524857881942966 5.038453092714707 9.06089723075674 9.175278146637712 -1.0420497743803794 -4.408947128104406 -6.480249996485589 0.0 0.0 0.0 
7.041668033602742 5.308476934200067 4.848140717894028 8.525357975417084 11.047491870007622 12.38740468558665 14.773324683270047 7.143541032185448 0.0 0.0 0.0 
2.4612536701459025 3.4574551869479246 2.0428172674446854 3.1579129878431145 3.1653735222592703 17.819156158731616 24.791737553315166 22.05610735850197 0.0 0.0 0.0 
2.4576916480110773 2.0864029623186777 2.399176804894766 4.190797736513502 3.635142331262262 4.126448482361506 10.308428901530313 7.223160989845362 0.0 0.0 0.0 
5.425147188986727 4.328235552944825 1.4805660488321157 2.590922304309169 3.027712332919841 9.31085349275299 18.431797087846583 15.651283204421581 0.0 0.0 0.0 
0.965268640711459 2.0140996364840893 1.8258403598369326 0.5951205244982408 4.528634149650072 6.194673801559853 11.52644952509008 14.7323786943398 0.0 0.0 0.0 
-2.8675954891273574 1.47862648003092 0.5542103985928757 -2.1157332079340767 0.06019436205701392 -0.5640031662990125 -0.747837568351232 3.321497982178994 0.0 0.0 0.0 
