-638.6159037116912 -479.77086436493266 -453.9730792913562 -554.2984772928224 -521.3813130299544 -272.42384365278065 -194.4942872275826 -199.75398037931723 -313.5920956359507 -463.5836451602343 -496.80113295417283 
-14.183622395926282 58.54273043580652 71.09173985184745 69.10274858873254 -4.598072475290982 -21.40549447973572 -30.054476058090273 -28.63270785939562 -17.526278469440737 -37.902057410772656 -32.21122822729299 
17.96741331802002 -1.9942831381648516 -5.14598965134551 -1.852651969340456 -26.99062563245047 -25.189489562135023 -33.27084966868867 -41.28562286164785 -41.574159637173295 -23.00634361723727 -29.302787408925248 
0.17696378391376388 -1.6797734917839136 -4.861589050976382 -6.5595661349059 6.234960746993833 11.847229002277928 10.338805329224051 9.602263780861275 9.352238144538767 -2.310363501656276 -5.762116265114974 
-41.388584403238994 -9.973301367413196 -4.84955883552942 -5.004101177907252 -43.37911869972827 -36.544744591289714 -31.714508906776814 -27.621690527900107 -25.589187822365 -17.717091940500268 -30.119811349295865 
19.7846052174324 14.719183780088715 14.346096404114625 16.43465032163856 -1.8172722211700596 -4.8174878677495325 -2.576760265751587 1.4038100391050925 0.9157126899271084 9.213958525285005 -0.07526813005220534 
1.9395955742312463 -17.043442054355552 -22.102505748404933 -23.086635418080732 -9.64934804535702 -6.450518017251262 -7.287599957238442 -7.1853666015578925 -7.1002342026119765 -12.595664082642731 -16.936659082225617 
-17.67796667546064 11.11487249752966 20.610404599858448 21.012717766005736 -1.4045409222680048 4.994929515987842 8.894339526250988 12.103287456531444 12.556527925592485 -2.095696819955837 5.472220509184211 
13.714474784839679 -2.9874878666836215 -12.457778232463632 -11.475490593002167 -36.19466378160705 -30.120820073269318 -28.753436274505482 -30.10144475657291 -28.227393190713606 -6.085826136919183 -6.2426280891153985 
-24.37116913405898 -0.7969284246923731 7.083325500697505 5.2859474904698995 0.7962707967207673 2.57660321273559 2.862080826853321 -0.3730581065674162 -6.19667790261399 -5.655155147511559 -12.269641204320243 
-12.741123779142194 -19.34446803079461 -22.13052078979689 -19.36213382811864 6.3967374417202425 13.961253605103252 12.773241149999738 10.10563650616235 9.589803117521628 1.5346081344551945 5.366919020466502 
3.0439975873826057 -4.843105127361796 -4.739184027108681 -3.8874198764243637 12.115542588586653 21.920501696122408 18.848258262571186 11.520990727287039 0.332200407543898 -19.695867358410084 -18.398798547534916 
-33.658378594947706 -21.77855619428675 -16.733686130245076 -13.073977415727777 18.15903061102817 25.25086941794101 27.074988612304615 28.75944637040231 24.542855724435515 5.7735352500244 2.9065154357464564 
16.526383551111657 3.8550248250842185 1.3189832896133937 1.228157550742775 4.414510153971035 -3.4160484780110694 -0.3208215272959478 5.842774914727405 7.715163570280414 -0.704448552114805 -0.3415121560612796 
-1.5528139932944462 6.122342494761532 5.7510094805189835 6.152238635396659 -7.851686508772855 -19.508427786272883 -18.790354801696548 -18.05288463074759 -14.05873471425066 3.366308384637849 1.5985755404889932 
6.232841134897887 6.9796191640772065 11.040163110399766 9.95235488936051 -16.495794198099563 -15.117390793232381 -11.15591399846475 -11.706992360836331 -7.503064408559993 9.80668995849027 8.882181945401474 
0.9815845180501201 -6.927988523300463 -13.313090487810738 -12.023964511633157 -9.315689868963213 -4.558493501587213 -4.375147744816108 -11.468507707011536 -14.026228094804406 4.286999974824693 4.197062950122285 
-1.9160154159133715 -6.649342482202962 -1.6873002389710074 -1.7207322542461945 7.536099174132471 7.56068858950314 6.4011534298091455 3.356938653682282 3.782771835914512 -7.122796641699347 -4.546670653800723 
2.60597656216277 1.0672736805625342 -1.0677004645449395 -0.06596787403950533 -3.2191425505340114 -9.382318400073471 -12.483211059217531 -15.582415130344417 -12.424497471745642 7.663852569747942 8.152864183530811 
3.6207678500749134 3.0921409073780315 2.9598827808158457 2.6841039958322526 -4.846473099099219 -9.905405223669641 -8.366581764238482 -6.6768340972257025 -3.017707573246919 -2.7106270189998933 -2.648080753323783 
