-378.31000383488947 -427.0160468111832 -572.5211714514462 -514.5013623329656 -263.18520944260683 -127.41781594800665 -101.17720485529263 -176.42092873130048 -393.93439559589007 -470.8430173655243 -606.4445583194647 
20.71608307564286 27.803881378109857 25.32254782846887 13.33307105158546 -33.2453596264199 -35.74854010647961 -34.03607773227054 -22.674784238981175 13.758961878119859 11.739503811791497 47.21458971262659 
2.1978552515925793 -0.6572140427232409 3.450204488311323 -21.162543323460113 -44.84616809273817 -44.16320981114272 -55.18828067004378 -61.64537345578482 -25.48100769268825 -18.28754150119007 -13.356831098009003 
11.639956413607909 9.129815237653261 -7.789064638728078 5.208121049747885 23.72899346433234 30.16752885196821 31.20796676525083 32.74540075842597 20.829275033918698 17.41852482248334 -6.0882169885978605 
-10.902394821611296 -10.500000079919728 -5.334486770564203 -26.718801979956556 -43.07957447101392 -44.276038920289565 -44.05920326050645 -40.834030401866535 -2.176558850715055 2.730989864738175 -12.162528898979737 
-7.522836430993903 -6.480844665157534 -4.086550848984057 -15.613710499269164 -15.004740523476112 -17.113720331926505 -18.731737828596756 -17.346904470609815 -5.498748095105448 0.8603292477157082 -6.384146119830522 
5.111249919182564 2.3508345741297023 -10.92960290098859 17.282565433910808 6.467666016286962 7.757057905223488 9.054698183145794 9.322698769022631 -11.723347130741185 -15.372654403827347 -12.925185523849681 
12.589927385079669 10.578315527270263 8.166820166149423 8.692030587849189 4.349896089808727 2.9221552970769364 3.1830727703888364 2.4965944365649886 -6.348363694675621 -5.498362214218012 -2.8841218042795664 
5.925508900370701 4.884294997745995 -8.347191345493584 -11.967151418551756 14.10292183740851 18.00597094807278 19.89386926584026 18.40280268148225 -4.008393091815899 -1.5231088072491832 -4.352790527454751 
-7.72759808824039 -7.7731788294853335 -0.09335098178942189 1.4663949270189214 3.422685369760326 11.520244724750205 17.08913174425866 14.609536241843323 -7.019157185703863 -7.636643251972308 -2.043768365649086 
1.2092888238033033 -2.346872472863492 -14.866615781108493 -15.542123966147646 11.012287097761995 15.52778517390545 20.609850253713677 22.044689079209874 -4.7859805882956765 -6.419853041608642 -11.092241232768373 
-10.917783744469746 -10.803135377830781 -7.562318633466236 -6.340472257844539 -30.64374352392008 -32.24137003345678 -27.636061361109316 -21.61826084810371 3.505668865851751 4.8171190430683115 -11.329511107591776 
-2.8026716620444723 -2.9507785517188125 -9.017687871064167 -3.5515250640301743 -18.481976490913997 -18.45294457071902 -16.749665825297107 -12.585127453289232 -14.699925463812741 -13.600832633521307 -10.132341099495767 
-1.176855813681655 -0.3273998141873101 -3.8224238183917802 -14.082995428042192 -2.1782026309279616 -1.4265626397667805 -6.053343145164485 -10.532035915218568 -9.68577875070608 -13.161880175016824 -13.02867840687834 
-1.7504224366310264 -2.442597665488389 -1.51471403452366 1.4725467497649893 6.662905478254941 8.881610536663189 8.515455223467612 6.6687059111484785 4.657052841125826 8.019281763411874 0.19828518679744098 
-8.081900854198015 -8.419375908504794 -3.6007575053168326 -2.7070191285905576 -10.356386621670488 -8.067354898763035 -4.021218747089307 -0.5715368243775135 2.2450908600596144 -0.1554758707062731 -8.405980582175413 
2.0094067858265716 1.0932787833181834 -4.773494586339529 4.068738551548536 -4.317996537213753 -1.3059423825763368 -2.440609941233905 -3.9976095055454897 3.451772758406997 5.298575093694357 7.638206506277211 
10.06608473887627 8.716429385895946 4.001784981863364 -0.5559391568614058 21.484091399680615 27.597114171146224 21.28986189272117 12.13387925466639 -7.936733949510543 -7.193222961665478 0.6498585425389534 
-6.236430600900619 -6.766463183158929 -3.366159126958674 5.643793756714754 9.445222928020023 8.500760745284992 10.256479920317027 11.311464598360164 5.01006309245993 1.6391424061497082 -2.1549922439769116 
3.6085612003611542 2.0340635525948474 -4.5628179571706955 1.7728123266371574 -20.670654206314662 -20.17044001944717 -11.388840680896624 -2.11337502843011 4.1117840431987815 0.5847573380104167 2.5547121855000023 
