-725.3217127170518 -725.6405891132702 -733.0562109911201 -734.0219802887468 -703.6239778285935 -519.2642263542755 -347.8468883974294 -166.12554665220992 -113.89530449505904 -161.31926657379418 -326.2925579597442 
42.4706692179024 40.253369410227094 30.5456023982327 28.628150856121497 45.75008444014308 -21.39515171202924 10.436114452770006 18.121842471370076 7.0383553187413455 -0.011850995782870632 -12.775674471733314 
19.939509806228063 14.978674378191332 8.965527268580953 8.21051112020304 19.672541635856803 14.012043749921041 -26.742070167678975 -43.09452249353508 -53.56237810782416 -60.818914918894265 -36.009898402667915 
-3.3044016659243245 -7.755024395567972 -7.414120363171815 -5.39224179582528 15.482611218102182 32.3324527134721 32.92066524893446 45.57277813013349 44.853153320659615 36.9730913698734 9.246337674843359 
-20.13595423186448 -20.111098426889345 -14.24380454606081 -13.858349320478446 -19.680082220196937 -17.758418462523288 -21.139763202755304 -27.02163647012311 -22.690851992555622 -21.79273442464046 -24.427042503021966 
-28.06743434588514 -22.818075043152618 -13.805164707992763 -18.05102628851483 -29.764544649276843 -44.41126138001715 -44.77973514230541 -49.32056830255543 -47.98567457840285 -48.702284200863 -49.44475969690803 
-25.94071954432613 -18.591344731594685 -9.370004447447094 -13.610335107418834 -16.543067572174287 -1.8693174561619705 4.921132402904898 -6.882424581082157 -9.283072701595499 -11.68319016101811 -17.330539865883154 
-16.27515161440445 -11.284879742217495 -6.052466925268391 -6.352849838218013 -26.833706062210066 -10.514571936384147 11.135029076672662 8.71807495123395 4.341564990472559 -1.5167929939882867 0.7443944232821059 
-5.505137194213221 -5.004469175470501 -5.01466447347253 -2.5098231932214605 -15.642715707341942 4.095806248129488 8.251978561966775 9.583646103259317 10.089120763690712 8.487535209049314 10.332984756069635 
2.075143064492596 -0.49630905676779236 -2.062662936264326 2.4817196894598834 3.0085905558937247 2.0013510259049667 1.1898910507214873 -1.9816909244118217 -0.8298233592544779 -0.8442568266405777 5.937043725886642 
6.797713814260083 3.49871969929631 3.0592569699957735 7.591224384604441 -5.626562712869694 -26.3241069224715 -0.41266522491293745 0.18356516553855062 -3.334635612683752 -9.032463498472744 -6.772937099067216 
9.10986771096196 6.038718937771543 6.002093195829814 4.894017771741155 -0.8501349320868699 -8.242500032892174 7.736714534674578 7.0870837334516725 8.783744395559845 9.898749369876889 5.856401230504957 
7.593344585946028 5.59121569657575 6.016236501804967 -0.6967363669472832 0.8920327791127647 -4.978774264905781 -12.653494761985172 -9.745895029890093 -6.542118148745113 -3.5844794980384904 -4.405554548742977 
2.6003668210398887 3.636547469069799 5.605842967601623 0.25492864752614786 -5.712977537307522 3.3769001891682877 2.4008197355155865 -7.880429117525086 -8.89353606440375 -4.060057929331484 5.056734865447887 
-2.3335936090789104 2.6436888252205613 5.553682681829618 2.8137071567962177 2.8657697409402676 5.577460161098211 5.301490881464931 11.217018178940002 12.93085781698678 15.421979898547097 6.629248359526986 
-3.968359581685916 2.6592622577103633 5.22885081527451 1.2649814135453878 7.3192013040544674 -1.6993804353605988 -4.266074898903062 -12.331060154387124 -12.772440417583308 -11.330680250111062 -6.219829299536128 
-2.0385529444044574 2.3243840685550516 3.9561800478614875 1.4022741582531935 0.3331083984814691 -0.4485460116923542 8.566258696531845 6.643057798944973 8.999646987975643 10.350629750458744 0.808582588875496 
1.463240330264825 1.088396880115022 1.663229981894886 5.000187705667108 1.0965654612116809 -1.8136967496916958 -0.7554091111991854 -12.580764184035141 -17.42500450526921 -16.6651153655929 -4.087763781392505 
3.8925746405695953 -0.7075410753344806 -0.14369140072295544 6.281822560099404 4.430249282177375 4.614451702337984 3.8159257450166013 2.1078033462831427 -2.6482346980736367 -5.8999594203346675 -7.668309219184756 
3.3211547162454274 -2.2922887094385165 -0.3192838856390895 5.56795073578985 1.668619919860213 -2.6744242360724377 -8.755227857369636 -12.348257309395164 -10.714678070883682 -5.51810896532235 3.840902782428254 
