-295.00409740430024 -284.6564312622401 -285.7988467622543 -295.5705116559511 -295.10801890542757 -233.08325186136398 -142.45045309591592 -134.21658737605898 -205.79523124833003 -270.79634900571125 -290.12781071627495 
77.96857259401199 75.85894001844238 79.17951040925226 89.08747339296784 90.52966022794912 60.13767983667076 40.74036118698458 46.345323307434725 69.34226606155156 79.64834333170188 86.43236174359633 
3.2919492610680385 8.129459065841587 7.049463006717628 -1.427892379584284 -1.099484930951282 2.4633892753820446 -29.68044065801221 -44.70369352075606 -40.0706509376387 1.0888221853199884 2.209975859508507 
18.947631026675722 12.517176260386856 11.366929324477894 17.322690832371084 20.644285141844133 5.2959009338840435 -2.291040849344707 0.6776334971633515 13.365610588892231 19.386994856011718 22.179080127499006 
15.333126913809167 14.513304205702509 14.393039857980392 9.125081836421515 9.47927064441122 13.98421260305562 12.50598647649737 12.04635425063358 13.829050946803529 8.927937122135202 7.652713275790811 
8.655637651236784 7.7895666850224465 8.96492899559783 9.8853493853306 11.497738842302688 1.4612333336502574 1.2482156743836135 1.9929700118913227 5.625302368221739 10.126991064558565 9.570286661242145 
6.855166770599775 5.617913119459507 6.944038934246084 5.912450148117788 3.8840725718668905 5.043609638528645 -3.727372289171906 -8.240363819526284 -3.8879058516186857 0.6777983686573887 7.961811708810554 
5.1430809002733096 7.41572842106857 11.856680529056533 10.248746521983513 7.268585411369051 10.368479529806221 10.932098048597108 10.089275519606996 10.384221649092547 3.9340969980671194 7.470309462167225 
7.124912069000307 3.041285922336816 7.457787944339101 10.414139728614167 6.092401716340656 -4.44655474058014 -3.4816609722496397 1.2010146539375026 6.512702083453706 4.308198879699724 2.2284022696820807 
6.476889889232124 4.99136966933604 6.9520179585550315 7.2527107345326725 1.3521620136697785 -2.3133597823210312 -17.041612126527376 -24.608829224655366 -18.400720847210142 5.3961472715906424 0.1574385730012322 
1.0924802826954112 7.971728217930616 10.32875527665361 12.460605779029711 7.566305758083411 27.583124075569657 36.90203922146688 33.61629350301551 20.831392340346085 12.229147682660823 3.0359718826514728 
2.454799354792212 4.039389210124925 6.134318637178227 9.686836932602525 3.8431611338143297 7.595012981225464 22.856347689039172 23.38323575288843 15.275654159030026 2.892937915231609 5.163186267440755 
-14.368800121401787 -10.511462406918664 -6.1221553057554985 -6.833044316098599 -7.921353735261603 -0.8606186511586076 9.998368975956247 12.89932129460106 5.240651974587645 -3.843358304140028 -8.106416316415553 
-8.316497443396818 -10.616993957082947 -5.548939581468742 0.06705404919714048 -2.753182479033347 -9.415348802747776 -0.2529358727191795 8.963875695047612 8.07926784809947 -3.3861252323693107 -3.095601949320193 
-1.9696033237438648 -1.110484380685632 0.1207249829685817 1.0764342393221367 0.6027861612258799 1.2671403316452088 -1.9686539413770006 2.313663487886428 5.3611735837322065 4.06109481734926 0.8962161346741173 
2.3180111181801393 0.1676935123153973 -0.28766753318804844 4.171186848720657 3.813206233847001 -8.691567328820355 -26.931960236524652 -28.27427961143726 -17.284468750205754 0.19674411184773732 1.2189541045087318 
5.401635017693193 3.846466389028195 2.222961049403364 3.636454494922556 2.0443106402812155 3.905481274221761 -1.4452138829848928 -4.693425354064125 -6.247390891902698 -4.487412033005081 -4.796616537434756 
3.6725757049754746 1.7285623399673045 0.41405430439601343 -0.11021138133605474 -1.6490139733351716 11.471342312641733 19.48852663989388 19.332210452464754 12.648701482756362 1.9813933949590357 0.34895826075585096 
-3.209660640500764 -0.2503269458599387 2.461302431355149 -0.7477464884957836 -0.23842261632115214 -10.434613463950797 -14.930991162309402 -9.308070573657247 0.8787900481685693 1.1240845847330072 5.825112371018994 
-0.48615222860320706 -2.0487278666555087 1.8870555863847525 3.204071547017623 3.8641447936499485 4.714513238617833 -7.71460941781757 -9.509870215208583 -7.985516353104543 -4.272814865264644 3.1641073224570997 
