-767.536143100534 -471.28991836803226 -152.04882309765688 -49.02820255734093 -65.42159164348182 -202.23586584465718 -193.0491292023582 -206.91916845122975 -327.6011258129497 -576.8690824820316 -745.255349965132 
0.0 30.11281274233371 -18.50829506499283 -19.454241737730555 -10.997093975274492 8.819726012878311 11.263300139219918 13.872921412075748 28.73305926788545 75.90715749037898 27.575220346504437 
0.0 -75.24620841285775 -81.47067497179862 -84.40216970697904 -83.51508582336626 -60.053914718901495 -21.952759905169806 -21.3910368125132 -19.1302924329714 -0.6863810673869617 17.322028595198606 
0.0 22.864564174758065 20.49794053382962 11.76897225491102 8.534390673470263 -3.9825214030974188 -40.787407133022214 -40.6212848966607 -42.872292975191456 -41.25564156635366 4.629307653443625 
0.0 -22.924666472810355 -19.717452276281477 -22.1035449819499 -22.86798342244948 -25.78158014771322 -26.448791091773067 -28.263621528021616 -34.899759819956984 -44.15330469257332 -6.170833045020073 
0.0 -30.845729903583113 -30.896786753218954 -39.271447728387585 -42.94706341696545 -30.21974959156787 -6.359713173169496 -5.714694554377848 -5.066264228598882 3.364630837279117 -12.222022812733764 
0.0 2.3455048004148873 2.7974765376167077 -4.005313784443826 -7.7613031693650605 -13.232554755500157 -22.208712136594883 -23.5523840114005 -22.074566745171033 -34.21703914451618 -13.114548811812604 
0.0 -6.452397103397457 -11.889592390229824 -21.439590118048212 -27.556754257969864 -11.18192237497555 7.859808528594197 3.762624479459016 2.509676651570484 1.9746144660630336 -10.516803144810686 
0.0 14.4833662768111 6.268473435592928 1.5094346915967247 -1.806367057939267 -9.235117931750697 -5.1465984159611375 -5.6233097646754615 -4.108833939370666 -16.900782598112702 -6.878061696646862 
0.0 -8.018159301209707 -8.510623669794231 -6.80520357948944 -6.543383365159163 0.7925701800276367 8.15376554254782 10.42721803252186 6.843879964938381 -16.536996292884123 -4.068521874264662 
0.0 -16.52432552886801 -14.900969956611162 -11.929834064677578 -11.416060965070217 -9.975866424958877 7.389075357032395 8.8098518489103 5.449972703135155 -5.378126675752863 -2.7001027525777777 
0.0 2.8041825576356194 -3.2373672873603345 3.191251795422274 5.458057760613874 1.7072615380915193 0.11043681810492334 0.001966782741009032 -4.2860694381313715 -15.63176583359153 -2.3260236036068127 
0.0 -19.473881611261746 -18.858390306800814 -7.691567066276929 -1.8074829727389954 4.930176027368239 6.826448532703763 8.314213879118864 8.044385367630095 -4.226827777228776 -2.1554839914688273 
0.0 -1.6849416977164118 -10.956939705591633 -5.797482181823407 -4.383052369612201 -8.452982247444579 -3.7210776468293223 -3.2497712793935682 -4.865844483028444 -9.507669572523682 -1.701382095863242 
0.0 -3.917758359250805 0.9080452214550467 5.17202465253552 4.7490426377303425 8.4463206755823 -4.1398461956119315 -5.548920456893078 -3.775631511468894 -2.679611367841348 -0.9806877148846931 
0.0 5.084644512013551 13.029640073803858 9.163728103655309 3.9061191550892547 -0.5406230776612109 -3.4640524437878906 -3.0798638390795885 -0.889284081355131 8.100114007608997 -0.29006508870236364 
0.0 11.288059470064608 17.793988288717415 9.10283445065225 0.8809687955159305 -3.3549722924274032 0.08316490911599866 0.6480810286548789 3.116840330399464 -3.848537996013687 0.13507394211357596 
0.0 16.971806635141935 25.19016855655985 21.6140585916025 17.470098651437358 8.68567936526151 -0.3033108927576681 1.4222377181451857 1.461757152184691 -4.0922127280719 0.2791451130910423 
0.0 -2.6933476131541 2.7448124779663567 7.1125394124736925 8.475374620187226 0.6334772020613167 -1.6809044088975855 2.0300441547346493 2.627276068566371 -3.9492438866986452 0.2571595568165913 
0.0 -0.8610258727209043 -0.9081330251973208 3.6553245046978535 8.597512229008437 3.2951084862260753 1.9803502355593583 3.5432716932028563 1.1645189571594035 -8.72171219147022 0.14229288787268984 
