-693.1016263431796 -693.1016263431796 -693.1016263431796 -693.1016263431796 -227.69454269233137 -89.67810035852399 -41.3993195714793 -80.51471087882867 -94.81994724662148 -110.67237226658402 -289.48721046117606 
0.0 0.0 0.0 0.0 -15.267285818660506 -23.278331051522606 -9.019055680252757 13.033974873880794 18.885872474477274 21.13937414056477 27.978746773793304 
0.0 0.0 0.0 0.0 -81.10585501995689 -85.08386605716558 -93.51282617414469 -91.01879479961386 -44.57072462846849 -39.58022027401856 -28.297009040270325 
0.0 0.0 0.0 0.0 8.956663951291898 16.67471979846107 16.338239382290382 14.751422590462028 12.50016829395731 10.88376361593855 -13.389074772474917 
0.0 0.0 0.0 0.0 -25.868595730553338 -32.008202948735345 -40.145215415844206 -40.02222677883866 -15.079364401716973 -17.42295349645303 -23.386776377805297 
0.0 0.0 0.0 0.0 -27.609732305410482 -28.173563419233197 -33.321276731150554 -35.86872216942224 -25.302750745761536 -26.794912084333816 -26.225954534079037 
0.0 0.0 0.0 0.0 -4.822510976054805 -6.734691995672632 -15.781141335363081 -22.791722846573247 -28.043493759304173 -26.843668312461162 -23.760878721934098 
0.0 0.0 0.0 0.0 -1.6408232918207184 -2.9255374667763387 -13.22566390318302 -19.71254381736018 -19.86173007937306 -18.77746534391863 -12.823803002201341 
0.0 0.0 0.0 0.0 4.2414289825636065 7.179330089441059 4.971670578932054 1.265368172947923 -17.97461580387519 -17.325002206847856 -17.673521642156565 
0.0 0.0 0.0 0.0 -8.82538953890527 -10.4490911951839 -12.90093446656229 -16.21395046524254 -8.17802716200115 -6.304107734691372 -1.7581458338882976 
0.0 0.0 0.0 0.0 6.633641518914979 9.23820672027023 10.518347230453802 5.116617684359683 2.3885075153251427 3.5565197767773977 3.9557298695968237 
0.0 0.0 0.0 0.0 2.590792124649936 0.8612428232026759 3.4640847898180525 4.929763410107288 2.194354816857564 -0.02898006912320905 -3.8406523782233615 
0.0 0.0 0.0 0.0 -6.577014295991984 -16.233953380047854 -15.293602391113108 -12.436049964348996 -5.513214503974447 -6.8572501784945254 -5.997100424816358 
0.0 0.0 0.0 0.0 6.851269492016591 -0.9305331544362838 -4.506894265348855 -1.5653878093681972 10.514327154909513 7.634687619604176 -5.358856539864613 
0.0 0.0 0.0 0.0 16.869894784686874 11.588972537827047 4.769091872572492 2.902789456541436 2.5577874084280294 3.026851354247695 4.493587479091396 
0.0 0.0 0.0 0.0 9.287727188879732 6.625285861855852 -2.8348739102154354 -4.6621376169947695 0.3490024817681824 0.12468591920322436 0.34741610447058635 
0.0 0.0 0.0 0.0 33.23965680936452 34.947874881434736 26.284221928734727 15.504228133368693 -6.936133976094068 -5.6236237862103735 5.60515511632853 
0.0 0.0 0.0 0.0 1.7169881937176763 13.666523061158014 16.80748090160101 9.849599744618232 2.8648658601894206 3.2609033041561837 3.6085817328830507 
0.0 0.0 0.0 0.0 -4.238080808149979 4.213150492521869 15.414202307840169 13.660838154883866 8.402062114983636 9.605298479744375 5.402975487600807 
0.0 0.0 0.0 0.0 -15.307627193429617 -11.961663096693304 0.23282316903263178 6.657267809193321 8.127203559832182 7.251350627918629 3.0366502546888583 
