-436.95428104020436 -312.9420562747697 -185.9117058038439 -57.212759078275944 -28.259991149215228 -95.28652002881938 -284.2710125817829 -497.77764748253634 -591.1532772406437 -508.12475627294697 -497.887987962075 
50.91951510023013 56.011764778531656 53.489769035019705 35.63068526037277 32.15609399799669 44.04770717136134 82.13020281676916 76.51436942642732 55.732868341953676 137.77002409590693 147.79384400115387 
-31.834751004088613 -37.79656208066737 -60.845092380447014 -78.32126096408518 -79.84729118295826 -69.17578151470724 -62.326312084421104 -34.182513121480376 20.755899126435146 34.66574746054608 36.887873340458405 
26.106780430538336 33.50045729990282 10.599713351249441 7.798598383239779 1.2885680520228653 -9.855906534691474 -17.72255409473581 -18.72035026603002 -10.545153141729504 -31.660251032982295 -32.077887686416375 
-21.37857435565938 -29.375181612278787 -30.49749453854158 -28.53479759139922 -19.14140879448469 -20.773602598103334 -31.512854685385328 -34.189202746114745 -24.391461114428147 -32.943620997517314 -30.932856495531283 
8.182899283565323 16.22054771991122 -27.692379539367224 -36.98896956482841 -25.72630712076174 -18.885781194689244 -17.48728536315183 -16.04324278447835 -21.541718991562206 -11.203774516280589 -8.008244311617263 
-17.513138353024665 -26.187568903844408 -21.654741981286907 -19.004482876682182 -17.557697776259126 -17.430207325158552 -15.30145259848683 -9.450504096673171 -12.286897844122507 -7.0608556987374955 -5.995555992053916 
-1.5384249147806264 4.680328342383565 -7.216852598829881 -17.178437177007176 -23.077548972411645 -37.3509596135448 -41.87751781946544 -30.09307944230084 -8.087472916267112 -17.021119347500225 -17.72614970485571 
-5.760286277004018 -12.168740840872807 3.856829806268631 10.784571815042172 9.696131596516414 7.463859602929235 2.3648534663713585 -3.437599303923704 -11.314357435943336 -21.17292412125051 -21.22995978913579 
3.2310096608981826 8.991861946806038 -15.569408319772709 -15.835718293301168 -14.557052106685756 -2.5588553820488746 3.7098303358333293 3.0501112762080833 -14.317128994454928 -16.979755485042766 -16.081433106670595 
6.860370084265634 2.710551766175925 4.486227813753763 -3.1586994332758085 -9.791057706849385 -10.314083582350698 -16.583043931054448 -7.431407069556307 -11.000844322848522 -11.711235508366535 -11.001892491756012 
-4.665843258200091 -0.9062922777703191 19.15015257225958 16.294953678107632 7.623342746111152 1.9499997806820564 -1.3175889263728577 -11.433359855315668 -3.8491122343543527 -5.366933538939469 -4.698401821626584 
-2.045793624838222 -6.249287038935819 -0.320280906510062 1.252805656722214 -1.1719458045664384 -3.798766002945204 -4.662901382008201 -9.136691672796879 1.1081324192507345 2.176201719312316 3.4712888828492483 
-1.2255318141711793 1.9623105750816228 23.23785719972299 34.26599379690259 31.688296708853464 23.955719405015195 19.219975089966105 16.088289899807382 0.6272975959920168 2.388674492391685 3.4554922678514486 
0.9098532924929377 -2.3734045826672574 10.179737220113076 23.81661421715846 24.242008399082053 16.32357851506081 7.854708378201259 9.089626136152296 -3.255350299494043 -8.141187109692773 -8.418861017696905 
-1.1455049023099992 2.0946529697303693 0.9920099024264919 11.161545061224626 18.038231616068273 17.607317237575245 9.915926076705771 -5.863017073945599 -4.5732418639956105 -16.162072841180358 -16.92006249557251 
1.7317092091539503 -1.2606440608687801 -19.302565554821186 -13.941923840792505 2.466355970907563 10.271286386972253 5.404956502786025 13.760705282735836 -0.6021045002791121 -8.62870367004997 -8.212100672858924 
-3.2918602529426426 -0.8738619716103407 -7.796072327227403 -14.94760102561013 -4.046965528546105 11.473996765430101 14.865500530379055 11.7870405225144 3.963587394765971 6.695073689951777 8.171455419016757 
5.838217539639876 4.490696481446793 1.6661861566239584 -13.323973007904776 -21.986619857226593 -22.76085854540245 -17.97279627000607 -7.917121105554589 4.43039766614673 11.66065719599915 12.863102237417223 
-0.0748756570148853 2.5235041931532507 20.418544549899064 16.807465972972825 5.247805280537349 -6.5501850563124435 -2.0482959768491487 -5.643184568110735 2.3535503981646766 3.562945746456945 4.248045784738107 
