-524.1227535455238 -517.1884879616543 -512.2088941543108 -435.6529646906674 -355.25725254588957 -292.686562435838 -108.80014235805508 -73.19343230591419 -158.33435673481972 -323.02244305209484 -419.03664408504557 
52.485296494505675 51.91398207272776 45.71626799261891 29.669382727789504 17.31921517966426 -17.435374939391522 -49.55574483134013 -53.77538557565421 -46.714969125231335 -1.8163181158506894 33.50791964011673 
26.35497977692649 22.210059858921863 23.210811212322565 5.8242106490126195 -3.1732443976812683 -19.146260952709792 -39.451005608638326 -45.72640707771109 -43.7548118844519 -1.5189508133828526 9.678192263920344 
19.22255153312178 20.88224774086709 22.333264087077836 22.024208484235704 17.113839603182832 24.35238655374996 25.320994289536664 22.468749648945845 20.972227780508298 8.685884688853587 17.198711388197502 
13.882526570624446 15.386308961468632 12.753666672827173 1.0841422608944433 -5.026069347377708 -15.317290552319061 -23.086042876576393 -20.14260166785774 -11.650472177315093 14.002045688945636 6.922107589350608 
7.8602844631404665 8.264632429512329 8.285110524994561 16.41878481761115 15.342811085611622 -5.234310828705789 -20.19578950356958 -20.066406466777792 -17.161861380351723 6.514104238293446 7.951320595261903 
7.208794149747346 2.2101240612996316 6.177697610181475 3.5318933908098034 -1.7354274614575262 3.3949151784223077 -2.8705528334282944 -7.265276735435526 -13.105009743264711 -10.741475512005184 -3.850692563317434 
6.135516308154261 3.589432583614129 6.608454445619648 10.713784903731563 11.390285258437046 19.216334558738183 19.642130977758086 15.301617671760399 5.781547819637778 -5.913249221691739 0.4371133573617826 
2.0739849699685147 0.30984946687985815 3.7149635717116483 6.291909277268493 0.6223907788436518 11.220124911558095 25.949656048471336 25.256162949063427 19.082492941395113 0.10976825032657073 8.766557958154657 
0.010845654105910096 -0.15425778874429819 1.3993185991240904 4.394883257793433 3.024584263361323 7.404938418424328 21.281399320199363 26.408961464585946 24.0744013070761 1.6249415473023103 0.826093505230956 
3.7484364264052394 0.1068854546849532 -1.976371694052006 -0.08453923694113108 -3.783268898359298 -4.102267724909178 1.2988149691529802 9.622731366104382 15.743598305257393 -0.8127212919071592 -0.7095049924597352 
8.591492479932818 3.4717983330813897 -0.554476123906361 -0.14389636542621265 0.45662938546566667 -18.444327175229276 -22.998626857431436 -16.429358148843246 -4.990159951252747 0.08268758212885136 -3.1854932507275286 
0.9275247522502383 -3.3716245341916187 -5.94832238371966 0.3460738457814216 0.6469641763248848 -13.332495783188946 -26.693806691891098 -35.54843819836402 -40.70069441186048 3.2920826402214374 3.9118515844738893 
-3.3256674831514483 -8.929152189612973 -8.719199013804975 -4.421704287543503 -2.7221354591719216 11.69689964935748 15.735866526158215 6.374568497381513 -8.816480483370515 -5.155044529462279 -3.521433207507257 
-5.69538281226105 -10.86021748847957 -12.036323846783818 -4.813352255949466 -3.993500459426223 -9.392987558823808 1.954955445425373 5.531088336878142 4.156549045270636 -6.901246660683143 -3.3179526956175964 
-3.2719445626558397 -4.356012230702508 -6.332929826535608 -4.3568900868386855 -2.774891997119621 -5.566118227505557 -7.453784456616487 -4.656524864940799 -1.6421994843112064 -5.491139267530706 5.4046205384039645 
-10.674750005537092 -6.2272103357722814 -5.368185825278259 -7.527284864507906 -6.157078520171133 -1.6815149687211202 -14.47751079645098 -20.75910099443049 -27.16935802220993 -20.574008780241165 -8.53133330957576 
-15.011406544415836 -9.659598165972062 -9.83073198421437 -7.755802986073213 -5.625188068091277 13.050777608472586 22.386855825363362 19.729755828721242 14.033009110818046 -7.118782866635371 -5.748753302940791 
-15.093295345059108 -10.585022978066178 -8.158475695417147 -8.571273507412354 -6.3829587686919 -16.974003405767355 1.9307019386501658 9.16043171823562 14.757775631310542 -0.05034381347449468 -1.97271530051766 
-12.315328721869825 -6.060616015116338 -6.9542800712091974 -4.741671548740755 -1.5949512844059817 -17.275469596101875 -19.6939315736862 -13.813459600692829 -7.705022450002415 -0.0364525675878673 -6.230565652506046 
