-501.3560191035652 -180.30177627078507 -57.62232175066584 -33.443021418137334 -113.34085621111298 -271.41349606749856 -363.72097443895655 -520.2359048255847 -592.9408432927576 -616.6534416889324 -615.7446303721099 
-69.01291223778074 49.24205386834076 37.52534596998508 48.604121211284685 68.41857552145241 64.12965336429095 55.8603311368401 97.99152854849132 38.38629143018763 18.037748005868433 19.582413761149915 
21.757445969013638 -14.33308937612067 -17.613732805766077 -19.573884136858346 -14.833365692213405 -0.43713644722270395 3.0404436985584935 4.4113106009898155 4.78018547985077 6.389276160072653 8.179680852647426 
-28.330648336129457 -84.79019882519648 -76.7357993716715 -76.01250027625115 -73.49678911049372 -54.399359882457176 -46.05298201504053 -37.166330706920476 -10.744943050807091 -5.3817675124269435 -4.237530742322172 
12.100974744577762 3.4807073367750565 -1.0657657254166368 -9.23165462646176 -14.458313059914387 -3.146470676419958 2.2587126167212306 -9.573831153306685 -4.143467443109309 -11.43872420017411 -11.803429758881164 
-2.395280491629217 -6.370555900393192 2.7213202947251167 5.280312810342241 6.380945623777888 10.971521580296553 3.600600873117373 7.227007860487824 1.8140954346028468 -10.223583270533917 -11.790504014841309 
-4.8729709835288055 -10.25658364814229 -4.407540763880716 0.6979683938644321 2.3028549135976046 -7.982416194422125 -3.1513630513926367 -5.634411235204038 -4.784392584844318 -4.605629020594577 -5.827111465975253 
-24.710585145667682 -22.78892831280575 -27.11932003117125 -35.29300356420866 -43.76431669283414 -32.63177097206618 -24.513252548686857 -20.907136851394014 -11.77724837314009 0.6639231969296243 1.4690894895445612 
17.77106604433131 -20.994823477145975 -18.57101621518139 -20.36931006480319 -20.78932720799574 -24.126445913538877 -23.569552712715492 -11.510957930226223 -8.524706608271138 2.060667532816489 5.434174672189063 
-19.300971689399574 1.7153665142411276 -0.5653000123374523 -2.812828588506969 -8.030120343666347 0.6652997987027305 5.138693763407753 -1.0915990643956466 -3.6600204297028283 -0.8491808459737729 4.00844173212937 
9.29375439922569 -5.935540877997598 -2.1279677618527075 0.5066633833920533 -0.6940044326711348 -10.045982399217301 -16.17413097757195 -11.239020098218232 -7.36409207779163 -5.545247338784794 -1.4215978227873867 
4.924270443535791 -31.174241454425633 -26.574384410960963 -21.995524395250513 -18.82817693907849 -16.81931061010981 -19.439458012451546 -19.013912257053704 -11.69879674758564 -8.445657139042924 -7.268217366528084 
4.257753416032871 6.038625893495314 1.4209327637836395 0.2740807912518318 0.8391574638609753 3.606566391473644 6.59121377435482 -3.111150662100752 -3.6981739980391506 -7.371459253208908 -10.08596887925173 
-8.927110422219444 -7.243705073113855 -5.418223391843648 -2.084770143623981 3.810234539894892 3.8856386822664346 1.9235155236599952 11.329514165619777 11.094435712065682 -2.8918908144722533 -8.507503167741387 
6.108716531728401 -1.4933578501517368 -4.33480648457007 -4.114734740959333 -1.6958685164726972 -0.9994568584983768 -3.1043577078362947 11.441122163945254 15.13901345749862 2.406199419595424 -3.7156245498079197 
-2.0824111706947446 6.608974707932263 5.883334865122456 2.6531287339771366 3.915337863845232 0.8821359283472276 -0.8193946739591269 -0.644521196357115 5.939588865429139 5.9544495531772945 1.5932575600928733 
-4.025923080695247 15.856933393184796 14.500504119956581 6.323091903235687 3.070061788038239 8.242967252005453 13.49027537147084 1.483977713120125 -0.22585478755983807 6.7347047939779205 4.917152653516591 
7.125310248146752 37.39641659974173 36.607926967748476 23.54086539295427 11.123207957004404 4.9926311421213185 5.515767872098454 8.662133672894207 5.959235889470051 5.2940017151232635 5.243729745629018 
2.343257599152545 21.283989680396253 31.05911805134462 32.700679329402085 28.243596849007638 22.139281582633075 16.943663588996834 14.351304891343947 12.798446677657992 2.8401667751526087 3.277465797168591 
-6.71840939422971 4.553881752962756 8.275354144001195 17.244165385352133 22.66427949603544 10.899819929655248 4.840661605078669 4.623244283473094 6.898839989133311 0.5266960765611686 0.6783342878377415 
