-360.34276922796937 -333.80130844433126 -179.13387160970848 -81.17438104493105 -77.56522144342601 -201.71914687891052 -340.26312241955446 -375.73828102619717 -399.7617537013549 -397.57024378864236 -409.2362366463776 
141.76370005862543 144.427193320085 53.77522875535708 31.584161062958966 56.32387585463506 90.89741596580693 70.7747862317099 90.4329136514188 82.60981653166097 79.01156317559608 84.7216689669483 
37.55682206141025 38.965922636730056 -34.37361344749924 -70.19484009519236 -69.76027063658321 -66.40847322892782 -18.984102867394185 4.7169062088765035 8.850378426522443 -7.56307581381949 -1.9819955850928968 
32.081034229889426 31.472844746420385 44.86819363514987 23.011792163887122 23.539276725150827 20.845155130250987 21.62258661653927 28.62532774353117 22.527572081530714 22.784595537442584 28.5796919222903 
2.5913738319917368 5.779469283983428 -18.190982265953213 -28.02476337379356 -25.88092591742522 -19.56086816666668 10.694447451748331 1.3889400849157274 7.031997288497877 18.737922344812958 12.647063652719527 
-3.434551809498572 -9.519135490802585 -9.988941342994416 -21.662908646446077 -24.903405271382297 -23.95678488615904 -0.11929653852067101 4.211355428681675 4.064341222706249 4.177413203989973 9.281811490159907 
-6.6224752773762114 -2.330461697581351 19.65334589422696 15.326988576693282 11.868243629657593 6.383524350099263 4.10265413929795 6.0514680676428565 0.3440549215528106 -5.6019032969669755 -0.8567217172872564 
-16.6590115169286 -13.381450887050393 -9.94476314059296 -11.747779955052541 -15.522263345054146 -18.207109020848957 -23.76078977560482 -26.71631750968512 -20.151155073479853 -17.789998398388242 -16.7791540300753 
-15.149547785709027 -14.90155063024779 0.44402961613839564 2.585795782795117 3.0351053690659233 3.878503072761914 -7.768988174646077 -11.765062413623767 -11.708294163807004 -11.091937652073815 -8.011281042309719 
-23.577810757644983 -21.817968608149535 -27.70334983296597 -25.400664767716584 -23.767671125737053 -20.045150976098455 -21.250246100976966 -22.573211726776236 -23.00219434297644 -21.68519157221834 -22.27297364589323 
-7.283242833475288 -11.56223014507827 -4.276193760666988 -3.87059334214554 -2.1431587638146734 2.5395292869394215 -0.10458026269648735 -0.6194417127272841 -3.5341410287544797 -5.196686662134943 -1.847472539938732 
-21.837366850767776 -15.437187360915235 -16.2176724287092 -16.692605313688055 -14.09940915921333 -12.254089287649967 -11.207728535971196 -14.10299893212094 -5.14034510973287 -5.243567725448029 -11.396410898449268 
0.9507129936939578 -5.935369774698809 -15.117087568526792 -16.580147055464494 -12.72356125492242 -5.2291099142614 -8.88042493320464 -13.021432805377836 -14.097356507658201 -13.578603258823922 -14.239940738266816 
-3.5833864176883945 -8.461051805435517 -19.53336330090095 -20.020313035303566 -15.294681253123743 -9.4388330507209 -6.545182487496654 -0.29439177459445776 -7.625198002541916 -7.427532271404703 -0.028875656634008262 
-19.493146893552918 -16.28235541261582 -17.566306929040785 -21.28992785357919 -18.623118051022132 -12.086189171190561 -2.2054729135705404 -3.063681251301543 -5.067851909389301 -1.4236654645922031 -3.1820958977840723 
-1.269792177433603 1.530183435142109 -2.4817755735489975 -9.099664814233957 -9.934496082665547 -7.066443449405901 4.848881953057485 0.4836261342534425 2.371944402307232 5.786152170100221 6.869638377818887 
-2.8689785967489225 -3.8830768670851756 12.809415508971442 9.094937653412543 8.95475590060021 10.04934907186806 -2.2735657064419557 6.009408228924883 0.5851869598888301 -1.6351841085124619 4.05603713917619 
2.4835425776741316 1.8530023435744005 9.807173360209166 5.590916653305291 0.9842238410705186 -3.6700413543930805 -7.6060739238563375 -7.155886169076381 -10.362040283247318 -8.479341970158654 -9.992929282269541 
-1.4068370961585641 1.10171615123117 10.634242728168374 11.739724873825315 9.927415505721655 2.736563065410908 8.400065833684213 6.274335996067043 5.370120673335659 12.39718111462018 13.462333027302858 
7.257973406545231 4.026496661510683 -7.783383078036661 -5.053748482602425 -3.562204035445486 0.5140240066562302 9.30620196379841 9.983692679432284 12.801038165841945 15.37429552910609 12.611026715975685 
