-214.28475045219443 -207.3529329770384 -206.70521272928738 -207.38721009264583 -59.385977889429086 44.934802913241185 47.11257301560154 -58.26798527196242 -159.60070668399686 -193.36773722685416 0.0 
-4.340040057380474 1.6005523885588853 -0.666520700769913 -0.8018761059875229 -39.39348101124601 -42.102902370728614 -36.26003895379266 -29.618592251158155 -20.73660080702122 -9.110673267936308 0.0 
-20.706515625057683 -18.124941856095468 -13.46718688421363 -17.43777063421665 -39.42034803958884 -46.69728354032725 -49.969636287757474 -53.4367252481858 -43.70801026174498 -31.037266065432004 0.0 
26.772638480246897 30.585152093496216 38.63816719279481 39.93342791158554 44.83558153259504 39.15474690736146 37.785405592612406 44.87027874179209 53.43251962239904 43.30407281835011 0.0 
-33.22010773733517 -28.337216122535935 -25.82760389108823 -26.428941301334078 -14.107539552168078 -8.806803877192735 -6.143045832903191 -9.27572110853823 -24.646346084435372 -24.0014777065724 0.0 
9.394403612386812 14.569656083694959 13.701942599253712 8.018842329637826 -36.91607021914622 -36.18933372277685 -30.64291008929624 -15.627154098275188 -3.8796145232012096 -0.5242225511630305 0.0 
3.4539467114000204 1.2096497638201327 2.310479331038391 1.2203236971719105 5.049420785935824 7.107183016883091 4.675359383710916 -0.7387354668358073 -3.95018644091162 -0.8981325121173965 0.0 
4.133968028826028 1.679862570573589 -0.5465720475326648 0.9343175230058159 -3.566067359212081 0.9621293741992275 4.131896139942516 5.075035799177162 6.091588678757509 1.9644320298949585 0.0 
6.746284930045283 4.738424601254665 -1.6464152649254273 -4.622925650182029 -1.677234024791841 -0.8373249022918396 1.6241160931161083 4.805205218675356 0.09303310559119655 -1.806174066700293 0.0 
3.00630516315566 1.5508233328499679 0.10969256392013627 -6.5153328572666265 -15.232029535896185 -16.11166201927183 -21.81423395519075 -26.20358736673688 -9.766070652980133 -6.671381858656656 0.0 
-0.8248268824084856 -5.839044690213518 -10.512760397091403 -9.905575926818127 26.06001677204815 32.800174013953495 30.80172201844615 21.348571550471668 -0.7699524816466379 -5.609682096147639 0.0 
-3.144866408518018 -4.52245702985959 -8.677418659065193 -11.111491835819027 5.818459327814763 11.804051250243212 11.82093304442848 5.242464477293817 -10.960859946638523 -13.448019975051128 0.0 
-0.8098695719218264 -0.40960002311084653 -2.9632899237493078 -8.802697164107421 -7.305445389553697 -8.290354342608177 -8.311564797424545 -5.726403107022051 -6.971916202015281 -7.601909701077593 0.0 
1.3363680712970027 0.8918225198131193 2.6028778214335597 1.5957968654283292 -9.47684469449229 -7.0138673267847595 -2.107485083947311 3.959464214138063 3.4850088756038375 4.847978203450331 0.0 
-1.042340870647671 -0.9413747402767996 -3.86846373848904 0.6552296026556548 -10.652307687091835 -16.92164948011599 -16.527576490141985 -7.314416358680929 0.7291898596307644 -0.6879259840855261 0.0 
6.95249693527727 6.147112688695019 -0.14166980453017364 1.9707937959124406 4.180744612601959 -2.838169759077313 -6.7899614710866505 -2.024944629414837 -1.3620782044795194 -1.1922075616860557 0.0 
1.5827890200814538 5.084867949838881 4.744548885237881 5.5022939319055695 -5.156744933318502 -2.806852104153144 -2.752239692602342 -2.411951962254257 -2.7965812792951255 -0.7548986489808208 0.0 
-0.047523847528805785 -4.382317384921537 -4.146464519474236 -2.4812994588288984 -2.5277694506208443 -2.0608308652009195 -0.17028313220815083 2.4719045099221293 -5.421575981117129 -1.7298251088715673 0.0 
1.698249514788269 -3.396075959096847 -3.875088861924805 -1.9749614866562357 2.9207539820709743 -6.636281050288564 -7.162740085991263 -4.443194811430336 -3.6282918845295944 -1.994540720016004 0.0 
-3.173742536677273 -5.668801119661852 -2.7176569109042292 -0.23532228964415847 7.858452182987355 4.158000580929745 -0.23688383344004915 -6.992411201619334 -1.9159718560895915 2.047052365335285 0.0 
