-632.1997666730445 -642.8779179303757 -685.9467313021096 -693.4767383092119 -543.5736569843598 -240.85978947832066 -156.93912040426116 -189.4353520101449 -361.11359028474976 -515.6898154020427 -566.756266334064 
13.233631087905273 16.839781656038078 20.146109761606603 14.950900919669742 14.544619612827123 -5.155392809697908 -16.598137972819472 -20.238493713862034 3.6540103009191576 -27.007287250148657 -17.30368279438792 
-9.107843190051497 -8.638104986336225 -5.801264012603966 3.1685548848512655 -51.57530605245436 -65.9622324421789 -69.7293808864352 -74.91258931235305 -79.06614755699536 -33.98820054012979 -31.995642942456367 
10.80570796848879 11.702206712758297 14.57648920877261 21.518338206142076 0.34982853645976286 -4.697236367975321 -6.99502975451802 -10.231365960315088 -6.937821353368001 -17.36763781911972 -14.351736303216663 
-11.509808986226721 -14.491813327921793 -17.788883583040057 -26.420789595474425 9.102387317699666 6.120876393056481 2.519186965869081 -1.6583472671141906 -0.6557621192544625 -1.6875993855265299 -8.874401108600361 
0.012510818698056148 -2.7868861148488153 -2.808502404148511 -6.698366088703668 -8.605032748075958 -14.289393222727847 -17.82302599302468 -22.631632120368913 -21.939674870166645 18.03184847531225 11.40062612994404 
-18.37611760465099 -18.14832219923114 -10.915306525997124 -11.025041479158768 -21.840478747539905 -25.821292640220108 -29.6137042412022 -33.78393962971748 -33.04203140518359 -23.202629626333163 -25.31055162110722 
-23.639675738551034 -24.289858067839383 -25.722722800115893 -22.809423370540127 -21.277051220960153 -22.913593146843223 -27.172967733792433 -30.535440867081974 -33.5900264295981 -18.535907024714202 -19.53990249959392 
-28.897060905935543 -31.79725433899315 -27.11369465352963 -12.984696348590862 19.787462575613453 16.21737438086612 8.949702250121783 7.748534264786978 18.175218027387857 18.82961899337451 23.579870620500536 
-8.031907626168762 -6.692406525079167 -8.130378051836649 -5.620618227924496 -19.70392552740185 -25.22989352879525 -27.092482815135686 -26.19014879163504 -20.894434117771674 -18.747493175030826 -13.158613093252361 
-2.213173374778519 -2.2986170151499987 -7.964645683639233 -14.000038634584605 -24.467134547754263 -32.287692938225284 -33.809951426171295 -34.76289365839229 -32.330526806518094 -9.666547953165846 -10.877670114269925 
-1.9083583970071056 -6.564445731228697 -10.12566970644922 -4.424229347864946 21.3910368888265 27.492479736158806 24.16612491981411 19.363058466505464 7.7315385481177366 1.3776678510239235 -0.44992515721101234 
13.545909759919121 12.242167497619306 4.598694797564923 -3.547385340134678 -13.514506342176222 -14.524672698688398 -12.44607546439867 -12.810214161191084 -10.693925639296818 -13.078131880817223 -15.283968261625711 
4.9021649842583646 3.9375697429858976 4.194575292865482 1.5286510601679737 -8.929824913040497 -8.56064466899948 -10.879111515781723 -13.475555517898531 -13.908623217148744 -2.6955092039851696 -3.476774167828017 
0.842967253810355 0.7847583818921139 3.363576515828801 1.5528848727105327 8.109784166946255 15.413857059747126 16.565735198147195 15.353221216310786 8.77860209080275 -9.390302150583143 -8.47974980903453 
-0.35221734571545715 0.08488596117317126 1.5319178211196283 -0.246450290218986 7.612853804015815 4.945429839669017 4.123170283253011 5.162084027463976 10.076944782551493 12.795189787075248 17.033368923076708 
11.635344120444273 9.566352551906476 8.682582504007893 16.055884558086813 5.386639916066591 4.388484015019117 5.942865119934021 7.745180149674303 4.495896230610163 1.0070159905255378 8.10665671566207 
5.851987848776439 5.78893923408314 5.765284163140713 4.61274802908575 0.6098906143139201 4.331887860881988 6.204677122048485 8.559769211604934 9.752024327715977 6.0171634992248695 13.425343430752722 
8.49438824504466 7.938786304604717 8.165031761052655 12.365237612288018 2.168293950881404 -1.5286897613548702 2.265325771386739 5.432941076712192 1.3367193360937764 7.065739678825934 9.101186176820361 
-0.6763322684382364 -2.9720817534838835 1.0096169276752422 10.71454562731925 3.1673343806459844 1.2915444662757758 4.511793580710506 7.975449268548832 10.914791543574292 18.759302889592135 15.94124472168532 
