-569.9757868557458 -579.3202626567385 -591.7586699460451 -325.87344393698726 -89.90731499490238 -22.980878939169344 -67.14929048597796 -194.79525087606956 -315.46766770341947 -410.7821319100355 -493.7546436207408 
62.99812046231418 52.81418066597689 39.96035905282153 33.06473080897845 18.20985695843486 33.89571600473246 54.57911624065451 46.142214157070285 6.152461893496575 35.52522264013082 54.87129888832365 
11.797245006973224 8.14506143644613 4.733309485615152 -94.2377768892081 -94.11048391659726 -95.69386035138658 -90.08104932450848 -81.00556984200381 -84.64241789476404 -75.88573525697541 -49.08432499469522 
-25.884491589001932 -24.69746030544951 -21.026290941950066 3.292407072528867 -1.5053878726234975 -18.007228764891703 -33.57366574849392 -25.726328967961138 -7.164698697027697 -9.690416968403579 -21.269766998886283 
-35.15475669588553 -33.4328195669524 -26.7250031894801 -7.083062786957441 -2.5534079532157423 -7.9313335389497475 -14.342644863095144 -23.371874678273734 -16.64009430284763 -22.647660382997007 -25.85974870492457 
-28.12547723265326 -28.529723667989153 -21.898719660874306 -11.231529233090633 -9.79285260132443 -9.717269873528313 -8.841307949686446 -16.76492594162908 -23.826061797080243 -27.016436310785977 -30.105904222703764 
-18.57093294734314 -21.115640038447776 -16.749652367766096 -33.52633182541306 -26.56458659104183 -27.36457863698626 -31.054786797224416 -38.156212104512356 -40.561156769564036 -26.351798485914763 -20.787009871026605 
-9.8404614573063 -12.728245277906746 -11.603422021807225 -10.38172709914442 -9.948826874857474 -14.49546674610679 -19.54791040719987 -20.630776144952513 -16.28760305198508 -4.4654868918915085 -1.5838005871399745 
-1.1298937665312374 -1.875679962692228 -4.108735735836619 14.306471733567012 15.409521945645231 12.452505182741522 8.007069253824689 7.182491015762676 16.392447373818772 15.572617556292602 10.371996037217373 
5.81148625646 7.639994304439285 3.83399106148275 -7.133759098919907 -7.834491969485148 -4.544609158283364 -1.2539252438004909 -3.1649913047191855 -3.985438368913126 -10.76893261106137 -16.777928008441368 
7.93708806314666 10.009466205540086 9.19453198202257 -11.82451814628597 -13.558938119930978 -13.250945652634737 -12.6030719772125 -4.368144203503797 -10.379972625170963 -11.421774686395251 -0.8782125220381896 
5.105169682057257 5.945916994723481 11.332705721483837 23.224685170029677 25.832080608651353 24.59732047083485 22.764325922803692 21.453439690589356 19.698259237802738 26.327017584628962 25.663564290561006 
0.6037136740365636 1.1030643480174085 9.897633157201824 -9.486715281700423 -9.866588759857837 -14.316897462571532 -17.75890353708316 -15.377357941433505 -20.106572220132335 -21.184288853493705 -4.303519772161309 
-1.521941830043545 -0.8086247740398674 4.299949275359503 3.4693097853829324 7.732503007035369 7.46368743870493 8.449169437307207 3.4144572455503566 5.23979185203989 4.553180197565037 -6.339717759887337 
0.5374496858981821 0.5305367449350302 -2.781848617650693 -21.311694312752604 -19.69799019343383 -19.163344651479886 -15.243059549920368 -12.87513649755354 -8.44031923404831 -19.28303766281141 -14.586027764333902 
3.9481891272392184 2.207082334154781 -6.005949295775088 0.29345496925374837 -0.21417737471508863 -2.5469326848855363 -5.588458752643598 -1.8124044586749741 0.5360703623134979 -3.7224907233142046 -3.9434312882455202 
3.9584193169020643 0.7221326662095244 -3.3984629706156815 -2.668302034517597 -5.396875314716612 -1.3113225429564614 0.8858160372121995 -2.1121880972947813 -9.599270706081592 -13.068919958191518 -6.667781597437479 
1.3770417710594423 -1.4717510256476896 1.5415153152213605 -18.610294374696153 -13.814560289338548 -7.26779702623296 -2.0486436464683764 -0.38947466937704706 -3.6910225500746483 -0.25620719843236106 -11.716451162851792 
1.421868972425291 0.7293762126587752 4.4842295079483145 6.486640899442328 10.55672656048062 9.222354094626033 5.583803366136397 1.5970360796501242 -1.6525293979023328 -0.4725993786270132 0.5049397710799226 
3.5415860901482388 4.740608159765777 4.0181276465220055 17.026943664767757 27.30702721280218 19.433978671645463 13.84909903280269 7.023856943318309 7.749706009522111 4.759792862047544 7.251771422690888 
