-46.838201628066784 -35.01951308148824 -89.5896443451488 -223.58857123636662 -281.68474275989155 -311.13378450558434 -314.44439779990114 -312.29435548344384 -315.24456931272124 -322.51584363899553 -325.9820844529596 
-24.918951702828025 -23.84932576247985 -8.061723056389802 30.631999099391862 39.566784845440544 53.025916528138 56.57304518735438 66.27626408719547 67.1887814292921 58.74638815223642 52.33802355252542 
-39.422661691786175 -32.16811198913253 -19.75529409994732 -3.0557773970265183 3.574135337881498 22.835064240103 28.833365648130194 33.44733994561675 26.707425140457907 22.413743129216915 23.687667832487367 
28.248661574494303 28.299350817482406 36.64168502859338 36.478669938217756 27.573055191128717 26.818602394879044 29.036629746352393 27.246458642519958 24.434918956136137 21.061863338812127 18.30695455268308 
-45.302460572317514 -42.91646715264197 -30.66993323828007 11.256435277318921 13.578987550948925 14.510521348140731 22.89836469531084 19.7123762617515 18.945898337433675 16.432651281997856 10.925322633435854 
-0.6758548197148317 -5.172786917833454 -2.9601506892989984 13.976822972240978 9.815597524876917 15.43205231448352 18.95161145620589 14.522086213551386 13.47305546032839 13.207503260819419 10.225909089651761 
-0.24895906196077872 -6.956595362482647 -6.812948163151104 1.8896897703248365 0.2699205018450475 14.396179374711842 19.7730981546242 15.577983312529135 8.62145811045395 12.821038970992038 11.727722633331494 
17.065660793179042 16.977660274347866 25.71860257088447 15.574754429133762 11.666909101740327 16.070823477460486 16.931221840682976 11.35131183248444 9.910737236575986 13.417229048300241 17.085609089128 
21.749175682227623 15.013900119639839 15.684576617741744 5.604215648323041 6.656102066277187 11.093443095264906 14.100658147600592 10.212727890658062 10.287228962835737 10.196042377747498 9.002517286762814 
20.98214642749118 17.48483682935219 14.718341331343051 6.683468281332247 7.909472152895161 7.656686653972676 9.740247587954745 10.363560180234256 9.301197964909502 8.017739656155083 6.157161793691055 
-1.1992606807086068 0.9551188573823267 1.0365952984747582 0.7131761785906223 3.3644874781592047 6.146851310677519 10.036525494538944 10.56019825258438 9.565511808352579 6.206111054134853 2.025129745065732 
-27.988488981182464 -31.85093045347417 -30.85376603935323 -9.914286868870441 1.4136735454882823 5.538563982755358 9.961953405467415 8.823767797474217 9.334460110973284 4.742048111598944 -1.942497986960712 
-0.04789047719187334 -1.4353420898968696 3.73970357201655 3.5968619091041196 9.905027459066401 11.682448312004738 8.26029892864646 5.350562362317598 6.274784784196095 2.8780298126812283 -1.6477766070282291 
5.543548016029334 6.012337775545171 9.027424393772147 1.8101812455515918 -4.858816221273303 0.8485477341554617 5.192866867817926 1.518760680830694 -0.03152629185098821 2.866648874352856 0.4225487151862198 
6.554865355491758 4.55959933590154 5.355472053366475 1.847162134859058 3.887180215034469 7.155892890095107 8.073587539583084 1.5346554770286747 -2.152101550889937 3.3655975026341243 1.0419845192171877 
-6.148597247380417 -7.015064319467048 -2.6867626609206794 10.694698440872275 9.253468934890401 8.192307073691662 3.9202033857372984 3.2460946197500444 0.3317026971040544 0.5468371145894425 -2.117491491734956 
10.30192488394686 9.636459148441833 9.848276877778801 8.746193922549374 4.186844058078889 8.514187757853357 1.5038628774324843 0.5873532316947621 2.3037642502496607 3.6626967832562753 1.6936261891063626 
21.311458816101464 24.437188734357935 23.916298294666696 8.895489675226232 8.667991375218786 8.65466842288657 4.875112010046772 5.92227970442135 3.0013016408355933 1.7972187925983127 -0.3746391929076643 
-24.377251205573785 -23.804449267385632 -24.122424303446397 -11.597580580774208 -4.155897899036514 3.301363201752639 6.799725121763135 7.639923553729609 5.99462682591154 4.911095467762856 2.1375022003912862 
-14.332855461715415 -14.968586228388297 -13.38341952453225 0.5382895993551233 -0.1828107012159894 4.297296549542627 8.351749306909563 4.601925955188488 1.7668148776709605 5.3380836276661 5.241799395392144 
