-728.5125909976522 -728.203661582917 -730.8910427834171 -733.4639695048043 -735.0197260887345 -629.6610580663488 -188.44867891685618 -92.5955079595911 -108.79811002476904 -237.34633214444312 -349.4688437690098 
-2.0487503798752256 -3.0847869585554095 2.7266448270134465 7.641731157770414 6.982504529582761 -4.6173645240669225 -39.26995445531354 -43.64928662618449 -38.52030268329936 -15.209436189270757 -9.685700847219195 
-0.49861840481793285 1.477046990244195 9.21173453454996 9.026746670399177 2.7261758887250394 -27.715141609283574 -48.22414355509262 -50.236634591351674 -53.168262091777684 -61.855940416918045 -45.921966097633614 
-10.549466294984954 -6.704026087534291 -0.49514768185177205 0.23395909742722792 -4.509643653579182 -14.455299083733552 -11.962120132103344 -4.484177297652175 2.8463244906935783 7.420752502633366 -7.568731225447442 
-5.1632310747282455 -7.262293134280559 -5.390605799874128 -1.8649639172229797 1.3616316291532806 -50.394333792899815 -64.86292682657108 -60.278787385820095 -57.79190336935943 -58.196923255244506 -32.0563022395573 
8.587130328554249 4.698607959481301 -2.6457150689549866 -3.271129461124938 -3.168842679646149 13.149449700128688 12.169411052618717 5.322444893549845 -3.754079901677314 -11.725580188726436 -5.8407375979551945 
2.8148212420566514 0.22443186746518196 -5.4309228775112715 -5.010149787786002 -0.8991704531929516 -1.7678274132275358 -14.264309594836856 -16.806694054236686 -20.295882221552933 -22.647605007270748 -34.51527526352724 
-7.908400024691362 -5.22240728036294 -5.594430252656529 -5.941168881604696 -2.516278836994026 9.13554614255438 -5.014214965500088 -5.085586927052063 -6.873592840571525 -8.26141901112416 1.2916049374440888 
-5.791126357615395 -2.92819681931378 -3.138945151021771 -5.337312905991647 -3.4557474902220155 3.981229323364856 1.2016599163505306 -4.7747302033433385 -13.076414405052343 -18.342761911930168 -11.947915253756769 
-1.766385636914926 -4.800105543255384 -8.116993386899757 -7.026155747324038 -5.252649329156924 -2.319914925299992 8.388987924392945 4.406098362696991 -2.695892782422054 -11.54600422142365 -20.834906126201652 
1.1164937027301107 -1.3217426182365308 -5.512358856620208 -5.126712688944149 -3.550798141896259 1.4749863925260311 23.546885114985894 30.834674076707966 35.325890798315626 28.080343938296195 -0.4803387716476686 
2.715449021072227 2.3379411471215006 -2.6813148768896085 -4.400928366053885 -0.5536629560454333 -2.0680689659388625 11.179154455381346 19.70163516976573 29.09099185581582 26.717058052425923 -0.8506654481761039 
1.3260440215618474 0.24680887665746265 3.5670543387192595 0.9024230462931833 -1.6653396850099988 3.7969010377514234 6.878752071942058 6.338846676748448 9.479530739722305 9.645998389549861 -7.624038010590704 
-4.991680409749148 -4.588548671897248 -1.0033650877343525 2.473389286446303 4.409319421299431 0.6634115437743053 2.089239652145193 -4.621512128452263 -7.332875614028816 -4.398296657504219 -10.491730703816618 
-5.142306241295518 -4.743599345620895 0.9005006196051397 2.744853069251159 -0.594066344542316 -4.3029526657954635 0.556090994147936 -3.3895823773769926 -7.065811670293172 -7.8978790151444365 -9.298159959542051 
-2.902513739087425 -1.5265117137907525 0.6589164122425689 0.5124707033640672 -0.841691985387909 -5.961564086236333 -8.599693910221601 -7.032883553969784 -4.774981497995109 -2.440523946079563 -0.10687758734704196 
3.541241730850886 1.6322391543041195 -1.441984525041405 -2.408518547212306 -3.6354132217085104 -2.901393041174871 -2.206040488129062 -1.0477190173299986 1.6847136038039057 2.0413228273176562 -9.708493825757422 
2.8965357519950556 0.3568890147748155 1.5716007770496745 -2.519473450036573 -1.522224585818364 2.7578905440034203 -15.892825718812631 -15.727700847667956 -12.860279128244125 -6.2456452916381515 4.981938757692504 
-3.705229480992923 -2.7291042468440874 0.008929623116328278 -1.854778065951622 -3.086965697329399 -1.921281440529854 -22.735010580752885 -25.859454889166464 -27.03016402412232 -20.887709353603093 9.97593444416785 
0.2058025950781135 2.7943774280058835 2.6816281794756596 0.2510822171876683 -0.9052734943777381 5.148846199791821 13.135742542420292 12.020061339369951 5.97250376100258 0.7593660847475796 -2.4069289608060966 
