-237.17269061561487 -124.64987400042159 -94.79445317563794 -182.71832316221952 -437.5765107739022 -491.75346952071163 -493.2563939674709 -487.3865553758052 -452.172835616913 -459.9139879040841 -512.3942291904692 
14.7977625823248 26.26516903561315 45.46924892389495 69.76632222236454 68.7247564555807 55.47621548634083 51.224142215844665 55.7754673090234 45.497835534463235 49.82149359503906 59.07879559285598 
-83.59883340935605 -88.81666370383286 -95.15453469451235 -96.91407208573636 -30.590860305993147 10.5155631703147 2.2834014309478627 -0.022835283327462763 -12.809339733853903 -7.903144308347786 21.082741061380684 
34.98004577485146 26.487967781718467 12.592407259017055 1.5613567766934446 6.686743121064599 4.2865394575518305 -5.1179818618759985 -1.1324662890822532 4.82976920076715 6.48316179554412 7.073214874001705 
-18.351336007673126 -15.125268279250289 -14.667162044995607 -11.105964132854986 -0.24811007608420593 -5.805126750955993 -5.099854838706019 -0.5587545582457492 6.4322582298854005 -0.9398857726273253 -8.475231979972556 
-31.149565780299646 -33.83005287430624 -36.378353143221915 -37.577884945926364 -26.062818826893995 -9.773944853012514 -7.390660921328449 -6.599296359066532 -14.040583607787884 -13.893055310338838 -2.5590258539071025 
-6.959472668253031 -8.354128505089307 -6.565910081984092 -6.603740858924132 -16.997164445379532 -9.010969333096217 -1.3641930281901553 3.6049364742547616 1.3830349402861084 1.9719371296954677 1.455947660271919 
-8.291137700072733 -6.253758871595611 -7.479323446335563 -12.69465776423469 -11.545201376928382 -7.785078804463282 -7.084904021277764 -2.987501251769689 3.1747331604689624 1.703518255218543 1.8348576265525027 
-20.204921057746564 -11.221142227713026 -6.256588941500288 -4.478231889444252 5.386625143211434 -4.865626130331014 -11.437350502562998 -14.497718441026734 -11.209929242011917 -3.328253756572746 3.0328710544615567 
-2.646625443772014 3.2367308199459712 6.639775887262633 6.743016280321719 -10.13833507695325 -8.480414064366508 -10.078936330168553 -12.762367023949299 -5.506775872757489 -2.7298912222212937 -1.1484583594261952 
-13.286830346330547 -19.793825073979555 -21.17655184268006 -23.657111344551424 -19.244138160223855 -3.3489471464540927 -2.271779092603294 -3.3355926523427337 0.534965013149846 -0.26654832043018517 -2.044335349522229 
-3.7878718635061817 -9.478632871034117 -11.057354986958494 -15.497830133681429 0.9536682014149458 -1.5331421407012829 -1.3542964885979383 -0.7042363423610924 -5.03004223171233 -4.835616272729984 4.201476824065192 
-2.941001376248323 -2.271852250113934 -1.1940164941190168 1.5927858134718145 1.3327639394704345 -7.704125388430884 -10.954369814505881 -2.7047893064911417 -7.068456772079221 -8.917902492469993 -10.01973224526649 
-21.932725152779756 -16.878966261686422 -18.293616401942472 -20.781581587442638 -6.538157261026804 -6.524016708175855 -6.094478432828193 -1.421975337133497 -1.1537798245776938 -3.0105956436475374 -6.822852691587888 
6.546622212301323 7.050418016338542 4.185812845023545 -0.038743552579640905 3.1387448514364102 1.7447224698742971 -3.2470759413702064 -8.06071961630888 -14.538971255723018 -12.958873863484417 -0.5134523902340652 
-13.109619024944674 -10.432716928238762 -9.242692668795872 -6.5165549909243605 -4.659507250790978 -2.9326933735675644 -3.6413278298560217 -4.687660031508287 -1.2868674904924977 -3.339573074111353 -9.04145814912449 
-0.47165840979008794 3.0603493703445253 -0.235883499524022 -4.208534830325462 -11.994365797804639 -4.340816872680018 -4.940189390491998 -4.997953864556944 0.6153508482542628 0.7069300818017642 -5.253866442706908 
15.629475135080163 12.812883135751726 6.2030584991484785 0.45925499113435253 -0.75788951866264 -0.8677250642234884 4.0257979365682255 1.2668942167381263 6.869501809875084 7.373921421611256 -1.277790929175464 
38.12195651533475 32.404167906665464 25.198320265784044 17.32409701340799 0.678709635951955 1.0296349154806679 1.947734689383222 -3.3981710169328325 -7.015271101664895 -8.025192208624356 -7.529549525895996 
36.986217100535185 25.29614011815874 17.02445750556387 10.53487627084741 -1.7714525071294855 -1.6844885445424564 -3.6791058801060155 -7.63978887645839 -9.70842405934578 -8.416780787804022 -5.4293224235515885 
