-501.33904559296326 -506.1225336047403 -519.9995825733101 -453.2257126460166 -145.833535403658 -61.77134159483741 -104.59063883350005 -323.2356257293124 -492.41461654796865 -505.1849077751016 -502.03941932188263 
10.067563490905417 21.53880165782559 36.48537595150395 41.71520494341624 41.29520079151443 55.46598220843928 69.42854642895946 87.966983291041 45.962205559681486 36.188196570366195 27.923472032765883 
-2.5658004319814673 1.6185052710342314 10.828707002012756 -45.46612538754337 -105.31222878385202 -104.00481053357994 -101.80166566280286 -75.29934927581303 -4.669507519983988 -0.4207221012771323 -7.047589049325712 
11.369840400803152 7.03877470422438 -5.224982748197466 10.239376777869559 16.827440025427663 16.599738664515556 15.918139994054073 3.478757367122323 -10.713363654570301 5.050936463297173 13.291778680600784 
-13.18929719421251 -6.972852347685949 -4.21849407865457 5.014212824101371 -2.427614633401131 -4.27880397273698 -6.178266532537225 -5.482285468838944 -9.587050073455767 -5.093574531991269 -4.754376929072912 
-17.51047818973483 -13.301295078353816 -1.9539425424264287 -30.202939983669246 -41.045710884007086 -41.233154954358895 -39.783477237366824 -34.258511799261115 -14.738873936757185 -9.908114160250717 -12.363081210690703 
20.827170259363555 14.976950109591309 -5.7247295938526985 -5.732738337871904 0.1912910271241272 -0.16341485893325586 -0.6681987036811255 -1.2703264338498426 -7.500169259489397 2.5837987507374063 14.795530609607919 
-3.0938866121660036 -5.883158780733389 -9.556160656379024 -7.736242435572771 -18.200927552493837 -14.510353815276751 -11.529425384904133 -14.350465004233321 0.5768326212381812 -5.358570132273332 -0.5753186488737898 
-13.236453154157495 -5.466211378224526 3.6660748410214143 -4.383462593165838 -7.570712350049085 -2.6414207367703133 0.14828599905479098 2.049184250049298 10.880519112817701 -8.337946150512217 -13.44728362006872 
18.485475773365586 12.081199683564984 -0.2816093879983728 -7.2651441420499765 -6.680986696918078 -1.7061776103004884 3.2262910056835685 5.167976049474344 -7.6280375525187365 -13.373224439647089 -5.976141331796394 
0.26215140571144624 -5.343234913288731 -6.368347974142971 -8.500378663925565 -25.24610077877295 -26.248195843097704 -27.37778729051206 -28.004507755865877 -12.534724022895157 -9.47922833421716 -5.611233948998481 
-8.222286224430839 -8.662328415995244 3.8834646792628478 1.3060205613278544 3.9384478755464665 0.7660408481593045 -3.2217484471013744 -10.787188906277851 -15.95835160307373 -16.494867810778405 -15.096540267837385 
11.321694916980384 10.381175715720286 8.204861251400619 -4.57733284940539 -13.118593729884811 -10.032281796977156 -8.236646479507055 -3.2573955101295637 -16.254155782723963 -12.997382035077223 -2.8791806406523857 
-1.2541810703106184 -4.443364621783374 -6.75176001582493 -11.56680265506522 -14.840221239818725 -11.943255602588216 -11.53975776657714 -9.815198608517441 -10.747447213173599 -8.924381436473869 1.9929378878535606 
-15.412419959859946 -15.3902101805878 -6.073097348802483 0.3445716266474428 1.4292037613911162 1.8174542884421068 2.443171014289874 3.919410395377888 -2.0695316823894236 -2.6977780598248007 0.27095788685778066 
-2.310507123926178 -3.6444344527020105 -8.147333040543614 4.050514730289344 -2.1797093020357896 -4.483678411033759 -4.736235267786575 3.029727629022186 4.0247179522741785 1.437557139121675 9.075417313132181 
9.251581541501437 9.018174334401124 -1.212852078010374 9.113287895114919 19.803078952007453 11.312189173112394 5.670420159627524 1.7120064672693944 3.527968156679284 -2.035396201662373 -7.1317837043424 
-14.435254196675007 -6.776195649911531 0.3323727593792881 12.050965418887284 19.018319626861953 13.894522541280205 10.583274166204063 10.60622839203911 8.265844503262132 2.961347128313532 -2.560851151274151 
-9.812165254564208 -9.151219087776976 -9.716401649010228 -4.133082141886171 25.880223939607262 24.078589512368815 20.302241275213383 10.285465283511428 -0.41715519936000844 -3.32732558207833 1.903486713028386 
0.018109366133685523 -0.18100914077201324 -0.4137500764971728 -8.772057986207162 5.822401317443603 11.872843129115875 12.787748708803159 6.353031887204333 -5.344122504100987 -7.371151274222839 -2.4831478630575976 
