-666.8291189294533 -550.0745389669108 -446.9330177256956 -476.02830896875224 -657.6121775297103 -290.60736415260294 -78.53917222802379 -25.067774577326738 -79.74439077189 -298.3816826785328 -525.098054842155 
1.9471806117164387 5.45828573658194 11.725049168200645 8.36104376829965 -3.773286503996623 -45.551919795886434 -50.99634745826458 -45.078434597159905 -28.74779331615659 2.6272574260669384 30.97158090415848 
0.7672485019590964 -44.044738448413064 -51.36812057896438 -47.33863052598102 0.35534140037853296 -60.54868804783047 -61.12529454402683 -68.73099002221771 -74.09459667145134 -80.45080430391248 -65.92062565196227 
-0.5144384691359692 47.43366426688081 53.696062887611916 50.95919999690682 0.583510650046949 1.5395254951612238 5.572697875329007 3.1952916041559423 -3.7669100529476305 -7.455267780428949 1.3826675386779774 
-1.1563694989505315 -17.410382824816306 -26.163389624482342 -26.953111421604277 -9.519344480633723 -30.674583554805068 -23.78007077117369 -16.736973828747576 -10.599653559723848 -11.663764485001556 -9.837111802740363 
-1.1318183446033188 -12.314917011821503 -2.7265817039184563 1.1421710080033187 3.0841914336455942 -37.486269682624425 -34.59877151144944 -34.72068344426975 -33.9846216112321 -37.15320173398685 -24.94059463000002 
-1.6986798848258349 5.144885035733475 -2.0275990315768073 -5.303123748194966 -2.4000613330369456 -11.849703395943472 -12.324159825184044 -18.409756108325695 -23.779833128573415 -16.280553150886444 -5.9660938327011515 
-1.4628020968538058 -7.85396121046206 -3.1586040246430738 0.6595988478746388 6.414731940615633 0.6976659566541492 6.8680990696543365 3.21286339025629 -3.8793337456121404 -12.923347441884113 -13.873617813816715 
-1.1770399699078062 6.32891004870487 6.29845490944821 4.195463742696553 -0.8115865438225799 -12.954247587362671 -12.153552116116927 -9.103459872798283 -6.5458767906416835 -2.285046101038128 -3.712740787769415 
-0.1066819613428836 7.296489788511863 7.3597034733744895 9.497164513645311 -1.9731438219971293 -11.985074262057454 -12.453999294076722 -12.228782919507792 -14.434985194717072 -15.655216044915406 -4.9380970877809425 
0.8038194627430708 21.96441884373798 29.48424292266601 29.644911525111226 4.010973331784834 2.511437972560188 -0.5799936497756517 -1.0501592895988177 -1.1160706911510667 -5.754944583043469 1.7114989511109449 
0.6675365364061651 15.850254399444797 7.524976311471015 4.798075409275215 -8.35575162846761 -15.424544311932838 -12.662693319026268 -3.768811689714001 5.949687325674977 11.3571926471487 2.0416760392119726 
0.7145740807017408 10.375479128983635 17.73602608071922 18.02393649899158 5.84624433482327 -21.633528412783885 -17.450922379868555 -11.478054331290018 -9.37889905885821 -10.813942714582963 -0.6709296795310402 
0.4474878892448926 4.281552462121164 -3.8937517174839877 -6.021861679833754 -0.4700276704548293 -6.676706334384209 -7.386028095775429 -7.816951073616432 -11.25348919961379 -8.896682822490078 13.651816643176483 
1.196684974611671 -7.234212575444944 -1.3219638323740868 -0.7776103924860381 -1.3950190936864484 -6.480507274205941 -6.903573890193959 -7.651144472334339 -7.273457209767216 -7.6041636571249995 4.473542080100646 
1.5322865973186435 2.3728341907836588 -1.6576742199823429 -2.793056233046618 4.7521980313560785 8.97989117715851 5.685674510180615 2.359793949266737 0.9790086098869457 1.2909829756230526 2.358096432826634 
0.9932725116396839 3.141997748360499 3.0508672501292713 0.8600195768049121 -5.073913158582689 35.19736712725927 32.11524039451925 27.802426164567613 22.186050423581435 17.868782072276332 12.01846873420557 
0.13182164547577158 5.992988332909526 6.227607012880336 5.908309819685881 4.266707931671929 10.04569338642059 16.671309281156773 18.196544213833203 19.69318632145172 14.129223116142668 -3.279927358937805 
-1.2242198773275557 0.7914921380487252 -1.0345825059006173 -2.7833072500492055 -0.5573063470764359 21.42631789676807 19.63929220065637 20.28816899972219 22.5382199730795 18.241064178486955 -2.304651788980067 
-1.3242417183685564 -2.0919134260723 -0.22566384290691793 0.1652103059933673 0.27771683088639953 4.769632608897981 1.8374523147249766 2.4979062151324314 4.637359164113344 4.3290359306999555 1.383207656925319 
