-703.0520003071475 -403.6394974100851 -268.8398291320365 -84.03847345022203 -38.66427835123838 -109.85087344843855 -361.347489793037 -526.3006130043905 -577.1790813704018 -615.267237712726 -671.905006519676 
7.761297608560781 34.933596743265134 20.90330942788322 -12.850820309439506 -16.75422059322093 -11.26974719068072 19.15615267162385 18.692762872108737 22.69550337508315 42.14107475520396 34.3495683572141 
-4.489855246760304 -24.49650004090205 -26.005613068599395 -77.44113139555768 -88.64028079002165 -89.33626872950038 -108.69425239092787 -53.74458442090999 13.44332533635823 -7.040996912866527 -9.860154646032834 
-6.858987476783408 23.123304705428993 23.78693123145313 12.452989957912989 5.010271543947592 5.147997671122228 -9.650051758880288 -37.18141827540015 -26.587268583349626 -35.60754472393306 -34.087696503969994 
-1.1083872454407464 -11.265755607770213 -12.171552563751696 -20.341515946234114 -24.82554687963482 -20.61427319710998 -25.087485743682805 -10.517302661289538 -30.377292614614777 -39.7648110362733 -30.151615329429013 
0.25986353102587506 5.763764124118521 -3.0688981136073394 -16.736314251620566 -24.142943523737166 -25.945514086759275 -12.041643220095914 -2.6585794217469845 -20.95050628229445 -15.115852204902822 -10.939554552172279 
-5.300899957292577 -7.775529034266159 -5.725938227250678 -5.366906150374666 -10.196438290913072 -11.054050321591975 1.381230752481252 6.2334628550775015 -14.750723516284742 -11.309863594564622 1.3614844703300373 
-7.879806711808566 9.500235225599413 15.22169801448868 8.376112146478006 4.924088221211942 3.454238036190943 -5.87302188809017 -11.929277611732594 -4.359366586765757 4.060169246145605 3.3589940731515497 
-1.6336164089305558 -8.986822641442782 -6.273991191186201 -11.137810843177142 -10.201870020783021 -7.850045576723811 -17.88464687720202 -14.350200677606171 11.9389784557586 9.082073888453168 5.378630943224541 
6.66176136084588 4.7497997436320345 -13.024665012900797 -34.401697483369034 -34.43816176163366 -33.12896466930924 -23.83178029427077 -3.9048387008140315 0.6254084409305879 3.88453107429994 8.3586788282519 
7.621788412382388 -5.630494907732958 -4.813977236551175 -1.1309362722951624 -1.4821254206068548 -2.7030132215943308 4.970222567104062 10.34706179357109 3.769891426346024 13.098330777405192 8.713603510459597 
1.4199954372004582 -6.517847347400489 -6.1584378223761576 1.171538024994992 3.952981555223558 5.105754084467796 3.9818257879590124 6.154711630841486 11.491440246902224 3.9759764832050086 2.7011464097125164 
-3.5223195702112946 2.457871037592012 0.264077236982443 -4.677117299170124 -8.877522849775842 -15.672568385357653 -16.078520201027064 -11.19815536925957 -9.083425348536792 -6.389407830765868 -6.853900627756667 
-1.7189891502123602 -10.753393097126374 -2.6938912888275435 12.48695056808528 9.330858109771906 -0.550965466705262 3.4708596931387237 13.222383493508904 -2.8316101207816438 -13.447036792095833 -7.070246522383242 
2.953545529093826 5.409630260662263 9.9179110894688 30.279025718529063 27.683522502834848 18.13909437248044 15.267743199789276 5.3756459132125105 -0.8834811299437516 -0.08242531980336432 1.4173496366980445 
3.36366967091981 -5.939775685768324 -9.908514108051488 11.781828468094657 17.392191060263688 15.320060400067936 6.766657541892213 3.904947368340516 15.202492525435598 12.821217537197086 7.130961885500875 
-0.7429950481472699 6.460426434436755 1.5119930444069032 13.098022000372428 23.748175184598644 27.3692869590893 15.720050952596186 -2.0800976819145287 10.838149338088012 14.968561421712792 4.539438376019312 
-3.073189933262264 -5.298443741987069 -12.892277437010424 -18.10895111665336 -5.623417032473792 4.1578962689154775 0.5891373068607194 -3.587283368967733 0.36469694077699943 6.716935069922748 -0.9385033391696012 
-0.9060714724367328 5.958517981024207 8.367415449426021 0.851052199239984 6.965185488869998 12.732258335195255 17.114088532255906 -3.2231283810750164 -2.9781025997647372 2.489756576394199 -0.5109815337740424 
1.0608814839930394 -0.7704258547988398 -0.20134167119984214 -7.9423577432844015 -7.399164957605096 -5.788474112331184 2.4468327100542586 1.8222358567444807 5.808768861103781 3.9737142011895235 -0.7215489468054824 
