-460.7479148934933 -429.60474743480523 -454.10344860741935 -528.8910796459402 -550.1557825208225 -549.3115495041889 -428.6773221775048 -217.93663535707054 -145.90709925128095 -171.17689370724491 -277.28006264743584 
4.620784708388151 6.916814188111425 11.417426195405142 33.24968243695298 41.04354129314282 38.525583297424 -3.9755939983541815 -36.566713958717905 -44.91551715050531 -32.73438795922755 31.46147446020532 
-17.89253635489851 -19.70458673563524 -17.35530382263866 -11.399402141759035 0.834962776163031 4.194392397529167 -15.380337214354485 -49.98026034331194 -67.04530177195399 -62.95325485093856 -21.21441101908796 
14.439944819762367 8.518866582669673 8.811364796992333 7.900405980770118 7.696463191048129 12.69373795093048 23.507044308313365 24.787580927385974 24.888648726887215 34.04400671762282 29.65488640487402 
-7.191805911377782 -14.918482264939325 -11.905398970266063 8.868683227074458 5.6443219140976915 6.819220375978956 -7.718280227463943 -15.043401677998109 -20.02099380119911 -18.049373581555862 -15.351089888318171 
7.775731135375919 11.693307074595406 13.663458602397125 11.001548449474324 10.474437853466604 7.955458832480494 -2.1786306528519264 -28.581582616534188 -33.11965339055847 -29.069433127719037 -12.364509141894048 
1.6822388796362182 -4.421115576102615 -7.724542944906885 -2.1225571760396047 5.001594517829046 0.05218583217721762 -5.357716229747277 -10.267319325685808 -15.170317258999006 -15.793438446905103 -19.136532952979486 
10.696691086222028 17.629437581922918 18.117006342363737 9.944110208678666 7.995537843617568 2.040107469222137 17.003676710221796 -1.084798781834152 -7.217814666020109 -5.828856542360532 -0.9582613783684418 
-0.40756782881116965 0.41324514629721343 4.476939274035261 3.1051728439693056 -2.160369147643833 -2.0862098358249246 -1.1971328327723219 7.521165771584901 6.271102167566758 7.296626708957683 2.632349653131391 
-8.044588172402026 -14.633110751723354 -13.10815410387464 1.3167574632795565 2.758819092173221 -1.5764599561724415 -5.980678565553819 -20.048119533194185 -28.318762033560752 -31.88347483788103 -32.06122130371284 
-1.8207329294121852 -0.9584290939474572 2.275664557348301 7.398703717601831 3.550734986534322 0.599032370739951 20.082863851176477 14.429075002583938 6.805703372352548 1.9247137747468137 -4.849833715069213 
-9.970035303243783 -3.5706384623455705 0.3041121995726612 -1.8605360270336788 -1.6810459404622136 2.011388908575216 1.1659064028035346 -7.56059746277771 -9.081827618189616 -7.411381897417258 -5.009009476826219 
-7.791421058391219 -9.019309177843944 -4.974844233031694 -3.5491019117454266 -5.14528746443718 -4.383224413109838 -9.837040744300497 -8.54602917066504 -11.832760877467859 -12.615566017165781 -18.854887118605987 
-5.793133787001487 -3.258094839109998 -1.03163890154597 -0.24613960137435859 -4.127242616495305 -5.299399966227851 2.118459853212162 0.002467990903813666 -0.830062017668276 -3.8562799344317416 -13.514447225595287 
11.417375154585613 11.516236264516586 7.426394382771505 -3.854887395787375 -6.867469242619386 -1.3015983212620978 -2.6830902822812175 0.08076046247815954 0.04915455474218032 -5.6857078386342454 -5.453175731897275 
5.915896627542642 5.873392949073527 3.684854605248728 -3.257279405649163 -5.962949556045568 1.743443981670911 2.1054219874079747 12.15173146212942 8.518760734671647 -3.2992395052851204 -11.802323800777483 
-4.981250842837432 -1.145171598582842 0.1030828979532691 2.5984022223588905 2.2053496851055043 -0.9455720979925857 -1.8129321920523327 16.79504743044391 18.7896983626519 13.69360710011572 7.202749609212919 
7.639980301492535 6.839847099867912 5.267791683400127 -5.9462392371986015 -2.838485304339936 -2.837423654797254 2.800400367575461 10.249714649370567 14.59765998282486 11.146710201009626 0.9437657267968227 
0.7040510620122713 -11.790326249813745 -15.319591239577651 -9.277805537041456 -3.921786683456123 -2.035052233009551 -0.993138994033032 3.1122389584483625 11.874366923995943 16.67042774929435 10.646145680948667 
1.0918562932421638 -1.3802698850300348 -1.1547957955402641 0.30148005720202264 -1.1432698646932546 0.007472310053238784 -3.2764879918308543 -7.346787140021423 -6.687668058212437 -4.038981117288397 0.9771103221400305 
