-401.40003735558173 -404.93920833068944 -421.42858716703915 -425.8587407185577 -293.6786700475323 -128.63230988668244 -87.0224231876104 -146.69674468236286 -305.244078445797 -372.91029191213505 -411.70626364219265 
48.16471609355922 44.506913411846334 36.91223999940995 34.98885275379152 55.378984804495715 41.214534190167925 38.923683780658365 46.34874446352249 36.87468759820128 33.17013591444575 46.02324281600521 
9.730027852968849 4.272741629770563 -1.4987059204407231 -3.3131281902341425 -64.82866707294357 -83.33857618394013 -96.71232175413695 -103.84781037578583 -50.95131926592127 -2.9367676077190508 9.684795570906012 
14.27160611820631 10.466455888658796 5.832650890365082 4.5444988982727805 -8.141248362646252 -8.648476586986943 -10.826995647101368 -8.595951438837856 -0.805937103413684 1.7105822717079058 9.866978915040926 
-4.440401568772611 -8.602232575326159 -8.855402143525918 -9.99844016724018 -2.5925921364576907 -8.897579800824435 -10.980999139408276 -8.01603531370684 12.6088841651449 0.5138398469667268 -7.116142624307745 
-8.440916189750851 -7.6861010307037905 -5.840484422259655 -4.177857752278809 -20.281054095354392 -19.94634727671737 -22.903577542874594 -25.774931548610823 -15.457063636069442 -12.061252453795534 -8.581919860762225 
0.6972909358085417 -0.3007117124831037 -6.673575201423263 -5.1877615619130095 -32.417522426919206 -36.35657713137475 -36.14847701730725 -32.07813182520394 -21.218529984643652 -9.408751244006554 -5.123433763486599 
-2.165384270254753 -3.7021128057461348 -11.366470979038667 -13.353445710026827 4.4147195361600495 2.841823207159649 -3.3916180098693456 -7.99500236389819 -0.8938919880008648 2.4053999019892247 -8.65206408738708 
-12.214128398012692 -10.553289209439622 -10.848729377308116 -15.389561664459187 8.305375580689715 10.285002437909679 6.889241562332951 4.321272669837374 -3.2332766110499023 -16.709931573150577 -12.932392085236394 
-11.012568260291715 -10.16085579421166 -11.945505985386623 -11.674413506534924 -33.39551701917087 -39.552762822361906 -38.42793105875349 -36.39127552079303 -27.281554598042145 -20.32766337359374 -12.376086231362875 
-15.017316433973184 -12.878017672684695 -11.94885020281701 -17.50522308941565 -9.18830277081738 -6.34134934989366 -5.64013402304429 -9.050794011461075 -26.620557255968183 -25.226675100715457 -12.165968785520397 
-8.037253961270233 -7.674153815152716 -9.364255333403968 -9.479743489203099 -17.490369826150054 -17.68287086187493 -10.600484230690615 -6.56653747917921 -2.5707987070586262 -12.819160174083898 -9.705489718947355 
4.628728322783791 0.09891564068312064 -5.697565961706482 -6.380434450727315 -22.204227196850262 -17.593618655525457 -12.265038594899881 -12.470411376204417 -12.607055143880167 -4.391370478618158 -4.383714569692464 
-5.550486410681783 -8.049228823644032 -8.996053015811134 -7.187616200666202 -16.097383799342392 -16.387132784263354 -18.122578585246387 -24.020966579942137 -17.137960960806392 -8.609904189866057 -8.491045518842185 
-4.038674373565552 -10.196512677697337 -11.134625554829562 -5.729832446945146 -5.682205991902773 -0.1683010836333808 1.4144091035942667 -0.6180320967667954 -6.465141184977877 -9.590280680314024 -6.467360429273368 
-6.847618479487635 -1.482537384023845 -2.8536448285239464 -5.336710333021289 9.15452056077283 11.597786345777472 6.391638063823846 -2.5944841426281484 -7.969060216539968 -2.565025880474434 -0.8777667055352851 
2.525833714329595 7.810392664057192 3.03206000696645 -5.0755248326886795 25.538765180943468 41.278424607605714 36.823934660759846 26.452144268998744 9.431531331435021 7.662974201740137 8.707121839146726 
-2.8576582748680477 -1.9204387912148413 -0.02734745257562332 -5.93492502484003 16.255693092346597 23.680254496730676 19.765528050624358 11.09228479717482 -0.029454399360084593 -1.4411439618110307 8.22689427509321 
3.8056777064704916 3.7877451103716364 2.844302927912593 -0.3304740972379675 12.22378332594494 22.79754763263915 22.72544656087675 15.975410444110313 1.0384040674552595 -2.8190144610686714 1.2221384241126039 
4.865411929135927 3.997196254893387 6.403796448817521 0.6477961518704269 -14.462636747418856 -5.48302185640543 -0.8657584048188349 1.3957357871564424 8.028705928836802 5.785147476843728 0.9654233573390172 
