-372.08815277225807 -360.3140426717663 -199.16682938685673 -53.14049402841814 -34.90560986425453 -136.12298223355526 -287.02580472045145 -314.3421965256674 -358.5979670905051 -358.03413011173313 -361.13973587237984 
89.01541190564552 85.5860871787219 13.496756190633011 -11.814258528448962 -2.546045739980541 29.84031416453182 66.20116405253349 64.1699617974982 88.2274528807528 97.55816440434667 96.1596622808365 
18.22994818031512 14.89504000508589 -35.67993479775245 -76.9851748515475 -82.4966149089976 -69.18252469296769 -12.334026636687799 -13.033522003878364 13.203829856817793 29.918480603977397 30.25785274190223 
9.083880744853582 13.424696120119346 37.02753765506438 22.45869384584119 22.946979054204895 40.45856622715408 35.047769127501894 32.73226928988507 17.644849833561267 11.958274730881548 12.700714743673842 
17.004492834434153 15.44140932002821 18.49446980376806 6.22416074699752 4.650555877733389 17.473732608471522 7.136885487024495 5.28893924271347 7.640453242450072 4.344204466709576 7.094391677092758 
12.728929275805669 13.386512923111692 -8.503981502088562 -20.908785513967004 -25.399984924225215 -18.39213803410762 10.139796505563282 7.090011300432025 4.713312066037743 0.5954265772367772 3.0696842641218263 
11.75962996695868 11.560325708260093 -5.979255189865611 -11.523432851278343 -10.987468264770477 -0.09654499673762706 8.025509668562751 6.094679935400306 3.407655501584685 -3.1627920484291843 -1.0202144593844464 
-1.2719186004397511 -0.9489830606972928 5.688170736332564 -12.190143011916243 -18.784216046225886 -19.00312260521721 -7.9561269489124715 -8.642649795477173 -2.0101863623968477 -5.4324668598595895 -2.00899305337565 
8.527247746490378 7.677317587870011 17.905692704110308 20.448982228068292 20.819363633620327 29.036083890770286 16.28930693787909 10.246326989604142 -2.041113392131982 -3.247746552677641 0.70080875633165 
5.645403438876224 4.158849979191108 -18.972228727402246 -13.597132936008006 -10.996888731091104 -2.496272295566544 -1.0773382841467078 0.4162609609790511 -0.15806427167590648 4.5439401432853055 4.140805464701898 
8.361836414276993 7.962447908838101 -4.031084965159144 -21.323876636715745 -25.277079965500935 -24.158069158775298 -7.8845058620914035 1.6068612625953658 4.696219691818195 6.748476141075732 9.29508897032046 
6.032803376822213 7.56107751393401 17.408085669045583 11.672680604816254 12.207830067723055 17.883456952751807 5.939024087261645 5.493200540571703 3.7892619580506 3.0622884762789244 1.2676327557975395 
-1.2463307595737962 -0.03695359503687834 -4.278758944649593 -5.790843605065003 -9.451203405149968 -11.546461230841299 -1.2647109343623142 -0.06359989463799998 1.0891455507153747 7.946396134327356 10.22338655646584 
3.9327774230339934 3.649337818525341 8.88145275954341 3.8470395663436943 -5.776376046431018 -17.497771178142067 5.087020344741024 10.758527315818894 9.204011732159103 8.030643559450091 9.247384904030483 
1.0336746936073367 4.943887198647084 31.192983787920063 37.176872109530116 31.44915245296642 18.646225051544 -1.2673271242239308 2.9453213841166974 6.0329693963328594 7.217621519351584 8.476652651780961 
-0.433172340028561 -1.1294117773174401 6.180156196809334 12.230583867022567 7.275573875258029 -3.622157337600885 -2.1152791994167286 -2.758286705891249 1.2923971498203488 7.761848230525965 7.790427779199055 
14.567985858333255 5.502234820100907 12.920400660035124 32.67926670524241 34.569603797547195 28.442345943048288 4.457047762121055 5.246465565890732 1.778958498374043 3.668560675020051 7.219535449175354 
10.617284289670058 8.321472273028023 -29.979364092727828 -7.831755024340344 0.03589201882244626 3.7483622463717223 0.7312379362274117 2.4324832674808796 2.9252499483927235 6.090503446437641 12.626665098669584 
12.363108867673748 8.965210869243249 3.132508086198404 3.4505456089596027 5.944332958200711 7.488941832133314 0.664435274806559 3.237162329577395 6.4849373882168555 7.1523312004905435 8.40815604959553 
3.285585319203219 2.8966505967429246 10.792711242552294 4.470792415615111 4.244105719290396 1.3366952471242575 3.63286918146904 4.424132395092354 6.808429538073244 6.754324648350794 1.5934014269574381 
