-114.67290942366138 -85.02361745963252 -95.39584186996733 -210.61947094050794 -393.05503875355816 -496.38418560595926 -498.2284468612837 -457.7686608961844 -489.2188452599722 -576.4063911439699 -614.6861266441193 
-118.50996293318954 -108.47878667898155 -100.2248722289479 -74.71374903885489 -19.634973729299826 -11.642711026108554 93.3903353793549 113.15456961517285 101.80353173676349 38.26242426948358 0.38470170211807453 
-73.29793966668836 -77.23969989674184 -96.05866968218714 -95.29638591379876 -38.24211942944175 -31.14853312135347 43.24753006017698 50.53559987296009 43.56279997727168 17.48861772206061 0.2349292555051859 
46.593335979103784 39.984265459909054 29.499036719792702 17.81792434321094 -1.702881186423591 2.19435111426276 32.993488745764225 32.561780763261154 34.54103430759074 8.741187911110137 0.026927287881295225 
-27.741947412189422 -38.196945948854335 -45.39503270071978 -48.05068860088272 -25.72785382710707 -23.07798083645413 4.930333056309526 6.983249997450212 0.8180966736308726 -2.175892682274467 -0.18774887224399944 
-21.522158761531415 -20.720795150721116 -17.47691573457567 -19.40354839949658 -15.339560311688633 3.0736630910342924 -13.715551616272737 -16.840283330860352 -15.552768281839228 -9.914814446452656 -0.3558896322650592 
-20.74675746695932 -20.25337075871773 -22.959281705097254 -27.614788216457136 -15.242580139835852 -9.187986686219006 -29.237898151701906 -30.806564453776865 -28.970393275618193 -16.299242166809762 -0.4358196550792386 
-2.1244441390852162 2.6542792337927184 7.341429184569113 4.9336785768673534 -14.158818656914576 -14.273957991371226 -50.500594768208074 -52.18434260085952 -48.016806263675534 -24.921103425582018 -0.4077275002898972 
-17.870716153289266 -18.556996282779515 -13.657839689667966 -10.233684234841622 -13.759548189884615 -12.985982963992505 -39.591969544539936 -42.076985038125954 -35.44022086838457 -17.32411116759895 -0.27857608409081713 
18.066701022837982 11.87777364011348 5.931751693499786 -7.9120769178539 -0.6054630973404488 1.9439101550611315 -11.900354312832727 9.414868748498579 5.834987175103603 0.3429274867119639 -0.08037685217016216 
29.225200779653882 34.02140230263436 29.08175910237734 16.55831078747032 2.0229104088803105 3.0590014254394653 -16.18885334087575 -13.797620257289099 -5.488098810244552 -0.6262530860006766 0.13774457118712863 
9.932501382540298 21.270172787578645 20.325883742749326 7.434146473161276 -4.431121266794279 -2.2055779394501416 -14.596729099705998 -22.184240142560977 -26.1166089377054 -8.226381594783863 0.3217246510797895 
21.699174277043277 18.783442110620605 18.745384117388845 19.029830252635342 14.408356350915469 19.68341035438608 -9.236517180627526 -12.945417983057675 -6.309349158745439 -4.998458789073719 0.4259621195657824 
-14.97944959778943 -17.368160982588876 -11.748186729808001 0.8302501758418439 6.3720087869045905 3.865394653077722 0.7813318948836739 0.9683201581225946 -2.9248100027323334 -2.960307047344388 0.42462069734355057 
-16.529888680597676 -21.087200448997592 -22.84481680118531 -13.323828255633867 1.2684851081366286 -5.826924048634309 -4.901836084296692 -4.42868251178974 -3.1753269296451814 1.2919873005707991 0.3180328690723847 
5.83723227178265 -0.15691146654117327 -14.950945399192932 -18.337962354123988 -9.130676434221392 -0.6493898420688086 9.492112519672187 15.624635239581584 14.890788758566812 5.575428991801516 0.1326174737874085 
-3.3229205284668426 0.5911913574849328 -1.8222447396935442 -2.45766344265538 4.672805824296942 4.991496856482597 -0.41133100263034394 3.3861440668946314 2.2934277447212024 -0.74233506449356 -0.08566846356660107 
-1.7968177727165224 -2.8638928421815817 6.483445783236647 20.88989803823204 6.515697694627679 -4.278115775715059 -10.54602008205794 -9.311257290092575 -6.096314466289566 -0.4362023259710661 -0.28272063168014444 
-8.34896017783291 -19.801589192023116 -20.205840495375213 -12.970137408077846 -1.5598616562837748 2.65694535712795 1.832612553113897 0.31174965910179636 5.759135445232253 9.737261482889297 -0.40969771728741694 
27.533173490853436 18.04902349139881 4.650346134421685 -12.982918817761451 -2.64224723188564 3.6905485935860303 4.410227416687677 4.675307056178561 5.933901903234604 10.06654330070099 -0.4351272038711164 
