-292.48471504088974 -306.52786422968086 -341.7770288315578 -352.98974724276167 -340.16752705532065 -331.60346879514975 -306.93796515811596 -244.70818360969685 -111.1560044251092 -70.04237009332222 -134.63187315388456 
131.4273398668073 119.2878866365006 90.93571860060439 78.62443747748611 99.35416965407214 110.52648715156019 128.8105872490848 121.1816961611828 58.38681538279715 49.90453155536514 63.98142414611537 
19.781010566043975 23.466682247184945 25.773576449218098 14.4177854058923 15.698554226994041 24.251946559299604 33.40279206373803 -24.414211667005038 -89.65403447360221 -98.42368681578986 -84.78802672829437 
29.732040656562603 36.97838231496415 51.622716987065324 49.12107036582376 41.25267092879204 42.88248998860892 25.31009346188047 36.4100843762118 35.33280802163102 20.936536623393813 19.144987725332548 
-13.03016498474367 -9.50064830920579 -2.1210791516752083 2.1298175086756297 -4.3006080729599105 -1.1328296817076524 -13.45946767079278 8.415030636996544 13.657923497046891 6.146313166194989 3.308315451814833 
12.018331758775766 1.1988415005987312 -9.626534853609108 -5.595662780421982 -10.149766281640382 -12.854412651460363 -9.945495935593494 -11.49937950490822 -12.869708485892275 -18.027531281579137 -20.156165930654627 
15.78542998447157 5.717417881876668 -6.413212289220929 -3.717023440217865 -12.39209378719374 -10.700547441851862 -3.609880043650358 -19.576797420545503 0.6920431384179306 -0.7531045651618635 -3.934120610157817 
2.979892124821977 0.44129293827886346 -3.4719969355195492 3.0483633732210755 -5.059605825720679 -4.925918809812536 -3.0999053504892258 -10.285388478573301 -33.18998920072357 -35.22211508652752 -35.76751448150893 
-4.308635391571477 -6.7565444173540605 -9.799183793071474 -5.043803789294245 -10.241487256705348 -11.81575896841284 -12.584529194909909 10.068769518881757 11.77259048560586 12.509905275430379 9.648518565078316 
-21.580399404007167 -24.01496362314402 -20.9798625199572 -13.473759127819545 -12.719226629072 -6.9975463787540715 -4.662440634144395 -12.643722324100821 -20.034316618161906 -14.34983136308271 -10.138691917005477 
-13.620893093127348 -16.788588148198926 -8.706347271817027 3.908298084105117 -8.93330033699203 -12.866857955881478 2.8671368640884403 -9.820546526172686 -7.996285791489996 -6.976101692731156 -8.084253726312351 
-0.698517016893812 -2.160511228629341 -2.8468724014456166 1.1180047174313348 -9.321269315214874 -10.383627869811754 0.46608869615071286 9.388626706396728 21.812809129005775 17.331182901668114 6.853077317506495 
-0.7081140717061192 -3.2486356871367112 -14.881085374605103 -18.348197798717088 -11.080520486350142 -7.911465680288568 -6.1322163248973665 3.5899644292910393 18.565334264795343 17.775615606074474 9.95515242742836 
9.53483790783208 1.1277757026395765 -9.83684704211501 3.1918851622817233 -0.254973273844341 -6.814618255289021 -12.91549938577293 -11.519252249579697 18.430176831338688 25.073113321915287 22.735546815724447 
-3.3048447507778667 -5.3708072481553355 -3.512280172125447 0.6351956537040943 -6.6767338614064276 -7.328526592725991 -3.272670110753454 -15.394722568247483 -16.820175702672742 -4.671427633208081 5.150587399478248 
-1.0852790175562423 -3.45051751225635 -6.745110555238581 -2.481807940314283 -8.281704160030564 -10.609098915330861 -7.888610932423896 -11.958237923564024 -19.93191561283834 -17.486211143387173 -13.8555422226237 
5.918650123045484 2.7917969374118243 0.9888388816418583 -0.7792256491938779 -0.440217359362279 -3.814759184491183 -5.7541531838672935 6.451792150186559 -5.685038818243033 -10.145618101864425 -16.2392006472479 
1.4438255314045605 5.901662997723715 7.14105248370224 -1.561264502692225 2.9605336346976934 0.24636519262682383 -2.445774621388684 -0.5515238061928361 2.1650756434734797 0.890385623713908 -1.217369472201141 
-2.0209799723197825 1.5884334570584242 1.4299519940082313 -4.561549651823258 -3.417154889907559 -2.2532030993422296 -4.661701347178266 -4.72364646478685 -1.0203949904820333 5.169230339044228 12.67344606491965 
-9.45852007986192 -2.638431843043543 0.9700180907009959 -4.930581706840012 -6.533693857012265 -5.772603866896651 -5.474361571153807 -5.223187858865627 -11.702211770890425 -7.374288076057491 2.252433992092959 
