-320.29220446489444 -208.4135579721367 -174.68012640452184 -230.24624367882873 -344.49401322704864 -482.89234472605534 -519.1927364907292 -520.6859335552116 -522.4968263211093 -519.8115927589924 -517.074513770405 
-44.83781697429012 -56.091407488175406 -31.878141665079397 13.4818401715259 51.686320337744576 27.694401382725836 0.6597532568312808 -0.13634287022132097 1.1951805306631802 -1.3868628682047264 2.109750756244993 
-68.34660073228301 -86.18791090377644 -70.4171423794575 -31.831603927904478 27.550730790960195 19.3532579147169 -4.617483518049662 -6.598884911074222 0.24878238674724346 -5.0751090070492255 -9.0037986447715 
27.695828026143126 22.23997673824349 35.3079523011652 45.27366969799099 5.161371618083116 22.453099985013772 4.169404695497219 2.2437981016568713 6.441755664529495 6.729142885822001 3.1659607350974195 
-18.601788221320902 -22.25041407849239 -14.898495302347484 0.555356909204369 0.8003151225399964 11.484990618086616 6.347791458632651 4.205293612228154 3.0479170163058877 3.394555413720794 6.391101027696717 
-25.542246959770008 -24.548060281013292 -16.158358784890893 2.969106254759258 32.91019925706151 25.530931180235413 19.307850323227754 18.336409370303702 12.808410452852488 9.714329950939925 15.709527830695546 
-4.973064688287477 -4.4069614654484575 4.9696672423580255 17.666032473994804 12.144578685516926 11.140752078522068 5.852272898754439 9.78288874104503 8.318417255842402 5.168511610844586 7.160812632480413 
-2.439124864263899 -5.785228094359766 3.9196849209548317 18.738387628300213 18.830889551167836 14.996127132225642 14.3569159642201 17.891626031414727 15.498403718000954 11.719003403280746 13.88987734081999 
10.09839551875332 9.096693932152501 15.778223033021487 15.467720089492666 3.768278783277194 6.326342559294376 5.814707125874875 11.231522185740639 10.437999955046106 5.376699948618005 4.227826480076831 
-17.42260787541599 -17.21891220725844 -14.287598990639285 -6.342133434673369 7.619646126152171 2.8377387857365552 2.1472265965217656 8.22088175142753 7.8220726545603805 3.798336656271981 6.563158999450838 
4.394331224360902 0.027650837363882436 -0.7954268659165982 0.025585747670025638 1.9582788028873177 -4.854333105413218 0.18238952407091402 5.1241251824614125 2.2115937485987356 -1.534123784726089 -2.445428977811112 
4.288411082183497 -1.637216940426688 -3.439593067790753 4.572509193029157 -2.6995390876932603 -2.8915435440370896 -0.3442823357419982 2.346907740864571 0.954742142454084 0.9222614159374931 0.7126222884674728 
-14.80152528988142 -18.50738282876593 -18.63236535291089 -21.410003022274207 -21.367425028657166 -11.145235695479322 -4.797428309900586 -4.983806437867003 -2.32613162250207 -4.643843821534848 -10.697675173023462 
0.10285706826421115 -9.48446879506575 -12.604172480487922 -16.52203038717295 -8.612396836815904 -5.969395038785702 -2.7545953950205853 -7.345583066261165 -1.6263233670681059 0.01782456479701966 -10.965181145361473 
3.868839291327868 0.22731762529340327 -2.277891949066059 -7.161882389222361 -13.28807139384886 -3.799096457746179 4.988027318870332 1.575965184936838 3.060730410803566 -0.37626113802166955 -4.926638186102174 
0.7286318927180544 -4.509978674906811 -11.743733733257024 -11.86900432278986 -7.6949427139599695 -0.5942727074868136 1.9492207415885243 0.26476313429789344 -0.008279842237005952 -0.036106910820431604 -4.320863691304924 
24.500780226535333 19.77765968044093 5.019937715665305 -3.638775834036031 -2.2088796246199798 1.995049699438459 2.4205386629160426 -2.437622305687303 -1.8486623382170584 -0.08520916416328439 1.1531394190173134 
23.035268745837236 28.089120459010267 13.402494375488534 -3.617979913496293 -5.323199065264273 0.6023365162580222 3.919432422816734 0.40435828223472103 -1.7673080075425505 -1.8611418279634435 -2.6441600781140444 
10.629176030598567 21.571004075034097 14.144879388859064 -2.1530193766431864 -3.5269456647565884 1.2057240108412732 1.9461302066099024 0.5599411138950987 1.4497083911114044 -2.3031080874695355 -0.36922729876477545 
-12.38058067699751 5.7140190597453895 9.260541300976508 6.537773183401757 -5.246036116072634 -2.0348999901525557 1.2502000796097255 -2.294016589879787 -3.0884271842572786 -1.7522464427310933 1.3825405705923508 
