-323.0644906318852 -287.4062817387168 -156.79871814304815 -123.61662077984417 -200.22365533847517 -330.6789939890057 -399.5913910843813 -452.825471624415 -463.0072292002962 -447.99363751327115 -451.5241739609628 
7.036919843392862 34.80022973756803 66.29789896804155 73.29190385227004 73.72374703075813 56.16257011758148 67.04249840991386 63.884837130673674 51.976224532799044 59.4028157860531 60.833110028631395 
-7.347622146609781 -46.1956943527603 -101.7892562853753 -97.98904830291401 -85.3849045256431 -55.55404956764771 -34.42058810527381 -11.855240511719039 -6.9769109971141 -13.934934846241141 -13.807732720086486 
13.12987575192976 -25.02917805865738 -42.99178762716694 -42.18646736075382 -36.69799353559093 -33.05979944740389 -26.808898622524502 -15.888004501713265 -8.835215552768133 -4.788869565989831 7.424758062804115 
25.484909521918578 7.3859146352548075 9.11330745195729 9.772525365604173 4.253480359538397 -18.586199857041095 -20.128917378198096 -14.954107320723441 -5.405032523269527 0.9887910221073153 6.802121980936855 
8.964359590838264 2.5685664925941394 -48.56311701013883 -52.43623141149131 -39.0709031549309 -7.731033234871313 0.47499979538965537 0.7565345870674893 -4.955867091737785 -1.9383583542878404 -3.3450698983889073 
-18.82235637674878 -0.4002253084421252 21.836603234116232 24.184964745255883 20.066177841336934 13.076411164841659 10.002997708388225 1.9318685194656748 -5.92164751056305 -13.822618438495905 -14.440380503315367 
-0.9450088915077605 -3.9824220537284623 -32.028255087738216 -32.08175101425569 -26.72287575950456 -21.89792062030015 -20.715770951241055 -2.9686589288332526 -2.4948856002005644 -2.90495787596069 -7.385382615232312 
4.950869536923912 14.274520821864211 7.5855808240213145 3.661505228793587 0.9435450431632161 6.740535383622662 2.64552371507192 -5.349834907496936 -7.075209335532741 -5.551025974876193 -2.9429284923199854 
-1.4776997238813148 -4.7905799490895955 1.2071644125331007 4.949293843667363 8.917686626109461 4.91492624802698 -0.05382074432165507 -1.8636277630056826 1.1164439019095656 9.672089666988708 14.073557951852875 
5.526462058089678 -9.249562316821681 -23.592646729945233 -23.2279215019249 -9.717518811430894 -0.3415311725682326 -3.617638041071922 -1.1718062186183893 6.664177098757534 8.612473329937316 0.7893973886569196 
-13.99835083739761 -22.37534025030559 -26.380201092880117 -26.94170810047769 -29.00860095407158 -9.921067110843486 -1.5834399854716672 2.6054356779988908 2.635523571491814 0.5562311570014437 -4.2954619452958545 
-2.7097288068595096 14.27686367927054 5.765626507075094 2.225922227211429 -0.6949856866697275 4.718628807779122 -0.16327690929197858 2.9302907281396036 -1.336979673591505 0.9403064689918527 -1.4096522892287733 
-0.16459561034314696 2.3528581965938073 -12.541875883007119 -10.017739187936805 -4.176843039671579 0.13565016454109247 6.485774827764516 8.202012567273803 3.007760236688597 2.7685596748201964 -4.1349043454201055 
-1.0982335335182558 4.605357511375544 1.839488508317905 4.58354872070466 6.16859164946557 15.98575938267099 17.865532348587685 7.685552502369264 4.870570763231797 3.149152703907151 -1.0276599894465868 
17.041275291412497 10.920581739530885 -9.93720750045749 -6.68006704843151 0.1290290989172862 0.11792749624118604 -2.868234847970854 0.20179477753192077 3.901168725340524 -7.8531979780669925 -13.106194631185184 
-4.286265019573436 -15.534040993165233 -18.25200892125256 -11.155674328556941 -4.169251121900451 -3.673877895439012 -11.233665940201735 0.670466704764371 9.506291814636985 2.8185278100508846 3.0375790330482544 
13.093708272083326 7.648423131480882 6.030435982217836 8.668132408887256 9.272793925099093 7.444881593388366 8.403398897334172 4.997464953614639 7.967821651379463 8.21369847774033 10.844699492185905 
5.216507929360482 10.165425461131855 0.3453397964644258 4.368641568291982 11.340240329405857 10.244508423182282 0.09124628806409832 1.7762096333787454 0.162119224202264 4.148353767056691 7.611360477458159 
5.0923882441469965 0.13070406000425558 -6.036672611189706 -2.4032102123646375 -2.1386044122405115 5.307119685037575 5.854127637410004 8.401175340817892 0.14377288593119206 2.0726515326552843 4.11277918265637 
