-414.4351578698582 -407.2845672641323 -245.4950806882958 -131.37805205150917 -128.6142563701111 -220.60906823333966 -327.7105341202663 -472.7397113573371 -540.9582807690331 -542.0168827518551 -548.7840680029249 
-49.36811146638611 -50.69951113151318 37.56615351183037 56.19450515006034 59.63614239978101 78.4257007789403 89.60305474409626 74.78790388830856 52.933630798928576 51.82902320121025 47.6718928205411 
36.00373431625826 29.050524635638237 -65.47720754996806 -83.01377688262463 -83.37262813979505 -77.08648209985117 -51.03141339840542 -33.89987811654447 -7.501659917287246 -8.76433894341437 -8.03223076213957 
-24.8982332646409 -25.497103000661106 -35.518581947352715 -39.463447352707874 -42.53523394730237 -57.9151969972781 -74.24111623138614 -49.60740886828421 -8.015891035174018 -4.0326386627854465 -1.3275030589036652 
-32.326639424473534 -24.16567711040409 7.624813651074872 9.859398446489788 9.289866610096484 -7.906991489515052 -51.35682043511333 -34.61294761901664 -13.363087261255941 -11.418522977436046 -9.654741181032612 
1.6653389567711354 -1.5411198755456395 -29.686368821808337 -36.75133168124451 -34.03514897423395 -30.065118806595905 -9.941406415225709 -0.17642399026055203 -18.98520550208076 -18.16989139975499 -15.302029816469481 
-6.567740182215856 -7.81767933713641 -13.95009249999087 -1.130773111517318 2.3974321339957787 7.292750397405376 20.857755019776068 8.194838479578863 -15.145533106650056 -11.785177637431254 -13.686288243786846 
1.7554836936491134 4.215266761659704 -3.5695852337604377 -12.32067783119212 -11.728543894195496 -8.314637972071036 -15.173919434076431 -5.915524910527692 -1.3691473495229967 -2.7351756741755318 -2.8651096789590946 
-8.263361659277479 -9.028372992054962 -15.166051641070837 -16.553015262362685 -16.49233117266879 -16.706599261741438 -13.334760056804363 -12.10364945876971 -0.16423520074435954 -3.469676987088307 -4.234567644456272 
5.313693563185007 2.2243594740131676 15.403586251322464 22.764005280079886 23.244902635686017 22.221053387172184 14.004243197742548 0.016877940365098487 0.013607773631679088 2.3881021411054686 -0.8219620460454689 
-7.184902571253483 -6.8937844835973525 -30.703703445821702 -33.097210793977865 -30.573854131348348 -21.00331120810577 -16.451528487448325 -3.5867266403984646 5.386290046750341 10.18156342550319 10.549907006668768 
-8.309700229361237 -8.887329613219961 -30.758537522634114 -19.47936986874377 -19.046412077818186 -20.24314822670045 -17.792924972590097 1.006879710663373 -0.7345815594621877 -0.4981807184897402 -3.8455591177663444 
6.65459590448984 6.371037190291999 2.450078635139139 -11.770392033159869 -11.829808412572547 0.027336719180781732 15.168828200412877 1.1671399786346672 -5.825841810313991 -9.81778505919237 -10.869375114457977 
-11.273944437203436 -10.96617525575005 -11.153544992070433 -3.2317408503031766 1.3876813942244515 2.283478944118408 -16.816780027040338 -11.382315760591913 -4.968997335344067 -4.176882700345084 -6.198978145810731 
7.255009000848107 8.772351610642806 1.097036239169884 -5.228386237893185 -4.7523364491780455 -1.1573299869550464 4.347898413926611 0.16481510544719746 -1.5892008684241552 0.2669638120703144 1.57581659952772 
0.7350472529040155 2.5693361117056615 3.292183408187117 6.401702168383185 5.301655135231668 0.11708735114460606 9.04084632569051 4.158241609936804 7.992332571212108 7.842217414238133 6.652400436349291 
15.072303551257992 11.235969366437654 -0.8730924598620633 2.960279912314907 5.0437296832928915 0.0892842209788598 0.6399592539315114 5.5650033149295925 14.76192500997044 16.159918336640324 16.000876284889557 
12.431667689987744 12.67344185923152 9.419685633633403 2.3854659696267038 2.5270640497248293 7.052627949113024 11.72570862200568 16.458856776293935 18.10869141988776 12.965969027575738 10.862594637444886 
0.2546515738100521 -3.155924809303526 4.246288571799117 10.514630879840801 11.5558250999824 11.601486159625226 8.289559516790831 15.931849218104787 9.787995307297487 10.349325194677814 14.33868122318594 
4.4548711418685265 5.749658796807912 -5.61409597735617 -15.53858026935791 -13.590548052487655 -4.649659732739065 3.453242967591504 5.716416834669608 5.203847668671018 5.347605907149596 7.052486424011897 
