-402.70105491523077 -398.69305285010955 -397.803443216637 -403.81432556555865 -407.75629654251327 -403.22810272843884 -224.8130438998668 -62.17958913585244 -28.248393575387876 -84.4751059222117 -224.61496225338465 
65.97829419130565 70.52699669976147 68.46238103225558 67.60791417099145 67.74456856808662 63.03050963912814 28.525491950265497 -10.786416716794193 -15.82030743046068 12.113706793704214 58.60841574585157 
16.56226464433509 14.900894745618231 16.653355952684734 14.930338104445362 11.716684931312953 12.249360547467512 -47.423297666409695 -81.012172026218 -90.59326289648473 -72.19899670188786 -7.476264746960169 
27.298227422800505 27.260723513939922 26.654965378950095 25.84649084096722 23.610863335087295 23.58112837581708 33.28734106446965 17.987073759615694 14.20391321244043 32.28207724125804 21.854397915212477 
16.696179509738776 14.073229759567791 13.7877037573179 15.536740119733611 17.505796515901682 17.65846079946704 14.064322426704209 11.255906092754056 8.385117229875412 22.088549764839993 26.0842407143639 
4.122420919424143 5.827818428424958 7.558939508985699 10.013415018799027 12.089221035144526 13.536917455000685 -24.585092951338886 -32.67146080695093 -36.309191126044226 -26.020986710014277 25.072264147320972 
4.21219207851635 3.8246257910383474 4.677891273073776 5.192138742313752 6.721977460224048 6.035785913336864 9.303854556924025 2.4823866130333663 0.03455845994804263 9.236745439155325 22.105127188720466 
4.046396704286088 7.69716287973374 10.330937263553103 9.257729145712304 13.908420201491095 15.96816886263537 -14.575188092060088 -24.721194437201657 -26.51933945132454 -20.536234453592513 0.9425063514431057 
10.048256729547003 10.182105642538591 9.980412628686834 11.138941632519884 13.74592667915125 12.929813950025215 26.93579429798749 19.89289540261315 18.693061114233892 21.446000264226143 14.111160346869243 
16.57194886364428 12.461374619171295 9.541251610605178 10.791403554768753 9.501859420465733 12.413075817815418 -12.708472667134291 -19.16133087385819 -21.29973244698713 -18.04367236839226 -9.53857026263712 
1.8710412161609618 5.695122304658106 4.997589166942417 3.5605866517573936 2.6788237042850476 5.844651790126484 11.251577964581188 9.932360313222837 4.1374753182605195 0.017211698050941582 -1.0728577405411024 
-5.005064675006002 2.2339539093065137 6.215011608472114 2.196386085278884 0.28149104280331083 1.4740361500556047 19.66549753836263 18.93135279796222 9.563191034040896 -0.09509879474944358 0.5419039229981601 
-2.0700228128000004 0.7628214499618076 -1.3212338058645878 -2.183695468146831 -3.590134421046012 -5.260597232483554 31.597595418510696 31.966630343471838 21.24423779462083 2.6730234609941697 -1.4323265494356097 
6.880850712438811 5.2698331921007995 0.73300408106457 1.06636984389815 -0.43900234613483535 -1.7068218349461668 20.90888233104981 32.55054886901373 30.41790890349537 10.002675204370252 -3.806702179007604 
9.301577683543526 9.84015838245625 6.775808369162771 2.8955522526011364 6.556855777185605 5.2068957356390335 27.573504140727763 50.760593283071884 61.18830731589495 50.059261801487025 13.67328284888371 
9.729999054774485 10.219545932939685 11.42735231430699 6.4823262752084805 9.542966509323698 9.384064729058855 -26.599851394436055 -13.095414304272246 5.34219364631562 13.31708971293041 6.556272960012015 
16.584115750446983 12.036519929712725 8.325001676390595 5.179074183182986 6.063127161449786 9.39800805929431 -13.433341077037966 -18.134704606501128 -5.899997643493914 6.282379917715626 -0.947901131182359 
4.23858210923771 4.301249285595497 6.603744339359389 8.446343877617247 7.79763674641001 8.715638432039807 -1.8291578545401497 -17.237376174903197 -16.19144654247045 -8.185347361864832 10.13946963394439 
-2.5822095988319207 1.8812712015589867 6.4093808454526675 5.505184939704012 5.463554850390408 -1.52445093598055 2.2090637435002822 -5.477163920978711 -11.807352572057912 -15.281079737215965 -2.9042208943894714 
-7.594864922612226 -2.3368916327432077 0.10950771647173016 -3.4011117668667925 -2.059851310868223 -4.991078609396236 -6.3391502621467986 1.842874782641251 -0.7758954574698121 -4.2874490528499285 -7.427595679124721 
