-348.1634477539449 -334.78122836955043 -315.178972408645 -331.40045721664376 -383.7476601521817 -414.6649748892292 -430.7073773275762 -434.64488239541583 -433.3166872460244 -170.52876647787755 -66.7307554315362 
8.052600231213463 13.68298759819514 17.567770299117537 23.03434614967776 29.336157528071872 33.00779098777558 41.76118988975399 48.737691649689125 47.627891280799275 39.21976763007187 44.28924064372243 
14.200710753715 7.922608705111776 -0.3727041801384908 -2.6680745216900728 9.20970750646331 25.318586268214272 12.88152703598858 3.888643253046075 7.8622155212797775 -43.145923494206215 -43.368713947429484 
31.949964907377556 15.886938675163695 12.048993464105601 18.3614097933677 14.434452006666625 1.8215667953612806 2.24688015097189 9.451774185148471 10.437361620610385 36.8661429679088 39.696017928836184 
2.8803724151123107 -2.15362123083605 2.213973291535124 7.959563792357207 18.499377998174197 24.700464758177837 19.69877602364373 15.014486749696683 9.505723299232146 -11.052172000416835 -13.44911458225268 
17.929792336239665 15.950942902052168 7.341002645126827 11.307505195287295 13.326146670538275 4.417995144725198 5.249495748651011 7.850376702493164 8.823363392250041 -19.79916442996946 -20.36247899420198 
0.38243533885124686 -0.25835864149228915 -1.5976028692555018 0.5502611753498182 15.006962828424841 16.887963047444877 7.588155484717146 2.9860746267780316 5.187716499172262 2.5243551956984995 1.60497848914692 
-3.8963577741867548 0.07943895243942234 -6.192077680483763 -7.956751929121595 -3.0473964523858075 0.5523281055989088 5.698263527682505 4.483701674907355 1.5530217547662108 -19.380015418283133 -20.081031872841507 
13.1686618659077 14.909804073949076 14.28487366394134 11.253736041348333 11.899842735256009 13.784071012377629 19.44789203158401 12.525258110657923 6.299681610513568 2.426698290090393 -1.1962204857749124 
0.9497171856811226 3.1435539523420744 6.676023430331526 1.9537469532256793 3.134675760696929 2.1013891056091443 9.462020518188258 13.005567636168378 7.41423400986994 -26.731087309058484 -31.270672454483858 
14.078839510918101 9.13710751751745 4.020753518976681 3.1979295709234603 7.747642381667639 10.686440446663187 6.783848839167678 1.4021746336626675 0.9825880027466414 -3.698599966370023 -4.991552780107719 
-20.572474514140673 -10.497339962145224 -1.577441920777833 -1.1769896805882627 -0.5666994903473233 8.005371197011652 6.55999964925879 6.154996302367779 6.020824340386207 -1.4417621715021844 -5.674660003093353 
-9.506988016305266 -0.489406921392741 2.5976816456318437 4.562217808585789 5.058066730885641 3.1581594067878527 8.301291685960965 8.301565714878588 8.511222458664342 -8.233176810521575 -7.4985205134307265 
-3.078937763615087 1.649590836180185 8.717277447888357 7.610788232834108 7.666695623679388 5.904932258441255 5.649162517346588 5.432461060676458 7.149780700552347 1.9966017796942537 3.2588081808067857 
4.265081194122654 5.221049292024312 9.075543181987612 6.525914650086368 -1.3425281147968071 -4.803705200039133 -0.7554336383585001 2.0537511221328537 4.377390922177476 6.269562513949337 7.982840816995623 
-4.594342962921138 -4.246086138578143 -1.4446048122822857 -2.9375403909989544 1.0424876633779414 7.678498374909279 9.504493671737468 7.454309590100535 4.418672132621961 4.565775963979954 3.452040858783041 
16.952885289792704 8.723581275539324 4.056904161238368 -0.934852964527709 -3.6772269140466416 -3.6967544816332314 -5.710089089735606 -1.7881909769921362 0.238776071793719 12.851482095822744 12.302821214741291 
-2.880146998963137 -1.7964926653092899 1.7596524993189955 3.303624678583112 3.149607174824912 2.2492868264987145 4.821030450694364 0.5635620396395206 0.9150249132376072 3.010481535696147 3.615304093001697 
2.282922834903877 3.618762096188527 4.571599673002513 2.125916039438893 -2.7646413189559604 -4.671728817189194 -0.8708477736129695 6.334192306819811 5.425521621316587 -3.866548355654491 -0.7231480723367283 
8.681779402167344 3.456829689352388 -0.8297538318414676 -1.009233993925377 3.689946806294397 4.761636067103754 3.701440138501721 1.6556158500473797 1.8378649082803045 -6.995987392083753 -2.1978841267773253 
