-450.186546214435 -444.0819688376575 -458.13831800551776 -440.5647099577734 -312.32032221828473 -109.50533219917077 -60.654055521491976 -129.08648968715485 -321.12322645915117 -336.1211554507598 -354.8451972718903 
-27.80234422166894 -23.58058770875284 -13.026868935048286 -26.688817810537117 -0.9712564813451734 38.48169244330222 45.863553374388076 50.554938114917135 17.876493030340427 -17.53452733712827 -21.236083588185444 
12.831501230504859 4.731179764877866 1.8398891336378864 15.27981154812414 -41.970253645902815 -91.59068607142626 -91.09716174608837 -82.31584197053431 -27.82692809976733 -39.57669444689144 -44.33255935903452 
30.657349260751246 19.428956835454837 11.214128345178558 14.602959908234926 31.625377843385287 41.894549730405274 38.6322034465135 34.684011775087924 15.248838627781712 7.348985047273894 16.211516692211937 
-32.72685457783582 -23.844195560336736 -18.505543999758377 -17.860157581179877 -18.40908619576652 -19.518501391938834 -16.806602533762238 -10.81477382601354 3.0044779731449824 -8.016060997285368 -13.800012053651784 
-2.7516480074974004 -8.374560185428358 -10.466147770454217 3.2533802683564415 -21.456052002526214 -23.14139599786926 -22.72612769804455 -19.304044948197998 -4.752274576305661 22.453308946022496 17.696616153701328 
2.6248615828652153 2.5416486359439174 -1.4482407938545494 -10.332582233190726 -31.293253186144476 -20.50783747485772 -19.292602281026994 -20.649440202513844 -22.104302105689097 -12.13003932624915 -17.091800099965468 
-13.355465061839315 -11.210276228674974 -6.809458646094447 2.319462671283584 -8.342340950225584 -23.60890837350645 -29.29160942255489 -33.24735041913462 -26.463878847836114 -28.51310597544821 -22.33947635936543 
-2.990339086598465 -2.7712740507962477 0.2819011122175087 0.26219217118643584 0.5776139488108194 9.287558771661171 8.553448798967421 7.487556092429465 -0.680475315128255 0.4770108766339306 6.572373178142193 
-0.8900231169324037 -3.383178454769575 -2.473016468124194 -6.170384038237021 -18.097560024883236 -28.05714208976396 -29.789972014524125 -27.956480044250494 -20.57533570833131 2.053236295032756 5.313249047200803 
-11.275254115771958 -1.6344603849285155 7.297282498190688 1.823752361267705 1.763402746524614 -0.8252381152580617 -4.783715578660652 -6.853276932150826 -11.33883329253199 -9.29685301245736 -8.090603493417579 
-12.107445698568245 -11.127293341053337 -12.955302451301023 -10.223466835209836 -5.3610584484644175 -5.292776928460166 -7.03315644938513 -4.039798436261795 -6.8107488873731965 -18.81295819985065 -17.537136617102274 
-4.87685314528877 -11.486782493469608 -13.23272776376412 -4.777564924613218 -7.006130400170452 -13.816300633482072 -18.606358912656017 -19.6376682093537 -11.72985609933384 -1.1431430423342657 0.04091015588391922 
6.642522705585399 2.4456138791001 2.884197031128969 -2.7356335202632325 9.45459127845189 3.541046619462466 -4.901986513991716 -10.25563295580938 -9.010645678154763 2.9603982570285643 7.391049433461481 
0.2713485466825211 1.1613748057727116 -2.023283614906827 2.76004032407295 26.318812523233383 22.29770249123738 14.347122059308083 7.191070654381759 9.409403669317165 1.5734122187492412 0.7411365609452314 
-7.062824137645915 -6.717977074791568 -7.419795810935666 -7.436069065099463 15.573927028026606 12.972872399903007 4.738837743847581 -2.393244598234333 2.666715220424496 -20.20747102942793 -24.103161735049966 
-0.09062099192584805 2.185666024987216 3.38290168378112 -0.9250674954959784 15.120620125179844 34.29699932481519 31.79202278988608 24.62523482114262 7.277889730896439 -6.371574461819732 -2.6568003437958505 
-2.9725628533022173 2.9425878955539146 9.484364430651425 9.634840739037832 -5.396599247554218 9.459194927130866 17.538079370208152 22.645742103882025 11.992237322025774 -5.888484902901524 -4.778450596502452 
-2.2177578682985275 0.24587373082503636 6.815133637752628 4.631343021669605 -12.701790310444247 3.012652599080007 13.550126963355302 19.028342448519894 10.898544904427986 11.24705449111829 11.521374529282483 
0.3345676685011676 -1.4989352657345707 3.1333079430502675 2.504570244408063 -7.774844673243491 -13.20751818897741 -5.251658445501804 1.9245502885741639 3.8734879961977415 2.270281843714902 -0.3910182205458761 
