-856.9777334540006 -856.9777334540006 -811.2005546066788 -695.1858052400629 -454.8325541216676 -236.07381632696027 -180.83058366863526 -236.9291474307997 -358.9839566366604 -401.22809364922813 -540.1105429994473 
0.0 0.0 2.1735319213636424 -1.347117511786818 38.02998378214102 36.95711985571333 40.280451848966884 50.365480344421904 82.51578775417158 100.77561696612034 107.67117157356535 
0.0 0.0 6.13464533581082 2.8090511914179475 -43.72546046657888 -61.99620086946992 -62.40620216023527 -58.65949922617494 -5.590788388758842 -6.767075345656645 -8.495957572239366 
0.0 0.0 21.739382156254234 9.675784289447042 -32.7633050281596 -38.47337307969308 -36.773666965668625 -36.5654131344701 -72.02802959850895 -72.03372384991252 -58.4200121471913 
0.0 0.0 1.2698759480394546 -9.858844178897456 -5.877387015609894 1.6655774385501723 2.654554703300187 1.5041283487754136 -22.539116805256377 -25.19889357443664 -15.561840818188013 
0.0 0.0 14.18444796777457 4.992668051537667 -43.41161432448368 -45.44915602821444 -34.890518107421734 -25.235290615357613 -19.14383247701407 -16.037727956652155 -18.787398249002415 
0.0 0.0 -6.5972640044553845 -2.695070056895665 -16.236215164376976 -18.11993974786825 -16.235828196380172 -14.837218517535643 -16.655394580636983 -8.685132538181247 -4.19445789484935 
0.0 0.0 1.3352603578657296 -3.8181165002750586 -9.254068566487813 -8.846672142962849 -7.2061722042214935 -6.293156070650502 -20.664945942354315 -24.596960072657446 -14.934613156013459 
0.0 0.0 2.1373503621600856 9.202136074926939 -4.596144174350153 -8.950977530120344 -4.778941214277223 -0.3832030426724865 -4.150956443406746 -5.610149157864846 -5.335704922560325 
0.0 0.0 2.1126774990265518 6.715072771303131 -7.6793968007314195 -9.449862737261842 -9.919096740136261 -8.578340958061613 -20.74361103452803 -16.037797267607623 -7.038706853596852 
0.0 0.0 8.1071002804112 8.20995488195723 6.6225432850377235 -1.3344507025369094 -2.8064288440526335 -3.174464645168688 11.654590534666848 11.14375384822429 8.944053340604277 
0.0 0.0 -1.3896452174281335 2.8236507780781794 2.2241552732713252 2.3427008851343043 -1.0296482724928389 -6.490827630569153 -7.382841285595255 3.2148785100226682 11.752876910968705 
0.0 0.0 7.027491795455027 2.3862119878399737 6.098968910980238 6.598481235189698 5.98953564984123 6.146442960151752 11.5902301215452 9.487164162139415 12.577572740031286 
0.0 0.0 12.08950521499407 9.107464788274559 3.641402685241118 -3.8436925322510715 -6.081372562087788 -7.179794333217691 1.3302545773543495 7.065186251614417 7.794738435149485 
0.0 0.0 -3.477770222473465 -6.623078050004146 9.218162504319316 8.132940079030613 3.257759147243217 -0.268318143072825 -0.27892595140877574 -0.3162430881021413 -2.700493482228335 
0.0 0.0 4.638875461463458 6.070784762602324 21.408899155405024 10.29957818117626 3.9025678154935637 -0.6863111423345304 8.525772917864057 7.596317985023228 -2.1351336455370857 
0.0 0.0 14.973910157774416 9.654736504883207 13.797575046809404 21.212727306782696 17.734795633128876 10.804826779280496 -2.708291660872243 -5.096691907517188 -0.5181838606097571 
0.0 0.0 -1.7763347922692942 4.791354391228993 14.024104749166419 15.691064631728139 16.418254905721618 15.517603697144548 8.181521744591826 1.95821899686563 -5.147667195796743 
0.0 0.0 4.273933835289114 0.3325167572224163 -3.2173656907140846 14.083481689579047 24.26994879025684 26.583749942382603 -2.9124091419961555 -5.815227032150303 -12.280311879323754 
0.0 0.0 5.53186834199861 8.840006158308867 -7.857055769226966 -8.726267344792596 0.9735917536446737 8.47051343212485 3.7494536885360903 1.3099303497576564 -7.585835101269548 
