-348.1708014701797 -344.92969064040335 -348.68181333590576 -348.9641267285192 -350.35173939929894 -342.63547878907457 -261.74926107858084 -78.70149734556314 0.0 0.0 0.0 
22.343733533793255 19.70484731470259 13.93116661144976 10.024341097074672 13.520453317124277 15.544958708665131 17.072059481046 16.07590686801585 0.0 0.0 0.0 
-24.012564510444093 -27.914039476752002 -28.489926309081568 -27.75170656704279 -25.659426583064196 -26.818938045827824 -26.188340871622906 -31.05602510686556 0.0 0.0 0.0 
16.190217103430427 11.292914974039105 10.570484355713443 15.025840980185865 12.764657964607846 12.350844294283657 -6.135640600115126 11.440503447106952 0.0 0.0 0.0 
-22.646685047848035 -30.105077649631788 -35.677275363953264 -34.66978346102746 -29.919594132215398 -29.094456188545898 -35.683627141380626 -30.753592966372267 0.0 0.0 0.0 
9.496274905952028 11.317011532568944 7.570222655347856 3.213055414591765 11.20500906809623 14.197885252082152 6.9123389069173236 16.96699720965659 0.0 0.0 0.0 
-4.618461600485617 -0.572075590007656 -0.322226325408564 -6.323248314181779 -8.162520656130528 -13.083790492715533 -41.486500462756915 -41.2360964406562 0.0 0.0 0.0 
-6.091941613990864 -10.44103752270975 -8.175799337052423 -3.9883926260437192 -9.058998927560681 -13.153997389102809 -6.32388086919393 6.441377315272476 0.0 0.0 0.0 
4.931157976035891 -6.47904334925709 -5.968703245293274 1.7378268825002254 -0.3982209574961533 -1.7885725603030187 -15.744870455308881 -24.327118928242875 0.0 0.0 0.0 
-14.644326905196927 -17.938580710916042 -17.163060706723655 -15.711912564486003 -19.09445150611691 -19.20963141572961 -17.206457043000984 -15.47517250757534 0.0 0.0 0.0 
8.626446786948488 2.784243888349205 -8.382859680531022 -10.726089904847075 -10.780987636273075 -8.297876376039689 -3.5921100326593516 -1.9901323811293063 0.0 0.0 0.0 
-10.0808507650521 -10.122935582651408 -11.814992931732776 -11.95155649092554 -15.074101494591922 -17.992643711878824 -8.473662774002346 -6.299280629558016 0.0 0.0 0.0 
-19.57942228033873 -20.314027303311775 -17.50994113259351 -15.510085004269218 -17.195092817865433 -18.497093678954705 -8.796667930306361 -8.292855675383205 0.0 0.0 0.0 
-10.856336444300762 -8.309505067805137 -5.543028796444166 -4.705162954416127 -4.667347483056481 -10.326856323167213 0.49335194147302797 12.725254830603852 0.0 0.0 0.0 
-14.25448584854842 -7.132340427106142 -5.842386571185075 -11.096487291866339 -7.313160588539346 -7.019535429257718 12.775542403726561 27.060099175585925 0.0 0.0 0.0 
-0.5757795301044397 4.014198242635373 1.2798003900278605 -0.12303468509721127 0.8169564128359901 -0.05894271475947521 2.2888712555858897 15.570779494273767 0.0 0.0 0.0 
10.542312333331108 7.442677435792751 5.888306686102755 4.662508406666102 1.0355889461628554 0.8956184206357498 -10.00328634887824 -7.919890755406206 0.0 0.0 0.0 
0.32226572706805157 -4.515417544114488 -8.813704203662887 -7.5029787355 -5.604802835174485 -8.61282962229264 -24.12822038968858 -12.780539975410125 0.0 0.0 0.0 
-5.303122262908973 -7.031890583368868 -7.789886584375785 -8.064200228289495 -12.96237408209679 -14.659176518678912 -12.702977306932961 -14.93583535557504 0.0 0.0 0.0 
-1.0517133023354688 0.2730758708588409 0.0790042814255163 -3.8098072865191033 -4.751752130340147 -1.8256458110585485 -3.97321649307982 7.37152372006754 0.0 0.0 0.0 
