-420.26777347923405 -413.55122705058295 -398.0827958817997 -235.7139658549001 -164.08096779355282 -133.0615674007791 -157.70697858521086 -219.13332453690273 -346.1374502151111 -431.91129510580276 0.0 
77.00971857924519 79.57464905429876 69.92604863089656 -1.2784047109900836 -13.391128113659178 35.077663202896034 87.65412999336448 86.37263631212251 61.75725741366558 80.69306157706416 0.0 
6.423907782947046 7.273491083094065 14.086832548766989 -18.12428266834467 -31.587260307751386 -16.45630985304691 -9.507249256309676 -13.120975787162198 6.697449053936925 1.3407517673233356 0.0 
6.214162941379948 5.034800003331295 0.5887594073405913 -3.7251734037193236 -8.325786131319068 -16.710149866050504 -59.535634914230755 -63.07683389903244 -35.18014957256497 1.2628452134533927 0.0 
17.95964572490673 19.87939623369085 14.675050353191697 -31.392225448043938 -42.02114677109924 -15.030946119312048 18.14480986639935 16.8416944694779 11.288046089531646 3.5888792937637866 0.0 
4.147769376738865 4.059284886938836 2.5909556891917997 -0.7758546545710977 -9.633780027669594 8.951047201956829 13.304515087727937 6.311490819138552 -15.95077541604607 14.518333812849937 0.0 
-3.863757371041141 -1.47616038816237 8.28795319193957 22.244974351302904 12.005606793759867 20.489602098389646 24.218283924422998 24.61064446561108 15.224905489223746 8.507068708806846 0.0 
-12.652937615658495 -13.978305897674868 -9.79597271701123 28.192217050846374 28.849751120902 10.514095565514388 -5.812374360032218 -5.955136622766439 -2.2919024991030796 1.498933055087412 0.0 
-8.451624328091208 -8.011768837104514 -2.038426376426043 13.0719484947114 16.256034744046502 4.709347759017337 15.694682484808293 24.343115757168288 32.213359590519914 2.8427328695555736 0.0 
-9.033891069119434 -10.60421791631228 -2.8480186515620107 20.306856825367298 31.721809986735423 28.66506498364157 18.344594430607213 17.695494745847732 18.354092718032447 4.87438111007377 0.0 
1.918823003348844 3.0211591830809454 -2.8069814560769597 -31.758926039617386 -18.867600662438164 -1.1184772758591741 0.7872486743042026 1.3683392770099854 -2.958598312253005 1.3272100626985595 0.0 
-7.925638129029883 -7.279580275184594 -0.9744783745396168 -19.598341625519982 -15.654657775461315 -4.195941389749705 -7.676320370507504 -13.318034788965601 -23.280360672409145 -9.502907875354419 0.0 
3.7272064372787157 5.904341798481099 -2.1843581685858546 -7.730289702323349 -9.812030019926402 -4.971587156986006 -1.559202089491312 -8.190629252631496 -16.309550682817218 -8.181955066305688 0.0 
-1.5352754526262138 -0.042707393247426784 1.5020667345737047 4.348279786045197 1.5827798747498638 -3.908137900503311 1.693241124293355 -1.0891310424164538 -10.081164836005508 -1.0975154606147322 0.0 
0.9093217259374402 2.3442911301778135 1.0988903069125011 11.366351390857943 12.61690213309496 7.1100209544079425 -1.528958996828215 -1.360139576043467 -3.570098184870397 -4.923964434859377 0.0 
5.18823456700788 4.85549969064252 7.149006648545193 -0.9403289162867418 -7.028101373890274 -9.763766541015372 -1.1000003037048691 2.8442194850581406 6.983856997344189 -2.875487975280713 0.0 
12.601030887408339 11.27588696443328 11.02447683038644 23.626554637658003 19.170160040268016 14.185563757302255 12.694336254128043 17.262569850975922 14.3600981997856 3.293165065966858 0.0 
7.5842634565763865 9.23210903172323 16.071217172461353 23.5398630374488 26.041493582980443 25.720151420804278 28.28175131271764 34.143654786979376 30.17214029548419 13.372060832242148 0.0 
7.136372819737362 10.324138779683413 9.160813103283141 7.990042049486882 16.98461029798547 16.214138902473998 14.188806030403637 18.391586758702964 11.498566878484734 1.5391041198220436 0.0 
4.08718293401601 8.081449738595655 9.07383707280344 -16.236540577997445 -17.950999055667467 -15.543054315662696 -9.207820494762416 -8.398838481295796 -10.22745121406843 5.002372227742585 0.0 
