-725.0117323896135 -723.0050150319771 -721.7192441757594 -702.6403890314202 -706.2343083102502 -267.27384934089025 -145.03345204756818 -138.23782010576235 -161.9310316347301 -201.21546717778713 -305.77928614886656 
55.393765879609504 58.719398636769824 42.82272685701213 25.463587221973313 19.360166314341722 0.037513371940767926 -1.259908806082252 4.988483828075044 36.17935933511913 64.73686876961665 70.18491192249208 
21.38955589122186 19.493336188927945 7.962076554052532 -15.22300960223479 -18.281644986894968 -38.14339911208554 -43.457134787183215 -46.44130822039895 -29.75367355435411 -10.751128881439996 -25.763322101338847 
4.902945497302262 -3.07631996729812 6.069279973479999 19.844586588456476 14.852706161428873 33.70001821133167 34.34663725387683 27.72150758527885 -42.85374532907611 -79.83501686962818 -72.72141321624795 
-9.714788755052847 -14.883409234369188 -25.61958363719485 -39.50321396850904 -34.192643387687205 -31.924475629008313 -28.010781888661775 -29.618285265719322 -33.20650482099416 -29.514140153404906 -18.958383916157267 
-17.84385138956973 -21.620731951764576 -30.069435355896076 -33.49537146535661 -22.660661000338337 -59.366765046193365 -53.75372306742959 -52.522076694020164 -42.09113639677892 -28.831162073986256 -25.670651553909096 
-15.428987797253548 -20.882567956974846 -7.378054531118057 20.18147274486563 18.65160679110869 -20.19637090938867 -19.194499354809032 -19.476227081955642 2.155083588122072 19.786606063273815 28.25217390630199 
-16.64601269499665 -19.130604240142073 -19.437801111866712 -20.51671381515339 -18.528081382267395 16.70201204889935 15.877060743488059 13.438601708376513 10.372208407874503 -5.92252593696371 -23.580612228761865 
-16.41535153440207 -16.537597030570307 -16.19727171915093 -22.472058266759447 -27.709478863715685 -6.95055861485835 -5.959249931477503 -6.668593427456033 -22.822483950333396 -38.16938777037653 -40.06229055534658 
-8.170403181973416 -10.168729897976899 4.048694456421558 15.737595478741449 10.849988498789507 -0.9234628010599807 -7.424095108480211 -14.681314668207158 -12.682030865426787 10.525063990060513 12.788194823199385 
-5.823480332223786 -7.08589203111843 -7.615100032474523 -0.35732983205383817 7.129233929563759 6.35000017197173 5.505733902570691 -1.0774747983821626 -6.1678395033106055 -1.020114101593007 -1.1475551637285057 
-7.5306403982950645 -6.119900500221711 -7.651754901174495 -0.9220723896558808 4.153724572885995 -0.4022606193934927 1.2510644404890485 0.58348182617873 9.13713349302203 -0.4753320840891807 3.1902227161260086 
0.8129838577401363 -0.409035471124147 6.853095351637295 9.72804478533689 11.055717501816666 -7.4437252898183175 -3.92918628004983 -0.8967875715365676 -5.884415295811786 -6.775642090134298 -6.670660697985961 
7.130279034480507 2.837654072848247 -1.7410294875635919 -8.250317625980093 -15.451783266677754 -6.950800131687808 -4.413246298723857 -0.030387805067490947 0.1264298694377785 6.155138593327617 8.7500821866108 
3.8757909959815606 2.6268553463299775 -0.775118875853053 -8.784610020453476 -15.37005425810365 11.534216829543563 10.487105053742713 12.377420789244837 8.440771603895609 6.552364382143719 -1.829656040925085 
7.956381806306199 9.663727424772123 12.161157344092 3.4108856427637635 3.331456673152547 0.37879988138461956 -0.3551364330051638 2.9075371392813727 5.326385856989805 2.6174659429824336 4.906899370671239 
14.743513789426475 15.36320848005683 7.690900039624152 3.7555876130431876 5.349526955112806 -19.261921079561322 -18.673929391474093 -13.972162710771908 -7.267273798097837 -6.9191470414278875 -4.398023469304495 
8.243735625864328 8.23190908914372 1.670496764846364 1.4916605226028214 6.157094882299326 -2.7341051474423486 -0.95502719765498 1.9832564248233737 1.3707234325355764 3.812145164850665 7.038280273417374 
1.8911183226641906 2.1680216178182437 2.8621617131743387 -0.41295154803800027 -2.7072569199722127 -10.65000098420234 -9.211119338740087 -6.7860048351768505 -3.549782652131297 -5.620693379830304 -2.3820403714752065 
5.933016874288582 5.642858760255654 3.640631595737987 0.8484801188750968 -4.0462900359551774 -0.4836422793310198 -1.6732877046467611 -3.297366034343735 -2.3515762129488973 -1.928968753555545 2.092411712223605 
