-383.13823471027524 -361.677027408573 -217.44116872704345 -111.22712742821193 -106.23984725206527 -172.39892410304827 -257.1583687529362 -334.9174096218695 -387.3017998898657 -398.80482162471145 0.0 
36.656787679322974 28.287798152993453 47.585204638104756 43.74574044222837 55.296000066704345 99.24143728967088 111.45658502379948 79.77644228811636 50.705827179415934 37.52003330267553 0.0 
26.89995134580365 33.58832474542145 -18.63144694070222 -50.88226515940204 -49.63557855957565 -21.791541578605425 21.18940113032614 28.73604607799644 20.357553313928058 12.406491610952715 0.0 
10.897780266601654 12.314046049256378 29.05373653341376 26.915548287156057 28.36964067181151 1.6775286829062677 -37.56923235808074 -9.960801695331199 14.89690778190717 11.260434914073883 0.0 
17.39075328316985 19.132262211667545 14.332235615385745 5.958071309321017 10.592245461177324 11.650977704503397 5.099225055873019 4.74587074585821 11.454690874653032 7.954800878177643 0.0 
11.939467602188579 13.442736974563646 -3.1292686454908702 -9.676873651546842 -4.279284733986189 6.588355509878469 11.72270466413195 13.434274057507071 12.989009622704256 12.997205190529803 0.0 
5.712805741658928 6.754568236413894 -10.776788933193615 -17.868931717996677 -15.725766850495981 -6.865111937602762 7.742838370337594 20.09071129466204 7.734312529046352 4.48317601692051 0.0 
4.5461516548190195 6.682941882789607 16.87766555559338 10.747610955491766 9.751403275515782 9.915237617409083 -1.7669954309587523 14.139884385212321 8.138502468127976 4.751194280642685 0.0 
3.3835501998961095 7.9420001506784965 -2.320254890194137 1.2313038204122069 0.8693838204102221 -2.1680976796831537 -6.630989259673328 -0.2221655753045812 7.900151737545222 -0.5388606775017255 0.0 
3.357940472168182 5.274642259858747 -12.760420092140325 -16.953978081797565 -16.810625361373972 -12.038138863694044 2.2458584403745245 -1.0760584655348886 8.39173193720921 3.0430270741205314 0.0 
1.660843281455516 2.3624281492981583 14.901724467239152 16.08873669841254 12.118106280978022 9.24477367737036 -1.975795600214858 -1.9105830196689693 7.56022761703445 6.520662497194189 0.0 
1.4031129074604887 6.705412311060576 7.8200166436210266 4.4367110758302335 1.0556481892260172 11.34902612192895 13.625549822209813 11.392458327394227 9.447416876321633 2.3337261586183784 0.0 
-2.903531583580368 -0.2187198131668885 5.001889779688442 -2.6182054365724614 -13.25544463669043 -10.272063579237436 0.34294215438851494 5.701731149838585 4.286054455987821 0.7054686484013906 0.0 
9.935946996092639 10.661332896327346 18.72189553432206 18.833830634791624 11.736151953307248 5.406745602382564 -0.4696329809853532 -1.9499896265205021 3.0699356910700706 4.049558546933659 0.0 
-7.964165858376868 -9.635594713198774 12.309251351321489 9.177772633839712 -3.040708857474348 -12.08656772826026 -11.565725738731626 -17.145006711214528 -1.7645263890889702 0.33888096212385993 0.0 
0.46495485066561815 3.7943373719518245 15.79379949921509 28.249627096347616 24.828900784415794 4.536154918936489 -2.711858354427246 -8.529975398986592 2.185418762181968 4.426892033837927 0.0 
-3.9928384712631773 0.5085493419981627 9.539644208101459 17.152836590700844 15.341643186135997 8.96553613381991 14.26066096282546 10.884653091098263 5.614581526209326 4.314397000940433 0.0 
4.694092152104753 2.011541803994879 -7.531157177161292 6.323347342859602 14.796027332938369 12.52343503767803 18.62462004436582 17.664716605873863 -0.1821014168231584 0.5026189929577525 0.0 
6.886376536033488 2.1539921075492803 -19.09924515511606 -15.880799960894223 -5.103091917437944 18.575472228641203 22.933832815781976 22.681934334353443 3.179286252467091 1.1157120095188835 0.0 
-1.293984499516113 -1.4103960184958493 -0.9689165562628679 -6.54197135179014 -4.120249592500122 5.819402107009404 7.011294242477678 7.568298220798234 0.23619462798014568 -1.912751745290191 0.0 
