-717.4948476558428 -717.4948476558428 -663.170487491976 -253.2757316269099 -113.46202545751247 -59.05016505427602 -61.810733024444616 -136.5618600256325 -262.1447354100171 -326.47013694734835 -395.55487514346515 
0.0 0.0 -31.927828529873434 -16.6556117435684 14.181267095839216 50.9064445331626 73.78556153859795 86.98116706452528 106.22176985229135 86.06678357321698 28.666904316653277 
0.0 0.0 -38.332076783667475 -7.230189599621145 -23.762101829541045 -45.989299917339125 -38.84097904746745 -17.582603968103427 2.8019950984717683 2.3082667360006317 -3.8361397210296877 
0.0 0.0 42.645510922931365 24.60375603809726 11.550504275450274 -29.153643290074754 -72.1628113531537 -95.40719570881397 -105.30090849714955 -94.25439248738712 -39.16408022195491 
0.0 0.0 5.3904694567949 1.624182239859401 0.5101269193840658 -14.566659104859697 -19.34281115859867 -25.327207843572687 -22.203625412958537 -17.53474411715429 -8.417455816160011 
0.0 0.0 -30.050181690423408 -16.88086191324195 -20.883054232867906 -15.823346569551687 -13.127912836240544 -2.6801283925179655 -12.093894955254017 -18.903037329301043 -23.62882421689379 
0.0 0.0 9.336266123839048 -1.5760442303890898 -10.048373404389238 -1.723442253326768 -0.006988762723993847 4.950811676210474 16.47885057816234 21.382333646237633 28.86170233414415 
0.0 0.0 16.771497349490737 0.9258676859524432 4.872379057410298 8.72232027769055 -5.690540448400931 -13.411604943769726 -5.092550918304367 -8.812236396789634 -11.158666833915705 
0.0 0.0 -19.41544386051401 -20.471881693311758 -9.476951402524307 -15.691322593617496 -24.529328412892582 -24.69412378648648 -16.920344637237786 -15.349268255656876 -22.051781279309346 
0.0 0.0 8.27883397623635 22.638473444761242 25.122873106391307 8.154540455446726 -5.630602497267822 -12.667326056995403 -11.806948415854798 -11.358430975866753 -11.484004191511126 
0.0 0.0 1.8639863100245555 9.639160799534274 15.763780103373367 6.202765663492141 -2.2712929310914363 -5.31960657710292 -9.727213565906482 -13.886323253106763 -14.190352494016963 
0.0 0.0 -9.240835718459142 -4.15327145430234 9.834930512355124 10.784415812083555 2.4461668607988125 -0.7227761266041426 3.39920339395342 5.808593170347188 5.538596779747312 
0.0 0.0 11.266649880975079 9.626319363198519 13.948430593835816 21.585036251411942 7.357479628701534 -3.4154010811301845 -0.6801173326430043 -4.800906374058902 -10.220933480737113 
0.0 0.0 -3.5095240049041903 -5.229773698326691 -17.23991254782222 -1.7286246757215626 2.9973460161664973 -0.27309033495642354 2.8187789347098295 5.0547412903082645 -1.6574958544377227 
0.0 0.0 -7.930413489183659 -2.450805548510881 -7.706244794670157 2.9992020151550136 11.230137786931135 10.733213231187069 -5.04113424839274 -6.014616847578244 -2.822259000007411 
0.0 0.0 10.054961856931094 7.797690449902264 8.21823779711907 10.418423555323841 12.949372633228451 8.2708391216444 -7.532223749769896 -2.9670377623026485 -7.493093962597918 
0.0 0.0 0.6728571783138315 7.755196175240048 3.4126993428090833 -3.060480431044598 4.163381423071772 10.960413989592475 4.042823224573671 -4.330410679771943 -4.646503034825285 
0.0 0.0 -10.550609736041483 1.5579240393566751 -13.7376484282863 -17.466276312010535 -2.7232646631914186 10.287303009244471 5.319671508645941 0.754443160310158 5.451712512388132 
0.0 0.0 5.258761047391584 14.091905127163919 7.608485281044469 4.193925842278776 2.7058626630616027 15.25827585167927 22.401024772931535 20.505065636021712 24.397224029917883 
0.0 0.0 5.933268754036943 -2.230656535973801 8.87269941088297 12.227278967185548 10.333602489264198 12.453648336197066 19.894496144146867 25.060413297426322 24.942011679306212 
