-552.3121983765633 -548.2052984068227 -474.0721110702213 -170.60384875731953 -69.0285641049269 -64.61489605717821 -123.86290310795434 -151.41342021670232 -159.7285843457307 -240.86685737211465 -379.20313857826267 
38.93744086119652 34.85832184322167 1.6461558604841786 11.20410777927884 -1.3792856119668677 0.4703936202283415 32.82815988471614 60.582375848389844 62.17697027099881 72.32739844080612 84.77261969194821 
6.8178043199095 5.813811685379608 19.68554820612919 -9.45051687474051 -10.014916650632689 -7.671648285098573 -12.144137636239854 11.625945353688337 9.487998289218979 13.211173084832442 19.723577583587893 
4.245519156842443 6.969370621793648 10.75898166404496 -0.913397571982014 -0.043880835814996424 1.6193301263666444 -24.161494743457396 -57.38028828641859 -50.93526246082528 -43.60804277727972 -29.44522168741683 
-0.74433886156691 -2.224384267841435 -2.4278473592343044 -15.431687600491767 -14.470865745611421 -13.162267262174566 -27.546298021970237 -11.711307724120221 3.6019470402156415 11.483844377173014 0.9349386329246483 
0.41669951578798403 -4.244300407583716 11.288525354334737 -1.1396355298190806 1.2764242915689072 3.646219193969494 2.7613990266665702 -8.726273528081869 -8.07745975993842 -15.718711524448972 -23.84373236690446 
-1.324988903972363 -4.843881483832799 -16.49886302086685 -38.27435318799202 -33.74346262982916 -34.203427232861905 -27.66748817976472 -0.3613288220759519 8.64952072244654 11.880682185281735 3.4003789399677418 
-0.28475196820605303 0.6830441549672417 7.121695072663415 -5.902864762809094 -2.031762819808481 -3.7481895362922297 -5.5260790899970536 -9.378603853692537 -8.87262939392567 -12.155850659963818 -25.280447437392965 
-7.604100557955016 -7.232623849476692 -12.497837415905353 -8.25504453538459 -0.8860944677737822 4.742305601642295 -3.3694578956543064 -28.415184300074053 -26.644090580746536 -29.31298800546021 -29.96657093141517 
-9.43539097615258 -9.477405715656854 -7.475521169593108 -10.765749237096353 -8.579402311367058 -6.44085136766936 -10.305528613247926 10.862678032412639 12.113988965246804 10.886260956287774 -1.6882257484471086 
-5.835169198001077 -9.674023100167267 -2.484895704423116 4.102288229351691 8.39081134733611 9.231644574979416 5.101017895935421 -6.081752952675019 -7.503509525364477 -3.795011527661308 2.6727121093262367 
-5.179028544475518 -6.2239758814912856 -21.151389211750875 -18.463407723067842 -16.824227749022054 -16.918280961042626 -10.129883010439903 -5.500574231334008 -6.300993308715424 -10.645687025203816 -16.40982670736699 
-7.320417550827951 -7.858060126841402 20.57780390008289 19.682129909394398 16.963164340069852 13.735124364725063 12.168082891509822 13.203796995528009 15.294097498003419 14.934406130221202 -6.500203309675309 
-7.693095260255448 -8.911564796210637 -8.688131957682133 -5.862313634490521 -4.959334659825791 -3.6398065308499823 -2.882440354465924 -7.591434362182458 -3.984718847669785 -7.884906644930552 -14.754084515406966 
-6.596163760712308 -8.152067219558703 -0.7543907607340807 0.42470308669997725 -0.6760026337292648 -3.393819916019917 -9.747078290158889 -1.63192327575017 -2.33091849873991 -8.038800583517528 -19.06504218224614 
-7.243443710872501 -5.617020477055733 -1.98150604377274 -1.725194405944766 -1.5882751880696777 -3.852888257783726 -4.375945478792312 -8.466547881989126 -6.444525187117199 -1.7132621596096858 5.598583089790065 
-6.181954773593144 -1.6341748044624902 9.424876517734647 -0.9742140636623382 -5.307011064221626 -12.543835843968022 -6.018517333223588 -5.486611822847596 -10.291762110635922 -21.904079767636585 -18.287892294988318 
-2.4322558337141817 -0.8542855572487601 4.9987443383998365 0.5147293462597737 -1.3036240949289513 -7.922944135575171 -3.6090875301296697 -6.31511257956337 -2.456428270672582 0.19893834760624013 -13.520627533081544 
-3.5072569713389052 -3.048882380091884 -5.831281566504261 7.327041122195864 5.9833086957811314 -0.003670662602116459 -1.0529114201977763 -5.567613634111771 -6.899115358914726 -8.725455397624737 -10.463764345492184 
-4.841067576314218 -2.726156738064915 1.5482432883636148 19.997913005276004 21.012683156696447 19.436225591300165 2.093004061644496 -15.16642269674438 -16.160222345928332 -7.122941397474917 5.9173098629950704 
