-396.93303492965487 -439.00812246525106 -620.0005582564804 -679.2448312921227 -310.02781126034915 -173.46668598243076 -163.0444829762015 -225.00597987730652 -269.7835593069505 -328.2696498494096 -441.8323820883558 
61.24969745499131 63.275543336091125 62.35866833663455 -64.26024687443183 -47.553885238219415 -54.43900436316224 -56.16714117769651 -30.914800334352346 4.8973099265497195 10.1836788191253 15.282090141363778 
-47.52685378388982 -47.516911954649004 -44.0715097598263 -54.4795886068281 -72.92176314033352 -73.27812078093044 -66.64341606385887 -67.18458529658713 -48.373705024434656 -54.67625812256074 -51.89721789729279 
34.30151859133417 32.63009205957391 21.23107570639781 34.91719040307619 -23.358924395461955 -16.273413033731607 -9.597291483207183 -35.915924283878596 -99.50390848296516 -106.52457449133271 -76.52250855422699 
-11.011280816325582 -11.169252581478428 -6.233375138580566 15.93167608813382 -38.03896461900769 -40.5750879398952 -44.864598406186815 -50.00939380373829 -42.36492857315481 -51.919500467934704 -40.030681654276876 
11.063684569796555 10.319196176843572 -0.967315949653049 -40.7830978682793 -53.85233049345568 -43.56271038791098 -41.41721303737833 -32.82089795039722 -19.53792519365529 -40.417219934670655 -44.30028873909845 
-19.173418689304523 -17.345255028501725 -8.031471879060893 20.999916027535566 8.895048859891366 5.547738154018031 -3.339069947178355 -3.9421487863744167 -4.870950978388468 3.6409077219325736 2.4697643542254486 
1.7564735771473392 1.3938308553288636 -0.7065642001454604 5.526434020092762 14.81341535232324 9.14869135844564 -0.823675972350091 -2.9096875768939467 -8.271125884846379 -24.598183192102937 -8.533683967790367 
-8.316662437401616 -7.755485206646043 -0.8618342011191915 -1.008369307549876 31.443813199501264 29.68732008317336 16.187256589525592 2.9812093006531573 7.422582089868398 9.292880103995367 18.31259110284112 
3.351537820936444 2.7295150795408394 2.7079596591120554 5.3629174628117795 30.525973565035525 39.9529939525857 41.11253940391889 26.004195163163516 12.964397102509498 5.281124213348258 4.737816348255347 
-10.564153287391786 -11.319479752115372 -7.199788629470856 -11.159976819184955 -4.906102384996778 10.529142778812153 19.033420740889625 5.633616926902793 2.1524125447473526 -9.90288715067068 -9.564735893464222 
-4.549248540044123 -2.427485945928865 1.705299906125013 6.616973407060286 -24.76749570563338 -11.595090540623737 4.3304483895967785 8.538808055292058 -7.740683837998123 -8.160771389174572 -16.70326252962507 
-3.8182354850145948 -0.971082656274536 6.6631569468891465 -3.29765415798781 -18.758487555340544 -29.48169078957097 -26.814951410755544 -11.347887704605135 -13.837652082750104 -20.13744767817726 -23.48398402148686 
-2.8614836625561058 -3.0631888278754786 -6.617073735958184 -10.212244524659315 0.5371314622664054 -16.34228500142756 -23.73961203998121 -19.42972164656401 -6.855353521044824 -3.6286786682893943 -5.095286239785498 
-1.4006050700486519 -1.541277547560592 1.2123089930240991 0.06043754447284688 11.315116338564469 14.365209650938644 12.960625043535192 7.485734020458611 4.715293795301463 -2.5944554123121373 -3.397590380491678 
11.557999163879089 9.62223824061934 2.819423381383001 6.076991254441509 -0.4764696070123118 6.84690649057643 12.37720292483279 11.084234450889086 5.921805475968913 7.281591024976141 12.59880203736263 
3.9827512463464485 3.221240221092945 3.5122632408355834 -5.385999688176413 -9.841133183839823 -16.242360828273995 -15.173513208304204 -6.772532170265958 3.5226040792092776 6.731065127565736 12.281938374331315 
2.3316750397154298 2.890732246541749 -0.28781359294037906 6.953829872250831 15.408937991227118 6.281106461229335 -2.329696536105833 -7.675966235639616 5.512008425145096 9.558588634489773 16.843515658885913 
1.9211911881962633 1.515188782778421 -1.3806624691843814 -3.4133762637001936 16.77359130123213 27.320289951013088 26.343183331154158 12.144387558991548 8.55209487502513 5.965853465589728 2.5678834378106714 
-6.722132744402135 -6.086935287596174 -5.248182092235025 3.290386173942101 -4.503625501358167 8.97176937651026 15.009740313801547 16.363991791221743 8.82523400153783 3.023488722970746 -6.019390541258362 
