-714.2001674680259 -718.4873057937339 -486.814561016756 -311.83737692463063 -230.757829933892 -209.03548965751787 -236.3520780830614 -281.9174928032302 -380.91844789260574 -555.3509046777557 -697.5114402470025 
30.204044745795233 26.302416552417462 -43.90187145744966 -107.76349628073311 -100.06549970980322 -38.04131479851266 66.75119377797992 106.95465383386511 112.07895780901775 77.41611845590919 30.449705621145974 
13.09061602104113 13.494719578650393 -79.99387910337279 -95.03221512643759 -106.25655454000304 -105.19784702104526 -76.82090561250249 -68.06604495132635 -89.17559948855381 -74.66923180582776 -8.11593571699222 
-3.087964472945908 -0.09535792897643991 -18.692274897783086 -33.20050404178271 -44.8982223405021 -63.44981542255235 -81.69090604576037 -100.82111748152897 -97.18635848323007 -73.12679147524857 -20.33509461322 
-12.816931883335817 -10.06857387900812 -33.26441964372526 -43.174006249323284 -41.81825077273459 -39.12911241908427 -17.463261711151496 -7.049843999047329 -25.710366153333045 -42.72935979465818 -23.897314166312974 
-17.936165410803316 -16.218588766132946 -33.54130901981701 -34.696031027488786 -30.312423203442886 -7.005522089658091 6.161527955185324 0.8808291386778173 -4.426244482908354 0.16634862916305881 -8.779251805821648 
-21.181053410535384 -19.68734539504663 -10.88813803800911 -15.79060121728644 -26.533555781039958 -18.3530440870936 -3.556291787236774 10.055448286222601 10.833666873562416 0.6688955711606215 -1.6621533423916979 
-21.180803960682972 -20.142802660435766 29.090843814694054 33.54710808346637 23.855384855935515 10.820144105264674 -3.063202534330393 -23.874292221958065 -49.860081525260355 -56.421160831595245 -8.397265495603731 
-15.554027184802536 -16.61081441649815 16.886946084214415 26.12400802398203 29.436371218160804 9.5084385996161 -1.85957615643487 1.94001131847293 8.897499106547922 0.924436411041821 5.590200354867546 
-6.34857145239954 -9.875536276087377 -0.7576908840179559 5.269496434644168 18.774517128397022 8.915299008996506 -2.8242058047576464 -3.937571307527478 -12.081793003565437 -5.8812169206543405 7.538563582481556 
1.09076017627575 -2.401427715407772 -26.889474507390975 -24.54860451925785 -6.696123914400383 16.310015131272998 26.385801674922597 15.539644323739948 8.298321079399267 -2.4134152519042513 -8.068303152338714 
4.579513379974967 4.135278299900363 -23.063569180488898 -33.552798794380166 -50.149342396639526 -34.29256850483711 -11.616301158709772 5.276581390901622 14.85962340182415 28.252244521369605 -3.743855488991142 
7.339285888017729 9.877019003998313 40.69955403222956 36.60510928669828 17.460349831849555 15.517892558138485 13.451552590549493 14.780820097577292 18.916351806393862 19.352241555040408 -3.140689955475585 
12.35299223710739 14.77683069301828 4.719853356010085 2.4036298314031237 5.4500897238747985 5.53917912058259 -2.3166421922541507 -9.522344428700437 -13.99014721291916 -11.865135731678961 -6.8004236917128775 
16.78111413816885 16.765017455647612 7.495644625814281 -1.3679389961167057 6.015975570277355 6.393675877736363 4.35115156777133 1.9252442447844198 14.683703187173805 4.652330070265226 1.0379677271040333 
14.850776757663366 13.436015368026009 -4.919723027773317 -12.238773027707317 -17.185439402896105 -27.623672613579245 -24.79229802319724 -9.734036637658955 -10.05938854419745 -6.470560254068769 -0.7800156384258787 
5.829299037781611 5.545139594040696 28.14889377586499 31.566733263143057 38.64683497073213 30.247273368935186 11.412670304807659 3.637685343598343 7.735269714287764 8.886745582812111 7.154156336710814 
-3.8197275303695677 -2.504442722559882 -14.923137133739392 -10.794029891065529 10.303866001272084 14.973061104606657 6.656612846741173 -6.924415767070018 -4.112480804737122 3.305767678722407 21.56295890432318 
-7.4448715277686155 -6.492309557905699 -13.648721552261126 -23.677409016198308 -24.394332091799004 -26.35276736193043 -10.879752728237118 6.989521730104931 2.0229693323075604 -0.5510855736871761 6.481490367201682 
-5.402832262226648 -6.209950932899258 2.0701524230795525 4.103651836876962 1.5684345802404334 -2.3352879139072407 1.4796458280105205 2.473605909119044 -0.15381744197724379 0.1731811494408687 -4.551949529603359 
