-767.9313823539587 -778.895432396069 -792.4520269389554 -414.52503129701563 -240.25633779198236 -165.99740588490562 -177.509142787555 -238.57623093318415 -337.8070995830331 -568.2814213157002 -713.9175859285491 
56.25768534907782 51.832344536632135 40.76700431586233 -70.99884452062874 -102.42023735718846 -46.7173586373911 32.141004153249035 84.37956358814739 84.8103856666252 90.20163408439743 61.58354172704546 
22.522446278444058 20.428303212495745 14.351628165539523 -115.26059021375428 -122.29758500637797 -92.44398930576244 -67.78038465323758 -55.64754608187399 -69.42790310242009 -91.6027727785213 -25.37489723475592 
18.793883407831103 11.099667875582501 0.6481729271307015 -23.758465944536965 -24.918587018533387 -7.267656562644567 -23.26485182277766 -66.1674665320535 -86.2623755991992 -75.67783702864591 -19.203023059792784 
-6.6457056509532215 -9.815955776261521 -16.46467119170176 -66.86697853271865 -60.73729445874878 -35.000774536281014 -24.99441674545079 -8.594522474858621 -20.85325304304886 -50.8679259122311 -29.13673182103888 
-21.716203643836707 -22.817655534819394 -26.312296769281353 -32.904812229701086 -28.421971522560984 2.9278708277060455 19.621092124394472 7.218466696330513 -6.577809534556181 -7.8765005770651335 -1.7063563737178375 
-23.70514529369254 -23.06790573936002 -28.471863684404862 -27.27388954165437 -42.10119633180731 -27.13907141099878 -8.946129802165633 11.639057004325462 3.0174775823044557 0.235200926597398 4.783771526641463 
-31.60323838893522 -27.390578414737966 -27.990516433366587 14.99813945024731 9.600621904114709 9.791192925894308 4.125764424656284 -16.145256878532802 -30.018984868850186 -55.38163028649629 -22.34857670778114 
-20.018441415070292 -15.687683055537972 -11.5916960044676 21.7303250386225 24.197364298498005 15.138427660988667 -10.395562620116142 -6.955990160863127 -9.530129346480795 -7.084972344305278 -21.33963341759354 
-0.54086510252592 -1.441901272283937 1.5213881900384028 21.04218621084406 28.200852259490286 24.83246957235113 -1.537395210524518 -12.009429390799635 -17.9139098034136 -20.88794733579502 -7.62467737861806 
-3.559173538619591 -4.144156975165588 -1.631769901611766 -22.565755132384318 -3.7900699559203668 15.398915103974266 15.22584493674485 10.625656600204922 8.276473564391793 -6.314350161358632 -2.6281684988186065 
-0.9737721519938549 -0.6224758750864343 2.870682714741042 -27.457680472048807 -36.28657136604542 -18.781379838413237 3.061225613571178 7.34120206477823 8.30582531467946 14.893308739624 16.267073945052015 
2.5532156646352355 3.999924446773673 9.69841356793317 28.668827798790314 1.8967462867004659 -3.5030730570466044 9.180991427055648 17.23793496295915 23.766526941330582 29.845416191555998 6.502603522091728 
-2.2515094138889857 1.35118322024509 7.970657088223795 -7.681095378309335 -7.280580208128516 -23.03952190795814 -21.050875788201417 -2.5124551284107546 0.295527779524754 -2.364998768973387 -10.601513002692045 
6.238671235283313 7.46701742195375 9.280901644304725 9.442122437564139 29.195669758231574 25.018642012543076 20.59795222464902 0.6055895309791214 2.5819967401918618 3.6003927380039586 -2.92736177399346 
10.589503185050278 9.14174598938429 6.214819723615111 -12.832570470221476 -26.491791810921384 -31.279687506369534 -23.450848010565316 -10.26271359980424 -12.929056968518658 -11.758309913501165 -2.4207666242672925 
0.5906307023407017 0.4503553209739988 -1.7044660123425037 39.327788857383595 27.85629239996026 18.05974045306387 1.2204177999061974 2.3715042058600506 1.0794222461713523 3.8939651748167026 0.15855290317103266 
-2.235567350825325 -0.908071747359849 -1.7501631927230914 -5.082199467272421 14.140919841518766 15.66955427918716 6.645461786132165 -6.322149750759277 -5.211419789321989 -0.4526401402647129 6.586110490429421 
2.162342549946934 0.2767768231723028 -2.2908575528373776 -10.494321264313307 5.895882402881894 11.248610750632034 16.525292815910554 3.814684674588895 5.277623758937518 5.476252198484948 9.011386400774644 
-1.293477926528183 0.07519435441094363 -3.3759839673388825 -19.367815895650637 -31.04624292560669 -38.50622801754546 -26.62891378528596 -4.4043292646521515 -4.521141673645797 -7.9145119911031205 6.150410471783561 
