-460.8399734473804 -455.5745033488413 -452.088967950231 -279.6224458431531 -156.70244957070213 -131.77999771659267 -156.3231301182639 -239.39910702595964 -295.2805160137334 -386.2721741814798 -449.1532579803213 
47.09321355383171 48.17536044321094 49.78471153519586 19.524131492955846 -10.289710373900483 -14.848929464625712 25.98555623069489 79.75811197351231 73.02298298200583 51.0348684941547 50.72451905814202 
11.243304969068813 12.478689558909888 13.35754635712851 -7.808196499274613 -19.385253457507897 -19.761235324335324 -24.703939211578152 -6.006707398253514 8.262854440170354 13.590354425114473 9.724536742205906 
20.875782749538175 20.146032813106853 16.835534277732123 3.967765140611532 -0.6068993301972619 3.8557810391647322 -15.449301822574963 -65.501538866739 -58.81721928881316 -21.135271229774347 4.563016112474617 
6.271393584480601 6.266119323683235 7.186382545361202 10.929049968844527 3.1221757124559892 3.5797153709887204 -10.14822663428577 -5.16968203022601 -13.32256119625962 5.617182238821195 5.5906966220769965 
11.844492914655547 13.456279721838502 10.373861224591147 -43.70953871045705 -47.03132953276764 -38.23521054490513 -31.37626114642228 -16.106262752373798 -7.109969144773659 -5.4102336831367985 3.4134565204999707 
17.31589205072437 15.264085616441651 11.851139445714983 5.831408700083703 -2.4501870077407513 -0.3749091112407533 6.5981138218323165 15.768176316922094 16.948837667375145 21.03055074077688 11.696986542050073 
1.0601276419737469 4.303592407778087 5.332267147348588 17.857683693341034 14.494987434851264 16.882586049860425 15.887710140827203 -2.0353495477299424 -8.47435873875924 -7.146693982733202 3.255580647405053 
11.037093821358333 8.87268800164443 5.631057226744729 -17.132406510087293 -22.541705583015144 -16.740159290452674 -13.701904192039008 -10.335600893143777 -6.221013251104845 -4.021765209839451 4.104669009225345 
13.303050633158275 8.243820900430146 6.94633260315147 8.230093196559306 3.2374975143044353 2.2863255649413183 -0.888996898397811 -5.019368999161946 -7.899357035176031 -6.872727156042988 9.841907824334458 
-2.104790036973893 4.433735233036883 9.372274478533924 5.92858220225091 0.4966631912322426 -1.6676967088992316 2.495664481627951 2.8584746520284225 -0.42107998139818653 -0.07917844280644604 11.308677259449816 
-2.2204777335894375 1.2121673167151195 3.850786780419418 9.640177805580082 3.1997084935884206 -4.0116041776044735 -0.36431607884901296 3.2624405804876644 -0.4783952692701776 1.6158638220190318 8.352369621449288 
10.948593822819962 10.710168500408116 6.721672687432751 -2.1514071259722054 -1.770021867009226 -2.599772160609322 2.9737520103180897 4.852401713138436 6.297860389448129 4.977316847510117 0.5421129874509663 
8.45624626725194 8.057732899642138 8.185144356456075 3.417457375134423 -0.8064574052294393 -3.3490774095988316 -0.06273063539126117 12.614965197059028 7.80615804967809 8.226783337677979 4.620839867016794 
9.121466304763532 5.2686754429374165 6.728280281656647 5.641973346814728 1.5477010923619536 -1.3858122414216605 3.46699593052188 10.350524328570643 8.804826484412946 1.5780617946772728 6.233767989325763 
7.000927368710308 4.603364044179159 7.073892717800536 3.037843348406654 -1.49657613382828 -3.959119714652213 2.455177809772426 3.7179713279430446 -0.9160183043580931 2.5694421952278033 9.49076405630851 
3.6840388606579078 5.848452268422786 7.505995818329048 28.074704700674033 27.048659916624114 18.838379427570274 12.753521793530009 8.7845159493435 8.464116785876602 3.776169928853436 3.7135319091533594 
0.9973195713054324 3.453061824742577 2.4997199883060284 15.395123612004214 21.090168587587378 18.025524333456843 6.758579564140439 1.9894616540653924 4.822050305466767 6.859341964778839 -1.8085319213815396 
5.954894380533741 3.924643992972073 3.2105863621878745 16.815625266792537 21.197018660830416 22.427495479605113 7.745560170883667 7.419069587852546 16.078402180097797 13.942888442914509 0.9892750155922537 
6.308567781707341 7.585078350434531 3.8729662412289967 8.465054455599137 13.783928840940696 19.242233231571845 14.415668746106817 9.469756754008497 19.554350077966433 14.96784468474278 1.415577124244678 
