-485.1107395511977 -489.34343269532366 -508.42878517081647 -509.14671254719417 -503.16575198044376 -471.6889502655474 -299.1109561845203 -213.77451951464036 -214.893124597861 -275.5477511354379 -336.4167877185772 
58.65758916483009 58.961919320407105 58.03924084114658 63.894064530451004 71.07186617111822 46.66396653918525 -55.58983249827149 -81.39059069210151 -66.28303048222693 -16.04948510388821 6.836880264234093 
17.045289797752236 13.002803896327956 8.337385709450519 15.963166634809628 18.254697432267292 19.249229803048475 -3.5428380141378155 -29.39175714131408 -32.22859296945332 -3.742197644854706 23.955740126877323 
7.068524023086274 11.30567385655035 9.984069079591109 6.008340531851702 11.803562361372258 9.301391016905296 26.50408142148999 11.87733712401595 2.452272288911003 -23.486244591224505 -50.61483107169706 
-1.8353241483722744 -1.5261299810985647 -4.505949726541255 -10.58251616586724 -6.6158412714505594 5.769248990207645 22.36061091677042 22.37782260277001 23.193740335590526 25.853490267123206 26.07352931280152 
-4.541501529467813 -4.2365081382425265 -2.692958253126929 -6.59576040396431 -9.78910453275689 -18.480212069966463 -20.343389892055136 -12.581189289331252 -4.042427009506907 -3.6022969131463296 -5.097987977997789 
-3.0931651328655816 -4.802197583276393 -11.845383648580441 -9.081854712263869 -8.561439340800899 -8.856506428854923 -23.902754981704234 -31.362495209603818 -33.70709874303239 -23.803655491736784 0.8262323839710921 
-9.623938951345556 -6.615216927949033 -5.104389176274445 -3.9696640438025272 -3.8826411294921863 2.965771234352574 13.540564822573984 7.068770126333485 1.6160485246629182 -1.49099034154029 -5.756678642206503 
-5.113359513994148 -5.9276702854623675 -5.807956361458391 -6.691093441571709 -7.662932981257613 -4.975805232071998 -6.288219793114005 -4.001103354621771 -4.266174633317506 -9.379972122365354 -17.281757225393033 
-2.1156031002479834 -6.123011302079018 -4.328447851584955 -6.052306885610458 -10.164757271521456 -10.615067346679453 -12.100942351459818 -13.968239314199455 -15.696944580639544 -10.987787296413025 -2.837892515603442 
1.3603554767267976 -2.328835375231251 -6.191443914442951 -4.017328450801395 -2.5583313710851603 -5.256563709608298 -4.1728714480313345 -12.285203363671265 -16.38441936688348 -14.168868883147276 -15.812168107206501 
-4.055984214717512 -7.128068581469295 -14.255679298792991 -10.23600586640265 -1.1467215338691217 -4.963861560754774 -18.411251356609753 -24.969159908311696 -27.88527079766169 -9.32743871393215 -2.1037284273480887 
-9.137631479569459 -8.025213541018822 -6.5243467197994836 -1.188261042113369 -2.3233105154336147 3.986564331906103 11.188211694343737 17.195424959574524 16.772374212034762 17.505625161747624 1.7694884614353394 
-7.840290945803549 -6.608611583029269 0.7849092432657678 -1.7858203333865945 -6.686993598334848 -14.156162874799543 -19.373365347369827 -8.628564787986281 -9.790301829574732 -7.287772500456416 -8.281664395562675 
-6.631832178333679 -6.627503023434709 -1.3815814571080502 -1.1422891343423094 -6.567680838739886 -2.4273245943727906 12.070448670883074 16.420551276741865 5.194809447186422 -14.993545506070602 -4.960814685291034 
-3.513377941571652 1.470682899509495 0.4795294561992125 -7.109460968864367 -7.8142550062064755 -8.088369990073765 9.134207076574285 11.408382345420659 5.365737237295682 -5.124561964813406 -9.314622981551729 
-0.10782749361294963 1.3611320813406498 -3.294672490833594 -7.372069245499993 -4.29828917872713 1.3892537249955967 -0.23084768539115375 -3.1601234693146805 -3.768687433277547 -6.619374560386374 -6.6194818965928235 
-0.39808751714340473 -2.6483179896354 -7.0237612643613705 -5.5822917209253555 -4.298576316090141 -1.209868520799636 -4.756725958847426 -6.032710491768551 -0.08256558320120255 7.590921072658288 -3.9049482444007952 
-1.6250977094044137 -0.6631967353425766 0.6730167446062867 1.7759948501678395 -1.1874849084551085 -4.215099993869851 -19.57927162612078 -23.8996686060299 -22.53698402009672 -11.019140870603422 -0.6207291272288149 
-5.791103740398562 -5.796190465564361 -0.06828695803463614 1.0250754837060991 -4.525325160829737 -0.9360301455289413 1.0229630245390928 1.034340285023776 1.5866100166677752 -0.3643207481982247 2.124417112485637 
