-183.96891864736915 -51.62211080772185 -21.871919917186702 -64.1887579329502 -115.51956772461259 -147.92093181243834 -260.40844358154817 -405.0942810986819 -469.75662275496757 -495.21593850994805 -511.6227536741075 
15.300820501405163 3.3135253171494443 -3.278783188934617 30.49780416386735 100.33046900218505 108.39103917439127 84.39562874874714 37.47347378933691 29.833995864868925 40.16456891314233 42.647090244531235 
-8.73393245843872 -20.611028766755407 -30.973651067700825 -35.086517795005165 8.929772963970919 23.023461030336094 40.38821612142973 14.995021583463426 -0.35130074580309456 20.55505023251788 22.11645660103951 
22.181343677865442 20.39296723758427 12.996643666903832 -16.047810360781046 -65.34861790036868 -60.623622646693576 -41.01280763208534 -9.745030914503598 -9.589589038894548 -4.618064894601428 -1.217189935905687 
-4.790555226903281 -0.292521643296947 0.6779810009474478 -16.048529407376616 -17.414977075797395 -12.901315169448601 -17.67827236867455 -20.713924930442 -6.007711133060337 -1.306087774475422 -6.238417512430242 
-18.35847433623073 -16.614933477607664 -15.972931466178178 -14.204435109965239 -14.35294923593498 -21.918246728523446 -13.178380841537162 4.975559702551389 14.471403621204795 17.280506857144992 16.784771007328324 
-10.26655225500243 -9.504309733375749 -10.575082002283647 -3.9768217534743395 15.496224887541853 29.375117515138765 21.401493466984356 9.56321737697786 21.400380503845962 8.405117369657251 10.80725114670939 
5.110088280294466 -0.6062554558440062 -0.735296943558408 5.799312378458665 9.067920268266858 1.1531974266783378 -2.2681702228686538 -1.301362170680977 -2.6891453773175593 1.6101935925304944 -0.1894977340773959 
-31.695027191350768 -23.149710397760785 -16.338990744370864 -11.172666611896133 -23.996444749163246 -25.652324904671364 -29.179907059105616 -20.63465299114616 -12.379422783533446 -5.998411319693028 3.9754280504464496 
-4.077908549313786 -7.1035596767884055 -7.790926404917914 -8.410752181348334 -9.466455437115297 -7.376304711097998 -12.243336113312887 -2.905815120237878 -12.610673871228814 -15.605966859096215 -11.581008859638192 
-8.50824674387361 -12.94550302162396 -14.720160070731204 -10.934650115349507 -17.7718941435298 -27.106122532389136 -22.367667246647375 -15.345387749606761 -12.739541024535216 -10.858336893406413 -16.19201500243621 
-15.101703541374526 -17.591427722498317 -22.088656925705024 -20.5470646027186 -2.357720040199209 3.1942461074233415 -1.1624173239813722 -8.364290488635955 1.1377705996978569 -7.050905596760238 -10.748980014360288 
8.793778188423945 5.133192261471615 1.2270296328954493 -3.479890147557306 -15.193024637589495 -15.353889439922895 -10.895407864851212 -5.344357986791765 3.4945102249887756 -2.109278086587942 0.02537742829741607 
-13.159272882797111 -14.239567477019188 -13.496552024833711 -13.555646704187986 -10.727641268300399 -17.790315093072657 -15.373807154048587 -8.80941886785098 -2.3082031704424884 -7.815184527677026 1.1196754587760602 
-7.3214835796625195 -10.508938797777901 -9.690465615595649 -4.217366728200079 -12.38372151247072 -18.131444534651177 -16.1243000567948 -7.126595152393981 -12.669530577720902 -9.015534955637921 -0.010417009448587033 
3.13922628073417 -3.6022015562647107 -5.177546651596515 14.53641584479575 13.180604387763388 -5.782605351997623 -16.946829221681625 -8.308551365438165 0.8144483838078271 1.4002511494267673 -0.9457062631763118 
1.1103370677353301 3.6246227282630814 2.6345340124349286 23.347230283361014 26.4155229382801 16.63097486061555 2.1347654333673107 3.559122375157372 -4.308855303020309 -7.664371128822603 -11.027930501151433 
22.012652938849044 23.323819419121847 20.878494728973 28.762282170378832 28.339218022557105 23.854418054161755 11.544855781416754 13.646675793172799 10.804965903489975 6.019262273836606 1.0890140165216111 
22.475126395694133 21.595633143148405 19.50618411368355 12.555946296097261 24.587386366111264 20.397087392840707 7.663514587446116 0.25008627254715754 -10.92460401046775 -4.708759826965432 -2.459625690997476 
22.04640394076617 23.339150392644125 22.730342244071085 4.817396968155163 2.270069910366229 13.179967475157966 17.009254877608697 9.73731325589328 4.851423312780457 3.394988685886691 3.683028361898433 
