-527.6151754562145 -387.5272623375675 -337.4748676394066 -349.13558047606773 -159.15256058916745 -89.55863636138923 -87.41548649543452 -118.85741856938725 -182.84108985624434 -356.49490131815327 -578.734792923225 
5.587094902801688 5.655642291641576 3.768595327025217 -2.8914157251113384 -48.27081708122188 -42.2023624697446 -0.2284360450288926 44.375656370638765 39.15693480940418 33.92129359277226 32.41978237366412 
4.651825900528084 5.003605817651441 4.02802140544118 -10.9682984491307 -69.230595605017 -77.43321835037204 -63.123176951315095 -14.605239574696576 -3.092323220176671 -0.6795658317374034 2.3342396469895275 
-4.191351878976212 -4.775804518613471 -2.6002387553600217 2.8014737787601027 -21.09951775133085 -35.4260346509558 -70.2992614905539 -118.89671386200433 -107.12345663603995 -68.63754107154524 -60.51135146572187 
-0.23314946991915056 -2.350780071300129 -0.19309465044156315 2.8425698459630135 -8.735359131162513 -7.763165555275778 -4.571184110691357 5.928997578805157 4.200972624723464 -15.032304847408286 -14.867086063743926 
1.7166365557553216 6.734418405628647 6.154860912131508 -5.677700078350922 -33.726191216953964 -31.676902295484886 -21.628725735027636 -11.904593269535912 -6.658205468148589 -9.83238896148821 -12.351906868233561 
-7.937868532484618 0.9823135494913248 3.777083022562305 2.725152868226247 -21.56289022377637 -29.06851936598195 -13.89829662239346 0.6364766807814095 4.338919840543502 -2.408639135774599 -6.227073741105792 
2.832707259950792 2.9245056782664114 3.184840739128183 8.116604344428355 4.422903285010109 -0.7273000866767227 -0.48903514591775227 -6.339155598296733 -8.747540324959962 -15.512806961611993 -10.612316705622419 
-1.9132014353009295 -3.5044968229444944 -2.469604884408903 -6.824212674902222 -16.073338764343802 -15.39277192096845 -15.258667149722212 -22.567697663754757 -27.607185806575274 -25.350664716996455 -20.756218466889365 
12.167648901011294 5.98329195136591 4.68838892058812 5.412191001727545 7.52531152349246 6.785342920693138 -1.262156799030628 -6.136286747009737 -14.032570139673748 -9.313042665753168 -0.5627976680560072 
-4.5089058475158454 0.22572625484334458 -0.24355160162368145 2.34723760371384 21.92579406986122 17.15227929513972 7.166187851828999 1.7937253681577645 -8.318349156803155 -10.71813471616226 -6.301718097135865 
6.98198036314262 2.290913421216639 -0.20300297409793583 4.128309196256248 25.43818328646237 26.105772856890482 22.91355354462181 21.87509276103163 15.07861094839856 7.683884224140583 11.618578406746632 
3.346516430899188 -2.8769866081021815 -3.3224352786699383 -0.3824406246344304 15.7886544254925 25.798388581429247 25.413812763608234 21.45868468127122 26.4290423815104 23.958963309484812 15.687753252530939 
-1.680171695313462 2.7952243139116746 0.00037470759509944385 -6.5476702733712635 -12.288876748521988 -3.1933136900928423 -0.47025358484689445 13.504926379762 23.326270005300536 23.049714587449444 13.882891942050371 
5.141003249034895 6.968456972895682 4.076785118898277 -5.084340235754457 -18.404203379027127 -17.510164691550408 -22.329064792734286 -5.0896600218207 10.854857979515046 17.062097246444196 6.5653439291235856 
7.767584187163311 4.729872031471497 -0.7386804643426245 -7.577238884630505 -9.255124560546363 -13.468772456066908 -16.89251778198739 -17.6063660705417 -14.207398677955082 -2.1595823779498655 -3.6600369873240313 
-0.40572392115079636 -1.8413458617514018 -1.3574494806863435 6.884869748046402 20.47210955010931 17.782114836979797 13.017168021840725 -3.319353590565415 -12.132184095955868 -14.815767232807229 -13.91756826102634 
1.26064606513244 -1.7129302483192568 -0.6989280985302484 -1.6005573587232411 -9.548664634783096 -10.620674289145978 -6.692328420119459 -4.701583442012636 -6.236244446864239 -5.643328428510082 8.807433909061615 
-9.394359515115656 -7.063109333419857 -4.223533433707056 -8.195276939387917 -19.19768656802208 -19.046592014572965 -17.146118552378713 -1.2686392554503045 5.8362335050697105 7.802214995484974 8.999240872587025 
-2.7869514637878123 -2.3881563911402393 1.0858050665489873 -3.470657938898566 -0.06733683776190058 3.0320721031039675 0.2179928691467204 -4.792617928661464 -4.475828953658317 7.883893373245433 5.322781893766194 
