-562.6778033902268 -559.1072527076234 -554.7871251190251 -549.1438932143327 -339.7401330530095 -226.64954408313304 -211.3362274552567 -276.2121579803238 -390.54844763792414 -463.910307657195 -534.383553107504 
32.00292563517394 30.909460117319682 32.04925405490846 24.868788131383013 -38.7373398643206 -58.96987364407395 -53.083277639784214 -8.620933430605472 48.0874460144108 71.67771974930875 59.272211028709634 
10.172320098947017 5.670951102726411 -1.7939465507260168 -6.382229227636666 -29.153784807338234 -37.40461893424438 -47.92665509513908 -49.76114260764541 -14.67542179868173 -8.049045071643949 -1.0263535765211984 
2.838779381714244 2.2100893892620435 -2.295924960835558 -8.504590833857751 -6.989388463175015 -9.970174605265623 -12.589477159536862 -29.272831336060044 -83.27400898193446 -80.6769744399642 -31.318597768943146 
-5.874905558277629 -4.733947767172694 -6.135387548244154 -5.036040223994659 4.333384957587995 -5.713622126934232 -9.852361524660974 -16.619202417081997 -11.308622679376182 -14.059788862088311 -15.402998731839451 
-1.5490302010787562 -0.7775655752773754 -0.10104360753916153 1.2643687256889429 -31.571757762629446 -34.00785503943921 -33.76296501311671 -22.076957397307748 -8.746312035259681 1.2087620915945987 9.82351558629627 
-6.697636947602296 -4.092209038349175 -0.2613191696977677 -8.444452351346909 -27.15466928233279 -34.6205326243405 -37.756994250643 -24.187550044836815 7.0688285116301595 3.899574238766849 -7.7798985983993045 
-3.4845944781761844 -3.1952905838952184 -1.4937930315792625 -2.442476574622452 7.026594248281186 1.3469358059681347 0.17667765978378852 0.6003388228714863 -14.560227214217843 -28.07939410594397 -24.32696632510018 
-0.6773734789392991 -2.888830884547381 -1.2655282404285586 -6.754593186984943 -39.67678361729651 -31.948132703735652 -28.812979021375718 -33.13317978857863 -33.6050917640432 -10.820891864597918 -2.8378623092508537 
4.304091378665288 5.311537174060836 10.927825622321482 9.045360598162702 -7.8595421501282114 -8.989365499915039 -9.926125007673964 -20.437691650409256 -11.8635484974734 -6.853524905025792 1.7967725484045198 
13.236449601464209 11.889285956906729 9.42759282621714 8.401127551564377 -8.29049343022545 -2.1668542673092994 2.0916155183312366 1.1252324172125063 -6.504919729519413 0.25904879952951787 6.478226338695519 
-2.19752230692247 -0.6149897043644703 -6.499287079568182 -8.63461271946121 -21.672728684143195 -18.551144475469943 -14.613156940337555 -9.141021667250817 7.292545799032542 3.480933771225586 -7.6571295003935 
-0.4472822408878496 -3.536135183629766 -4.286446871055361 -2.6254707841592078 0.8963454259235828 -0.06705199623614821 2.2280882545488683 4.833771488914398 -0.032760219257703005 -3.4172424760335223 -7.8537602558114 
5.610992305672462 3.09385312318094 -0.5697967385541307 -5.517404371420854 -33.627635872667234 -29.673221264701372 -25.631814292249057 -17.656283697476454 4.75264368164621 11.3076544679785 3.8467066277358284 
11.303630245757148 7.85955421654204 5.575377768671126 10.37535980094928 -1.4343692268629114 -6.904225189052047 -10.345522883461319 -8.025502229129753 1.4037878605018679 -3.0442705019020444 -3.0299160751286816 
2.8051596484310566 3.3553731788863566 5.6488957052398465 2.67227966164958 -1.2573606637236827 -8.431687081165384 -13.68548835531727 -6.327824792992849 -11.100124694177573 -15.594257784378142 -12.641305681074769 
-3.110212830743959 -0.9443719051419973 1.337166753737533 1.8443106500807995 18.947816957620212 9.394692618763855 -1.575839789928871 -6.797752632705549 -6.2233796915373345 -4.358144820917593 -3.449341682345287 
2.8474935480760024 2.2673046414711235 2.9775647919565635 -0.940960358053211 34.512450079202 34.198094574963335 26.725587523180167 10.879493787399275 -6.4972024381915 -1.3701040272937783 -3.00501783405832 
6.582593926647774 5.275467902538342 6.073187287531827 2.2747512762295043 22.40506278761707 29.527473542018285 28.103368139563546 10.166888348755396 5.8985692682816735 8.160788235039725 3.6347708097436935 
-0.06267804441092584 -0.2837407436786028 -0.2341124921890364 6.636299656892376 17.670491729390324 28.495413239207792 32.64006962396289 12.262269227042056 -15.040102111017275 -8.888775299452309 1.769086116370213 
