-304.1224471129035 -170.91766759118264 -105.92939809393633 -115.42845977342428 -144.54528941658992 -172.24570412490328 -269.90291986067683 -325.9088917895975 -331.2228898200252 -324.91525732753746 -330.56797031693014 
34.84776142908055 6.529456806516174 7.9887912015837 32.42310910064936 71.64896068151484 75.8189166908293 59.35541173425776 26.26213180949096 33.82786561028766 40.92912908282815 37.74761979418886 
-10.53516464355714 13.393009387881412 8.16870797289809 5.427389206976059 29.42811545956264 29.17842561460468 -18.035806684154437 -30.396855375787673 -24.71506421017676 -20.29252335650855 -19.591046078953017 
-5.9583811416872745 4.546436340032619 2.66336419906917 -18.456754130803624 -74.42863868334291 -72.0514607324861 -13.003545494897356 12.317627760718526 10.556100176717433 11.001364442788832 11.374558941218599 
-11.939563758211719 7.7520060477682 8.7717851898757 -0.9983998586417269 -11.535530348420423 -21.222874366122824 -26.084050571074087 -17.937353595202786 -18.2287174004879 -16.833587870750826 -14.254933714038046 
-26.632971183197593 -38.47508532463965 -39.97385716677738 -37.68204804017101 -34.195346551911484 -33.03779108396646 -21.68322244440133 -11.143825996114895 -15.040823025474548 -19.436250217078168 -17.819075426925455 
-5.9999373902316275 -24.122111064245225 -32.215804489218115 -27.404382177797608 9.309849110061883 16.131821100234493 2.0826034943117193 -2.600177838963737 -1.7686582185241735 -4.357130661824126 0.07065408063905948 
-4.851115692146127 8.086382290653415 6.5344421647737025 7.089324269936215 -3.384144556294562 -7.651396589734837 -15.815470682046328 -13.086113203057746 -7.132709565312716 -4.3508786424625345 -3.600294692393763 
-15.906377994519097 -14.517316746253355 -6.279161076133222 -8.235913908450367 -22.271895090266625 -22.13913104506157 -14.112656468083244 -13.40390738666556 -16.02241139880632 -14.238647555368676 -12.290288267500246 
1.0685553571542596 -9.071097856702574 -8.378159309241665 -12.078444416136975 -8.807077741971783 -8.320505906536978 -12.644189316470369 -2.348349380755635 -3.0785600253166407 -1.1922720184535875 -1.6159872041833432 
10.329176733022631 20.643093723364615 17.581546737973895 8.752836611653663 -10.541150699439683 -7.173023663558368 8.46514514024882 0.1899208108757321 -3.1238047155378874 -6.538460724524407 -4.606118993776618 
-8.746256929441088 -14.079262219089049 -21.018049425186604 -18.758037764565312 6.10581877326897 16.75331656061673 19.21370961024109 2.1886890655638003 -1.827360247748215 -2.631969425512625 -2.6017005089837064 
-9.570624478555459 -11.906082169002104 -12.735139012812173 -13.580533620875936 -1.080312007621587 3.1130735228687376 10.257875771084558 -0.62471258845482 0.1641889302789747 1.7700186196544692 5.074932306499421 
-9.525626912524457 -9.720203682363909 -4.588388694648332 3.7235091419181146 20.7528389135067 20.887664947499257 8.292573420738279 -1.0525963476567943 -4.120551274565777 -3.9443165243267604 -3.2072843069556027 
3.376178357738741 3.205188204045738 0.807226363787198 4.114975546091802 14.735354606892532 13.618421705895114 -0.7029081077717461 -1.7905289670137536 -7.652135733836664 -5.839772685766328 -4.707749086138195 
-0.15514488578966468 -4.156733321274414 -5.417551133794336 5.080069935150455 13.006703839128026 5.661043191064546 -12.643411566667442 -7.305503382980392 -3.9027278737811217 -3.681645902514768 -7.103764063859339 
13.360203521159836 10.995465715786377 3.5556625322916746 3.9641250708987266 0.5181546849141833 -5.252169887272604 -12.191850877207004 0.45245223310577265 1.776638896941273 -1.9406138293283757 -4.003395177668097 
6.460633254661633 13.717866111390816 13.196097779181287 9.842083349008513 -6.671025638505297 -18.034774217040365 -12.178012427886685 -3.669333871822997 -3.321408625055999 -2.127366734323841 0.9369257580487826 
3.5008097719237354 3.424060650355057 -0.0655431769374138 -7.63894879702532 -5.230480793752425 -3.1132148184364725 -3.448080832490372 -2.928292509419642 0.5153564392674155 4.475113894742263 -0.9549395176724396 
5.6065578410638635 23.317303912577145 19.026039899928595 2.175601401867705 -16.149090805500705 -11.554807381782403 1.333354336075398 2.875067523007713 3.321755845849195 -2.1751186109047413 -8.522133500644186 
