-460.92736712456076 -458.5268007907796 -331.0706119916873 -190.34799691151406 -157.4578603665625 -180.12516840152378 -207.0212741066694 -263.6144311236165 -367.40163388058664 -450.2156535127391 -465.17235149378155 
59.42685859150204 65.30311350431498 -3.559926060437755 -37.573017232764435 -35.10551217836827 4.1025312387220225 11.974551249525131 17.57625088051315 57.10236174010265 68.14912959933324 66.5579282792926 
5.520586508448712 -3.396662105272686 -20.454873798008183 -43.07082919693251 -46.31256564359942 -58.89281061809402 -48.206583874555676 -22.52120084369607 -2.5630505875711402 -7.3392886449877945 -10.810609966604243 
-4.977430922078716 -9.364725279931296 9.995648614563724 8.559935009850562 -1.4883291724109968 -45.966802863361714 -73.20618096397834 -58.400156495116846 -43.778847752829726 -16.19354736609411 -10.75241665946458 
-11.579837581989498 -15.86847531402472 -24.322218448071055 -32.97798512007749 -31.736634555581112 -33.86009173713788 -38.63255191078821 -37.721914420896724 -28.030791356352832 -21.832839826744276 -17.62188939291316 
-1.5634219129426572 1.015995031729858 -28.109355734255807 -33.254436215754616 -29.09527499080614 -16.59853078963354 -8.799652161555613 -2.2791277839111985 -4.886188042655782 -5.493443452266012 -3.004144259077172 
-16.08844462846913 -7.303485433712874 -4.179965971567755 -14.91329321442148 -15.200916556944838 -17.318827779089293 -16.32819274540944 -14.102120335068008 -20.456756296498387 -11.192908321104603 -8.131813098974835 
-2.8414104467325276 -5.667236669611373 -15.580122814850423 -19.10249840547941 -18.931978680684765 -26.177259906845833 -34.463743657480435 -29.26126776936904 -19.986720626372847 -17.540488853033462 -17.323178261782914 
-10.594565642416072 -4.010086156073501 -2.2702191146685333 3.169957577419387 2.312648946513391 -5.566550823573161 -16.69876305802903 -14.814331941722703 -2.3245154670686 -3.40005629569012 -5.374300089431346 
-4.639881924304792 -5.16107071043036 6.150614932038756 16.428899762763912 11.500190703852766 -0.6938608872794155 -4.865080334491973 -10.951837046558374 -11.607126677271587 -0.10501216563566229 -2.366117177422578 
-4.833776571668285 -5.450784766717927 13.86644280460682 28.873234678412537 29.702336736846036 16.290783418517215 6.626157491375709 -6.694307226357836 -9.788318617665496 -1.2347224631613716 -1.1260162086420107 
0.15838201418246967 -3.6589862200211636 11.559791120347278 12.128300282157134 18.69140255118608 24.161315759981022 20.760182359893662 12.474335604358641 4.3470676141412135 0.9210008235218068 -4.97426221856041 
-5.734131066062028 -5.823913168685564 -11.66277127695739 -11.604700604728544 -5.969276361304521 16.69090951741193 16.421586253405955 18.325973825488568 21.39681928463887 4.750121466570341 -5.487758582746235 
-3.743986523455043 -1.9092947872010089 -15.723419831492631 -28.83976957336079 -33.76099570771402 -7.058964597159669 21.608915550863884 34.63146831496488 37.22531900425153 8.792536924370008 1.2357830969034012 
4.501534748603664 7.043381846707501 12.616081858569936 9.387873108870906 -0.7129970873853169 -4.284889825593225 8.776279960299274 23.19742889977679 25.557960895625644 11.493547384531222 9.203437355591454 
7.9130356167659 8.447702900655349 0.8804292588882086 0.030908242768681343 2.7678565006603773 -8.712801524072152 -14.27674931142545 -6.463591973040348 -9.399577098713387 7.3456858489142896 11.261892332467164 
13.359736980327975 11.24305449369016 -4.5904204656016505 -14.448696232337264 -8.052632543903128 -10.747516501609688 -12.206453475790259 -11.003946037962802 -5.44217803853363 1.4632060287998094 5.423235816170198 
15.057017480405996 13.83547014562885 2.2820164116995882 -13.456838540757644 -15.343151460349127 -9.914662807939036 -4.391461038130706 -9.963824547739367 -7.69739450756051 3.6476742376184315 9.625158524510606 
11.800652355738684 11.71969921373653 12.917020263177047 1.3995113317678198 -4.220993852260705 4.704382076763512 21.22892531033097 23.322348241101867 18.280228637359993 8.06228860417685 4.123091456233862 
0.016446713215489794 5.821732928145094 25.23918969018777 27.83387102982912 26.561003508801956 23.686699844654438 7.2757262461843775 7.090652502737897 0.6223459865035785 1.5082210059058943 3.5569577639992533 
