-506.91282088340495 -488.0505716839103 -232.69681543414956 -139.36372569952275 -147.2649758995926 -216.86230790023555 -277.21091388509905 -442.1332276787393 -508.7447184531779 -505.4351833850508 -504.5943524601687 
71.44114853786294 68.99445185794657 35.50414244535894 27.05421125567791 41.405770534162286 79.97193606718554 91.99280953420865 86.06999791474172 72.79418906521212 67.66635491470367 60.58336188591587 
28.66022714865669 23.976636402292677 -15.840057007876977 -26.773870357401997 -27.004955560301518 5.4779848886149045 15.246922912954794 22.377378324295595 31.524302865332764 43.5174670806731 45.13580550920665 
33.649958427377186 34.44922814464621 10.593651570672648 2.527621464931367 -4.935151033559144 -42.836467386520255 -48.83528742811258 3.659508171895318 26.2485708386377 23.530907750018052 18.97704388678261 
24.530311029991985 24.55368733966275 21.135891644614638 17.25228299786157 15.81000173655584 14.80255132529437 20.906325440907672 29.930860280203028 21.494090504771393 25.812975877936303 30.23412548464903 
17.16615370373072 9.68158948950343 -7.16461980355801 -6.297290200038384 2.6686985142776365 11.064437748382028 9.787518324414423 9.155058670652814 12.694691909537422 9.675450353500663 13.13988701173782 
13.171833404520902 4.67186022780901 -29.964124056781078 -33.73398512920133 -28.294830587946613 -11.497734534584458 -2.1530718362269594 3.9549650020359066 4.959231242824083 7.152639258492334 10.016668683324289 
4.905293650105489 7.7948724053537966 2.5522906199040443 -2.2710601459272413 -4.051380772520157 -3.3833780316110094 -3.1656758053861385 -3.3018514898218427 8.641605810565917 8.439072955450843 9.11049645583808 
9.018246114792333 8.746381512875839 -1.430605510659627 -2.1225021873762033 -9.200937611897341 -26.592908719681787 -26.799159530663076 -1.260829027115776 10.100996539950366 11.447139605228589 16.000833182783058 
11.968942740789299 12.909336068277227 -0.49856669872359705 -2.2249516115626027 -6.697462831535937 -6.7471286188041955 0.47857152004454695 16.34857568293834 15.895127032012013 15.437828676702129 16.036487557831155 
12.065564587353425 11.06030134748908 7.560515957967922 5.640598990179832 7.353481881462015 -0.5717014464854789 -1.3552106108045527 9.908619779607605 8.621472741392271 7.626423201224738 5.456190690366495 
3.346170710836259 2.5144511996738883 -8.795539742240706 -14.278799206481423 -6.683105966390162 8.085414709506777 7.6889322045027235 3.8528256844708464 7.010840223699305 9.783193233294185 7.099567475176119 
8.79332801889237 13.494637991162271 13.01012829780661 8.521383307685682 12.24993095237808 13.906822768429262 6.539592287646066 -6.220449014028773 6.762191892840596 11.51961926717215 13.341206602151274 
5.824013971799165 2.849059319119879 -10.172926472134112 -9.775116086987989 -9.323829366730848 -3.7432693421012235 0.8038246165272427 4.099219527427085 3.732956438539798 3.3158629898209036 8.87289724522772 
0.8164091488389267 4.924870909460552 0.12003223033351873 -2.2264604587840244 -7.960377403019016 -5.929416303976796 -1.8569749748173177 -6.739046141908531 -2.704206552540243 -1.6110803072334305 1.3730289139790766 
0.32654431614603063 0.04106737900664392 -3.97872813926736 -5.904228760950346 -7.570101431558905 -7.910060653156636 -10.015789298372713 -3.9775251767864543 1.9918754683000852 2.044575299154002 2.3680416964853657 
7.624944420756417 11.227975123577318 7.319864582249267 -1.0802927753808982 -1.4075004934097388 6.826395415606189 10.797200198848302 5.631725215015557 6.957698838014005 8.576735219731138 2.38172491397182 
6.199521016981643 8.05470797948335 18.742401513774833 9.765108353940018 7.398830298644691 0.2732629637147283 0.9407573535709004 8.909399208253289 5.27776043041339 2.254478461468292 3.4663036953790582 
1.025908530153149 1.9558288983480003 13.847756641265569 6.7216989027910525 -0.7864031852659727 3.3795667873043316 7.968887363837553 13.830751537897632 5.903798848530574 -1.9865683426468617 -7.480060472249633 
-0.9845520896545983 -0.6489732494815056 33.27653543158135 32.472393019787454 20.0232355825689 7.3200482910859614 4.789620214508546 -0.11036396627864375 5.406391674728173 0.9751092433856933 -4.676054826410353 
