-487.41299310031775 -483.73978352716847 -487.4561820742245 -483.91408739347816 -479.7673727424736 -356.45062325485344 -163.57910719095574 -97.75066233081651 -91.40232021707493 -139.69279769427078 -214.29257490776226 
104.69761167215975 105.47689887714265 103.70091507412023 110.58605745945026 116.19273013237994 20.67372015503414 -31.92268682946387 -30.440184458972688 13.007785530922177 79.02506770952857 120.42958510225506 
-11.59409965529035 -8.90662090060341 -7.2970378338375195 -3.3703323483799474 -2.4248652149589 7.722995114459122 -16.6011700081715 -27.92479693839772 -22.938715965234223 4.886603665872826 31.413506267764404 
-8.969907378644637 -8.89689830299141 -4.801761899974389 -5.368039343689238 -9.088612666805261 -9.99331168135635 -0.41115307617083185 -2.3973172769649334 -18.883610808170438 -57.63225978461627 -81.55953189388192 
-2.390589181083316 -4.249755999684405 -8.894491692740491 -9.109528554625484 -6.311279490542633 3.787952368302696 9.811412380482285 8.05522093800112 -0.32901291341763994 -5.772781437267509 -9.91437527654791 
-18.041538172470382 -17.525851895984225 -22.313743757699235 -23.93029403741209 -19.12268439004403 -3.0616065371427976 -5.979670143219477 -4.488293339540818 -2.2635845512614696 -13.23512435815984 -5.323297808159179 
-19.582278532785928 -16.059743929550063 -12.569103409952644 -20.42315468544139 -19.62915407854519 -45.93168302901128 -45.860892509508965 -42.303677067364326 -25.578059984288195 -2.2818681743916547 -0.20570521851501256 
-16.698132949137992 -13.527696066608005 -8.555498529775214 -7.9545166573206485 -8.6593197467339 15.328718524650794 24.42109703708885 21.90754285404795 19.252391385171865 6.649037239292378 -12.955660547133942 
-9.565315227414661 -11.623554084066718 -14.580652567999525 -9.220047998915122 -8.339817297014257 -15.880252578412078 -19.841877122154635 -26.91887954559761 -36.233499294333356 -36.80453470276534 -29.638122270082917 
-10.985024361998317 -11.710841055918651 -8.570135836615059 -6.301426347236942 -7.245801604039938 -18.180720060636318 -32.97961238622355 -37.586697506034426 -45.361963849244006 -36.81375087896683 -27.936109953165037 
-17.114710649432634 -12.623077629730364 -9.26003135140066 -7.666533056512515 -5.909611371118992 -3.8534660811483707 -4.28202313624758 1.5728691784893898 4.143368878924438 -2.019973576441132 -9.481581910032194 
-12.754104989020085 -8.36596355212707 -7.405284653959813 -3.2226635626554825 1.0239592497156151 -10.945512757281472 -13.778979098211106 -5.35204812818443 2.7726140195602422 7.48935001031351 5.915497887065664 
-1.4522184741240767 2.1169077713634477 -1.0397318648776674 -0.3905306777051147 4.349811436030851 12.415430689490783 -3.2573230686533945 3.3458289199626714 15.403154932678184 7.358004012804427 -2.7327757306284823 
-1.969502211587868 -3.7604418197051803 -2.875223000836811 -4.950222451973744 -5.196051250146811 -7.297104300810446 -16.012357981420678 -13.269266290454244 -7.705683245321135 -6.746020945680276 -4.3575779330460875 
2.5105402080974644 -0.8971533835721232 -4.6166933394914 -3.623142609162036 -4.7338125666853434 0.63188369827688 -1.6682154380267427 -3.5287857786199837 -6.055105090138931 2.394916465199471 10.582145844603009 
-1.8787982215057268 1.3821425751897007 -3.5691226440368737 -3.0930021602347963 -3.9500978236066002 -3.1385078208840658 5.938416583902632 6.145526318813976 -0.9956916805420801 -14.37585279119585 -16.27382968456687 
7.545469696527222 7.076587875635723 3.5786450474366975 9.731113289071846 8.231510779196466 -1.0799529907987315 3.2750299849201703 0.9262851908760565 -2.431393906270914 -2.937308189465824 3.529474586483877 
0.34956998170407205 2.120680583637962 4.88945789627361 3.2561487071087316 2.467555466819753 5.67121336505531 14.282734849801336 11.637487061897561 9.340023112405218 3.5202748065329565 4.263689786919969 
-8.003505183098081 -1.0946507674170776 3.184664019195512 -2.960698033602336 -3.6121454375377993 2.1079759585629105 13.796010798973974 8.241444925686945 -0.8236217451579011 1.0491580127176696 1.0503568825171334 
-5.730035663907742 -1.2169631911415082 6.701851822059153 1.5657334736441921 -5.804534786046803 10.462633246847707 25.7616592758624 23.62845845562787 7.481878818108071 7.767500837836471 15.42635635950303 
