-567.7712651033256 -561.5433355344408 -553.8313204839696 -366.1509779146165 -282.8277812362625 -275.12273172254294 -287.6400577781045 -344.01018598922894 -389.2316951294695 -399.4791154652882 -414.0677693798738 
39.17161231725436 40.61148461237998 43.14035384773561 -29.115723708023488 -53.948242044526225 -47.51735339746561 -2.041303626720861 72.10537673033497 85.54909538029051 111.63451777578814 112.1223081034783 
-7.678067564669405 -5.93690959904646 -7.4111116364976315 -54.034573013851556 -45.58878807521171 -34.884599142725584 -62.22917018758949 -78.15206447669871 -53.98780269300191 -14.963430350554372 0.6564830217193913 
-18.02698451387134 -17.488383570113875 -12.70816424420207 5.871374829499377 4.033634438250843 -0.056988859045562834 -32.00002074591273 -68.11852078254178 -67.66055239047628 -48.382989337830836 -36.93974284788537 
-21.692247132792797 -18.594235972954213 -20.054917057339647 -61.92906223793638 -60.626574854607796 -58.32283039690658 -55.81191137717779 -27.351141135881985 -20.62422043764966 -40.46394092910509 -46.14662371445674 
-23.476471675756343 -21.719271576360864 -20.816749935905868 -19.936230311153658 -24.451133045912623 -30.028014658272262 -18.750371046377005 -29.84382312700378 -24.433409983350316 -27.074130333449254 -29.514652627551907 
-23.168854558695767 -20.400986446049377 -14.13995624920664 -10.221482021565036 -17.41589360510411 -28.082261910864684 -22.57563294372764 -18.93307156794245 -28.061422044599524 -25.502148233937536 -20.435018536826377 
-13.516443716403833 -14.478543174584072 -13.486203880208965 5.3709946937440005 0.708260047799512 0.8110850242147153 0.7190516326127883 -20.468333362973695 -34.27881693089777 -35.75152256378192 -29.47377535241202 
-9.242323280913517 -12.209135476479597 -15.977157968251156 -8.039958230375175 -5.409261229895327 -0.36558838602945753 -3.752269273930001 6.335040946033938 -3.4650406630613366 -33.070822268456595 -29.79232093591298 
-3.6707889379118512 -10.298652860342532 -12.966506971605018 23.907147499889703 23.838453687730116 24.734254736950604 27.093339080369955 21.501979695026087 13.760954612667376 -15.385426802135434 -21.96891435649072 
-7.5715492576825865 -10.281744850275985 -10.917327060723228 -33.940183724234245 -29.91775445507752 -22.653428633447984 -13.694132228032776 4.673233386913334 14.312721392091397 -3.3127445654855636 -15.329534555130156 
-8.087194632986856 -8.773066653761548 -8.841862443738002 -36.73903473221506 -46.20066731960325 -44.54271607938391 -40.557795431784996 -34.44227048452203 -16.609049349482103 -6.209428223831324 -13.67181571764118 
-5.467134460832757 -10.102663610316663 -10.709252367073383 -23.849184153639527 -31.126227929709266 -30.248730602175385 -26.290638337006744 -31.762434443854133 -32.15885881927961 -21.774601423499178 -18.1855177347265 
-6.702207223908804 -9.741746187555131 -11.810087883707679 0.23204878911211207 -2.1291187834925127 -5.679237871017309 -8.23330165827491 -20.376018174034808 -27.08135944823586 -24.898764882877018 -16.024165264839944 
-7.68463684070351 -9.315608063794382 -8.712451889767086 8.07845872749122 16.118485544978984 17.838219602004983 17.732317113790522 12.930238998755527 1.6688859138720313 -6.264717165222505 -2.63039969879587 
1.9799525212124376 -3.044260601693755 -3.762667607613161 -15.009260190354802 -17.232519751555373 -20.874239934611282 -22.874504048728447 -12.908591178767757 -1.1336992361215645 4.9823470480338905 1.7509257682051587 
-0.026672816979634084 1.0150646036015527 5.1724811775294 27.51177601928646 24.58817093741532 17.77066635570067 6.936657544132155 -1.7873099415848768 -8.142391583993227 -5.621794325373026 -3.7571734731469344 
-3.558965865260789 1.466354878211072 6.7530128331214625 22.985141965230156 30.96382869905365 33.059945649551196 22.111427538672757 10.552083297293159 -6.821474992990815 -9.827980676832182 -0.8742484653641788 
-7.880252194076185 -1.9949850496435126 -1.7559063276636926 -11.99606304537614 -8.130571487512066 -6.355670452716763 1.0706545916606904 11.32347773489171 8.889491923073365 -5.997182539337679 -1.3076498864097426 
1.3070943868786573 6.258653206339248 2.2418411058224423 -25.42665782611985 -36.0796579000583 -42.04359224221657 -23.879890043324963 -1.9215870621879154 15.248456838470458 9.436894290104789 1.9290337636664991 
