-515.788316475661 -387.0421760841801 -148.67011948847346 -85.15353337497659 -111.35388058177206 -180.72974551886568 -270.1531571291928 -429.74707994134087 -697.0085663945067 -756.9591062138637 -765.3178798534626 
-9.232403722450144 6.778982559009929 -6.233826398415486 -2.484584935062001 17.848166203999185 48.85330502888864 60.404313818291214 67.7723925822565 81.32524221698338 56.31938330828214 47.938024372606776 
2.304506842125754 14.722513541777019 -21.611704282712267 -22.804923268101287 -12.341066622233722 25.65219660015579 69.60415265531546 82.73081644327512 61.82078433624223 42.77794094052549 38.04302395943459 
21.424570405846953 16.453304849218735 2.539514150949243 6.938245396012206 12.602524034946232 -26.228305927409547 -74.53968087875501 -61.67274041033972 28.133002935373767 30.63020131433465 26.847664902691648 
-9.039585990833459 28.401737902787858 19.789956200244433 21.394490940891828 24.924326986996853 7.547865363387458 -21.81221689013804 -19.797386968427887 22.130210551484225 23.256259686455675 18.585062012170297 
34.7905750810239 2.65501628135777 -8.580580797973223 -4.258194674473564 3.543499957972687 22.10759587986345 53.734210510540485 56.49429954898308 16.11760449722105 24.11953980439133 18.029909600348248 
-20.834111663693513 -13.219588707846631 -24.647220447075075 -20.277191428206294 -13.98069942893935 -5.065044650085465 -7.770555438826786 -0.444498975836915 -0.4982258198351719 26.049657508129204 20.876844945080766 
19.691533839093623 16.14491695081358 8.329652895368916 12.0362187800727 15.009162641361314 -2.4614107112937544 -30.994161949000507 -41.412289239427615 1.4594472590556933 27.61621809771306 25.023588392954846 
6.2586519164119245 -2.800220643276391 -13.29445081581801 -8.822187239620241 -6.970579435719034 -13.122043286863043 0.35152071235705373 4.558697362746276 5.512334951803993 21.642798651007574 26.69689986601459 
0.4771711322558614 -9.145122317583663 -14.433474923255762 -10.803322720765395 -7.384197304988197 -14.398620620561054 -22.500169902074102 -24.869782902848733 -18.018575733441182 11.366276898896235 22.43831285960023 
15.887946034989017 11.106987362616817 2.5424635174618118 2.4076269740018947 2.047797810702552 3.9591570220652827 -0.9921662198824474 -2.861296828629787 -5.5417615117869 4.596189610246929 14.454914694609453 
31.713179991488673 -2.9113416083326156 -6.0463697416592606 -4.380357745575784 -1.4302212190959807 13.47245677438982 19.180499239958156 7.94497945998109 -2.0567147284062073 1.8594602444439052 6.289328233747906 
-16.392046905274682 16.518590747383453 13.17183695086491 7.726728559924 1.7765875037959646 -14.503702639531937 -23.504502076492784 -28.807847294316474 -8.048866543247085 2.383742343416743 -0.030760529995244094 
-13.1892468723759 -6.6530007498577035 -3.861329859946184 -6.321549406312272 -6.83871909123276 2.261186357237044 -3.2182477081870537 -3.093281627193087 5.031305177307532 3.315834653447885 -1.349081646845048 
18.08516478618131 16.909294120852408 5.351592452621183 -0.9312444137239659 -5.416386641728967 -8.369662676265406 -7.975168800166451 -20.2644433757558 -11.491593255304037 6.659390534951783 0.8569029624450546 
-11.277759416206344 0.5327991991025925 5.87987710132274 3.4702391330084934 3.3199454018270265 0.48318792956735224 -3.18262332659956 -6.050962443515814 7.144127996087377 7.164164305556384 3.0951739111777807 
3.6751617090435102 17.069148778725815 -0.7346806673624604 -4.911891148660935 -5.310569947235141 -3.6540971195652134 -11.675758852570407 -9.445820166776453 -8.7431932409645 5.660932496958969 6.141165903836299 
-8.487211454564797 -1.3116201784317507 -0.3136140783331167 -1.6197513361959368 0.3259694852798687 -8.22860808715951 -11.55368798179972 -3.5649155801788597 -4.180534773094976 5.7227550200201955 5.828555881387751 
22.073570668695535 -6.4209089869273015 -8.303094075947975 -11.008887427486162 -9.174996277033085 -2.096960289621137 -1.0326890199465841 -6.033578553374661 -0.45744772837890113 4.3399510212259855 3.7031438066872093 
27.321995186523942 7.148528730082416 5.965238358217313 1.074066012638835 -0.024316360284564353 1.6993267450483698 -3.5131673147856515 -3.355403713024055 2.7122227444316866 3.9932000144680537 1.8025240312134037 
