-665.3336160763527 -693.8607935006137 -735.8599108687334 -405.71360098296645 -177.11169312868827 -97.99640444171517 -125.13936620016287 -215.00596391762647 -318.68541157301723 -498.0689746762823 -684.7140406748917 
62.00298040303433 71.51104574494842 75.29861324283763 -19.16266180957652 -13.341475617099395 3.640252029171302 23.607975131642405 69.3422269073339 97.56667447792282 122.0792347300335 106.50762877948387 
24.117496581515248 39.04576015771747 63.34939935988614 28.208766453718578 -12.137732356332076 -6.168326992334572 -0.0704776423107768 33.802376259291506 81.43922810668104 71.38474055514877 54.961862089743306 
36.0192181078818 48.28420529247324 43.29132646623124 1.7865942255135727 -6.167486809007862 11.050672235747179 18.470859431328613 -37.01195772567576 -94.02733396861456 -39.25087946664368 35.85844774654147 
11.317853110674976 18.055173982257788 23.84030037912681 -3.8593708243456697 5.019953613502853 16.16292297588927 20.660426953705837 17.666668793104883 5.6891248669626275 13.795880042904955 25.759747912621474 
13.980611321935562 16.695745937635284 16.623633675612297 -5.017499168115739 -11.172632250162586 3.5527772862176925 12.122365838026838 26.06495615281787 64.3962714052129 50.95849323101527 27.76624685497835 
22.6927327895631 26.042522907642834 20.158261084268243 16.484558299431036 -27.11131115514673 -19.127777501696627 -12.801958307195978 -6.8662758936957875 -18.33571546167541 5.7142203106717115 34.35732049260725 
18.41579079084672 17.56014476110837 31.7150731469468 20.56304114604557 10.637405086133572 16.613849602207154 19.515949316318096 13.151728781957011 -9.715732287078058 -5.35930039544489 25.86945471840525 
4.924818440751786 4.3344131774483134 11.7970858350185 -3.0574094810228334 -19.796039167139913 -11.748461448100258 -11.513071369409793 -18.597837076184597 -1.2417810727644567 -3.843135144371076 -2.067159730843112 
19.205407487675902 20.135485114488446 31.135737777940186 30.983859110893533 -9.529439410326447 -3.7901852472768676 -2.3840843838914485 -6.523540818859756 -1.8821154476376933 2.962695799244564 8.540339364141161 
28.695099661556263 23.94627633682173 10.366590446582627 15.22054773431747 -4.960320091269244 -1.5038449050673595 -0.007457573515502136 8.142935000424218 3.875737395939426 22.610999205755704 16.323725606379796 
22.62083782281986 19.216810988911973 8.80655548551514 -9.717322363075686 -6.20915098686841 0.9092020313887537 3.5766061688542994 3.015187762974959 -4.221942337617155 -11.496076967827886 12.719032348760088 
-18.67753109330252 -13.4587384946369 2.404635320074391 -3.8791612107079505 -1.7942610343386982 0.08740617832739703 -0.28650318177081724 -8.355756747296635 -7.3429676977627105 -0.7965369602487467 0.6565334863623358 
35.83763685991143 24.46946171588586 3.290377311246556 7.31956109787776 -5.850908642555688 -5.551087533384975 -4.2310215985012904 7.401737864851445 15.939427553669418 14.28592451604646 6.584218431833789 
14.90493108612698 18.99194172705346 15.644765075141358 10.271919064613304 -5.826962186955675 -5.981411112241354 -5.53291401375768 -8.219448295106696 -15.906348861095957 -17.458142180820175 -7.235837279419107 
-23.370707370994033 -13.74638905974522 -0.9167867997669077 -0.4749232110430074 2.5226871058943052 2.3694834935649114 4.313514684343943 12.901689377969728 9.604939695527637 6.892445144590089 -5.566322841345958 
15.208194781581014 17.98158126985811 12.569053518758956 9.2977569648615 -3.7201376150846235 -7.8288145786385055 -8.630873067182772 -8.1908698384817 -0.6628595258447374 2.7321294306918347 7.330001438240768 
2.3297228893639725 7.319553853889013 1.0422515845148332 -10.751163511962169 -0.022137881239521234 0.9740535024236724 0.8307726595544969 -1.718435706912072 -0.7599084233619529 7.333955887595413 6.517453068840719 
-20.116496867996247 -10.778519921573702 10.662735953806845 -1.998048011578834 -5.5623740379843785 -9.759169685986803 -12.514738079419821 -5.9875533834761185 -7.060620423807599 -4.412310249042685 -0.9361254133165883 
-9.505376024427562 -3.895585005826627 1.5189819727766634 2.532200722434466 3.801061913200924 -1.4926421671580823 -4.020437982790623 -4.681544185010781 -11.744797260536796 -2.1408648994417083 9.506983682064444 
