-679.5284621010088 -659.9454640448495 -624.7464945740871 -265.7407559574836 -78.70102374209871 -28.16094423404091 -53.04557794971131 -86.71061047401903 -144.53465702560226 -340.2138786220743 -617.0590864755259 
36.44733365980865 40.99592999891918 29.82063129265546 -13.124905933408854 -19.63936161338992 -13.72945370362942 10.98786609517548 64.26253217127476 84.14086062404948 117.19163801871258 49.96666553642176 
23.63364813599572 41.304071214950085 47.25655865622194 -39.803205426350644 -47.21658756552836 -48.61562477243071 -57.093982850313196 -30.497487519703682 -20.197880602713173 -0.6208612885944751 4.352565131403822 
7.790129217384977 1.705342621028564 -1.4060294105870745 1.244125504194331 10.836204276518384 12.52290036113482 -19.236441650387818 -98.54442035101599 -111.62882783602194 -120.60144788783879 -63.769441130230376 
-6.051863829444819 0.742762976063202 2.8501734152103975 -41.52614207115735 -38.18611218655221 -37.60382021397546 -34.79169758816314 -14.918624135751598 -2.8518462041217454 11.016135179228433 -12.825511202672228 
-15.041190411865392 -18.806592198104106 -22.8994841461285 -42.397688683941524 -33.855525256566196 -31.524492564044078 -18.50711533185117 -15.484888358997567 -16.50295496437894 -12.050474698127115 -6.704657105688595 
-19.137555957491593 -9.650065700456745 -5.7447945070137365 -32.473414879427025 -31.936048754492685 -31.717107404081077 -20.495564341763007 -7.759482950578079 -5.074664662728862 -0.34484341351445413 14.110358070013948 
-19.939299607573677 -12.593828023838586 1.5477430167143211 13.235061130366109 13.299482709538406 13.348735230630105 3.755038631161198 -6.930859970173675 -7.2786815291778995 -9.101025580807866 -17.047824739088526 
-18.916426242746866 -7.393555724218165 -6.908693898858124 -20.51027695726215 -13.873549860542557 -11.23676232447126 -18.09194765256722 -22.12350379208811 -22.77266689231507 -22.58176137872113 -15.604086604745138 
-16.469867192747543 -6.88116416933606 -4.553532493063706 -7.186583251848353 -8.744918704945432 -8.82319927941305 -5.364182850546216 13.039724084743849 10.97308767481146 5.1975682228584335 -12.988314634411093 
-12.331814241061224 -9.057673710833274 -7.3702093926437815 -3.151225938964795 -5.239558024788883 -9.557852858445091 -0.7286944848315628 -3.9141575251056455 -8.706894026052282 -4.3366351601219035 -9.41335664257084 
-6.636980520043255 -3.9270246100232375 1.3530512611438275 4.717534444941754 -2.269993138311349 -10.37804732196632 -7.160583682658128 0.5716204261354242 0.8147065040351652 -1.2323994501933575 -12.22511324985915 
-0.5218645489641198 -5.427297480537298 -14.198072000145768 2.652570933779273 -1.4738269504012123 -12.097329539032184 -14.842180544774362 -24.666709119083492 -36.38848952295432 -35.34041043715423 -22.74881711727209 
4.334227676960623 5.240709564122804 4.055497502528141 29.152336111781217 30.848568155984974 22.13974187648656 15.930734784624821 9.129555400559587 -4.998431998972517 -15.580015111973857 -5.260234939497998 
6.796606001013465 3.358437449057348 11.902430313625946 18.052158459047618 19.6057452746063 18.627946699246372 20.619941284654605 25.5528899804954 18.525653148591545 -7.725940199888467 3.3458905344062857 
7.000285127882905 9.900215344836658 4.219967521405603 -10.01667508320988 14.658610247814359 29.02497806017992 29.875991610760973 24.882037947783758 22.508443573543587 15.753905230021399 22.9911255796437 
6.074714478127943 2.946282774969347 1.7922301536163372 -36.62276207928865 -23.85233670550144 -6.077469174859573 -3.999582361768321 6.349176160893641 17.531648871059566 26.36241623160421 14.943055131715063 
5.13493967036811 4.240790141746505 4.562066188563862 -7.536452136007262 -5.3437103788314655 2.9901579099805273 -3.4202609908669497 -0.42116092861872656 12.901974179718659 22.18371999670338 13.292086029990493 
4.439510941419158 -0.8415094665556224 -2.0484088054089753 7.2042016716426005 -1.916269853264959 -2.66809489792044 3.9056631478167034 6.977803256129995 8.363606929659973 15.036800482715341 0.41576156254808017 
3.430425541295111 0.9583694243803917 -4.044150128583043 3.4809908902497604 7.943866413739743 5.746416473275349 7.644839748759869 -4.99295942032803 -5.002422388596624 0.4985417630475303 -1.9304008339568464 
