-465.48264836747967 -474.4840624249389 -491.8214130760281 -494.7982001573713 -494.78027663970954 -362.6934504177839 -223.44350399375674 -203.57862833503364 -259.86565001870423 -312.16434367269835 -352.9120443994309 
48.5783847081931 38.62303250093899 27.8799847692806 28.754203127203624 24.653941326867272 1.6503197287990945 -11.177361628206748 -5.687373059697451 23.706570530560715 33.5129983310794 44.375432880026025 
39.13594898379563 33.108767440230416 29.29938160199933 27.7479267705613 21.851048592201188 13.02500073053116 -3.21888894125398 -5.101094012027969 5.027396553418842 27.63251866279547 30.229872156717647 
48.85535695524283 41.664985686770514 36.52146607412089 33.86282960136447 28.533191746662208 11.272403913961877 3.4270311221594234 0.22077926300853884 -25.497877500650805 -44.62567365887935 -10.880386591599052 
22.903313084406378 16.849195277012814 12.91432312423073 13.164534680970291 13.238208605488913 11.50012766719029 12.251035895317603 15.443921874104834 12.427664037897745 3.591836629738066 15.443866677103024 
16.956439679802966 16.5973054164006 16.18071926113619 15.341978638618716 11.96057289131307 -6.387999673488295 -16.187977975063255 -14.50556690026648 -9.49120277432359 0.9013708046407284 5.459641375840427 
11.970312375283363 7.7434506224573525 4.794573016971415 9.140108945405023 8.501867581994361 5.452443332015748 -4.622774641435105 -6.404924249176885 -0.4375920264832634 1.3263094485329272 7.126620736779181 
6.261229097286532 5.001893306617916 4.2646435767711415 5.058817108461915 7.857592631975165 2.3535983470633064 9.05780008521004 12.115613982469041 13.663290707538794 12.327622087052633 11.55958913768789 
-8.618488385178328 -4.3610765664990145 -0.45736071592771055 1.0801241654151927 3.614010445004755 -10.63400058440604 -16.38502093018616 -17.520886387210663 -19.049338874529255 -15.842297502006803 -3.564370297299913 
-2.8694155175650033 1.5954071713137619 1.879281798648591 3.5212057482758485 2.1639903293270146 0.6670194556842841 -5.934804783157446 -8.095914342063534 -9.486190532045576 -3.307472160365137 3.1257459118533806 
4.486780455610223 5.918853644259094 6.407232858631879 5.848169216041303 1.445288771600522 2.3539938553439366 -0.963148644841107 -1.4107317099607657 -1.5625337356010585 -4.794113318088174 -11.443561727065799 
1.432314183007946 -1.4932448932767381 -1.1387853692786627 0.6406576925660967 -1.5822006169461291 -2.6343953768346022 -6.437294226457707 -6.325358866792335 -1.0318704699850423 -3.6040106791169197 -4.507922068003068 
-2.882503655754657 -4.187716319809934 -3.8479485219442906 2.6286015437004635 -1.8602910364922671 -4.537379076737425 -2.2414906052400685 -0.2657247532806557 2.7367684342399374 3.2911388614257158 10.632504611152017 
-11.074198709968378 -8.968723488151316 -4.78983777296359 -0.6717751231348553 -5.934069187325002 -9.062354412599532 -10.670206078684338 -10.808077461275463 -12.93433548883873 -13.563670966793069 -3.0094811824139467 
-6.887174440071749 -4.988056924450908 -0.13470790370970454 1.0518490435996852 -3.5010072095477196 -3.0720167503428972 -0.23755774269568325 -2.639746942510773 -8.922844454143608 -13.773332093305989 -13.388854150925603 
-3.9130806400488387 -7.296854979579949 -6.173399183423945 -5.050841961076529 -3.9841485892200463 1.400717048357935 -0.95217938903828 -6.841621455474296 -12.661120201598418 -12.896927334931652 -14.97585417943149 
-5.836091604469393 -11.91019848655494 -12.878401208202709 -13.357601364391439 -11.821915479085941 4.054713935690808 7.70146305137757 2.948604451483105 -8.101028429372464 -13.328947344273434 -12.366100646920557 
-8.783987706800986 -13.200188305836406 -10.211661417538433 -12.139958068587035 -12.862321999645582 1.5952921754337863 3.055407355329777 -2.827237187125211 -12.287556138753882 -9.028990104938007 -3.0741449435313024 
-11.381288854186858 -7.441004005771326 -7.412911256643499 -10.242962164288022 -9.80779708642416 9.492547793142347 20.966069688903676 18.51578156785233 -0.9595805927959918 -16.30361550951179 -15.695986270076794 
-13.123731038785131 -9.989191725097477 -7.801264063238844 -11.251985082558566 -14.301017400751226 -11.590130717188586 3.6167173257528202 9.260012465409165 9.770435071031203 -1.7969700485061546 -13.257135948457218 
