-746.1816842702046 -450.0966639633398 -157.8996297352849 -81.43353364406053 -112.74363677540109 -183.18813351649888 -238.04436338620255 -370.0494552537342 -522.71570294439 -648.2050091151824 -708.0688147188757 
5.132985985603142 8.817906597005324 -6.7670635968626005 -7.472751017546485 4.822678270491905 66.56017950751351 112.08272207351997 150.7080479319379 109.35029646201048 50.04548613558612 30.96067178672672 
-1.453241135868529 -66.02509409675733 -69.70240301635528 -74.71293452380031 -72.7952773595535 -44.48588809204938 -23.53228598166919 -19.405843185355533 -5.445783708114844 1.9980328499081446 5.221286888175807 
-6.211163473791245 28.463702831258466 11.61630780671413 3.25126369226604 -7.995603220840559 -61.27471018727957 -89.19927021366789 -97.00818082039312 -63.30154026761029 -23.674814617021184 -7.401936141392563 
-5.8783385236176775 -50.66021642984745 -25.112853990701517 -20.42205773038608 -23.52742191098717 -35.0181652378058 -23.85882768141134 -18.04431079230212 -44.91219643534576 -18.39216651552881 -7.745593197592132 
-1.6621479748154693 -4.643227845505461 -15.925151964091242 -15.195092353774792 -14.240695906825454 -8.301137222637099 -8.790271323319011 -14.800045695848135 -2.9250221343467766 -3.641987371932134 -7.9247808857056565 
2.0032689343645798 -32.25244035654045 -21.44071175014124 -21.716240480031466 -21.171291060648898 -18.425608409028708 -13.64639008274208 -7.502181636615393 0.7387747980491908 -5.692098923826691 -9.300570152550373 
3.1325164112390222 -15.960764347216738 -20.03027625817312 -26.254215657600717 -31.128801848630008 -13.721914718403637 -7.4282374711761285 -16.752899978356982 -13.436835620919574 -8.830660494994884 -9.928424445358122 
1.8213418548031273 -26.502797058456395 -7.823177204358101 0.1030023872606376 3.8598202278073748 -9.258687896712278 -20.843278274182424 -15.839746558746462 -14.366974023887515 -11.667165644476505 -10.40545359212513 
0.6791090890291389 -31.242316675546903 -29.715376501281725 -27.44668233863518 -29.387972198429203 -32.994010340120234 -22.512156208998775 -18.041687784120306 -12.17806839749042 -9.315839451136771 -8.69900617524192 
0.3827453032144098 0.8378000525897189 -2.2415015741640465 -1.0259618780502915 -1.822675858184669 -5.534911140297201 -4.698092369401484 -9.997111296722156 -7.43250811220058 -8.074560810143026 -5.819649339235815 
-0.19424931389849026 -43.62804352266227 -21.328539146123596 -15.871404568430703 -11.576523284668324 -5.87509312597284 -5.704727684510578 2.1995626198621423 0.908241095676996 -2.0988637214162145 -2.874150704018682 
-1.1360932224164537 20.744437594812993 1.7344755786852755 -3.019589373748782 -4.257459226954097 -0.9622843948464449 4.0255218147156455 4.872054530701415 7.365161515422878 2.4936763631702252 2.0420918842883307 
-2.3763017698762443 -0.15606211170265116 11.002964005351727 8.444475329069776 5.951255811521212 1.6669002858018 0.3706321493228679 3.473144553422997 0.233220917230119 -0.8998197404133184 -1.8165166411425078 
-1.8641955404437418 15.51418404502347 16.2620478660042 11.530192811725737 5.868159127042407 -6.5831830591959815 -10.415285650179458 -4.067579145086515 -3.6433025974385824 -0.9214950508205019 -4.392719424751163 
0.5272882910945358 11.957269820515364 28.108055005323678 27.143956112206467 22.078450517298176 0.8621318061647365 -4.006553430302619 -11.516652747524727 -12.594887519877961 -12.747776788434665 -5.650105907377629 
3.082450605683465 4.264019315577799 23.74254121228324 27.116331222778733 25.31870289325125 21.138358653072416 16.199252382533185 8.831784211767264 1.2559410820520756 3.4216683189257218 1.3315802855782064 
3.559134609476888 -3.891696401594322 2.871956745319401 9.695069266004802 15.50121109410243 17.76490375788663 10.858048844927247 4.911657670875168 9.50039053372288 13.332260429486878 6.346084925851172 
0.7535652347300383 -4.588724398709921 -10.572135389717458 -2.7671200142153607 7.147435322495364 30.246472953799092 34.03756035681238 23.16596994185333 16.620564251920655 12.128783874740247 7.533009899053377 
-2.69865549309353 -2.0974161049168742 -10.13469339107008 -13.242805690423332 -11.698021480556871 0.15679760841687584 6.116398561871826 6.185777274031912 11.36234923849155 5.694571186008416 8.19826004204381 
