-502.2741244617484 -506.52027984772224 -352.1869852596809 -160.216275274193 -110.13180686590951 -143.52525551964936 -172.54908769001943 -192.27920364123295 -294.59305738219643 -462.0209481641988 -571.1487691738557 
7.017564435718449 10.437373234641122 4.32462339000872 -2.425343347680857 3.9433482140705 36.90185481452416 94.5506065966771 109.46242892100659 132.5971500515695 103.45053115646245 42.5843910489714 
-29.32728347676438 -20.176672128229296 -39.06970571081604 -56.7259077088228 -65.50270247660852 -64.72884022486289 -23.401678976102183 -12.513824425535923 -7.657277038566517 0.10634432953128459 8.1704079007114 
-0.6016128599701229 1.3950406947654477 5.321611318182883 5.827676553124708 -1.9404774559943658 -28.2111112379877 -74.15177093547206 -73.47404323410431 -60.838755461378184 -42.289135816189926 -1.1132325310916138 
-20.639184792247868 -20.32887590343246 -17.63292505883573 -18.15325156640658 -14.233341540057681 -19.650674477816857 -29.15287768323629 -33.50162186809241 -30.920669986360814 -35.60964641493446 -12.994007900199694 
2.840266582799996 2.558206959246994 -47.28805467473905 -48.042717247206646 -43.59446511854027 -35.86188801213081 -34.68751528778105 -28.56240621746681 -24.08387954190035 -22.176011466189387 -10.01176968347048 
-5.122132464581684 -11.61320288733355 -16.955360540115336 -33.29728398198313 -46.74310586393912 -44.35814479590596 -17.90692812593762 -16.239932972950307 -16.88862584945743 -8.701438740638928 -9.887994535053735 
0.1538821282746624 6.572157438721326 8.360991652146621 13.530031904969299 7.3978829789024 6.77888924720874 0.6179631434472505 -7.880217164626577 -11.629530032297613 -8.188631588670031 -4.7392107683715885 
-17.19537414528794 -10.58904437643354 -22.66429876033568 -19.317991753661154 -15.924263055678995 -14.559614610632908 -2.7940474106705975 0.48353103249847684 -10.708748776278533 -11.56962726826789 5.121931727715659 
-20.20004756837239 -12.161290129803117 -1.1841954541994908 -1.7817574749150522 1.1850609963084757 -6.973481847146201 -16.24064727149329 -10.101011545231671 -5.544741267486206 -10.299753199268133 0.5468373505860868 
-0.07229957495202566 1.4997971279737343 2.786052740593701 6.890891331087831 9.406705043550367 1.4868004742479535 -7.127452831263337 -11.768146166264893 -10.435463135542937 -11.607084265590405 0.5313611891035601 
-7.390303446955976 -12.37777838374501 -12.34825422258318 -13.306085009824155 -15.541739248746648 -19.81756890183348 -15.878788728456135 -17.156783630688935 -16.49091381071782 -6.426958780952331 -2.7630381776943747 
10.585653366869412 10.675398429289523 5.285663367448756 -1.8025252910268619 -3.0430949695979477 6.310259485607632 4.01218940074308 6.009552766646667 3.4278583522154604 6.223421283122638 -8.899489465102155 
4.064577944368626 1.2124581447071088 9.299913806160308 2.2398489510860715 -6.702815114002627 -5.999540968977962 -2.8525100887888266 -2.295679888065321 -2.463344682130592 -0.602345812978735 -6.75333396761536 
-8.778973816919576 -9.293094434761475 12.204445841147344 19.373902925827146 11.33767447297232 -1.4243978987448531 -13.783227658933662 -14.890356856123184 -17.277671836671153 -10.240593594269328 -2.643620956382085 
7.42700582168824 11.247372934762723 11.901309305251958 12.121437546439385 6.940515929218696 -4.650250434362744 1.3757464734648979 7.815893286026196 15.398304605921282 9.258277073230765 4.187360707009007 
-0.7077900829380672 -2.167956089354562 14.21472461610363 30.84024473582832 32.18846949382912 20.973343739794117 5.276809697839514 0.7962828458975298 3.077452636250525 14.299568901455892 -1.7637359821585021 
-4.183888544749793 -6.8883970091314595 -3.4130273744693973 8.005901942982838 13.49432601879159 13.350590147906154 7.769528200444294 0.07292428733170742 8.442934587969981 17.413479874534552 -0.4048659393200734 
0.2428107950538846 1.367199476449204 -10.0267263076951 -9.148543705850532 -0.8493445787645435 3.1813125596299847 5.901589355869412 5.174113964417266 5.997230870182602 9.770209596738773 -5.531828273147768 
-8.432290557116836 -6.443499534827243 -11.745107669219976 -17.159222728277 -5.7472245858309545 6.857022129158032 6.160067312463178 6.1956662641523295 4.354819851933938 3.101588259538688 -2.87651103803348 
