-699.4460839875342 -687.5593601354243 -498.46900803467037 -297.6901028747797 -145.52281140621216 -88.82566064473782 -130.08779820234636 -195.13369127675287 -201.28093595527113 -278.77737905259 -474.04121903324665 
36.34274434533819 13.58850645895552 -50.02071846371187 -34.328387843609484 -29.241640975188574 -23.821807592842887 -10.216677904874276 66.01957882878757 90.91295470272642 89.06159242027971 106.27988524565515 
-5.646147838604595 -13.165812353039927 -12.899531054073329 -25.563410403524436 -33.14622088279381 -32.15679295518184 -23.19022573916088 -14.228245166352226 -2.9706620721007915 3.914745091102751 10.538227051237069 
-20.035358290281863 -1.366612728591991 22.87576698397596 9.851055640625537 -11.327265937973815 -34.138378586675074 -47.24795920086334 -65.06883925080419 -89.25859255581682 -95.31431849997239 -84.92525660917113 
-11.366031620119113 -22.433714615458108 -9.160941638201626 -1.2171361423831302 9.596924090064526 3.9153327990817943 -4.39161759201323 6.022940284619958 11.391945271957614 9.12089075475043 15.511707682323777 
-7.2903548825463975 -5.107747213873495 -3.323290181424735 -4.345750348002642 -16.375887089974313 -10.784552296005815 -6.3632954194638796 3.826333224732878 -0.4655512913393194 0.9658009658493707 -9.710675407183192 
-14.883964618172339 -10.279178878072987 -7.379610673986002 -17.704088178666055 -16.00298968925212 -14.480308290484096 -25.38941076981977 -22.009317648913566 -12.482069156426993 -11.269103188913002 -14.533547964509179 
-16.09983421747432 -12.958181231564517 -3.724447486690452 -10.563141333704213 -7.691936550605284 -1.6030690607688627 -6.90371988193094 -10.346080654738605 -9.27488095467945 -13.35483962917933 -26.047621169049037 
-4.28118476243553 -0.39715265163734204 -14.885905518069219 -21.906751445687615 -29.82263895537244 -29.989956206723477 -28.93552182301136 -27.18188319866852 -25.946967922379272 -23.04604289009871 -25.493297192526185 
5.583392034193575 9.40435606283711 9.857367319451825 12.434847169636761 7.738664771283117 2.167736837063665 -4.835205404311559 -13.482237469670068 -19.213003960583833 -17.98472900889942 -14.06645987307212 
4.019567803839142 7.455089306363325 -15.558300828155861 4.98310900256231 19.70501785211129 10.23384190544489 -3.610846690520082 -7.532678685415072 2.7943024397544503 3.783854762530359 -1.993882467504494 
-4.3699942094809 -6.818181417309153 -1.2578416227903702 7.821118019079416 29.873927127518513 34.739298356463465 29.514977538654307 4.42445475893627 0.16785445879516364 -1.3199785688911667 6.634710254914836 
-6.7127587768790615 -2.1461725015040294 1.0178092635248164 6.259984641592897 13.174953915132239 25.094054381045687 30.13166284804111 4.893487311420191 -8.045634227212602 -10.498632026510933 -12.97340080202536 
-0.8989125590873852 -6.183535409099496 -18.206341985857215 -8.557271068615968 -17.65385940195678 -12.532314556254468 -6.622998132274504 -6.965464630343275 -0.874238924084047 -0.6934631439458003 -3.871681501105321 
0.327017631077789 -2.5558976641724143 -6.225366587343384 -6.224202291468477 -2.381868412983051 -5.292827069630795 -6.772498362516365 -0.6579935644723507 -3.7179316843348267 -5.6477887465263255 6.187375301287636 
-1.207270990667393 3.0598632096914904 -3.802872017193442 0.12055973054923769 2.9946822099237984 -3.4916745718019304 -1.5217243685750035 8.238621699757743 10.894896202487974 8.797116157267833 9.380440348242168 
3.3467358333407624 -0.1444421339379935 1.7777574695239484 7.742475502144826 17.111781593466247 17.211013380284058 21.25368601495215 26.447990012996 12.016882309185734 2.1943558038165176 3.0099611673433966 
7.610510908565367 8.462460550100968 0.9882543329449596 -12.966343220095595 -18.20971633446758 -7.899736655821025 3.566294296455282 14.86035376812599 10.078961931799654 6.024319204247462 7.508922440382476 
5.176813630875508 6.732662874695001 8.13689068692216 -4.5237561109709805 -26.000445143202015 -26.109967770428227 -22.16158411570902 3.0958116316087394 14.929023248494005 10.805479968336464 5.993135071277097 
0.37855740728212317 -0.24872465213847494 6.127252581505533 3.8071444686179055 6.022691694893407 6.059056969760637 1.0851310193702677 6.924431809542363 10.357247765080485 9.005204894056337 2.708267364374705 
