-209.36001987247812 -194.12280721273774 -166.5453165107777 -142.09199848717796 -111.24382551870598 -102.8963232907015 -141.33545836432114 -158.69975003490083 -99.53235572214909 -103.87028543730204 -164.43538821952433 
45.26152457664978 49.099280287530476 47.667720076652216 32.75674186237324 18.017269609139895 12.920235549243452 23.197432657537192 45.97323182762763 37.14038513727486 39.902175844981215 58.072104917066966 
10.884363284135585 3.638400818663513 -5.925336977962716 -8.837496191654784 -9.441694066395556 -11.414147475544212 -5.216469274414665 -4.063381345806404 -14.519656156965311 -16.18362860275022 -8.033545324209483 
17.55108129252021 16.15535384745848 14.445573786438384 10.076942357897167 8.88491704060112 14.36304296675792 22.690975799669612 -5.416948461838505 -12.327277693687623 -6.826180042339987 -4.753892305103468 
13.144398121000378 9.009020046304888 11.548509236321763 7.935495460577286 -6.635087522591988 -11.086110756397467 -1.6886453595404587 -8.56047408983448 -16.491963714395222 -13.812067343844792 -8.25209762922354 
2.802983527543957 1.906101376835815 4.155183283655777 1.8667390630340654 -3.5977315131816283 -2.466845430023044 -1.8722563612474188 -10.325816044079794 -9.226151709707324 -4.316500708162083 4.129271820581473 
-12.498612061198564 -13.50164794480926 -6.584090385236781 4.892545055378042 17.751201613230705 19.553203095285234 12.677558768727925 21.48652810266156 30.052879807283567 26.01821019047961 20.736643962417133 
-8.682204445108038 -11.991939711769298 -9.682731889467775 -3.7441329550254405 -3.2932377732397637 -1.4933972312705155 -7.273791290992926 -11.171433697322902 -21.316598946303813 -21.43815319702008 -7.880670457853352 
-12.558101558119072 -7.566511103332698 -6.295718318724959 -4.502244478676983 -9.203970594833585 -17.477509136611022 -25.882331134865083 -5.419095535911856 -0.045806220894178074 -5.282341336170205 -4.613019261542295 
-0.9595756820992741 -1.808694634191238 0.4785882370374112 1.4891354587524281 4.051177243118165 11.425448323811185 13.446662146998936 0.1107121957399182 5.502202007821159 7.925413175801447 4.316307928886038 
3.0288960838129637 -1.7164934172352697 -4.2132934569725045 -3.9775333343667407 -8.952071379843149 -0.3799739610863838 7.080584016529561 -2.6775501480733537 3.6112213447009776 9.97966853141146 4.440231604901359 
-2.508557821665304 -5.336643981785145 -7.073068925776705 -9.130754103641362 -4.776389057365733 4.503171489445324 4.78728442196466 -9.836585184870152 -4.119794205683583 5.360087475897806 10.8638891555824 
6.028778186889567 -0.5386849475782669 -3.150221419734029 -4.789788414262388 -1.560712610032268 2.5364255561647777 -0.4886886241057552 -0.49944462878391593 2.664715000880097 4.5899942787922345 8.144395578993578 
7.5903147544113905 4.022840826419328 3.258987016981236 3.449583634406291 4.596669789696044 1.6238174787960684 -2.3848128759666047 0.16426712798476634 -4.669725710081421 -7.261960685788255 1.2907090697149257 
-3.015042988173497 -0.8578788470543315 -4.3646035124973395 -4.437992114710565 -1.884569527813464 -7.422679926975983 -9.651046596671407 -2.140465360999481 -2.1994373357835215 -8.060326550878742 -6.132803629879273 
2.911019531155635 3.772786654353317 1.6229845685374267 3.081022320972584 5.288174073863376 3.020816032244154 1.8911539368157761 -2.287042903911228 2.2849646108680015 2.0886010105157986 4.848132440937659 
-2.3691052200757667 1.990122190106829 1.6816269386314495 -0.01870793837631557 -7.652674189407903 -6.331111643920302 -1.6191927990639234 -0.8838969170906186 -4.2741852331856425 -6.727433770468414 -8.763900237278612 
9.051896753881785 10.050029698153145 4.797280056346859 -0.26169195842370063 -3.2822864161507006 -6.51849083570378 -1.1651272693677777 10.455051544331965 5.707756439964395 -0.9693342466698639 -3.888854105494713 
18.884640007572763 10.176222812988087 5.0591097054635945 4.529388359767623 3.082377824673098 -1.8817010663697038 -2.4738752486179845 13.1969586107828 12.141190929856803 3.052111105496144 -1.3933239397877295 
4.901923756809251 -0.16514897331634013 -2.372316790092365 -2.5186463885897505 -4.841187912090607 -6.251823759170495 -1.0597802828331153 4.777272733682759 5.811694700953833 2.373455085286236 -1.400727130213809 
