-598.5366743585495 -598.8669924265928 -503.71564636392964 -297.62564117542695 -218.67455392115727 -223.09756363827873 -261.075348315905 -307.6472544105132 -409.37354613396775 -522.1549125270262 -566.4542121773503 
50.41459408347931 48.159092267506445 28.29518472484009 -7.223322409889576 -7.709748389921993 4.350412971949905 34.7003424184163 61.92210902900556 75.75901561184567 83.99018241571883 66.53462434158607 
24.82410268561899 20.47928794786234 -11.921011479086761 -23.51850838115123 -10.915888171062026 -23.812643946107666 -56.25940373704178 -36.760335322327904 -18.461312218106492 -4.326740936859061 20.85629256878159 
24.160258738040483 21.911377613622623 12.225168284057643 -7.561062482626367 -4.981466147758485 -19.959207616142514 -71.5337067514499 -92.28379583977011 -56.43140984650552 -16.771869277795183 17.436328410916545 
1.8439091102899048 3.1417465492983307 1.3476032374641929 -7.224757680656911 -5.65322500464567 -3.192955631263096 1.0084203115125587 13.463091382448445 12.127638642245866 0.18118174239849283 12.49069246923833 
-3.756851750037395 -0.44237401070658366 -18.108032529898715 -26.110361449617518 -15.663106192624229 0.6880955940568136 2.9662727701876888 -1.6918902807138145 -8.608156030057911 2.162620049332815 10.642652708858765 
-12.767313952361665 -11.711431063354935 8.288443517860436 0.562400887607169 -2.7656620713722044 -1.4283817872520626 -1.9175345869696563 -14.991789312246292 -11.545874691049386 -1.1526915369300381 1.8277311795531859 
2.3400471577996904 1.123343602821538 19.74993261484857 18.88148095198725 16.01639990961061 12.452970808761204 1.0097424758695703 -11.427543931069206 -15.486112432307824 -4.699762771516293 6.125302022764952 
2.7867840897383305 5.968487735389397 -2.858396471341435 -18.521185890483704 -21.14768359247396 -21.488516341982123 -15.816754644172336 -24.055322350625644 -28.71217650017366 -8.005994224554383 10.482368292261025 
5.559501165419359 7.281814348859848 37.897784666061355 37.17273564400236 28.237766913461783 21.644764768649107 13.368883110335485 -2.3081615515784373 -19.4531382790018 -7.899010278685226 11.901776036803465 
13.86201425153738 11.19577223533649 4.520604132241797 3.8519812256564165 5.095460363127563 13.451221259525152 27.513598045300185 31.983389958581107 29.864706193723833 22.58785445994606 18.11705518001242 
5.4086298733192715 5.7924454673174495 6.931863329758517 2.607750489620379 4.352965732082755 12.01298703329444 8.15041446741857 14.385278231411817 32.683578995395884 30.540363019683184 7.768995316469475 
9.928486179704354 7.788035731894322 -13.437294610829285 -11.853096276971268 -2.0222215144843894 3.8568624615171827 6.808183299738214 11.163553610190064 32.71904522835332 19.955448251367258 7.953353312137481 
2.6456320496230368 -0.05043961592108581 -10.428511455461074 -21.587587758978117 -20.09286537580214 -21.369270988745612 -17.75870087945067 -12.795198933926542 -2.0082812147682456 -0.18528270526191992 1.2767942401800965 
-7.227004628466984 -4.0162094916925115 -2.0045626289740106 -1.0062896131467567 -0.34727749150061715 -7.771952052693994 -19.7201490270037 -23.678354008359072 -31.508593754835704 -9.056963189322474 -4.069947331600839 
-3.3741467069048916 -3.2142099539055042 16.85270858316392 18.240942845564792 14.420189341727088 10.627554845631234 6.692871246641134 5.572000991507114 -5.94487684283684 -5.008293201430639 -3.9914902316509133 
7.310769924301798 5.326179096923936 -2.165532538281914 -1.868763311122748 -1.74750752576974 5.659187690398769 12.975091464785926 2.293296839934067 5.228196831475463 5.777409200230553 5.699085221884026 
5.743256084404997 5.245882543142086 1.4627772838641349 -8.60347484980192 -17.077856642948156 -17.631945349590836 0.8629001262789354 11.283983223469555 18.921991875352553 9.21947762166246 7.9304314392784265 
2.272360208916244 1.5226909778473603 8.491043688443813 4.947036834080169 -0.8347602517097371 -7.0598182611997915 -16.515280441309052 -23.553785396057005 -19.738281683589346 -3.1274790969476487 1.0007876516516765 
1.5480358050178726 1.671928330771634 4.527169942838727 7.4676660879277765 15.520696442455643 18.54535378561571 16.69857045674733 -3.428335894049785 -16.282090435178354 -10.90791286784366 1.820363742579721 
