-483.7098172614892 -485.39381592828255 -468.2493027443071 -421.9137262546296 -427.32521767715815 -379.35435531757713 -233.38398079977503 -175.99777678064228 -186.80735162102837 -242.81080158172975 -324.0877555904509 
116.37770714775351 68.86160487965111 -63.07393986624618 -28.38007246040115 27.776166953893345 -12.179343567696066 -45.69795051854511 -36.39721415325107 1.7636575007005164 32.52343525984436 48.68816061636235 
8.481332434077906 9.170652825906298 -32.5201960065309 -20.267423337733135 -28.29712021758422 -17.282466852784054 -9.28108549309498 -26.01161393314547 -42.210749882034875 -43.6884142796556 -30.65422776620216 
37.471205371860904 46.68710711226924 22.15146729492271 20.077588451506614 6.949755791555179 6.85707301814554 31.11087299085748 28.731773711697283 -1.350259959433328 -36.39581165821808 -35.25553277255575 
11.524106939317168 -6.946463980949596 -23.89063691547318 -7.500953771041974 21.01721893330083 13.79294347381074 -5.381972678916504 -11.198534519139441 -26.85198689781938 -29.263116217275016 -9.148543577993589 
-4.5721306791472545 5.034777063536642 -8.714234997663077 -3.1152500003975625 -5.532040939141908 -26.254927272251482 -19.857996637846696 -14.763216548653055 -10.039243116916246 -6.479417613119635 -5.665295968542594 
0.8639999238259096 3.4272814324062533 -5.326908910670811 -5.520484545649887 -12.188308039994658 -5.169590992771639 -6.638834378635893 -7.2279216889943285 -6.678178828409758 -5.982134277116229 1.438872780602199 
-11.245322000482187 -10.79186884451585 -0.0734974066997514 5.010780149731821 1.2454867878889737 -7.405937224209286 0.82756725359729 9.322362103421884 3.8074384830567674 -7.020038804792069 -6.192828576654183 
-24.419888842047264 -27.204909242258967 -20.226004656507122 -9.575927849326394 -3.4646539494886306 0.7006219153592279 -0.47630817650916124 -1.4040820193307817 -12.753029224944529 -23.660625325666352 -18.78517324200117 
-13.071739734029409 -10.625968215880505 2.8065260440495123 6.362462182254271 -6.025287722548879 14.2339661674416 28.664946516565085 19.82959904354484 -1.5127709995292653 -23.062709669481073 -21.405615962427888 
6.764542539103324 -5.875778847302472 -16.581198083400544 -21.65364025637223 -29.52001747465686 -6.052013134355111 16.202511914419148 8.72166021166959 -2.225386141038826 -7.967793805449563 -7.498017156147258 
-5.310880663033544 2.791172393541969 -1.9367172789986462 -5.932016954739196 -6.259139474643463 -4.577669711296097 7.37618915586002 12.341297858322559 1.6130956293114325 -22.205476186223436 -22.01773369510201 
-14.057993145571004 -11.425119296691985 -1.6001232495688382 -0.7105773590249946 -1.6655898593743013 -3.2796693884518953 -18.706670489331998 -7.501252796943213 2.871084399684089 7.795085313533582 2.120532659984822 
-12.481564806960609 -13.590721031823126 -0.28622385057375244 -4.279411733487247 -6.465789850584244 -22.826349902640466 -25.459782936058353 -20.313977845152536 -14.018573995932465 -9.268918104060251 -5.400799281803013 
-5.3257217052525405 -1.9407548917793984 11.44976797224168 3.7115415843718504 3.0200474745966384 -1.3791369872603807 6.790185982747293 0.7617192584806362 4.196647999220958 11.424896322780942 4.113076115231793 
10.938028846623489 5.683789521907302 1.2449187001609747 -7.657241872786523 -4.908363335995192 9.587497970628245 18.593570510946066 15.763616711313698 21.961379927732324 17.180730789122556 1.7008004846096623 
16.095503712858516 15.601689088394311 9.647650614492317 2.6578880295750853 0.5852533089304286 -11.691444499266591 -16.951897235902358 -16.375417480399573 4.361084708163997 16.65196819311781 21.115447309017366 
4.921148446626567 5.360166144555263 -3.6575291924221442 -4.311489343258722 4.86222658176295 -3.8212094369662832 -15.944297280873228 -23.384246049263524 -11.368621063590862 6.925317873921818 6.991236073083363 
-0.7369140246923576 1.8354283429246703 5.098070810342657 5.289028062385588 3.6873412332135573 22.35722555809099 21.461190408554355 13.799335568117792 10.489815473971841 9.881044505666686 16.02962100799824 
2.3729813499726164 -1.5178529764519684 -0.0035022711906262938 -1.5379753762835773 -2.6392349280553686 9.94193286320344 22.95599251937954 30.75081665282599 23.13810554994879 11.939210668872832 12.819703685983537 
