-380.0387895814348 -307.3452116366404 -239.96760082563063 -132.7427147838834 -103.04086698258688 -111.44002214415083 -133.70215690176323 -180.9247954608769 -276.08201818920355 -386.31430105481576 -407.49763654647006 
39.58646922833163 2.3548621633812097 3.379997236378472 -8.524190386619672 -7.138752209609864 39.738706300647905 85.92883064706545 114.12411157434545 129.88539694184144 129.77076538774793 97.67804763748212 
-10.803666666881401 -7.378507730768707 -42.678498120324306 -83.94771105955047 -82.30476705833595 -79.26443869656572 -68.07206578381968 -56.484584170654685 -43.36223856777306 -25.233289258958102 -34.97153534692757 
-25.51522257123436 -19.86519741219677 -4.4019105585045315 0.03695573842591038 -0.8629154954746289 -31.8061630203224 -60.62471463500403 -65.65882050674406 -58.13450262609578 -59.1280383967424 -68.61681882525002 
3.6658272623226296 -2.891190671012691 -19.554193019111864 -32.591121827019286 -30.02521299407055 -29.255153973915917 -15.341853123185412 -11.40777775391312 -5.861453186148431 -12.21468938925673 -6.999874999850258 
41.707921150150156 29.37470801373224 -22.831857456858216 -42.52062910273954 -39.480343261083924 -23.211038109171948 -20.240466812865797 -29.946888823009452 -33.926228206396104 -9.95417184343135 23.829860562140567 
-30.062957346628302 -22.717282330313054 -19.569042421188367 -30.196287207593294 -32.724244038716705 -23.205636444022527 -14.625332573873898 -4.788971757583645 -6.112012356163876 -2.2128578505881906 0.7537104915881316 
-12.586422684880624 -10.77278862270138 13.75920004403096 21.77027271629627 15.740929990536321 3.0006593907869084 -11.656780726235182 -26.275014793724026 -30.75692046958475 -16.671963038980294 -14.88156148738842 
-17.25988628763422 -19.377510691824092 -14.050534661990035 -4.961421293071133 -7.002263846218673 -23.311243386403905 -25.345521354255354 -23.080903367924023 -17.707630953619784 -23.173344823904745 -34.43592939259534 
4.482506100839174 -2.549096567976875 9.551676131912576 19.027613779930526 13.954554569279313 -1.9343814831797812 -3.071243278740734 0.163235159065245 4.260683834272092 -7.22922600377339 -3.549434028127418 
-1.0353427615569466 -1.4852900824718498 10.222805850295966 22.329169955240033 24.466557891508728 25.88939177776951 17.59545885052675 6.178772262613025 6.788676243246414 6.367323565873781 6.607118637311592 
-17.100919484268275 -0.9032356724638846 -7.947224214564257 -13.27385120649761 -9.982727937088972 10.539003227409967 19.41747482147752 21.10872599870053 14.295164262768916 11.250879442681246 11.574971973729577 
-5.851079395747167 -6.56331594315769 -16.690021798362878 -0.7466964575741266 -0.09813278295551953 10.713497940287493 15.082419118332506 18.370961543516103 13.66215204955682 2.2940244413390203 -8.805684102499272 
6.28562917930311 0.9258900021330638 -4.879481129068014 -15.85186783671617 -17.414384065107313 -6.484435070282288 8.560865388414284 6.564439429951132 -0.049641705379737555 4.832446741754808 9.234834238924321 
19.239262275634793 10.610482932193323 3.6789267018711964 9.788103684942175 5.092125829330186 -6.126308950791916 -6.119078641711824 -6.692839367600765 -10.689914812530331 -1.9410756358895656 -2.5389844314560914 
10.10199901942457 8.355733952847393 2.462160838282402 -3.3612601942311167 -3.8914947153202117 -13.25391388329891 -10.978063804644078 -8.61867419454872 -4.0851149528312884 6.684448590500353 9.136627177710473 
-3.911804620279259 -3.286433454948055 4.098009011006818 4.89824573167455 4.612177186050385 -4.66334922717459 -17.911179885849982 -16.297218414769695 -5.297816624904408 4.759119723431964 8.625237536799409 
-6.174151198853002 -9.55125865673469 1.500074259046905 -3.9622737963860017 -6.5408173424663225 -2.8782411163857455 3.0527244923289407 4.711770688777534 11.788497086272187 7.021500913762945 8.227314793273594 
10.344877544820308 7.332270973707379 9.34101890842904 11.272962667381869 7.844963213766919 9.61002801108016 5.02900132989854 -0.6888852575960491 -4.255641398526311 2.2253197091680446 -11.764868793671742 
8.671837947982706 3.7566189460449424 8.810646879985773 13.210671929220911 12.429746244444246 11.696739009352946 6.081942119560244 5.64501208184642 3.189229991484516 -4.876070099091059 -17.55325973383077 
