-106.62153507545291 -45.510177024144404 -44.24521187948793 -78.81089005716545 -123.7532160952367 -200.3575421688862 -410.64041231177345 -559.9946682692603 -563.5225464760676 -564.7110908950075 -560.2195843464172 
-73.30269034610734 -90.22567436814765 -86.21645224378283 -52.86377509400596 -25.55889432359043 0.12265318739681197 56.23937204504553 33.42888349943553 37.921758478589076 39.10490867207717 42.87955114856239 
-63.96980069580087 -75.71230068464189 -93.64189353413136 -92.2334024755352 -71.73749845963414 -65.57001117918713 -58.510019444093146 -38.55750643081522 -41.51909724772874 -44.87196628510783 -42.651520554651746 
-22.40530761519413 -22.461847419240577 -39.3273440782897 -89.78803549033381 -120.87855742030227 -109.44741101940784 -96.06953772761788 -31.420374290208997 -29.981543252812322 -32.686162647708144 -24.374062089221255 
-35.02683535254921 -38.94765775077933 -42.94680002491311 -21.982358221496497 -4.244915495274805 -9.460924157602287 -10.697166248661574 -38.12320204917705 -36.06728201340652 -35.83344592486087 -35.622472931161326 
-61.37341421718812 -60.65006668530572 -56.51602465670086 -59.924439430036486 -56.356705660923765 -46.862650369616574 -50.175581413863426 -27.6662484015284 -23.63048555036052 -22.460360980055604 -21.985611088531236 
-32.14788829535825 -31.316203310623933 -33.68987859156683 -25.86038611146876 -29.38334998036053 -23.55194318751884 -14.569864493070973 -9.841984291044119 -12.63573280636454 -10.587653963099422 -6.671018052892419 
-0.47483776526045035 -1.3285146271987411 -5.882282107352518 -15.950302976919062 -21.58470874391411 -29.167893344223593 -30.61666500329026 -7.923002754735823 -10.433093644819078 -6.194785171252045 -2.3959506900423153 
-21.931742205544793 -26.467999355577575 -29.57846068507265 -26.413958489220867 -25.462299171273024 -21.19974382998387 -7.813607271208306 -0.7331091157627605 -6.432990970469033 -4.823669366372529 -2.1504739760192706 
20.778737295301855 17.36031376065745 13.125076963234935 5.21137870707053 1.215339649619163 -11.19869316220333 -17.86787587589131 9.60947508866019 8.490425404659915 9.25205835848729 9.893618650640033 
19.394888812744966 19.6447220696652 11.623950959360243 2.70972355732889 4.831749860077894 22.814615853434578 27.955074494891562 4.7740510154765765 1.4609589806635779 5.248368990499043 6.100230633548862 
37.43649038211624 41.31922921704866 28.09003488321226 7.139352127103721 11.416692044645654 17.548589053517432 23.993468285182065 5.244710309088045 6.839401117162446 5.250800139549407 4.627689887546732 
11.141791262359682 27.968698916650148 35.908312956509896 27.956937557013255 38.23648217223987 46.359506129316 42.072652569986616 4.364316096815461 6.2601574092487375 1.7950861085306538 2.2316997097313696 
-31.04604759903026 -19.056751763188664 7.718008337805138 20.69471829707875 23.328383752297636 20.954773152889636 12.519775537981669 3.4476755290869217 4.291441352455287 3.889661518770282 3.9598695042157637 
-10.148297924249839 -20.458464735559797 -6.207347455758931 8.099396490684851 8.90320168248062 8.48489089594162 3.180647051026023 6.859740213385084 9.807526628821453 11.58659244692068 8.99306002704408 
0.8890245819619793 -8.785195997788708 -14.49434112539251 -9.126849754142723 -9.990953364170693 -14.656618821619768 -16.25515475238948 0.4428964878844808 -0.8098127299088815 2.51560441260796 4.977094557397339 
5.210648490685552 5.87068035167063 -6.714113581058989 -18.814312267101265 -21.63483331129595 -20.31866142284133 -10.037743067133 3.0978874335462194 1.5970204197760285 1.6973248096721694 4.283719794420867 
0.03008563658022012 7.686777366673468 11.755510524788352 0.04143259529686849 -3.0295186942599406 5.555883706372638 10.197346295268972 6.094354169571138 7.07098350361345 5.946785148056108 -0.1262084007523145 
-15.413619677997968 -17.45628070179525 -6.558952015698128 7.89257045589727 8.927306216162751 10.463830862935591 3.5256342711932764 0.791883956744216 -1.3059937192040145 -3.9185861999174874 -6.4749478640346005 
11.304555833140373 -0.3144787694904245 -6.727013621175423 -6.52523929767872 -4.129082759572523 -8.832302585753867 -13.669419457347697 -1.362456049382484 -0.30023145179705296 -5.7662707645094144 -8.320668241626725 
