-305.69079820429994 -309.58944281846357 -316.13918777419605 -311.36428513522696 -318.14344151260457 -247.3965319662187 -134.2719810161771 -117.57372806809249 -184.79043438162384 -249.2444722226303 -261.6539646716956 
31.748420229388838 29.158493766592052 24.628064621001833 29.70812213269562 15.107051875362025 -46.49496246029126 -63.14938891678151 -56.80155521240453 -28.36688525392455 6.284038337716506 33.81461230311438 
-37.16736468860871 -38.58040453491528 -47.2373686456438 -47.58633989675302 -34.7555643715984 -7.573393038709097 2.7049595932300683 3.4784375718070883 -19.524976401394447 -44.36834118938688 -31.15395107838824 
-16.709216069343004 -17.611638464867276 -22.36068851882355 -23.08764681007849 -21.83310579266816 -13.269931210754244 10.75257721972362 15.420003021086718 -4.582256277493908 -54.06697614092052 -54.90909610967814 
-11.268190811441642 -15.706342891982988 -16.742018722614354 -19.856801710107305 -19.971387733588692 -17.521602679746934 -23.433506031380553 -22.91139874950755 -18.949975771564922 -19.1636199115757 -11.494251452917322 
-24.22836758646713 -27.555880650972092 -29.892908222156183 -30.38108281413195 -34.50449729890994 -24.258788567159236 -14.46637592133812 -15.779424247242122 -12.535108965216416 -20.32156297193987 -19.45080845635668 
-15.332621957062747 -21.893951328328377 -23.54386931734777 -20.433776305382203 -23.824787187361167 -13.260826332302717 -8.622528792554077 -12.749054637411273 -10.530860460562934 -3.3420451721917557 -3.7365938778918064 
-1.0736830072764687 -6.617614919252864 -6.861739998258479 -3.515123031022454 -6.8086873526253555 -7.789804368379883 4.9620277130976715 2.518857331944618 -1.7876048432659266 -18.357825458213444 -23.11627547022959 
-2.7718235620949736 -5.670312289450203 -6.583513260745148 -7.106238341516636 -6.140243884687457 7.882144671868523 12.593024721057498 6.991419055890866 -6.171804804524248 -10.599234367597036 -4.508829369468907 
-3.389595546506962 -8.665935765514613 -12.64176225164426 -11.51759541287926 -11.714210281482913 -6.322305965811219 12.893321824125724 18.145555539968683 11.581931429824825 -2.3172331036731535 0.051393751105056396 
-6.0746433833665545 -7.971249871113793 -13.171521916892342 -14.780296365510491 -14.491907099385243 -15.099471224040743 -6.1823173656501655 4.868887627702936 12.03527481235432 6.69709484203452 10.779393886555166 
-11.791433651735947 -12.298820259630666 -11.72246401116874 -11.867903883852428 -17.294342974691617 -13.493970458469088 -13.859748121775743 -11.199027564325931 -6.341850515886832 -8.169554553334319 -5.745676360175866 
-7.306523779753228 -8.396920641026256 -6.979992449071897 -7.977407345797617 -8.092818413768104 -6.8575773369447415 -9.349116254862363 -9.090012566919917 -2.350764684984409 -15.769689000379486 -15.661830112697855 
2.766182234004786 4.4479753690862935 2.950337489190869 1.1193136309884186 0.7497053445010621 -1.9230365843797272 -2.85390150994961 -5.699540541002101 -9.845912598681505 -15.7894749776494 -19.80666353983782 
12.877977512710627 9.713062634102464 4.822136489745884 7.367661694707347 5.931831515825867 9.811911532722062 22.044923173234626 23.744426596201883 17.02224753766778 -0.39450609499089695 -7.336050495633204 
14.988965757398638 12.945179608031111 11.07667374684967 12.87722591072373 15.862203594184958 13.46957239573333 15.164459910036696 18.961824372320113 22.691623011956885 15.939715373753984 17.145490264339212 
11.360482136183997 11.141550743326842 6.255513121990761 7.42519815695989 13.812076549289177 9.289952608949452 5.283485641901322 4.4312538888180315 9.12719814724699 5.239392774324747 7.363645726023332 
8.691125735657181 5.607241593828331 -0.17055154635208886 4.206112529740217 7.81125119412285 10.839324109770066 9.821756105594407 3.608942820510859 -6.725629766665573 -4.905991717306285 -1.9670342350608978 
0.12786330744240848 0.2792436245975112 -0.08070104545997075 1.9445245387544596 -0.734837141603519 2.392921629174592 20.528893412783557 25.80803705486268 17.42940331281025 -0.10616941079463993 -5.0506015128921335 
0.31842486817965243 4.466336591829524 3.1817057304759917 1.2220267403718843 5.178660050555292 3.157828878265478 3.433218599690174 7.714160246056532 15.19774383243791 13.922041877144073 16.2858769326892 
