-655.3192463833382 -623.7209305830235 -321.46230860011326 -155.00800409624844 -116.06137259105942 -148.99695947039598 -176.70484192164585 -238.06205088925108 -421.2681760715516 -544.6606050332758 -598.8768477939045 
39.265359982207386 13.957585264879874 -98.43402915801543 -107.97072683621789 -84.59157474986597 -20.50503394063474 26.159853694856714 26.324220231290532 51.16785616343959 42.419386877885415 26.997479414052915 
-17.484142496638697 -20.476539404833897 -58.40289850448035 -59.45847970664967 -56.696597440766126 -76.4112097412767 -67.97316253370883 -58.879752285006326 -41.92368789013537 -27.060839611310698 -2.562524293046404 
-5.708525150301963 3.397242160052894 -36.85355598560238 -33.6574068960868 -35.306698249789285 -65.84624015878757 -109.68821480620983 -107.20387213465602 -73.2187708319887 -36.8627592151524 -26.1880852233173 
-42.12965776230293 -33.64484189967142 -37.67777298476671 -39.84930009922524 -42.63385771789222 -45.979661155985355 -28.461536331097218 -22.806700845573303 -21.330919500884306 -13.718983912379281 -15.315917978184544 
-33.21449556854785 -47.075834001725724 -63.29524620006431 -59.51593511568464 -57.291625253646274 -36.946558512642085 -34.957546914152005 -33.883584418673905 -19.710610184075684 -18.225338252765237 -15.725686494779907 
-19.95236063634252 -14.391349363611905 -33.925743570496564 -38.09223944697803 -40.17402929961837 -30.219926694304636 -27.50134162447271 -27.928788385474753 -28.872976270192552 -32.19325349378465 -24.403106509111268 
2.6928524944149475 -1.256856555742125 -5.419956687844369 -10.678626537949313 -17.01601121760283 -27.196974237584342 -34.98598264172959 -33.51271287297885 -32.36347843905435 -20.530427922594495 -17.690549729938596 
-8.45146169733777 -15.736062446545954 10.88202342455045 2.989251874445794 -9.011489929590429 -18.40307938056882 -20.299939667241887 -24.48138626676471 -21.07432659448026 -20.622739274933043 -26.57477953123445 
-8.299462534916328 -11.906294817660617 31.25219763258157 30.173435747209993 17.038927150784204 1.3538612489025346 2.390156658796715 -2.731642972812988 -14.90577671128666 -17.638557965160018 -1.9056077066364427 
-3.8873150929198816 -3.8898525929330234 16.27402343032398 24.933212857110412 23.666004775972915 3.18848703853308 -18.679108148549588 -27.71632098765832 -22.798988718721652 -21.43039930208655 -9.60585149416618 
-4.772442466227564 -2.565931291743441 -22.786945568885642 -8.462388514928918 9.215878286845347 17.55744511646182 14.292304123360562 5.24332400868013 -2.6681672578437436 8.319216836600793 2.9778418090485603 
-3.351190270927115 -3.6593811320304104 -33.43212376992639 -34.57012663455595 -19.05862362762784 10.708893213357673 15.664126891893476 12.360155429369438 7.13367391387902 4.816873726017048 -7.56652642818283 
12.201947593153356 13.068566489513739 1.3874351731711425 -14.640407364419028 -14.317671140222501 2.9640342370815267 14.643657073017476 17.628134578591535 12.407957109511807 6.449670072770452 14.443170163935195 
21.563582787894486 21.724062638801996 19.966816824729094 12.782959640913155 8.09756858266682 -3.6417995254982083 12.488352521495113 22.017051783736363 14.654809413655126 -8.36130419430486 -6.338481079151412 
-2.3030926094902346 -6.102962844170396 6.812436320592779 12.92750131554913 17.49690068607235 3.6342150578741674 -0.32270511786181544 4.567501266795044 11.439324680018274 6.1451866490077505 2.1485263354444983 
2.5985942703532054 -0.8687201229476211 -23.942029673177416 -25.761163390417263 -20.437004729542465 -14.172005651294178 -18.129040270579495 -19.150427605618397 -9.878775838175734 0.22967439096141712 -5.92697462989274 
6.391810029047175 6.0750024338276525 14.671820364458725 0.7491267312973615 -8.554510314809061 -10.560887358942757 -5.802418803019483 -10.963233700668951 -17.518675005252916 -0.5451134300381074 2.4005889267087004 
-7.567511640418976 -10.353420319621577 21.88976569757613 22.432074975588534 15.133554111299869 -0.23868412534161615 -5.597314731262928 -8.941609462415435 -12.408475105986476 -7.347071415725756 -4.090146454720825 
4.291754108569528 1.9743558304729518 4.363425720326456 21.58436279846273 30.025799217764316 19.51292766436435 -0.4647775651323512 -1.4017805587213137 2.7414044309017767 3.216480422691337 -3.1067935627646017 
