-459.96804126732013 -453.21259709504073 -452.33398791518755 -455.2479880039217 -457.2635447707876 -341.76236861828977 -230.18605636815363 -179.8224237815032 -191.53039914125333 -239.3432630875359 -341.52539292677346 
23.278175482751465 25.75960384519602 25.329585817928987 25.12845548258159 23.199054259622123 -33.398209668528665 -34.91584964856712 3.7082536005737916 51.43576667509197 70.16187618794298 69.63451189654225 
-2.782826438268585 -4.710096658624176 -5.246632949802525 -8.19861784249096 -6.555226447456179 -2.5941883977705253 -2.97396172952368 -26.035409959446575 -46.34589960161452 -43.04665417333862 -16.80029717846176 
-2.657205909410297 -1.3593382855231084 2.1258306630621018 -6.712392762620032 -6.98268647415127 6.368670297319396 6.583656271987813 -30.253749598555196 -85.45132832171899 -89.94329104412434 -60.13189149334218 
-5.372337551097429 -2.9298771615223522 -4.905581656262723 -10.332578982242017 -13.784173422932168 -47.360791156174685 -53.247509484970074 -45.708232088996965 -20.01204233498018 -4.830745539649074 -3.2423914177385833 
-4.5043266111864675 -5.77559320784769 -8.89369096951215 -9.274763063131545 -10.07115289870152 -16.783039980653815 -21.191135623327387 -6.724988882073488 -24.97559382848816 -34.01967789626683 -22.280978415392106 
-13.318370934386278 -13.114313553067428 -7.972287062078162 -7.296264731082449 -8.70516364954004 -13.614016761078862 -21.02878956836023 -13.40063899646055 -0.8898102367641044 4.057853465669787 -11.550296088907459 
-14.984752754581251 -14.16179539622129 -8.38218513448065 -6.708031516774047 -7.051603156416501 -21.089821946995023 -22.827181226587008 -30.703328949301394 -40.93339490476013 -50.208154202597925 -38.59129760987653 
-17.319165731441757 -14.541430062663219 -8.661748451455711 -4.115898374266473 -8.26811144637255 -8.104043619711787 -14.788884293251602 -15.213505282071209 -2.5705140379504323 -2.260864736354419 -13.616863179764728 
-5.8593647811104494 -6.7223862170521755 -9.041087693520309 -6.302095158500951 -5.5967527224934575 6.80995904414681 5.5532121878474 8.971265245370237 -5.4240504762202155 -19.68858739422008 -26.513224551397307 
6.171349478995404 1.420506899856101 -4.295681919860626 -7.703395903916881 -8.849097166353305 -10.78505595946141 -2.128482470506714 3.460197536632161 6.642810859709607 -2.0413349073174762 -17.685117406372356 
-1.379140296926455 -7.090855167299104 -7.571051472525766 -6.924906262325169 -4.129907084984756 17.69503171542945 24.004260012550347 10.050809886969539 -0.44998137874121136 -5.47964359918056 -18.08783506272866 
-8.042696373029738 -8.181040686406995 -6.671452192702328 -7.2982175319057445 -0.2884018446749079 9.245339072180517 20.991565093343095 18.80050573453684 24.173903245303165 19.987220553295032 17.66054822828967 
-8.606368581355587 -5.994605995334036 -1.0843014061746452 -0.41508093411666236 -1.5855062124614294 -6.922561538864184 -11.736611657819754 -2.8022310253398377 3.9625922374382405 16.004169663544747 32.18496364515521 
-7.452079393728454 -3.9651499056951285 0.6765646474523263 1.567650022601891 -3.0164698077221703 -7.5585700480256826 -15.738503109490736 -1.0962209470394597 10.074306688169333 13.597285843681348 29.41849859896619 
-2.390113901662637 0.7947804796013229 0.8386921468724915 1.8649004402949296 3.203896503972896 -14.840923290330377 -22.318433896867752 -28.642313647071433 -16.67781726642321 -7.331152110701999 -1.510849101524002 
10.697803097616308 4.972141771106815 -2.785393097899584 -1.2311369810686474 0.7757230796481657 -3.558137006994807 5.28179317226925 -7.4256439058750985 -18.912866766951566 -24.966483650008122 -24.576208628313577 
10.47419079684892 7.9143284142980574 -1.979811828199363 -3.529994169463241 -3.707104678577792 -3.9235770472642266 -3.530473983809168 -6.576685449667622 -11.8826660841153 -14.047863900877825 -18.878345073797426 
0.11657138538267386 0.2138052469571302 -2.9673756245522194 -1.870265936458998 -1.0139715626417032 -11.659268244254935 -18.844098932348707 -4.737790268861184 0.6004655322847328 2.730368186806228 7.802465740064505 
7.6130551672173485 3.059206376540516 -3.2223704930184516 -3.9595258793912693 -2.229256440184623 -11.90862103905559 -20.977311936970363 -10.389775971670002 -0.6201221222503864 3.0094220301554766 5.9932840915345125 
