-553.7228639355864 -541.8986632845119 -544.2868954353975 -541.9810514585769 -480.9680607312612 -180.77685660218535 -77.66686777128318 -85.95602400818174 -168.24664101803634 -257.5349216777409 -391.87823154647646 
22.51723178094611 32.379169114012505 29.93578601972985 26.988105729488943 -12.711655427461057 -35.79848598074788 -37.214758628415076 -29.217596228389507 17.792728645144564 38.425183232126514 25.287257987653696 
-12.306403433399174 -6.419676686997613 -8.679247984686839 -16.967622784458943 -1.7152883889183346 -25.0338052213826 -23.0908657712134 -28.09282352554142 -41.64368725609034 -30.867552616861794 -5.293453948819261 
-8.742746321900515 -5.884662248636856 -6.636415216982083 -6.868862450181295 -20.045846570693666 -3.366596886863201 0.19115961740741672 -11.491215680856723 -60.085776692373194 -98.17528481740487 -80.11705710278696 
-5.920347978031218 -8.48877101393429 -8.601567643796763 -4.1188709684303895 10.323380802374528 14.242518104421862 13.818553938823563 7.920873428048964 -7.237095203677904 -5.1981978557289334 -7.251562262316778 
-4.195147946589686 -4.843101186384222 -2.8497721648494556 1.3323567397140623 -6.1612956630842755 -12.094627963471487 -9.584600268773993 -5.144840385279755 -5.415263754900046 -14.244823819783283 -12.671812583217136 
-9.648008905779829 -9.266152946529994 -5.916359831345019 0.9102518259477228 -9.059296661679944 -9.654886851953952 -7.533760176652487 -2.973753200434319 -6.205252033574266 -3.10823835117722 -0.6775786358813767 
-11.513647395179024 -10.771413737452255 -9.281411616202803 -4.030713883697591 -3.7532956923166427 -9.56725270256133 -5.194668066977983 -5.519148276592148 -21.22856480614825 -35.86379508153057 -25.837162166867813 
0.04052211616536419 -3.7845644500817808 -6.326635456547288 -3.653934810264927 -13.476272058863772 -24.41659420171162 -20.928683608122995 -23.627041207583893 -37.820630000477564 -41.916273585792354 -28.644136380012526 
-0.48013623871498057 -2.9073086192799122 -2.421039016457164 2.4210152383376027 -2.4880427988664353 -6.323257706750221 -7.114410869407 -10.886803845909656 -16.651141098397197 -13.505268866520765 -9.398263616224051 
-10.226338897568391 -7.798124315252724 -3.4282907601358636 0.3080971033482116 -14.238741660307758 -16.618488180355534 -12.037461234527344 -5.814220164871115 -4.889008340440052 -16.646130293989316 -12.948166339882945 
-13.189011738942533 -5.971047786777019 -0.5823109571268799 0.4184310550447923 2.39641826757577 -2.7905891619761096 -3.113343751892309 -1.1063754835618447 -1.5996368688520606 -10.739069749167019 -14.212122692096445 
-6.714045767020003 -0.8754380567592599 1.6339266580110579 -0.34916642960320377 8.178471945972278 17.96865934529744 18.049482440978707 17.991561264710533 12.558082803373278 1.5757107011707088 -6.150136298423552 
-2.3603601478387146 -0.23988068827690628 -0.7839654542809539 0.9492095546446108 -5.620670359472692 1.9111623448535033 -4.897434326835114 -8.567294608426925 -1.036694587345533 3.1847742659733465 5.443618411878106 
9.968475159582502 3.807405378662529 3.848822713890044 4.367415692873409 2.2350220728793873 8.544089554360891 2.9271326954704513 1.7256923584795478 2.7283883501670245 -8.59683732706916 -6.227560176062408 
-3.101977542011337 -3.4737427365020572 -1.2205354152642462 -1.5499607743545227 -0.7961100724716471 4.486881492115762 -8.741933908516295 -11.731797062739432 -9.260595081889939 -12.033067930982003 -12.314341614283371 
-7.476642766162809 -3.0871803913692633 -1.6688614866196179 -0.6185176462825988 14.29006891630706 33.176993120929254 23.9399017606884 17.761384429520366 8.645628366330566 7.136862052972928 2.3088543184956394 
4.503608594989316 4.196957102134736 2.2479589296063778 -0.977287264790869 -10.337121861185683 8.923614301439194 13.653789678385973 11.796803054641266 14.434258943680764 -0.55710243523512 -8.918589420932193 
6.465671864601196 3.1936729295413318 0.5819095924302886 -3.325706908176101 12.183598687843741 19.184771294085664 27.128401689732186 24.229779635624602 22.966970751117227 24.70488407128539 12.982261449659553 
-1.914000935930456 -3.7338771185803856 -1.0552340795639248 -1.472176941918045 -12.5398569055262 -7.652140184795431 8.641437267090563 16.805400608785362 17.694508238540745 19.29702517582921 14.932431698537798 
