-537.5795065451158 -542.2506758605812 -309.89192955855805 -106.22471336358446 -64.21584374438692 -115.15991276263016 -183.6225848452532 -197.5834875939344 -306.1740735642262 -469.7690335692144 -538.7884951316532 
92.08020472268171 84.03510535850776 46.742042768928926 14.085170915161601 12.432696639608956 38.323366338420605 121.84870666189515 125.46339146813914 119.19529147886814 102.38025730402495 66.98898261443838 
-10.97118135415003 -4.361061479956321 -56.765333720028565 -61.91636443578693 -55.31224852225591 -45.68873805633907 -18.16113255298891 -13.4204649258188 -13.54367508753332 -4.526683812344814 -7.071954593267334 
-26.560335034329245 -12.978818543362028 16.960622240580882 1.6612336454964165 0.37632525767722147 -15.29224618785728 -83.00964115358572 -85.93681324479667 -68.48869941109172 -39.28762042977722 -5.457673769196037 
-26.32104974313355 -18.525842434226078 -27.18724423267135 -25.699470359773123 -19.33986903160483 -24.43608141549408 -35.68452096529963 -29.969607281238677 -12.506682627592014 -19.595846707086952 -13.536406035779525 
-32.35609077336612 -26.497415093213938 -36.26007897190017 -43.541389605309796 -40.01862811803055 -33.952059640222565 -22.247824869163455 -18.714202875855104 -20.925465147018528 -28.73110356118535 -21.949966037638447 
-13.426237207814596 -9.076782278722671 -36.756772363516816 -38.14880701526843 -35.65106986106945 -24.693226467566916 -11.69711048402771 -11.111281111075261 -5.090312321702193 -6.328695120731026 -1.9692988544544545 
17.012118744481107 15.248866118360848 28.867437863168043 29.373416112851707 27.873944784242962 27.366651716250466 17.088123264969305 11.497101683692165 7.695644950570721 -7.699321701854284 8.752799346082309 
-0.02671775912896157 -1.5958083855921683 -5.857387311854845 -7.278069755434119 -9.180815332862597 -17.5905355730992 -24.429000679080566 -19.74406446843311 -19.517288933271622 -31.083278790295413 -2.646899530603741 
-4.2042218115357075 -4.955123181279902 -31.97078168068525 -25.347821289547483 -24.247327436914045 -29.422442019516595 -11.294039034954466 -12.229709141437556 -10.803772493314593 -7.1408712741664 6.418139065361003 
1.9321211269793022 4.267990022707492 7.247175612133865 9.236815540139947 7.096573639670966 1.1490813737815242 -4.039011560004796 -9.261702452400876 -13.809935066631555 -1.0770167151541796 5.066493814442247 
12.581540939618513 6.340002788024371 -11.997094577603288 -11.311664013886455 -14.371628046104489 -12.573514092422014 9.09508497868096 8.145479819946036 -10.449806710812094 -6.29885143435352 -3.7070530570084195 
9.179304611687034 -0.10920324436760467 -2.623405088430897 -7.429587657119012 -9.665563602455796 -1.8238342736634288 -0.8711512135774654 -8.97779954348671 -27.391459801630006 -19.682554470067736 -3.159564371970401 
-9.298771636126173 -11.693242533516882 -3.05482495951633 1.3980918660772375 3.297386433827419 12.132532011929985 10.727299738867579 1.3808240369957017 -11.208275895088176 -5.958274106117019 -5.581875950253754 
-14.640325141312701 -18.693001422889424 -24.527677401327118 -13.266067753772969 -5.654672258734843 -1.423863761503457 1.6091013112514998 9.503970234152632 6.90403300496035 -9.382986292965263 -12.545447762510438 
-8.337370958322648 -7.961044070705707 11.868941824428527 25.201440083265375 30.32266986720191 22.556205416376383 24.074799478132242 32.467651783598896 40.07823736074181 20.68097166300224 0.8401119040285265 
-3.2942621408520476 -5.012573454658651 13.827548948509726 22.614181618484185 24.947501427553235 15.461343290452064 12.88270546847212 18.99231491285774 31.093835912932562 17.63596405615544 -1.7345227788022517 
-3.3925067585440445 -12.245697931721336 24.211776069478386 26.635716241353137 24.251387316469526 19.89443045020073 3.626076106673364 6.512946441112568 18.492440939996754 11.999077315931157 -8.296350286735082 
0.8383135184086065 -4.376914652867562 1.7566116944953134 0.29140192659078834 -5.534834274968413 -8.503793257184387 -10.681501879317148 -7.128985634282626 -2.2571701346004813 -8.50056145129602 -9.849147779504294 
2.0632673162216952 -2.9618285049202724 -5.901298685128619 -1.871685769060175 -5.031397692065764 -8.086084658761465 -12.933374116268698 -11.416299628850044 -10.284072973682527 -2.1756440983982968 -0.03328645801621338 
