-611.2216036206107 -619.3498509850871 -623.2664328709121 -219.03367837570573 -91.83754654769594 -80.8751226302071 -143.0333546866802 -190.1121848384169 -214.25084656787428 -316.7034153922545 -539.1611961569566 
-6.855626559581851 3.839853134730541 12.498245454721859 41.88356325701869 28.420979895366983 31.948813104799058 47.651957572150984 13.175044239329473 -25.541194098200243 -34.48301453115502 10.316087605937986 
21.770560374786992 18.27515407182328 11.229826752076862 23.345663477909913 34.878819511916696 48.45730346373078 55.88876256300367 -5.181150807485267 -17.33612346913148 -1.6178965090640178 23.009120620020457 
4.706207285009549 -1.3384654111319247 -12.09401527110752 -112.14985487800885 -103.04924351989942 -100.10632374420592 -89.19859645034708 -6.176937171324281 6.004417059266283 5.368170343600152 0.577155273986934 
-3.9524623960454686 -1.8259417138044007 -2.491039805755333 -9.554415005080797 -5.9333020755226995 -10.441748563198818 -19.770601074652102 -36.696418420129206 -29.3812119711287 -21.907231340241985 -22.955713343792098 
-7.679428530562095 -8.52915243687953 -2.4192208707178366 6.908886667942593 13.986990819033116 12.13171546282635 0.06833701186562613 -0.023088583004569507 12.87492125396539 15.884666981720018 -1.676412637420353 
12.762691533110523 7.8674127001606555 -3.3818493340266276 -14.584241397080554 -6.592023503434141 -7.738907558636299 -14.60440894911469 -17.189517156672515 -16.69244869139459 -21.064140987400307 -11.114842188040127 
-7.204416991468781 -9.70978063695486 -10.993971658939227 -9.224417952094289 -10.436848690547592 -9.5544186154439 -3.895548337863794 -12.050815417238477 -9.004680256482832 -14.221969298843334 -18.10099797524439 
-4.513281536605932 -4.782722615953498 -6.575461165887829 -43.40729110553881 -37.31710828961473 -32.15621254699635 -25.873891201012963 -0.4003896672590852 3.8329362847558723 -1.241419494260697 -20.779350361389113 
-2.240212452890325 -2.9064112941258884 -5.217395387500569 -6.278524970037555 -5.6486995585375 -2.4224507110801734 -5.883746417904565 -19.14089023376703 -14.38178305451067 -8.932666343547698 1.0762704245133001 
-15.96183865481676 -7.321586482175743 2.6657300112412696 -4.474147965092104 -6.17701380891317 -4.936795232224046 -4.346940839544374 -9.387386674973895 -4.075533857127025 -5.018508017947463 -3.2595402219885745 
-17.205142051325375 -8.854730143045126 -3.0952370688618482 -14.194527679476442 -9.088391132040202 -6.05800662191683 -4.842281697684159 -1.9942823664444531 3.308453490363351 6.886083716355039 -5.214970216003764 
2.9418764915711235 4.896644808338429 -1.3138487366013898 4.178146500302259 2.382576869496595 5.096578260574486 1.2197428982007874 6.025962337291862 15.504801186087485 10.692913277112119 1.266948582540011 
-11.97320776891228 -6.863670642093378 1.368944792952932 -20.280757760123542 -15.093333185198748 -9.44451266280823 -6.033881610087653 -1.1017594188014954 -1.865220812107333 -6.903419070367379 -3.2563283533701544 
1.7095970670795422 3.6455134953282102 6.605728199008587 -1.4588826275885185 0.6888340016341181 4.615773346773667 10.214142718908583 4.713397709483625 6.773026175870049 3.267187281699165 -2.1376240813217313 
8.732760238607838 7.956885398071901 6.894303052576339 -4.631729293317093 -6.059503693258026 -3.573083071614068 1.71885801399314 5.797234749728837 0.15111147540757167 -5.799088216463449 -10.105586861472705 
-9.13886863198627 -5.614271740805645 -2.5593822266106243 0.42925467254760785 -2.226169986114744 -6.986794141807185 -6.075984537327343 -4.71569393260615 -3.4419388138543723 -1.572508952301199 -8.136781794716377 
6.018605477664337 2.193806535369613 -1.6451760057203817 10.379125311662524 8.706365619604226 3.732643600978843 3.1428863970536516 1.580233794384105 1.9516635590088758 6.215255914653776 3.74895310981816 
-3.0299273116285317 -6.556441025396692 -6.23687755789485 16.58999615400531 19.010664513144242 16.947333545995644 12.823061858840134 10.247564827014056 6.749342069405234 8.45146359547195 10.346038044811632 
5.010023982113564 -0.33240255245658656 3.3056032941596194 35.6439746683167 40.26786365304287 40.894722487328806 33.317544609007555 21.75092383385693 9.61634300032899 7.186083109278027 2.4099060263520644 
