-482.06015304978604 -477.97968277970125 -416.09623266589256 -316.77547902976545 -282.7174292840912 -268.2020693146574 -230.80663523890735 -245.7708291802163 0.0 0.0 0.0 
10.047140559108811 16.68637373548826 -14.960433025934304 -40.23235821992261 -56.79835477910427 -86.14709330783978 -100.06454180532725 -93.32989532589971 0.0 0.0 0.0 
28.093209559979186 27.99334010641364 21.581842326012744 7.7833495629356495 1.4941108897547104 4.221842332458639 8.034814758102826 14.980260473908015 0.0 0.0 0.0 
20.763402343609542 19.854977599200666 21.300135835440372 10.376575900150307 2.9233710965935114 16.46116740910825 25.301789566646875 26.257684209042317 0.0 0.0 0.0 
20.135394318004263 16.861893954153082 3.9644905268514585 6.851673003362642 25.061917207246026 22.61329845843369 9.474338650996593 4.815454104070124 0.0 0.0 0.0 
13.83986130068168 12.363284433231353 19.148862375395932 6.992027031920225 -16.787480672336685 -19.904952421402758 -12.435544565209032 -8.07911901991746 0.0 0.0 0.0 
7.68961822477041 6.800984566882736 6.37101554985623 3.6398358339591765 4.244339307333218 4.919878178656511 6.174540381345414 7.232611947685523 0.0 0.0 0.0 
9.611175374196579 8.793131826880774 9.945921114401443 9.45981117285131 10.864579659445637 8.583100946287658 6.598108527817207 9.003776981056031 0.0 0.0 0.0 
10.698922298218694 7.293630620037433 4.384393957191446 4.592863892777327 12.17257808963754 8.65665223471447 -3.706069131751007 -3.0957864858327753 0.0 0.0 0.0 
8.05200089610505 4.093056527320344 9.64916009677054 0.30143138806821845 0.21034963688056163 5.909838210157783 3.6164545680188187 2.789853979469475 0.0 0.0 0.0 
14.166330127507692 13.899610923846977 -2.226624522254907 -4.642124984713643 12.3124305944636 17.1293142503025 12.894989955599089 12.626061648899757 0.0 0.0 0.0 
10.342352970687521 9.79756798934405 12.252796306098345 12.0384419041199 15.720891231609702 18.214123087694944 6.5080587630580276 1.1212910151682254 0.0 0.0 0.0 
-2.5194947822368534 0.4894276214612425 2.584161142532147 0.982705177291131 1.8667991038782117 8.225760121571117 1.6951887659033318 -3.2691366732786618 0.0 0.0 0.0 
2.9827371733095203 3.4976714960136808 0.5039761912463496 -5.405554855290766 -9.197376259754552 -10.115939708541818 -8.05500336046732 -4.283507466168176 0.0 0.0 0.0 
1.3607224111344143 2.8071443981153195 8.722371180678627 6.884832605990143 2.513686951399018 -6.071778993200683 4.707441436187039 14.83851134319783 0.0 0.0 0.0 
4.194738995026504 3.6067571761340362 -0.8141195794923328 -2.228791281185779 0.06386531902650665 2.336704022695938 5.697054962172205 9.488008110238123 0.0 0.0 0.0 
4.078472705444046 5.471944177424343 7.571461095543731 1.600500008220254 1.5821751202173502 8.284240939243782 5.661043514512865 2.7473569131525375 0.0 0.0 0.0 
3.8787729531236153 2.7723429173471295 -2.3152560223735783 -8.7813504335325 -8.423708417304816 -6.9482346508196855 -8.765141387219796 -6.237643929269687 0.0 0.0 0.0 
-4.557475318244655 -1.2813844656568611 1.3088739019677547 2.973554502911032 -3.478965945492158 -8.485843109494478 0.9968503648423337 9.052137945148534 0.0 0.0 0.0 
0.045475731258954655 0.498385381166273 3.52034705550259 10.76440755326458 15.357248758386538 5.957721450824753 7.100314328489027 8.972580102873243 0.0 0.0 0.0 
