-713.2940506968281 -711.4477259244061 -543.4526405446809 -505.01937048557267 -451.57331675153574 -175.222503776022 -44.01174850574819 -32.03598797134725 -106.62610349378484 -216.02908359532623 -317.6542594259446 
19.108094201828607 17.003770427519697 -51.359363027691074 -54.163123936509386 -18.568707531398896 35.16048725916828 46.00651627476843 48.484877376174325 50.265035200527876 38.34352449140518 -10.864280240937095 
8.583197895701748 5.522758072750276 -58.30649457062974 -61.54043037305986 -24.882462211361073 -52.9907762406489 -71.00896328122113 -71.67255102536669 -68.19236830085572 -44.79245042203081 -32.95281922653503 
0.4561396065965453 4.076198306819921 25.5189111305328 22.957720001099347 -10.168483275506473 -27.78093346484331 -27.782799334697152 -24.4986015521869 -16.613408012234675 -17.131492008580633 -5.783870084322185 
-3.7448228042717053 -1.7227895732680598 7.612628345228138 5.770441741490149 -7.687896886684839 -4.604332764356308 -8.446478223683009 -8.825185162036245 -9.54031919977684 -0.830576959990825 11.550299230263498 
-6.745115774196669 -7.9779010067285565 0.6981454321459296 -0.4331562082014546 9.900295853737877 -7.822339351083414 -9.686771174960006 -9.310707042974801 -10.254746707205268 -6.31575685282043 17.382443393086433 
-8.607188086054814 -4.848609104026989 -3.023122384270271 -3.844704665580444 -24.70395062851629 -38.13348447601455 -46.964810841543866 -52.19888917596643 -57.0180822906303 -43.252442625945775 -12.86977925452555 
-7.448961418512722 -4.61538766213219 0.5804341150945145 -0.16797687471822875 -10.250628040976185 -5.856547346138439 -6.210174654105355 -8.344252638954712 -7.768775848726724 -12.236962560814515 -12.74117994076859 
-4.310353314676681 -8.836362857078608 -27.300552802733847 -28.688528952976203 -27.370503480612086 -12.10177707573584 -6.520040426135795 -3.2477367840199642 -2.115309523742536 -7.282898748146922 -12.514217553792246 
-2.0908865458477326 -5.778675950253512 -6.122023297122861 -6.774538998139906 5.7146776042963205 4.689154103218229 -1.9885894346005604 -11.6876203513044 -25.4589268205059 -15.578830427940291 3.4924362141596657 
-1.3084787901396098 -1.738056671999605 1.292873397473585 1.7082155897062965 -4.794784065176644 -6.4724416183585145 -3.7435861503173093 -2.4315824095458183 1.0665977530599904 -4.923814430184759 -0.7519333070177173 
-0.8721976633580337 -2.4467812005770604 2.439310766230337 3.473850514728875 -3.095272424728332 0.7830887958357889 -7.523815749616535 -13.767282933353215 -15.378073375229803 -4.714114957938328 -4.801993922616942 
-1.1070254181953587 -0.43011078845583073 1.6113269536625112 2.772455496024618 -5.165788598224498 15.671537714775958 17.579704155917923 14.65100671858641 13.522467311007862 8.805798277125124 1.9175262179422394 
-2.3736463162214885 0.8428202212443361 3.8711436861453885 5.0291057413418585 9.382064884078385 6.506488458009975 -8.307768208909255 -18.48307768050377 -20.62225485759704 -8.358293022655939 -3.777327735218498 
-2.7570498610904752 -2.9879087935337956 -6.984473066160328 -6.624287654998361 5.8743928902921345 24.068289585260068 18.536339225809417 7.535713668760389 -2.046930725609929 -7.006448731924728 -6.712928700726086 
-0.6684805756047496 -2.8839502418689227 -9.458426475469466 -9.292942890907973 -9.73817114245667 16.30160445438645 21.51834576570097 15.67972289649379 6.301882963431579 10.22803249945775 0.0707780635444149 
2.1453025905735696 0.9419571404364722 0.8684221384354754 1.027269832870661 0.12822062176469612 11.249455223668495 18.869485939763877 14.906030239257644 3.39133782505916 1.1482735191764224 -1.0028856286826744 
3.3132153797673776 0.8939678436310929 -3.3664142272494093 -3.3730440817721665 -15.107599278685278 -12.729151622451221 2.920655947510398 5.846348427770662 -1.363035424777682 -3.6684673106803922 -10.551034849824376 
3.454521057072516 1.0168903406569134 4.363940377079382 4.977049442484569 -2.8358939158470244 -8.946896362283312 -2.089707899845791 2.5435708562334916 -0.2174003462862394 -3.8772163941234643 -5.989289921670945 
4.013659133975314 2.977202441241074 10.031363935158556 11.875196784985897 -5.512936255686681 -8.784805284370133 0.6738959268392049 7.59047221016936 7.776106027100283 5.076561858056584 3.0332447714718525 
