-47.30131573942429 -25.112631288569673 -3.390249946743997 -22.551913969188856 -122.9381147985076 -336.64543134615855 -397.1648507317056 -379.36713976583763 -341.0333614589472 -337.57966870211374 -358.3616431019645 
-21.52709716375152 -28.325019494451993 -41.713981197174604 -38.960374955339624 -30.42229703961293 -16.206404780288786 -11.085212791812197 -1.3604199573750235 -7.6311581471510195 -19.34808752795553 -30.02480243995138 
-22.954170444762223 -23.090311904650378 -27.792719570520546 -43.63853483605042 -57.133672161046334 -50.132629793305156 -22.9486100656623 -21.877797177189898 -23.825276458620067 -14.648882922108353 -6.288698047475819 
-5.438106915696482 -9.713058666910847 1.0261327095872252 4.873688999460654 5.057278912921684 -1.4164889945923649 2.610359953245476 -6.084352779631474 -20.658155446436645 -17.905180558365792 -17.032623266756346 
23.97979132138888 32.055231293607726 27.78351225724318 22.69120708776661 17.035909564149662 23.733011083333615 4.283517174838606 -5.219348106103229 -6.781185793114181 1.7220233621739718 8.146492830023027 
-22.69142340830227 -37.707205894151215 -45.70326352697107 -39.64553961815324 -29.259317488346408 -13.085367242289596 2.900294814443151 -0.4657435436165222 -9.477267320377319 -11.999060355151071 -10.661802227272673 
-2.800867762169025 -1.5737491103675953 0.1659755943361989 -2.002346054534415 -8.380944306588548 -10.64922771214367 8.65161982835873 9.93577254814025 6.8333421541180375 8.860427778097158 10.05773964679759 
1.1669610554010457 1.5641194054814829 8.105962274566355 11.220582408076549 16.18376191513175 15.679296012733438 -2.5826328980965796 3.881144712571296 2.9985114712323773 -1.9719531665293495 -5.786231269913879 
14.887642249144928 7.795786953903646 -14.42089056263584 -25.8503358146046 -27.98192513748487 -4.917340060918079 -3.8500427604668106 5.1061368557464935 4.605101534387181 -2.0171194382508233 -3.6799026941325614 
20.053670685031925 17.441109180685956 15.035334168729985 8.752333838954453 -2.150381280091465 -0.29814038180708047 9.035592897024063 5.5585773594256676 -3.0895679462168912 -4.556894195891892 0.27939586924444837 
0.711590238640606 11.965880665945875 25.28390619309765 23.831526632117548 8.624030219520494 -5.459407739979809 2.2079329450321614 -3.5696323974525757 -9.334334215746441 -7.4517171355438805 3.9465150781246816 
9.529664549942359 9.640142177114672 22.53027671219925 33.064769413046896 26.826618377514063 9.067302027748172 -1.668880389976433 -7.8525948625452955 -10.766983988701373 -6.301777606920414 -1.095023880966396 
-19.357529593689854 -19.733644711165404 -18.039611099070946 0.9367773686841792 11.773906748994921 0.10976755268026794 1.817324404564506 -0.4247915217710412 -0.7071809858457668 -0.7736451667077621 -7.745860817111691 
-11.472418803901206 -8.546611170369413 -14.61196445926899 -6.6268451042778596 4.972934361983825 1.3906135321630257 -0.5770578444889355 2.910515728806842 6.5352417304992745 5.550679939371838 2.213352374666071 
0.08035871309054404 0.43017466023667367 -1.111565701216168 -4.280622806505487 3.284556770617624 1.966946341083279 -5.665960620436333 -9.776581785749357 -14.500786046138861 -11.963781427146069 -12.031036603434494 
0.4949280859278187 5.3748921747360425 6.036294237108631 -6.075390476799055 -15.568219153007053 1.294507062807159 -3.986520144451142 -5.644885872003746 -1.2984472280135129 0.0641966303012963 -1.5468664999314719 
-6.671199419363569 -7.486738680432308 -6.823934049801954 -4.1828627400101475 -2.5527435841452792 1.1212937428124488 -1.0488644374091511 0.963759043931202 -0.8160509460634664 -0.6858190546194803 -4.699022727740404 
-2.5638474340307407 1.4027234069239871 -3.696716638296241 -4.456913474380158 -4.261052352430484 -10.186449950130145 -5.94652622015127 -2.2869153370872026 5.512438346124306 10.251211061857028 7.675189057117865 
20.518412914524603 19.426847543816955 11.196026090516312 2.7375191109691075 2.0601482011857657 -1.407706198881952 -3.5599712632650924 -6.932127237837557 -9.38934654377692 -7.4877778015277405 -6.973566310625297 
12.671483739843412 20.800927014616335 22.912020317157662 10.112303309966634 -4.416603135249497 -5.816769615892003 -2.3449679913467554 -6.024641832456983 -8.408726784365621 -3.9267312994889028 -3.1884656957423014 
