-256.79394582323687 -150.63446053061395 -122.53893269109957 -157.89079502461507 -115.66971538672773 -74.99792556292613 -144.01881188412693 -426.35732764247956 -641.0270029588414 -713.6666985443467 -774.443064770315 
-3.125756422278328 -3.9553244598552357 -3.0072837944248705 -5.361659927502312 6.681734508696913 14.667554599705017 14.5330743783897 -0.9678227653703514 1.7956367217252551 4.675497133361832 7.574091768744573 
4.120382135731865 2.1990916231272344 -15.81932782698981 -36.78218634648128 -23.74743731263215 -23.123685433205857 -19.529674820605454 0.496172198226874 -15.161773449644325 -9.443541748524417 -3.2586636484268157 
-0.8548939263288892 -2.102559448431546 -3.54702355438578 -8.74560226539429 11.080470264980017 8.005271746014618 7.536150622692881 9.723691584654619 -8.228315307362728 -12.887404947104741 -11.128488149803516 
-4.063109188991899 -4.198948154798966 -3.718285877859025 -9.518315246021047 7.4188951334809765 8.756707216674291 4.727354461335607 -2.6965473245852523 -15.622029443498288 -12.237719575514257 -16.50122592159659 
-19.142704977179662 -18.946004780416853 -29.712162552052362 -32.73334995259242 1.2261524847592968 4.848837109068361 1.5760336120077527 -3.1547312268283036 0.5855180455172047 5.405690061053212 0.15966881619747786 
-2.668752601117407 -0.8545666568308992 2.5763961124462806 0.20884003768556125 5.331244300754838 2.3828602029321337 3.309491589560255 0.7982966183047661 -4.188371088553224 -1.4306692238174405 -2.728597411254239 
-20.0468574941458 -17.553762363864713 -10.572660775482788 -3.3904580206963493 0.32745749249556455 5.434962836845051 8.795459501786965 12.177223715228175 -2.283128685345265 -2.3504653225105865 0.8611830014756952 
-1.9664699813330504 -5.920677731768254 -18.29328714199852 -32.52289752133993 -2.9553710282933636 1.4514720527817153 0.9014057256656498 -1.2764948109767245 -6.46118578040742 4.759514768544905 -1.238864421062091 
0.16234581805398363 -0.6413342819159591 -2.691089411602895 -7.45080564140579 3.4900184579725577 4.2329574227787585 6.002116927303231 14.503628004242476 4.177140469100812 4.60257722902495 -2.230127500791081 
-4.918070866533979 -4.245811643602854 -4.805173555156456 -8.527792230741117 3.4516273877139274 5.769518516707908 6.3166584226806926 -5.247819161885438 -0.08866216731142185 -3.7416633513144535 0.27341208692970176 
2.107800823276312 3.086354300616282 -6.463118884959302 -19.8585356708213 -2.3085188911414374 3.483551614741695 3.5619135278024143 -4.609032079428938 -5.9405644863721445 -3.7784772528396644 3.3686435328716327 
-4.241659936528297 -0.5628264420067711 2.9357779165891404 4.294655721968832 -7.6650623683940005 -13.36905923862977 -11.68125327169092 3.072568469617757 1.0833296589058454 -2.3949704513752166 -0.42036268013982186 
7.670205601256657 6.532822614480721 6.545960801106993 -0.3921708676577963 3.00279712239493 5.074144251727148 3.1963114165103566 3.0061988795643306 6.729123131550918 3.552283547540768 7.448478373323831 
4.657523190677523 3.913962244197566 0.3076133407125601 -0.34950092744041406 6.016437416800011 5.993827166332381 4.872657216256042 -7.086258942097901 -5.464925314041096 -1.4152368611032708 4.861151068249269 
-2.456542942805058 -1.9141457986517232 5.226047602547533 5.764267276606339 2.7973150408571588 1.934450549508763 0.659758360102209 -8.65288047125712 -8.24227562422865 -6.234569962940906 1.44978810043947 
-10.079132714872326 -7.487104649663703 10.68807748706687 20.71769030658164 4.66381534023583 4.20649615023186 5.200419329151414 4.891141956141907 -1.1247201331871708 1.6443232243687635 2.700716035605249 
9.369280672792758 8.674915644337638 8.358510998306603 7.518882385405331 3.0062879985875286 1.5490393996403542 0.8846982911113489 -13.04732378408798 -6.830044547261353 -2.225552408788566 0.72864240146745 
6.7712994567524625 3.242866462941776 2.4392887447461202 14.228958710404605 9.4508268594501 6.1236838775833595 6.672860491970955 10.17060686606793 10.863880657402792 4.2635134079840915 2.7899865090948546 
12.266496570446916 7.998334378846004 10.513546749587965 17.01751749580969 3.3814511108719367 0.6912028320602688 0.4806141624081548 7.225622463681195 7.241015122391553 1.6139128940371021 -3.3458870034402404 
