-424.7377793416261 -153.65431349453212 -33.223459309490366 -12.915625982856833 -44.92666153217513 -152.79664292027977 -373.59673216462744 -487.4579751754927 -607.4020795313827 -669.252942222379 -647.5093909861195 
-8.057067307541006 19.45034713032534 -2.0544571187422136 -20.590593598611395 -18.921300763373793 4.048632299010028 69.4609965398571 109.99063024074246 63.0405163475201 43.94904535343838 67.96091427478467 
-22.30681663925177 -31.180217514030723 -27.59467539124126 -29.51881581851468 -39.92799471028928 -46.29636001103792 -25.40296533099717 10.73370620667376 26.498076082816077 0.5006282522921878 -8.314848371878274 
-6.813625766828808 -4.181587886181454 5.85236809302626 13.663084558733129 7.106599878205262 -7.2875687186853995 0.3722379301907396 -8.833996233464987 -8.299122766314914 -27.70167534137594 -39.53825289367764 
3.401253064286946 -15.369609509337685 -16.952191471683847 -17.130830477249106 -20.3778204986468 -16.76462933073576 -36.01151011119789 -33.30820878093764 -25.474631160083312 -19.731906346271405 -19.740546923541107 
18.28178131022511 -31.835187289046033 -32.588945256312414 -29.385797338310475 -28.414024539600696 -25.103236257258335 -26.07983065964833 -26.578519728907327 -17.763903386827067 -9.003479963114689 -2.2941059717016117 
6.976262665885248 -29.68610162197897 -24.837456184637936 -21.441429417993046 -26.06505672378168 -33.39098667898886 -28.012754920615418 -21.407807073314505 -28.359987671350783 -10.696154720221696 -10.951679305595457 
-4.512590642650876 15.865372352434285 17.654503758758537 18.446968599294962 16.576515797548712 12.709642252055016 2.0331188821584525 0.727507666661491 -14.597625692339179 -11.526661102637643 -19.16168006181124 
-1.105576062181783 -26.88875427440513 -33.01998643942467 -30.41039649402824 -23.521851890276537 -13.927257948592878 -35.14589710878819 -46.35711859691987 -30.25573266795491 -12.14379328440397 -8.529505070259285 
-1.4315675472931173 -9.55647619906376 -6.503927060117681 -5.502993874699884 -6.648939781056541 -11.602850690093614 -9.719333675322746 -11.280034094278317 -5.729411520259671 1.961477389031759 3.7210868351077275 
10.756334008459772 4.039083567031173 2.3585317930347056 3.114439190412101 4.926933360681232 4.427970962612557 -5.8611077451484315 0.8725883309211536 -5.310154011239653 -1.2539492251331334 1.9232065236291378 
1.554432318048337 -3.887801501650225 -13.718037106235556 -20.28960278511442 -20.484667200686992 -16.275966628673 -23.489748255712726 -13.524115790249986 -5.8332598479533075 -2.3958631452208996 -3.478614326626774 
-0.873798324622304 0.7093013189024475 -3.004963288583537 -8.037818975873789 -2.105545744946774 6.528209000747136 3.324198412992686 -8.107055008829043 -12.248176724919695 -4.718166582656856 -1.0477803926997276 
31.202842150121434 24.293953904366553 17.2751611596904 13.157964519591047 18.41971236850724 18.044054409379612 8.176523664264012 19.84477409189332 14.873538813493482 5.770418302632675 1.7906104112387011 
4.941800233778902 27.352734153829893 21.74398230561564 19.18354297057996 24.01373820489069 18.428069925876777 1.4311421301607916 -11.380483011279544 -8.65863325339356 0.8308801680028508 -1.942210203020198 
-6.163714864903886 11.959072849321347 14.090808875991776 18.78525548056094 18.981146225990933 8.007886653801341 -5.717354981160443 -11.321029110245616 -6.68362737595178 -1.909694564921777 -2.576656429344073 
-0.1750862901352993 8.354070325932025 14.55546244908529 22.450855889707384 14.72767372196287 1.0305459406405186 -1.1369812999915323 -2.944621034723718 1.7101347337540882 1.2844796135750745 7.8036079067597 
4.608852531874037 3.669253577084011 10.037443092480277 15.127477230860968 6.871635953237168 2.2476568911950388 5.024273954074495 4.100300296297031 -3.1323373637381815 6.21106714171681 17.623369445898874 
-1.0524710473228223 -3.8585882711956776 -1.288550915445702 -5.05361828993623 -10.89404139327861 -9.270326563351057 -4.109993013085566 12.048647742118327 12.684736893251605 8.49780948337292 12.430847341312878 
3.2432436381944143 -4.104764259080226 -10.057939205213426 -11.397614378807384 -4.150673962717828 -1.0867208647959778 8.212899230580192 3.5124195288457964 1.324849950608928 -1.5976501500664384 -1.7286401961350863 
