-468.9342734123096 -488.0055858931497 -440.11965014324653 -428.5617773439613 -462.1609777892622 -196.14168839678584 -52.801902790415426 -22.25769924460776 -78.4135462015443 -222.91523156606524 -416.59408051028095 
39.69325959283949 46.83936489340815 22.479754102866764 19.20518298619467 35.10379450688599 -12.74235371955635 -58.4369157015925 -79.93173552454057 -76.99852718339967 -37.22494211705275 8.315881488628472 
21.866690278962842 26.44978871874877 8.875006667140081 4.7818031931331 13.738332354787683 -18.420317062205648 -17.784157961577677 -21.536144537638243 -22.69880888669139 -31.518781969029412 -1.898193171114594 
9.430022606700149 15.767828607150651 27.13698658014383 24.991307070475976 19.468042993519717 5.511746342123415 4.657172279470616 6.332576578714773 4.578621182187207 7.203986362142134 5.0471280574247475 
10.581469887005628 12.634490584614412 5.964522730684679 2.3414126869425123 5.773801893309008 0.8153758382355454 -1.0554139086247878 -4.428932198373017 -8.027004571022047 -10.35921456189837 32.721739765475334 
11.91259755805611 13.114622807498879 16.099726253972374 14.19001831337888 2.3419697206110612 -27.865338949620515 -34.80971682180258 -30.852512958524514 -24.076136868432883 -16.718416150154972 11.474933096364499 
2.1050605812058696 5.6820645546045485 2.8141565182147055 0.36253005553964734 6.288360515961463 3.4712074945768676 8.70253206785658 9.766339822065358 10.24830573207952 6.801294939311979 -22.61262795213875 
0.1636400468369219 1.9142587107348767 9.155031893412579 7.4433247032116485 6.661404769031982 -0.1318196946348652 6.069395805378982 3.392103381959754 -0.5684258998393904 8.635120494807012 18.167272086293828 
1.5735356183607196 0.660650604495189 1.6949748771536022 0.5725572466457549 7.476312701208501 9.313276173968426 6.342000234809297 2.2748691134226897 -10.48725433751882 -14.993476936099423 9.149105907623163 
3.44323426174274 1.6245351248489222 -0.003105894740878079 0.1792533722683366 -0.08706077701289815 9.529806181381815 30.794568398185813 39.63870797454984 35.81561814676995 24.198050311519083 -4.230153711971423 
-2.670456762624889 -4.022345735600118 -3.8204813842978016 -1.7813891802295458 -1.2869482702992419 0.6785593453717138 2.216662921128521 11.666589275168395 21.556912805110112 15.176145349150406 -5.911597676970741 
-14.322037945245844 -9.29253545894945 -3.1005301057396726 -0.5099641905333246 3.0951167556087817 10.92719622299752 -9.846223864864799 -9.087153303813052 6.850726630953712 10.924919526143396 -8.94807179169342 
-7.6150241531587675 -4.549082121526832 1.7090523075438004 4.685959979291868 0.7059518245225989 -5.044762099449269 -10.669630541211035 -19.787666444672944 -16.05724944762342 -7.115276326661144 -3.635855885547177 
-8.470079504760227 -4.140830736711739 1.37355762540343 2.270877246776389 0.7510580141628167 -1.1474163991577255 5.650986491858769 -2.1378615133636383 -13.775424838133247 -11.422145489869887 -8.942516511255414 
-3.655777401089963 -3.2484060464050657 -1.510836712423281 -1.8098500972354292 -8.072324936484689 -12.641922125585559 2.9764617182160316 7.634332544478781 0.5493119194951638 -3.685877811043043 -9.856098255880664 
-3.4120210149099526 -3.490283185408841 -7.86976902777872 -9.485221351927112 -1.4786702250749153 -6.108777324509499 -5.178701492468981 0.8219719453769421 1.5657691283708068 -3.7552756075307894 2.9011196654955196 
-12.08461099224395 -9.48254588564224 -8.782473967139953 -10.219363364637623 -10.16849740867529 -12.194537238323697 -9.109943464792568 -6.709639424390696 -7.045828971854835 -2.2561946537458777 -2.45237167582129 
-3.0057882473747153 -5.264890555761321 -4.8003259701677194 -6.48635183874105 -7.025240761120024 -5.759391762871097 1.0968195785859287 0.947912262106193 -9.690477265594781 -13.479165240081928 -7.161720741128601 
-7.637750481329247 -8.954199856759125 -4.769260591644027 -4.301278427942222 -5.703757649935598 -7.2248662243482755 9.496348393511333 19.911608250918697 17.795359772943755 -3.1783763608376 -5.0291588346768314 
-0.4891618100591956 -3.7849317047764033 -4.8993935518778695 -3.8513515106303906 -6.014921132978346 -8.621085179868572 -12.215096353468011 -2.5652701050999447 5.730973189523149 2.0785539689558528 1.362422360915773 
