-500.28174675655055 -472.90561701239545 -467.52145086962054 -507.53150646013364 -539.6303666590904 -517.7011401621835 -225.24339205035926 -128.45738803404015 -78.39509969577756 0.0 0.0 
13.580859430485596 28.274829327919466 30.229635346331825 0.4098202496980121 -28.375056050861442 -45.94013118203564 -74.6751393051464 -79.10844167108985 -48.48849773335554 0.0 0.0 
-1.8614741840072613 4.882509634675198 10.714809951712247 2.4533097728212816 -18.800430480926327 -13.896174747518799 -31.52001182057824 -30.086198016752228 -24.405896180478955 0.0 0.0 
-0.8309830153051752 -4.382724374202301 -3.6698979821903617 -0.010901561942033317 -10.603722812993439 -17.10181976339002 -19.487970031218197 -24.24548620219229 -25.966029948536825 0.0 0.0 
-13.345916593992934 -9.382724032813638 -6.382415916896084 -16.467365922083857 -23.10056378354981 -18.226721857545066 10.108814335876385 -3.3260710599363836 -20.65763846735624 0.0 0.0 
-2.4572108759902207 -2.2406872824687047 -0.9751079275411139 -3.2476469919332693 -11.706638338217196 -10.072156267553945 8.39505855812474 -6.31202567619445 -16.73983235471275 0.0 0.0 
-3.766118625762377 -0.2661276572022871 5.503558947752994 1.5202666219177257 -6.4238814053532085 -7.147723331038033 1.0406812128811525 2.4231050883695917 8.211161422329319 0.0 0.0 
2.6032313731377834 -1.300981576799633 -4.9045704298252595 0.7316369044376205 -0.2954471675097172 4.4455404450491285 9.962892858890065 -6.2270767524797295 -16.920011988298512 0.0 0.0 
0.6607344403326306 0.6032949039841036 -1.8101339673626866 -3.635841946706199 -6.669276829631501 -4.891802498775855 9.385258583441384 10.200566494192806 -2.655570773349653 0.0 0.0 
3.8371370732392984 -0.4548810671979108 0.3472086226673399 6.3361845298845365 7.450553064495722 14.608293565158064 9.466676977199995 8.586901863233333 -2.2388039341013646 0.0 0.0 
2.171432542549295 3.307554767265455 2.1285155757433127 2.334458902168916 6.555282611270643 0.1941508717236793 -17.83876543812435 -8.802063116993965 -9.077254089296282 0.0 0.0 
3.766306357315986 2.4159598348928775 -0.01810505167852746 1.3071904026008805 5.559537795485008 7.736451206559996 0.48021728371333183 12.761444492708414 18.83733147047544 0.0 0.0 
-0.03660980716690329 2.446241311022561 2.138971953532991 -1.06531151300789 0.6696675369357841 0.13598204698717883 -7.311967452938259 6.174321388755604 17.715159418552425 0.0 0.0 
-4.515111958758113 -2.8356331353826376 -2.062749353987072 -2.3770874624672556 2.3206935937557334 5.938875327791847 -10.089472037482386 -6.207752938683066 5.744236794543937 0.0 0.0 
-7.144682788210512 -5.593015342715841 -3.4984850293699106 -4.49085767625348 -3.9852497209617876 -0.03109460001867126 -6.3304901229686985 -5.76130863531439 3.3342379498905164 0.0 0.0 
-3.9782327120403638 -0.8261732399927415 2.2595976140106564 3.5688551196275737 1.3834527797892833 0.03408212327195681 2.2604854078156635 -5.121139919254315 -9.924849311970473 0.0 0.0 
-6.519827953855065 -4.089462754888402 0.11082747435240381 -1.892409749245906 -4.476061430695216 -6.9406356208266455 -0.4659820095545802 -13.052953363640167 -17.857115712157984 0.0 0.0 
2.2578425226667056 -0.7318481799058301 -3.452443722525843 -0.6265102275823 0.6542884058976242 1.13050717271431 5.0512549483978475 4.581953162715446 10.082023959067428 0.0 0.0 
7.077444311438072 1.1899893593031545 -3.1728747719227135 -3.12633485292794 -0.42225159717058924 5.753915920819854 0.2806287661645843 -3.8637214726839124 7.904030259914354 0.0 0.0 
4.7123178705093105 -0.8745007915090376 -8.06052613130122 -8.04496314109976 -9.684724379767964 -4.7971724898616985 -9.921245502102927 -14.884411255058815 -11.526055576579452 0.0 0.0 
