-501.41095936135565 -488.0648151169008 -510.43317446771096 -536.4178930829605 -532.0655509866938 -547.4039376275575 -323.8332322644324 -194.38623048931635 -154.93463701157478 -160.3806238873568 -219.75152242499303 
-11.495473766484519 -4.2938077691219725 -6.918781915149138 -33.921509834177726 -31.416687819190273 -21.331854074417926 -26.786446302233085 -49.866451339891896 -58.99281159555559 -43.98205378542314 -20.795351419077832 
-22.465268890089433 -15.431919991914949 -11.967988645632765 -6.674184992724149 -4.969529068810251 -13.628595962087136 -66.62492042169637 -56.572925002285714 -53.31189559084297 -53.51383830706372 -37.763440985781486 
7.26431040997122 -2.606570956211285 -7.658305132932421 -16.44471379848878 -23.25155633061157 -14.220789391628335 -34.33048117901076 -23.49829027335 -22.916386498026952 -11.759962228281909 10.843066869181387 
-22.016146948342598 -19.091172542056796 -18.43674051371063 -8.77011225847151 -13.166079815004466 -22.306854645365288 19.98165814809901 6.060723232750905 -34.2442403138641 -65.53645549980922 -67.73666847547332 
-18.003275782781138 -10.89405862538192 -7.2178852212418825 -13.293081440399174 -13.451008075488575 -7.483966181925988 -13.258942171014787 -16.380785330645722 -24.525820840915898 -20.754631190273525 -8.36145878402752 
-5.406929116241095 -2.452877954541793 -2.3919276271815377 -6.76697837867825 -3.217855367231371 -2.409937613765853 -11.519213910303552 -4.170065356348322 -3.7455273952811092 -8.3080039959908 -8.415233638930177 
8.710096581201881 5.624401623719926 2.6525462154139623 6.461218546550507 8.236736646902568 5.110225098547626 3.7656909298234473 -12.595770250526133 -20.553344451353702 -23.64965838557714 -19.382241098006915 
10.597658418424736 3.995064605055279 0.83131514842625 -5.904252875591673 -5.2521113094114735 -2.1703036924914954 0.5845923302483746 6.598672849041676 5.750726329389918 -5.941642593197425 -8.836532637143458 
5.41471885696191 6.375579856935991 8.762049115371685 14.490514817153844 13.677379695559011 7.223153407821515 20.13383869925592 16.296404463274595 7.926621894021158 -10.899322035558011 -22.25120186110915 
0.43219552164269415 0.7947415881246983 1.8136580872476404 -1.5397947271254036 -2.275919028158537 0.9100875542891504 -4.61355967076923 -3.1544673885076353 -6.471599040264786 -12.507992436614252 -18.133967988504914 
0.7233150648044419 -3.732272771522015 -5.601138056098505 5.20416896042982 7.090519960061728 -1.2314078580831314 -3.52586694896923 -8.169346397996865 -1.6694408149854163 -8.602165481670252 -11.699506192238456 
4.228409641005405 -1.9843285265345756 -6.429293593276192 -4.31740433181945 1.482758140924992 0.6235227392716898 -8.506909468547487 -0.3105014350581598 15.455973337417225 17.172117445226885 17.282556202349582 
4.736084996876297 -1.051563595447277 -3.149784370807566 2.8138314593136498 4.613451405236431 0.8505125637652338 14.572591258873578 8.62241161113321 8.981680153085659 3.2800554639395525 6.686150794285193 
2.5297433583999966 -0.11588786650037941 -0.9573540829009473 -0.7033172249035192 -4.305839044603184 -2.552356239682293 2.6050758458408776 1.6524285618963905 11.18890131032126 24.277790000850487 25.195276943728906 
4.118501470343679 2.0426022445456944 0.13411605262771964 3.721678676459346 2.8774667972347343 4.953638257007862 -1.01249454938425 0.5401086319006951 -3.9655956154290894 -1.3802153838977116 7.0522806650241385 
1.6832200369789958 -0.7582831108102985 -4.0918698753507154 -0.21611172104083087 -0.8499774628606955 -2.4369413177447345 -0.7296036120430295 -4.747489920047127 -11.030369521579214 -16.460068976783266 -21.14463835403873 
2.9969076115931577 -4.623605312911064 -5.336197088953929 -3.186358643002094 -5.6541580860536005 -3.5812616476464854 2.4163431655082546 -0.6218232571819049 -4.415986929837792 -11.22922583180777 -10.528110618286659 
7.096095172330092 -2.4078180199415513 -5.1646143121448205 2.7025974317386483 4.356575630045052 5.0095094252866765 -7.313645876119505 1.0388767512238508 0.6456140499231522 2.8750366279256863 -3.4145643918916235 
2.9144096587866786 -1.5866654107023455 -4.4947935722830685 -5.03524227135137 -2.503893790019344 2.1709393746973635 -3.186879237203882 -10.695969632531817 -5.870572995644884 3.55467754167757 7.883795974761143 
