-482.4704657883198 -475.4520561935629 -472.43725390652105 -377.9506678786356 -143.59830140429358 -56.36731177612109 -55.501679062000925 -141.6359150833826 -370.56005211681656 -457.1016367699649 -469.78649733757993 
44.45834893808532 45.47405138613874 47.86419447151458 -4.028387894440584 -24.837956505619907 -38.75719450904684 -51.33525356662078 -47.17697695410465 19.754428974833168 63.81404060478262 61.934399900459404 
15.62295283564136 15.491517612643413 14.595024537611053 39.54860825878378 13.18837474793158 -1.6874910736632476 -8.885010277569975 -4.361467931195842 12.52632054885526 24.895779685610805 24.620382421535254 
8.322430668365254 9.64131146456112 12.97206018426876 11.825794429415659 -25.472226427945813 -20.770753299042042 -11.103553045833728 0.38232889829777994 14.358441110424327 19.271427723794805 12.644144939118878 
3.741051599084182 6.3559487260289735 7.651224517067245 17.623012008685166 20.492996799089546 17.715598219435904 13.876479639220218 14.628514832190188 26.20654772732859 10.806852579532459 8.052969992537696 
12.535990633007987 14.324498939957744 10.980934910340299 -1.6445209834572907 -13.549982453205224 -22.314367472260898 -18.484917172530356 -12.846979078289277 0.46058710719199913 5.040153897736002 6.783810500460753 
11.979736679908822 10.214947464802233 10.048603668092927 12.934337247112648 -18.471841993397838 -29.91321213627137 -29.5983573799579 -21.238942372735266 -11.061559110352288 6.189891012151339 15.730432546729078 
7.864714070621113 10.588652129473829 9.031427200852796 4.3977465444721195 4.9030572318036425 2.9764884952956185 4.322647370460954 9.823905343610871 13.61987681075798 1.807850573547786 10.07424715205591 
6.963503164524649 9.575238947981884 7.9431507000930175 7.265971699866226 -2.800760863456518 -18.480105229500396 -24.225159151505352 -19.435040064519605 3.2606699092002724 5.435897566613381 3.640530370129298 
0.38153649683603363 3.2345888927477318 3.7823292264043804 3.4082695801399665 3.605292686010565 -6.613402329148962 -16.39369610192118 -23.27018421506599 -12.335115337156491 7.382321257437442 4.182160764653518 
4.765523721284134 10.414941433615866 10.323655482341945 17.713542264623214 12.649630724527615 9.745646659617748 9.380301925014562 14.624047576937404 16.93684084848786 4.809113362765815 4.153732798632689 
13.195602572355408 10.316789834691967 4.616401907974916 -2.5744260556192424 17.053924699977763 11.824423847288571 4.891066479388755 3.115828618108205 5.552690141103046 2.9885075950026434 -0.7002726877322453 
1.6350670776062302 4.838033852007994 2.638477211561314 10.845945232785045 24.10343822167458 21.522936425537637 17.84592848196496 13.934053571675006 12.475698252958956 7.164451374095512 12.161673146129033 
0.9337846858528496 3.877993355105922 2.206521347713314 -7.271893736680278 1.8116582169542927 11.8471067450375 14.56968735177956 6.266389711511562 4.068632819193809 0.6843810630544593 8.72275931560133 
2.6240654237434615 3.4781420319507794 3.5337685081409687 -2.2600751764494844 -1.042708932831378 14.646012541393349 23.00958276834163 18.442213987774515 10.119712719794023 2.3584688848604642 4.016550644961604 
5.418180725672007 3.410540026414988 -0.7048627895638275 -2.031135984018001 -20.614665722850404 -9.92416925400937 6.953707859809427 11.323075421770815 9.209322969239055 0.6000802392212818 -2.203800520799639 
0.40581154779720063 2.1311700996886853 2.1144413781918248 8.578833872272297 -2.544018528046399 1.3435539372383813 9.018445701189323 8.888890522371593 -5.9464546008265 0.1315158357756787 -1.8240736302537655 
-3.1486959215397943 -2.422451134325604 2.0643625700913333 0.03659153749644872 2.728715314714881 11.060817592037502 20.34515865526585 24.389027847914775 12.454648274863462 1.041911342619037 -2.0284631126133177 
-1.34765230203708 -0.846238463774602 2.888730642064105 2.926276034579268 4.927009684409695 6.5269821452556585 8.675592427165155 11.879464807888521 2.8396622671565463 3.832358793070561 1.2335876807108823 
0.9604436270498808 -0.5556303107403834 2.8036469247213627 2.717654616083186 -7.622628596720164 0.4245929749911476 8.458762657976933 17.14890476124595 8.691678179877663 5.1496896497360085 0.7473827779048078 
