-248.56167192180476 -252.9054111059061 -112.95653279130129 26.03234211440377 76.3412647140616 40.05932993776657 -58.96330537659911 -44.783731766014185 -78.6967586849325 -219.04780935110534 -240.64588453964538 
24.189854757572633 13.405738805349067 -15.508960435981805 -27.969466496666534 -45.05954871482264 -55.36420238835713 -30.927456239527956 1.458383032591903 6.35266093384255 22.163762297948047 24.589400409053138 
42.39614925475365 32.887382933166776 9.10431221747705 -3.4585153186352584 -9.650032246108273 -9.147729117045113 -1.4664611602123292 -4.996853133553866 -7.886129707169257 19.568496161962265 37.157236792787664 
24.40439375675181 20.62310724771954 -6.015570229601179 -9.377924536755215 -1.882064654818108 9.760302971946526 24.193823507102344 8.311140331471819 2.7897481510289603 12.41434640892195 29.10358005072537 
13.710482955195944 16.506258847301755 20.7305613684037 27.51503571436118 27.427111767770654 24.75416899883049 11.230112324628447 -9.222068638029622 -8.191689331467172 7.481180281349054 19.511633199545557 
15.187933893648367 11.869951074961934 -3.095529982269816 -6.243121598684923 -14.687897818112546 -18.50708177596159 -12.021258770127869 -5.712971515014159 -2.3645976414971424 9.513499821031104 14.501105460697563 
15.47084022853922 11.541711998605026 -0.722612429931569 -15.731536104774257 -17.044152646815675 -13.133137706158617 -4.033066982751212 3.092050663091402 5.662400825380844 16.227157816164738 22.50776134240619 
7.088720026780312 5.938133785739582 -7.092082388643872 9.067617998062858 18.870300239487754 24.170115916890875 12.861221244979216 -6.935986970970481 -4.253199083766207 6.592063734560706 8.848171783668228 
0.9616314378261483 0.8821503852617618 4.379457255990131 -3.0186318205244036 -9.274560572801798 -11.140354173076206 -7.857367643366356 -2.0888627186796085 -0.04777136120126507 1.905781754827045 -0.055891383724825494 
3.328866184510483 -0.23206521624542897 1.850470903391448 2.343318488546193 -3.4078388764119834 -8.606809321953909 -5.028931021527528 1.986283452849895 3.915022990489423 5.682421577887958 3.049848365393728 
-2.452177655421286 -1.2147823385710383 -13.347347239890365 -12.431586657853279 -5.527703120547768 0.8702153025582924 13.100528096861993 -4.362225980376212 -2.129456626824735 5.752805981097243 5.402397398979486 
-3.4530614809286035 -4.239697074636266 -0.6758818158906368 7.938783637585702 0.9257424327325916 -8.445850888384676 -7.115208541681519 -0.22164918356265562 -1.2546282298248546 0.04010786076239592 -2.048289360768915 
-4.888695057241462 -2.2947327182952195 1.8371504749453051 3.077864189720711 1.0616917481770605 0.868852411731754 4.810357583466159 0.9827523697507977 0.001331369624438583 -2.7815769607895557 -8.859630635440675 
-5.376667512360157 -4.8010556442087555 -4.575081919662346 -0.47408949251440835 -4.3014128171089885 -6.728092059270537 -2.3072786576151207 -5.913839165782587 -7.549262207030825 -7.538540032650582 -6.441522086388073 
-8.183394602267711 -8.126831622703428 2.829666502455277 21.90957920011892 22.602710750947956 13.241828543080452 -0.3191786706814239 -4.388848203795687 -4.86247834737376 -3.061702951930134 -9.329899627329137 
-10.389577015615018 -9.190210178591652 -5.21676905315454 4.894451105908579 11.140057164842286 9.84352106916728 -7.415088882022 -12.468210528925788 -10.068722507441672 -5.7828413715708855 -6.662800942854495 
-13.7531538139794 -9.90924592096987 0.5570230836406511 9.005105512053333 14.786233111196477 15.433206655797486 -2.35180800769343 -6.226438710655536 -6.123386105165463 -6.376018409054872 -1.9816225970404804 
-4.694844856800547 -5.270130809337961 -4.998273103827659 -4.615911175568938 2.146085624529264 8.680181489687126 2.2363449288418504 -1.2726480712987234 -2.591085135600341 -9.161257465302153 -4.438097426718064 
-1.469158910895748 -3.346238153903336 -6.329847029162659 -5.290698660945507 -9.7377062303696 -7.375235984225159 -6.074390034981381 -6.22065324779445 -4.720197295974963 -1.553702633691445 -4.196870897676105 
-4.044714457940973 -3.881889012637957 0.19808497969278416 2.6684985516703383 -0.44880934719142973 -1.0110919452482259 4.477668763102321 0.3918713375587519 1.108985961718252 -3.434400914350416 -8.400915724217253 
