-439.3157763468865 -423.9132654364111 -463.0009900004686 -530.777468840147 -503.8644928367379 -245.5110781866896 -97.6256100463619 -32.74320313971605 -21.156222900870176 0.0 0.0 
23.15947952914489 10.939125538632997 18.530235034242065 15.90901944487895 32.19456811227347 26.043957405942457 25.992933872811104 -7.550326161941186 -41.88403876266415 0.0 0.0 
-8.369717562339877 -8.191911909937259 -11.05351869898341 -21.2668284205889 3.574634142369548 -20.272957112470866 -34.932607786328106 -46.97688865120362 -61.85635718236947 0.0 0.0 
-35.35635483061631 -33.810831630971265 -23.76236991028606 -4.50976107647946 9.847636021780104 15.49225479253201 16.771209035985642 18.4528843187453 8.722062350942686 0.0 0.0 
-60.03359165578901 -62.76625510420041 -50.611496667787534 -21.071232637864632 -9.762392560724201 -16.775164549310432 -19.787610538677697 -33.51820909368138 -41.66484113660693 0.0 0.0 
-21.03438150860048 -23.721082460550832 -24.83737708376016 -17.977614416989155 -2.2429588853208458 -24.441420474925398 -31.17462962020322 -35.3391320993299 -31.015966312982385 0.0 0.0 
-29.797866108635354 -29.813842072518817 -28.35450997162368 -6.701391574675444 2.245094531938302 8.962443860892067 16.798186373079623 16.92397223479373 15.569325688957328 0.0 0.0 
-0.8295430313575338 3.6309630829962996 2.4266611027260145 -3.7950743016826376 10.721248646813606 -12.901710958587561 -9.65604907225379 -8.394130231840105 -10.532258758140275 0.0 0.0 
-23.53134894708905 -20.552037029154057 -13.174149941123948 1.3073922867525025 7.757045781851763 16.108913820914704 15.12724048329931 21.970071313748697 24.035336190882937 0.0 0.0 
3.145077740691741 4.61301218239133 7.950361605094772 7.025050253457537 3.5509968711922997 11.623444012719748 14.757893238672965 28.371191208784268 26.34809762780187 0.0 0.0 
13.850455056950405 15.381273429880556 12.774936714421667 5.179099517367034 2.0350558858578154 10.29105528139122 5.854303639785905 -3.841858376256058 -11.20879996975436 0.0 0.0 
14.668632158621708 14.048077375465617 12.439664258853801 1.2250040981980874 1.0310715340009864 -6.819422217855674 -16.655967879622665 -27.564261868584524 -31.728299466577838 0.0 0.0 
15.05646262443587 12.218102282192456 13.51176954286317 5.881331799781551 4.9075528804554995 8.1994042049224 14.697631326960542 17.37497483458012 7.3865831201388685 0.0 0.0 
8.355658706289745 6.50248902622633 4.09332374845146 1.3493272039783908 -5.971746743968165 -5.171340885536631 -1.1732618398761148 2.6937620318230353 10.40246334673018 0.0 0.0 
10.436305150873181 8.495888850970072 2.938306855052205 1.2032256340450522 2.4459989768116586 -17.004833396307156 -18.460133411478186 -12.60525623138961 -2.5375351799490136 0.0 0.0 
-0.6667623575853361 -2.0699537958670238 -1.445465135239136 2.47371881166581 0.4616123974187549 -0.5262860452035257 3.250840271184556 0.7172144079612619 -0.8237999018784865 0.0 0.0 
-0.8527192725731095 0.15123997396421507 -1.2785525430016647 -1.257277223911504 -4.760257840750008 -1.6488612326266054 8.173016984778345 18.806531774801037 17.99493385270472 0.0 0.0 
-4.325867719569334 -4.000812863072994 -4.46364920219901 -0.87612297858251 -1.2785701277074275 9.536428723900814 1.6411440194901254 9.176013667566547 15.776146888746881 0.0 0.0 
-1.1389184633466267 -2.863026507613534 -2.119443962475459 1.2714651903581873 5.754244715262285 -12.680020757970517 -25.012931350557178 -37.53764422380209 -35.45205744255582 0.0 0.0 
-5.206970967040158 -4.947584289623327 -2.305873965110554 -1.1922022374343328 4.00526277374988 3.540805300839903 6.2605770206437565 -6.591879766797048 -7.830020996071886 0.0 0.0 
