-479.9437920457105 -441.78409446983926 -453.72563498078216 -495.3190290088291 -294.69815318882837 -91.59307769253799 -31.234396494163345 -54.356343840972706 -152.05179710760967 -301.6300538305819 -370.6744294408131 
30.026598971111788 21.73053925664645 21.268722323271273 16.72122230474887 1.89115486658822 8.400035662154433 7.295007039019954 8.917684555292444 17.08153119344867 16.007253512536302 2.4042435488229517 
-2.313450311534946 -2.8175110521186593 0.14844853984787565 0.8548530837224114 -14.93092818721934 -39.14737717036821 -50.48541546169188 -48.989156634913456 -30.068055800435324 5.043777208183421 13.86532852758706 
-9.520899630305491 -12.610656149415615 -9.938995085199448 -5.887658736517228 -43.757083575678465 -17.536344485339946 4.407860704942625 10.387716634629525 -3.647568542963451 -14.302737759388286 0.23780613257974292 
-10.158539403282134 -10.972453488296509 -7.412120262309182 -0.3863935929733526 -7.984071062241087 0.5501893620903123 -3.199145006100865 -5.85821137625258 2.908604923248629 11.43573924312921 15.522081390351236 
4.84520082594833 14.515270843626027 15.22951938459175 4.279267747594847 6.445238853530585 -15.223760670540727 -18.527413665558342 -19.982826729679335 -21.138460367692616 -1.8950154234834835 3.811338059969003 
-1.4229749647572847 -14.622352263749526 -13.563734006358576 -8.127644210769493 -13.678178505228757 -22.56795225898365 -20.328524321338165 -17.61531997634733 -20.865255775484854 -13.110683959613326 -7.139974114117991 
1.5120784501720985 -7.032267738149923 -7.952558051738343 -5.152387367979541 -7.554440252897327 2.111742114740333 10.351179309062768 11.42670070170713 4.201413120668375 8.063531294315466 4.169476074605043 
-6.459206883780339 -17.294630374193588 -14.636960400023495 -2.400444544508117 -14.873475812834974 -29.2124050868138 -31.619570815529276 -29.88728969392278 -31.867573233737083 -34.26808567619361 -34.21691234961951 
-8.862442653025376 -14.538987259029039 -15.09981859276796 -12.595455387571693 -7.262837484042692 -4.549831049818695 1.4301297500174899 2.3941271555915504 -0.23353703801897646 3.3404498286729245 6.164116054665456 
-11.267920100223126 -12.947703526388935 -10.923054687476853 -5.701519884902755 -4.000632108514766 0.3613058138619159 1.978710722432379 2.4810502842101285 -4.343145557769746 -7.877440829995638 -1.2684801784235784 
-8.919252842234929 -3.0910118937399385 0.44063184397162247 -0.8711998191445841 -3.6659530603081953 -11.41904275378766 -17.192435441415956 -21.180671041649923 -21.055947365341034 -27.081575123407244 -18.353389494370187 
-8.485406379392366 -4.269294781038964 -1.8813810556733852 -5.020579484194799 -10.009770487478427 -8.022869673988652 -5.147123000950591 -4.19436693479686 0.11639454227072171 7.113918049606019 10.932974063174825 
-9.48540148949723 -6.487983727302108 -9.517132841397906 -10.190840258902579 2.6739541077567526 -3.8881126321980055 -10.241017252768216 -9.53804843562978 -7.937751292073711 -7.520642460823702 -12.932857307204488 
-16.881470950468703 -17.882078530694617 -12.144437996903534 -10.886603247509578 -6.96242365446704 -6.93753639107962 -8.194705960963617 -7.035801640803432 0.38877226237677553 1.1597816075198562 -4.3627775422322275 
-1.1507442316709835 6.598433541914185 7.0411590389241745 1.9847430000156745 4.946842119347883 3.501680662604445 2.1269579342123515 2.4858443559704795 4.712262347651625 -9.696472757102919 -15.502397320923585 
-2.251276682095378 -2.5488696184703086 -3.5964680502221795 -1.978897721806333 4.6553596846387855 3.753558442536754 -3.1420567470211243 -11.632572044761263 -14.581252954746038 -6.024443104783592 -2.262942987611492 
-10.434349709336566 -9.741404830964278 -5.610913053685781 5.314836092736393 4.055027210609342 10.979870416872775 13.358363548358678 5.83347535520315 -5.679582688659594 -0.5946840200050807 8.650105459068532 
-6.4796059333924765 -1.7302418723878565 2.7262619246674022 5.185790218962488 2.741460688467144 15.10581461637902 16.778476813897285 9.511537496982054 -4.090361088155978 -16.761163966182945 -11.343432303892492 
1.7670593023107948 2.571023246905567 0.34426606807737614 2.5398829127752727 7.583459958226559 23.818783954652588 31.371041495745725 31.21375818245005 18.040817355494283 15.4236434816366 16.21261406746267 
