-304.367339327132 -199.9996846849934 -129.6831363001975 -147.54938262803412 -242.77817961674626 -415.07317735584274 -615.5017095797913 -651.7629188686598 -685.9301829343502 -708.7083666379449 -732.8810920357943 
3.2162349625289437 -14.697636652984183 -40.11400759782525 -60.50428189269314 -71.84959487064694 -51.44204953886758 13.725126788988955 25.27251827910181 26.400208373376223 27.602919470875413 25.777541595967232 
24.07797772885462 0.691016682292842 -18.001068282300928 -27.15423359090026 -19.578531944133246 -4.62011513925903 8.401173122136022 2.9311506348814294 6.075908130687704 9.110190383468295 8.049732071069416 
-21.445115596752615 -9.405585663570301 -11.95314674663971 -20.09034772502747 -19.152772890225016 -7.107795304074147 -9.399221987629193 -18.63290163223303 -13.063825325529379 -9.034107224199637 -9.584432368733637 
9.682920755587514 18.024021803231292 4.4292707051793725 -15.010863334288253 -25.79652900914004 -22.60721808722903 -13.208241241662854 -13.797945892766359 -8.044055963843944 -9.450613783330077 -14.568959397510081 
-9.866513950748018 -30.22956981419484 -48.927647635227416 -67.4958771528924 -69.09903393826124 -52.4428242153952 -30.02937739575075 -23.628265520786158 -16.008011055614514 -14.542214047078915 -16.57605554981277 
3.8932145118900072 -18.01164981752371 -31.155586436497593 -39.55563432137341 -34.28926618600967 -17.36013666162682 -16.462246402409498 -20.042036276337612 -10.65532354638958 -10.539466710782722 -8.460891493619357 
0.30877265558594413 10.584904364197843 11.670117022601747 -0.3065487309669403 -8.74554877912579 3.5911388951076346 -2.844045244270181 -9.625729889431447 -5.658185179100396 -6.440443373687352 -8.79562817884126 
-1.735058525392788 -21.22479805324088 -28.388234889584982 -36.75910054926151 -36.77020627621991 -28.180798963146607 -17.768325924523364 -11.436551913082084 -8.543470591834934 -10.512272797127784 -14.310496559329906 
-4.703723913623671 -11.183260237034483 -1.4537362433223115 3.9208479972751857 11.698405840736257 9.450144635299939 4.619927021314617 -4.35916909218269 -5.57811636364634 -6.678914740386148 -8.701726608567496 
-5.427658500569484 -8.862867292934766 -4.162662946125488 1.2090744240964109 -0.3785337829923613 -1.7581213349923335 1.4372072289767988 1.37787466322302 -4.290747355106035 -0.8032612841404054 -2.2005462471591963 
-13.553165910679766 -12.772567045429458 -13.6975733128865 -12.412179381239312 -19.646411954491874 -11.486177571479423 -3.9843128185481116 -2.0653866245364725 -2.8691271891593484 0.25363870150375356 -2.504975942470704 
-14.325662341762246 -17.70711116235765 -19.669288533637214 -11.472202652743183 -4.030099863886125 9.434786484122242 5.127675639877183 -0.3620008584134038 -2.7937424792744583 -3.9095245523704616 0.5479580824413068 
-9.626437461554632 -3.184116223319859 -5.005390396711034 -5.2867354533176325 -4.311252059777015 2.308438562679672 -1.707926604453253 -1.4680796268755274 -4.149128583574483 -8.141845427148109 -2.9521376738133625 
-9.71525458105395 12.312854318661127 6.544419962845275 0.3642510150690535 -4.5639496202488425 3.520515550376797 2.5010142857180266 2.730376286404482 -0.8411014732079488 -0.9885876361958308 -2.772631030047898 
-5.48003023380552 8.054566605535486 9.195066036422714 0.0554577456966584 -11.378291043229478 -1.8437234206979638 -2.6915397052427874 -5.054243534278472 0.9367500499857428 1.9745252013980499 -1.2170576519226572 
0.9332909439365933 12.257701030130143 23.26816421602642 19.931521676208114 2.253420367635028 -0.7679554095350529 -2.326026183548837 -4.357485224624789 0.44652063099639605 -1.2055200212925588 -4.49592819902826 
-0.12859153588605549 6.098880550897651 19.601286955538782 22.369601986695834 5.883626375087599 4.887735856678255 -0.474829779957727 1.305374381802076 -3.2346964238132516 -7.18954050971611 -2.2003570125449428 
-8.250912508973032 -6.672073092991008 3.883164002745973 13.649184299105578 3.411194114064812 -4.994059450081988 0.548775800555201 0.12953711355249897 1.1080968475638249 0.29694289053928535 -1.8399264633348875 
-12.8911623903752 -21.9685480535339 -13.786285732905684 0.40503654425232105 4.234713966207249 -4.988600451109283 -0.9345395670057941 -6.5023221893851755 -0.7380139617702797 2.775887451070515 0.6272551286542545 
