-712.8094990645371 -708.768207570977 -500.67196526939875 -303.00172785434654 -191.86230541667155 -169.31708919660136 -233.34444838922963 -386.1265349908232 -595.759994273399 -644.9567326472921 -642.2687858969399 
48.97878719214417 49.86090860482257 6.699581335538009 3.874221288545815 -20.673352378214652 -38.25882767405931 -48.5867127961801 -34.594562786776606 21.306355179933135 48.76321753062872 45.26434201762546 
18.18001095734878 18.101237690652052 26.537224826407364 8.2641317228032 -3.590104457445516 1.9525904005931567 13.434480816184525 19.481741213273573 18.043005863943826 17.977896941008076 9.006319847963896 
-3.2496080973137507 -3.9624002079948317 -21.32296337891342 -16.655656971341728 -6.569065737926255 -2.4498523732289197 3.0367630472252354 2.8122951452172025 -2.776769959572786 -3.507899746775326 2.8213395272412214 
-9.215290469888675 -10.436930787478833 23.497404391886327 26.25135637866807 14.183608139991248 6.350270222794128 -3.9615969952114005 -16.66066291387629 1.2559241009706434 -1.1819060424698362 -6.773947588960787 
-10.639245668781273 -9.543412706539705 4.454264703168294 -22.813722675140312 -41.318304305713184 -49.529446556045926 -50.95959462409596 -50.760056386050394 -17.34663723481416 -11.745090541831107 -18.116436109589973 
-5.885358741763223 -5.7176568858902925 11.15829333853808 -5.629767861129144 -15.212272825458227 -18.994198194410423 -19.332469804700025 -18.347862780017255 -13.11191266953255 -11.724888063093196 -10.333374836939889 
-3.289568625151808 -7.25801751388101 -8.14890294676489 8.271362822209793 6.033965602257709 -0.635338176367625 -1.9205487921413693 -5.657628307407204 -10.59575002545093 -10.0532999118717 -7.642499600147458 
-1.5980423911585742 -5.731697397369054 3.837858625605961 -7.782808818912566 -16.983509442481626 -21.112709188052808 -14.032313333881799 -14.415134400852972 -10.6245247507518 -9.779008513818042 -2.846273376550865 
-2.6688653677382774 -4.2554793543274245 -4.8288699989479005 -9.482749888070693 -1.1774296485874158 7.57990255573205 24.42335684257072 24.235555408671747 9.157507088621516 -2.6937514982550095 -3.598602755936116 
0.31730347116717367 -5.2126817743173435 -4.77989721371959 2.8992933024485232 10.163310856086289 12.405323666598862 11.82536095011574 5.722008601307548 -0.5523983351793027 -2.3452671862418812 -4.8741281472019296 
-1.046149446150526 -3.409645598917424 -17.28863898216082 -11.146913196240963 -4.7636664166333595 -1.5347944061151817 -8.108479801967896 -11.005581649578271 -6.524528747440085 -3.686383074841846 -5.920311527806579 
1.240540961465654 -0.8364549130773233 3.354892134258664 -11.173482415843424 -8.778715786205911 -1.3792397854118037 -0.29993706501317396 3.5695491837746145 -2.1016016228378303 -4.221852393013243 -7.356999935245343 
1.6860393726621667 -1.2749403696814625 0.5313816965831946 -4.594550009044042 -5.511423567830887 1.3037433475561255 6.8532662089072485 5.6687899424018475 -8.773801183262322 -5.174844598162808 -2.9559516459487254 
1.2907508891810893 -0.9548102357733369 3.5313317828457866 8.447969025418406 5.41493877895849 6.2162642818512985 8.83021838525838 7.600223807592107 -3.1597841950659897 -3.9217829328170195 -3.571108406187206 
-3.690186437629189 -1.478787240427741 -5.784740908573357 1.1616610158475047 1.377985207729238 -3.36602071958579 -6.798316734968637 -5.800800850257781 -5.0349637812522525 -6.716154728194091 -2.5124656793809073 
-3.0685445176839385 -3.6024547891968983 5.441370150600086 14.660675110369834 16.96027067091147 11.046580637371004 3.763730017035336 3.8568475304216703 -0.7565214638688671 -6.447531604427536 -2.5651479518397022 
1.2561217085302054 0.43196729454774596 6.217482729504065 21.05892280631494 25.749270975720542 16.348596201848483 0.5926121840191262 3.348439853813823 -8.171463658690787 -5.541496367820372 -2.934981890617476 
-3.1728121665174944 -3.1505693333776468 -0.5730807711758142 8.24586580223417 12.480642815912859 9.403360576414963 -3.062750490455224 -1.0014331163745431 -0.6178481612983222 -2.041019633020748 -8.411628317218348 
-5.147564140677492 -6.888882620325272 -6.095135561347508 -2.908156666604935 8.037053674303468 9.150815138602617 -0.8790892772139376 -9.980566486490666 -2.6214728378972145 -2.3190137505583466 -3.352322518796195 
