-493.91694959001313 -493.2076483956789 -497.5219688457909 -496.7344005037077 -321.9382850803617 -160.07911284447064 -104.22451772016191 -116.46687542521327 -185.9264948672847 -314.9314771200876 -435.01237400669714 
62.50391984316988 63.54903062042601 61.31862415328014 56.10333679252648 -25.671992903023657 -101.92915314957106 -134.53569425337332 -135.73416047520368 -107.29014947061296 -34.3588798608843 25.01514426742049 
13.064864842649989 12.891138742996919 18.331791475961026 21.289646660196915 -3.4005452450831575 -30.91235875528365 -52.52950755188524 -52.48998475172305 -32.750685720278156 -7.123491698204085 38.61379934584025 
2.9708358346584456 0.7506689283860486 2.4736879703809795 0.9686462122486981 2.2786472846246566 14.749265435207455 23.618875561757292 35.06986282840323 43.55895340667896 43.887628675084315 15.077671438445606 
-0.33124281963357255 1.1058702733905195 -0.6986478460008384 -2.760913401131885 16.138831211919786 8.797880929390727 9.647997520192748 9.32906353835813 3.831695054931245 0.6061415997615026 -9.76107424476762 
-3.2517048769818366 -1.8322739916125408 -3.479414949901494 -10.924893667083577 -9.830846445007644 -14.162830854930245 -15.521608804452544 -11.135333095044164 -14.610083339485964 -19.762690955472976 -2.8501069517465774 
-13.233287955923691 -7.258542713859471 -4.966320917522084 -8.106461578037543 -17.761460110152246 -25.160685037126264 -22.230807627142205 -16.21030925405866 -22.091577789419997 -31.275472243483733 -30.94616060744876 
-10.264549649917136 -8.89506897348393 -5.312443097587035 -8.609331107028535 1.1770634781360663 10.827283288836945 17.2208407821906 21.775981080656603 14.321597065159203 11.423831979703762 7.961377661113692 
-8.955382577961613 -10.767681422936263 -10.18040544646783 -4.533673014385756 -13.347394405050089 -10.171043752593368 -8.251433279609634 -4.125186431407401 -6.698076526245037 -4.888158644506841 -16.63831210898232 
-4.334679875234279 -2.2813360778185183 -6.890124613369072 -8.057918799159005 -3.707159437282898 -6.7549230221402965 -10.113544325481612 -10.680210235400377 -17.47230013619178 -20.969758589716466 -2.3864818227107154 
1.5365645858233579 -1.3668547064500265 -2.3789202410558925 -4.217299684486541 -4.2289731710231075 -2.2682433380571823 2.682613812615175 8.305757399724866 6.2319907105457215 4.36248829398656 -2.346219037355459 
-4.454093906680098 -4.563220772485115 -2.0311697672628823 -1.760242780700035 2.7820049242147524 0.9396541771848934 1.5471898262175952 1.4415974368942592 -5.11604560481277 -5.3938334135207135 -4.0164070135766075 
-9.449065130960204 -6.502264089814478 -3.548397043385288 -4.380921543346746 -0.8329192428086891 -3.3343905051516467 -1.0789951804646296 2.0027276470939865 0.4164748117872157 -2.4720406322592257 -4.053493592253435 
-9.174424659644462 -4.843846335968223 0.3603244740435064 -1.890278694031012 -7.1214203070582816 -14.184848995471285 -13.123305258583047 -13.487498581669758 -13.642215386561457 -21.601418151022138 -23.63520684660859 
0.28648800627849696 -3.3644699494610757 -3.833061575764533 -1.9665373046216421 1.203328349746225 3.6522406975592063 2.873601024127487 2.3500306362736936 12.113420884032516 12.93053460550436 4.947405138693931 
-0.5158574146556039 0.09331713057441815 -3.363756236119181 -1.739592463431091 -5.85074350637618 -2.4967454640302327 -7.686968775566557 -12.924130585392621 -3.900650669852056 2.2312959129917074 -0.36681077822054053 
-9.081097282394204 -5.878662739495338 -3.5115370232926244 -5.674944211604884 3.3239589384686563 11.274122196213112 10.410056710927805 -1.069652990659622 -3.2137332374229266 0.12992108523933593 -0.6138272764365771 
1.6093254497653775 -0.13796066951565333 -4.015851732890636 -7.140540649254746 10.206975395614696 22.25894883864628 30.465336798994812 19.291624861777915 5.476716720772703 8.941990737641547 10.869590940455076 
2.9170660952316734 0.04769546702423755 -5.364777788642524 -8.96704509439408 -7.939366650882112 -1.8967547400787548 9.177630232943518 7.448469786029639 -11.563916388752627 -10.156688102032895 -13.240824910681749 
-0.6297127973401875 -4.327363872809867 -5.237733958222984 -1.4187564367935308 -4.071886986148279 -3.5799939940382974 7.950822268931292 19.352209381218103 6.555709650778789 0.5572864897435148 0.3832355961036569 
