-309.18421491153214 -306.6751270083418 -307.1863923245261 -305.6060608058192 -274.7729311548522 -176.7751297394891 -106.40401574081861 -106.81033956743516 -124.11003024721613 -191.29384273485832 -267.065449728976 
87.89555206750742 90.07130118070798 91.1280418853959 88.8624791890802 59.14381935217012 40.56697989091067 34.97444854100196 35.94457839544203 53.26268517731208 61.83783386006047 42.29120793669745 
-10.725195984579187 -17.275461974016356 -22.374201835959706 -21.156911679726417 -3.0000891282600604 -3.188163601311997 -25.5167214023099 -40.03127268931256 -37.35671990030133 -31.31328709270055 -6.108624425723599 
9.554070519786865 0.8425969463906269 -5.655335322415262 -3.65897616787528 -18.462773859784363 -18.448573681985927 -13.44196034778173 -3.608868454680593 4.714894729456731 3.346724966883194 -8.577036397700429 
-7.031681552849368 -11.527828369007976 -14.739668929773492 -15.138977539247989 0.4419854071096945 10.0380529586695 6.230528327496726 -3.765899066082454 -18.72040184073084 -10.499466788933589 -6.195039575882859 
6.374529675039419 5.074280803754547 -1.8929832703512788 -4.0394992337971845 -5.8508880034945445 -10.877214348586149 -21.231318801792952 -24.120049820053993 -24.694019866864238 -14.619784694656474 0.5983224601746548 
0.6095807711098448 2.158463430044913 -3.360871963637849 -2.4490495378821056 -3.369370214819741 -32.85268393111822 -47.56754056084439 -46.11358055000295 -45.61718176439349 -41.38956299548346 -11.798857114541235 
8.41977118145244 9.959391603484567 9.670858557814672 6.549597859431312 -5.089712540095245 0.49042810135195336 12.506053748041907 22.317010951620134 16.624169905635696 15.440120963030584 8.432736025390115 
-11.294919242137675 -7.0425383578706 -1.590990680599885 -4.781428234170042 -1.1714405652399953 -10.77114948377838 -17.821715412304403 -20.33146186162312 -18.906214212027592 -8.885827211775421 -16.724714480713885 
0.32889327845500116 0.6123247711367131 2.156633892583624 0.1841222514604795 -1.8272278387569094 1.8798786424713543 -0.4355660739117072 -0.23542099788478396 -6.571784471624488 -9.69052983054087 -2.2964356090677738 
6.868670186356645 2.854376040490606 0.5361965930755186 -0.8608561867360061 2.4658612625493666 -15.008704036532787 -17.361576722631867 -10.150470936715703 -2.8877959646179545 -2.066753946369958 1.207801162058576 
3.7954503663778745 0.2396165112049241 -2.865491868844897 -4.795860285431997 -15.000548758216 -11.687107223620782 -6.038846433175344 -7.864051533950115 -18.179585388693297 -13.629353945236257 -3.2167410699060675 
-4.165039789256583 -5.791795768035984 -6.798308175892508 -6.030454273916218 -0.3656269070648075 1.2026560902834171 0.39543976369508815 -3.8292505065750913 -0.9151419200333963 4.912748306909096 0.2163561765069324 
-5.937921859663392 -8.086558302521665 -6.418133142368831 -4.929412468220219 -11.108521006700746 -11.046223724609089 -10.32037999538353 -11.403834537551784 -10.592646136110634 -10.904039426140407 -4.530136466934771 
-6.209002378141468 -10.131173060202244 -12.642958230064512 -11.117057057869964 -4.068988224943304 -2.7488741060294397 -2.1115837630450276 -2.179735722597987 0.9376792017263156 -1.5842970486878443 2.7414955093086357 
4.86418025519119 -0.7584195699359042 -6.0431285179121605 -3.2844723914265783 -5.767918739856546 -9.803063968421764 -9.11147504548152 -14.797511613878434 -11.652404860873215 -2.9351831786152713 2.2136050673061245 
-2.20189408769656 -2.960057766785491 -5.986318125694384 -5.388721301447635 -2.8907671330791187 -6.492237947309569 -9.481519557731648 -17.613323362154098 -23.382552487919938 -19.459957054486424 0.8566755612657246 
-5.516007232521435 -5.412668662761999 -5.773143648804821 -8.076448533268145 -7.341488678781157 -9.282540353793898 -11.29757375456413 -10.863662290974876 -5.058486958981648 -2.015538813100056 -0.43741230113374274 
-2.8910135137500914 -5.746859140259261 -6.3944437069418925 -6.485476673552347 -1.3278791114914479 11.29298858647219 3.5006764420126015 -6.709538187608542 -3.9897690309022296 1.7168025551043566 -1.9766406605163653 
-2.043768140059275 -2.585883441908873 -4.0467612568635065 -0.7626919412647357 -2.805447057071176 0.6217152392945813 -4.649793038609028 -8.766912257469295 1.0289720114908703 4.101484397663558 -9.555662720106366 
