-429.98967448899776 -420.3518493834782 -389.8090701414862 -212.4543277030516 -94.09229024421144 -25.321938079721846 -9.302066709389612 -69.51999149286075 -218.74115020246953 -351.6043841313419 -424.6415334760467 
69.88832588688209 76.59979260631168 49.194534482714516 9.834343962093474 11.27831581192358 -19.790181692426223 -28.95901736295064 -24.99395982738938 8.893618455426292 46.76799323468529 69.11412345185548 
17.885348673218836 17.291659302579234 34.11492193678299 18.72379392493216 -2.1831076344442986 -24.749471360682428 -40.46877033712842 -32.90314795640827 -0.6532218193548658 12.038005210576149 22.170467572156838 
19.862275401077454 25.208970676588898 10.5408662663991 -13.764241653404152 -10.728297064154464 -11.9220436329577 -10.81325378741372 5.5206811988305535 33.85398254301387 28.588201367261913 28.144183203530936 
10.127253023632147 14.869212770378914 23.164196572293896 18.22976316771249 29.180001846443474 28.667451980169936 19.22769298357116 14.557705749456618 17.684857466252886 23.168606815539725 16.11639899509734 
5.697908223881291 8.795284423898117 11.305790117376052 19.360239890415777 -4.457918739339669 -15.398501049183146 -13.658333590037518 -4.454111966945089 1.5104620556773256 3.7166425185770144 5.16233573378636 
4.847525093621829 7.79328753746854 12.112696647626237 18.069553444692552 -15.38266305580065 -28.553676061603262 -24.29826504663589 -13.538223580819029 -5.409277625169141 3.743988440491017 4.09039730609004 
20.215819370858377 19.032332231498124 13.7907760935771 4.4326430564205745 6.248327016750755 10.158957904553771 12.23331764615067 14.45191116745994 16.359649500247713 13.716220392293689 18.527424407103886 
14.872620305147853 11.604656059669647 5.921189932146015 -2.720356749239924 -16.633837454419485 -21.4497701169952 -21.380272029109925 -17.927459679953472 -11.285001640104834 16.13409017187201 10.891853587594095 
12.95188227995902 9.573610650282784 7.545735747048685 4.395392422364064 -8.401907108977127 -10.47432153748893 -11.65536344972461 -10.333066812057542 -4.661533037729537 0.476569743958088 10.525332912817248 
3.4935141212514167 4.051196630783998 7.7255385445521 0.6016977027644851 -7.442345941483245 -8.916105974838612 -6.316753504557713 0.8942503037212874 8.92365863333143 11.703904347196353 3.2033256303549718 
1.5487489402764831 3.7107868124039625 2.7817073339084724 -7.342618291229448 -2.6601948681387286 -9.975731288885399 -19.511553381512705 -23.944400602314495 -17.1964446746423 0.6826524538782239 2.7520054265608476 
-3.9872362322558508 -3.585040032085475 -2.7399062812793455 -1.0470312335621152 10.13926713019487 10.526889794204827 3.0341402492292637 -3.069655740758003 2.738329265847903 -3.2490493788903336 3.2252634973184633 
1.197549483022285 3.906958851848681 3.985143108626618 8.108738349751059 20.70185243117039 22.906557777053287 12.766382733228415 -1.3884790981931925 4.136859260083603 8.135346344663798 4.203645164044479 
2.2585036007078987 4.814737340931747 4.5475111301033735 11.583116084549761 30.00813057712854 39.379974129264184 31.145206095101166 6.683341795301721 -2.3592538660642606 16.43307754364053 2.166782399088317 
8.23440570841734 6.582773892615716 9.840404351340023 15.796997964032276 11.332232196078412 15.704687961137774 27.74678020008203 21.361046153696797 -1.9451447891369964 -2.5136795319300393 3.056296787090548 
-2.7231009993901814 0.9846343377583553 -2.252960782568059 -0.4470925878854034 -0.3924638167446878 5.341239528517991 28.401697958027512 35.207888463430116 5.732030745666212 -2.0868616961864697 1.2101769162615286 
-0.10191927782772447 3.8913621473800912 7.883367194829358 3.749246781632571 -1.0875991293048606 -5.978248017388822 11.412541553971462 32.96670866910425 20.27957467322966 8.846138868086403 4.704690388855232 
4.535468509849566 2.4210890432710226 0.007617353272272337 -3.3426896081448128 0.22200172127120732 -6.398448168939703 -1.142524049173821 11.934592527052637 12.081443277408042 -5.995511612533758 1.1245480684496012 
1.7305212730445576 -6.672192697468199 -1.5238953961462174 3.597165614821609 10.872316826903711 12.334728851671604 9.205406492494276 12.272229965268046 18.366202696504338 -7.71040418552059 -3.173073513598636 
