-438.2046787814794 -445.1409668073604 -447.1750287746277 -377.4194356904304 -152.24377720041977 -34.12173602847055 6.671874040774657 -33.4889282778291 -118.39554436716001 -105.22899163021197 -155.13312600130342 
90.99310815260232 85.7609322878149 70.1084246178838 27.47074827383475 -2.9280495513724634 -11.143673063997667 -11.02467181448146 1.3885122601953634 16.94179939292236 -6.901997905608376 -4.33663934539901 
-27.630816314749712 -22.94625229396207 -18.618807335417966 8.758093542366218 -8.493370310251697 -18.885376140962116 -32.962216001296326 -39.393696142156486 -26.812963112130994 -16.966509623855558 -17.806138191022605 
-17.4081587200343 -16.026396056308947 -5.4249325954064425 -12.052605221518835 -18.070312307933357 -15.757644139477442 -14.286267126040403 -9.267712496637392 -3.2306877315431732 -3.5092892471956487 -2.7482008455039955 
-18.70547358119653 -22.939347745484447 -23.119321714017385 -9.661211388101673 8.605329366767867 9.480183210507654 0.07565148021905799 -1.1156748704891588 -2.9043340173655583 3.063020378657404 5.966390824916696 
-21.23314760523302 -25.851670376508125 -28.76037858105657 -27.17989645555337 -18.771188371258113 -16.094068676293872 -20.641648164770714 -24.69836098248859 -21.052740045384787 8.550319470750138 10.51718381742667 
-16.770375754244675 -21.72682361663709 -14.424407302297055 -3.28527973131326 -17.340100182584536 -27.13628292264299 -29.7557996844998 -31.716065290603126 -25.01358474052419 -8.440350393632201 -5.979187548334206 
-9.211607694641858 -7.133937601591988 -0.8713441626520109 -1.5696534517172727 -13.911014210706279 4.3317462126246635 16.2899213269578 17.19319165556428 10.908671497482999 11.982527923042287 13.812821584080655 
-5.014793975050255 -9.411530170640901 -4.482128718927626 -8.809540238926257 -13.072770376240047 -8.626616788928686 -5.688508601472375 -6.975929696877669 -9.572896381824437 -1.7075477411942852 -2.077664958176798 
-3.6136181491135035 -5.303867667166365 -6.656016955506633 -2.252400033330468 -8.356578611277348 -7.233836522658969 -6.471681303746509 -5.7852018768869815 -2.5328803807183484 10.085481087017449 8.684698256095507 
-2.09929326914567 2.7160682853110263 4.593818271480435 4.851487340095617 -12.571416808222875 -17.963020078591704 -12.388679882806521 -5.518077911948325 2.9621084967786464 11.089058947997088 11.42727836572477 
0.8785043500663641 5.954670807354038 7.89598534156721 -2.155113417209643 -4.359275362342669 -8.011830250537756 -14.04324655437678 -21.50671159586082 -11.578750857644591 -2.14070112499375 -0.579696489327241 
6.363654968324466 4.769202366434847 0.949485958249384 -2.9807377335237444 8.185530467135726 17.348155127987326 11.272813995364821 1.9872338271256749 -6.11435983179218 -4.037388800552964 -1.0136413023372222 
-0.7982284621367856 -0.8905026733021592 -4.271360324377985 11.164663907186824 20.67366668456323 18.147754525735266 5.091450812393258 -8.47069913481143 -2.9274426931435586 -1.0324776691568442 0.4039612921659286 
-4.3084769659338455 -1.2782519015842462 -0.1923792686680431 10.590348601269001 22.673794226691015 34.570098415083436 31.182776118220083 16.855688012673518 4.274632374089997 -3.6782789034993053 -2.775531333947874 
3.461916105047173 3.418753438654168 4.3013329746337075 -2.297008765614588 -1.199798855712587 9.34103981072411 19.370979676951226 21.27345130845582 16.766296115855653 -1.6577912365951253 -4.4555056155859445 
-1.3714814822916876 -1.9870290407546916 -1.954748186187738 -7.483528002850254 -15.186572508715305 -4.17970221592786 14.519168254736321 23.30737152916673 17.89484390211293 1.105249294252899 -3.5757235290303653 
-2.0936148472578386 -3.6149744586861963 -0.5018367841560059 -8.845307328428857 -13.960069405815116 -18.298198147027605 -1.1342002458672873 12.342336464637462 12.60277837796502 6.549196771408411 0.8672528042966998 
-3.8443549510601276 -4.338020733873554 -2.441201655752488 -0.896822585173683 6.310103562356877 -7.695008537855733 -7.5727164272410565 1.57276296338237 11.741111877167453 4.273885321145791 0.6189515797633824 
2.981710723932391 -0.3532109836388624 -2.89745337300873 -0.31337797051764427 6.5965483329717545 9.2841543718917 5.751734800253425 5.950100480555088 4.275386757276522 -2.3217497284870454 -0.8764987639804097 
