-310.63151306757106 -304.20152766692985 -300.9705705454552 -255.2519070085253 -144.37803750407872 -116.67933168058102 -182.46155126900211 -255.4039697866758 -259.59973352361243 -296.1303171273071 0.0 
34.43832563316191 41.79926154890565 42.362150662720765 29.964881894107652 1.4209770787005016 -2.9494770229510032 5.84535203318181 26.889933676415584 29.82356024553178 39.9282157728976 0.0 
8.218993269635419 9.995242656610515 10.00678065036443 -4.798027636141755 -39.149314393931036 -48.75066272853968 -42.476126246935024 -8.609489556678799 -2.2558203762947655 9.664572899009366 0.0 
14.57042651125717 16.61532328788608 14.327202025225056 11.377084720703806 10.26557798227592 10.551074759989541 16.76573510657519 13.776773700473708 13.203665877486753 14.954130720206985 0.0 
7.274514330274421 6.859976460897533 10.357030415324953 27.64668116514025 27.317386900239153 24.38680236725633 26.663585291641823 23.86593151254914 25.318668228025306 18.667965249673586 0.0 
7.582239166281994 7.470750078011342 5.772634420075603 -2.9125378029198092 -25.232381128212182 -25.262102043203633 -20.232020010574555 -6.137646278289786 -3.8565502791665804 12.776762254841874 0.0 
0.19479001681881103 2.5695498368173046 2.4250093650950584 -2.3070957899655227 -8.012885723817543 -3.4297010418311817 2.1563985960590206 1.9095301662910258 7.022390908326981 13.379647457341061 0.0 
-0.9083926265939906 2.2938109138562397 3.3362941232730114 2.403521083705045 11.47982877809803 16.494372682201423 18.775566851243667 12.882626979341884 10.135778974389352 13.11318830765229 0.0 
-3.1169993860843714 3.7073892683520393 5.641045538039119 4.666926291374611 -4.316333468160402 -1.2232681700937196 2.778389097482037 11.555736698740667 11.448290666303995 6.997358009821395 0.0 
0.6394411277891558 4.890655737860637 6.9814239650251775 4.23154923470862 0.08307789054231023 -1.9549961579729582 -3.115076066210154 -1.1516857599940336 0.9417115789651633 3.199761275727959 0.0 
2.145999268530871 3.823688874616903 6.654639959917716 6.855732889791577 8.243699361951895 8.780808541090765 12.557944378794222 2.0508471757346824 -0.6182795799762557 5.497246388261927 0.0 
-7.472628966878927 -3.4964205038843597 4.939302066970884 7.55800109092141 6.370999262475207 5.029015060241476 5.774342241227609 -0.21565153878631468 -4.172962522017153 -1.0914433492951772 0.0 
-2.305671322258849 -0.36573421640127923 -0.45945569442165124 -0.4670059275039271 0.5486620691827361 0.39974298660793545 1.2623010360899023 4.249551679088169 3.484887291272246 0.04712076235970958 0.0 
5.431357744703955 3.0675848911665007 -3.2600183789289368 1.0745880816039666 -0.5961061251497988 -0.4391181306367488 2.631119339855919 2.644965513750841 2.578000813467948 0.6425178020224063 0.0 
11.095610328542204 8.742627636104631 2.068162976932108 8.004595654469414 6.116974494753544 4.267645827007407 6.3900063707438335 12.767553762300814 10.08946115815229 1.7836173092338403 0.0 
1.9231687653378042 4.090204987922723 1.984398153339256 3.13184653122432 5.743767900079069 0.880507813144821 -3.8469533517732537 3.11006254900456 3.0414815863988585 1.4575314364052838 0.0 
-4.188909476717521 -0.11885158991268951 2.5522895346350474 9.245897543050777 10.245251995685152 1.77351694071063 -11.294288518314543 4.781600125432382 6.153580680205611 -0.6153471464985688 0.0 
-1.7962779176314667 0.47313873745576096 1.7032837919715897 9.306349906980982 29.509914650210035 30.39269980610861 18.936061693002536 2.293981314662585 0.9260406150223803 0.23294692832701175 0.0 
-0.28007488092775384 2.399665518112264 1.9160615859616486 4.2260825731948035 13.515085313323128 17.817817710816264 9.556269801977185 -1.0103169782121955 0.23309073710645078 1.9294853881563012 0.0 
5.959626048396296 5.177440925775626 0.04065730644759957 -4.956608807822241 -1.3847370435492439 7.942219423856356 8.008148657188952 0.482111894940312 1.2527685235989137 1.826281041036189 0.0 
