-291.04702739705 -211.1355657072756 -184.1769181659935 -205.28683652315635 -244.74333985855395 -341.05562970042905 -555.1440857250838 -636.33558096343 -705.1087842794122 -746.2154943310142 -739.6139957612008 
-38.46477604195329 -52.67333889573595 -60.38575594314734 -64.312447292021 -59.43241845251619 -41.934859869158586 53.39297366187786 94.60579962260897 67.27135554550087 31.395028324776167 44.167916942168716 
-65.59882397715533 -50.21375615651686 -34.091363560743645 -28.211975542298305 -39.6108437240837 -56.601272977355706 -37.46303570718251 -21.388353445034113 -1.0542481116857676 -2.2996857344146546 12.363770641557078 
-36.32420751097233 -20.732631525973655 -14.2306530332415 -8.94879530116457 -1.1715598346114064 -9.399976847993305 -53.07533875888576 -42.28921241184523 -15.625413674284246 11.142649126224603 15.700437758775305 
34.91372831042422 21.8843420498343 5.8109200421851055 3.2176755160977484 17.003313696899646 13.960767965548722 -34.98067672435029 -51.64300259083296 -32.856298863891354 -0.8877396475321416 3.872934128367943 
-51.051959133930325 -53.12889297881423 -47.35183989484672 -45.27474765627583 -56.55443598399019 -62.50448298386863 -55.545316428295564 -36.858643656568766 -17.86139378024221 -6.724096447732119 -7.002623808318804 
-10.02417812845558 -10.0811345126438 -2.9465704575255587 1.9495596993935624 3.960361762302167 7.056643763170893 -8.497211798380135 -0.6346698507196766 1.2998845612718182 -13.581364921718293 -24.209154784717114 
22.522692759572152 13.847743676240217 3.3020637703627997 0.8881233917138948 11.758539490994284 24.861380646331213 33.10290427663773 24.60170357366613 8.384501457161264 -0.40798971331240125 -3.9704343029340743 
23.0141544843202 9.18198426354125 -6.772933911757866 -16.241467342310926 -17.348050416268613 -13.661408747483366 2.725905769640362 8.159799909090406 8.01883443587582 8.943260406277894 9.296093259347586 
17.200805609457433 23.91919723265302 21.986779333392434 11.589140996337072 7.952951217157787 7.617454882738004 -3.7582824542547195 0.8727994270779006 -5.463140396818921 -14.901744458745043 -6.532947875113465 
1.9896872551310718 1.1159565291069045 4.438081927234673 9.226512616320623 23.9118415165054 19.971031772810782 -6.2631150919241305 -16.951564823365583 -22.748180694852607 -31.53258108359163 -25.499727738491238 
-17.77865409315578 -18.083938175414364 -9.579349279753334 1.073224102354515 18.56856916398173 17.72105198300957 4.155653576588373 11.184586294300548 11.79050200366035 1.6323769743298293 -0.2140312877928554 
-18.42082003385161 -19.386072946055528 -19.607690561926177 -9.963262512767976 -11.6462345748293 -12.129929825203341 -2.6931904645310922 13.342392298979721 15.290140019351455 4.7952763463137185 0.5771720751798406 
5.225532917578318 -4.112311282342571 -13.105639524536194 -20.675185668579317 -22.168405591961324 -14.766020048851832 -11.832858190894818 -13.810839424510165 -18.872181711359374 -20.998106747842556 -25.119122270191387 
7.791558231619755 6.9820378799002345 6.8926160160814405 -3.5676329060902767 -6.138298242634763 -3.8683212086630228 -3.7659252715457514 -12.783653564858692 -16.261447992285575 -7.980021373041828 -15.86593715101865 
4.26225467618857 -2.316135116220798 -0.4936415375993304 4.817190205976647 6.242395790662137 8.023491397106028 -1.4653065236293257 2.930775583956026 3.4414574681984798 4.915599310942461 2.304475301215672 
-5.468406893603382 -12.804426476426856 -20.540716476429075 -8.813623116646848 -1.0568240992444493 -1.4184482401827305 -8.483605255615535 -3.529625540335455 -0.9641170182933144 4.844893749931574 20.19881642742572 
23.07038742399159 15.155844520806836 0.4529962257140918 -16.363025173795066 -11.565135215258758 -11.336564081420953 -7.16586618956266 -1.9108605281707838 4.149674315267999 4.607531253728638 9.319842746401921 
8.618100156679208 21.295423140103274 29.179685994186187 16.818933804729202 8.637040576570506 5.972712928873095 7.147818628880177 7.706192271463529 10.01726671097671 7.859238375556915 9.309336775970595 
-13.992821179965839 -1.9581480522990895 9.145041293889363 23.98843362301934 24.29552884221961 19.011628212005093 20.922446587108627 15.30017321643113 18.092165854264817 17.17782112464431 14.252907396522069 
