-209.2443204265812 -126.86508906300578 -65.44932564208737 -81.14216220954772 -162.95963366079184 -259.61877263108767 -345.27861367795134 -400.5666235104397 -402.7565427486666 -400.4299792115394 -400.87364272540793 
-6.8808588154883585 -36.50529574157876 -40.20982756823217 -31.82660480228243 -2.079267157089 45.05575509810587 54.102447985588014 70.76053962079503 70.02819950332119 70.13958214894555 67.04186460797263 
-12.342594784210526 -32.540576304820945 -49.442934136964915 -46.77456704925174 -35.5253177799282 -10.278621523680034 7.026196859759375 10.601246286919665 12.749528620765087 18.65527484784874 15.04148373400068 
14.838546076096229 29.45426246443536 16.81584040643613 13.148416786430888 27.3630228650324 14.150727426372674 13.016122954027715 16.030904917818926 18.028888774691172 18.582736532331655 20.251681067614257 
-3.668962454077398 -10.856315438326977 -20.053406123660427 -26.114269532932518 -13.38241704998931 -4.690420125256043 -8.07144768289569 -1.0701851637719924 0.2080018957589851 -1.0596899618974318 -3.6741045611979812 
-15.321351260656826 -18.77148402675216 -18.18147416750232 -18.087767784656315 -10.370839301945312 10.201881224029698 15.829409507880568 10.218473497526396 10.61880115254324 5.863065619694886 0.21438548797578738 
2.0774992773386334 -2.3734651453853273 0.01006241953647602 2.85267743378896 7.149975066145126 -5.599853963248493 -0.9683225909860583 7.873878758552285 7.471749060466217 0.941265574204353 1.0274101712980004 
-16.51069608371548 -16.11083245944355 -17.249891557158985 -17.685432547881888 -9.005594064536137 0.22192656186509185 -1.7663557025156316 2.493028426667478 7.830692352895908 1.5009848076559307 -0.08765421804204276 
9.195903491278619 6.3185803101497875 1.8310263418256265 1.1569195505108905 11.476499539267094 14.814579862217023 6.654420931029685 2.4718558067791054 3.3571573036568396 4.790596118866474 8.070805880713358 
9.181728558290503 18.80492516808791 7.737312991269183 -3.7841470166324593 -0.8432234989476896 -3.326014619715498 -3.6521092396047456 -0.9637481348008894 -2.5298006645102733 0.40137696581667653 3.9754272253423446 
27.101969940345462 38.17439217863725 26.741355638664693 6.635992974377789 -5.117612556914173 5.863929837323812 9.168674659928284 3.0253902664390178 -0.33192498805594184 1.6817828346474197 5.782395873212756 
13.08836842567009 18.547487816364693 23.34818398192147 12.147624929122944 -3.2861583836312267 -0.6246891209590781 4.3346581915615285 -0.12588451471257867 3.721659204864464 2.804230695850455 4.831461379280363 
-12.076682051486006 -11.715367532582983 11.7555642022046 15.972515869971826 4.326764095443548 3.0353756564719414 -0.24387563549589242 0.6243881501466007 2.5646856347146003 2.8701150524655485 8.935948207684435 
-24.734980116643488 -32.671017384510826 -8.078602013041337 9.036320929425457 9.395711582030042 -8.29689482426366 -9.34008209743254 -3.4930897930363085 -3.4957383731651372 -1.00547019388109 1.6746782343828688 
-7.916160159829407 -5.610316603587529 0.41608051733468815 13.5749133397477 19.231819129489317 2.691537028378625 2.9982596311696654 -2.965440947154402 -3.4329583751439103 -3.4162162754158625 -3.313122311497846 
-2.083777844010902 -1.1721825938244799 -7.663512551961942 -3.1510397630539573 6.99950520572227 2.724605668067923 4.902570371542878 3.990969353067948 2.2444027685358954 1.3311055649112042 2.7784945566092336 
-10.204459760533585 -11.418091812534339 -12.608644415258377 -8.521163141571664 4.33767216746755 6.310489746557773 2.821432380072526 -0.015610469041450248 -1.5207068495551228 -1.654809783206042 0.480358609499164 
-3.5264265984024035 -11.42333515894149 -12.139445771898297 -10.221917482736208 1.0668240733662082 12.404685785225531 8.534092938441068 10.982073082003136 10.005726516641857 7.373064306559779 10.854158312631423 
9.152103229368965 9.98392005790204 -0.8168853345020283 -9.982767695014381 -6.712573257225243 -5.432212345963874 -5.0534329147130626 1.9474148569185572 0.2552847291543058 4.280652327259329 6.114016956339912 
12.483929681611109 17.469541740293245 7.844513390335855 -4.999757508972854 -4.2299059817748565 2.184672874865842 1.9605563568707753 -3.1111895483710144 -5.758134114262377 -7.562747251574697 -0.8140021801238253 
