-581.6082032733816 -460.6802486627996 -216.31202556594965 -52.70757027170243 1.3718836713581162 -42.09542545947222 -119.73454391154908 -86.8201647675602 -122.40338272536266 -208.80292938049243 -138.56544522348185 
37.79602815503587 -37.014021573302784 -23.292046609418463 -24.264770956364416 -35.207951095727516 -45.6483105809277 -9.78081045202063 18.218238195837664 12.26471051689239 -36.229794165081984 -44.43682590620057 
-37.77062791440579 9.62019691187809 0.6051323914736073 -32.46003188093257 -39.067978977648366 -42.101574121374384 -29.0472852826475 -24.38611802642008 -24.891060771895617 -7.245656557111191 10.200776099376188 
-24.603302428439566 -14.889253477243937 14.256134815223106 20.826971765005762 18.573552496011526 16.474821522407833 23.16225359891132 16.72722949483822 13.12582573239845 14.5816651224694 18.058149795515195 
-15.243741038683531 -12.066055917424059 3.77324628777333 4.014630233470269 -1.4366349428378353 -8.659332115624192 -6.301933996769296 -9.279347482629563 -9.959523661500684 -6.275769756557178 -4.092353406872112 
-18.675727726109805 -12.925605829700421 -27.55649949090286 -40.43927297889648 -38.7714994468207 -34.19814900499439 -6.771540328313277 -0.1047794862631602 -2.4348379714812243 -5.975273483313646 -5.772732851629789 
-2.5466444169976086 13.862136776845698 -3.7555879521142117 -19.393775095549778 -15.960347214469683 -8.582911382011648 3.794322652935528 -5.95633266480633 -7.00915409612759 10.994710765060422 12.704300672050932 
5.36148265137475 -1.714871498448498 3.489771303373176 14.861113819094248 17.221531547074616 14.348861648039911 12.029705762710536 9.690294829943392 9.807868894100606 -0.9723539495143281 -7.827275359722006 
-1.1258098121666944 16.16741254830928 5.904715645864178 -19.337535460415552 -26.6017023881907 -31.204923843610093 -21.649994365691597 -10.070754343004804 -9.506699115941696 -0.7133197143960474 7.714900387623444 
-4.832538776896615 -1.6541623462176773 -14.663070131872441 -7.40471386189055 -2.5302303526166305 1.4202581534505594 8.51195398051038 8.050858267972945 10.116133918052325 8.785959586411565 14.464631169040638 
-4.542388946406595 -3.4278173819755553 -4.0955498503851775 15.287055432654185 17.53016540759886 16.863532623439497 3.2411012953475176 -1.7947725836572321 -1.6945012506733583 0.13039858432570176 -1.0472993096844005 
-6.434926539908918 -6.797659778130599 -6.662165804517471 -6.426890631730384 -4.547753623175067 -0.544230809343975 7.573973275470657 9.990215595420413 12.429652970510432 6.8541083314992175 1.0839339497629688 
-0.858805016914758 4.96899969518514 -5.587444527845503 -10.903311109329623 -10.035394703572111 -6.211314834231208 3.7003287509967517 2.3514471039548246 0.3575507840099946 0.9302525297153947 -0.3582750966964554 
11.421888758204403 8.817368298590555 2.8763521397338057 -13.254709772743812 -11.606954462621587 -3.2861794187468165 3.5167773023249733 7.507546535048956 7.374901422582098 3.9067935889630623 8.739735969715971 
9.333286431777738 8.937639636067203 8.23404176866791 1.9231253807461397 1.268081991687642 4.467599012659269 -1.5304286234926034 0.5081856069749887 2.7647230919229036 9.475857490915054 17.188187070714648 
1.2522532709079435 4.949005321788783 2.223323841441128 -1.7682514977205999 -0.38050689066228244 -0.7640632071426348 -2.4921709384215087 -3.0510350059794216 -2.477231302580811 -2.9294249735911606 -0.07849814254134979 
-0.7990670078705897 -5.803406209225381 0.4875902791330998 6.4110512465484355 3.8929097806455326 -1.2135741499075288 3.5648882857236184 6.506261965609333 9.670482684118863 2.7696353069324333 -5.045268256062187 
-1.7974008276155522 0.154373182848334 4.963354370760253 12.554294807664544 10.848446007177602 5.258694833210598 7.244186838745842 4.98679148271898 3.165248289790912 2.2144368600649926 4.125348755339261 
2.5563183153445905 6.760726529311555 10.185869017804908 11.86366648175996 9.77819866733299 4.989766339723467 -7.006557539404088 0.7205589148242263 -2.0402006119893037 -7.360996746060149 7.2489043853768536 
3.5889791082868867 -6.053730880170496 2.6858947184438238 14.420474994519338 17.926794724734677 17.012276788502692 -5.813036821922186 -9.331134097584737 -7.21040461423568 -0.24017772903874685 -0.4945470459366696 
