-550.664717379724 -498.3522797779336 -496.24051815603156 -550.3983543070347 -374.6960502741852 -229.28896448846157 -163.43205505673788 -188.45189900821768 -333.59433451513513 -516.1145440785107 -550.7888396066004 
52.697238302428154 33.172273111805666 37.802382038155436 60.435083368862024 -16.929167429654306 -78.38312818503091 -92.18118780877444 -79.68663195030615 -46.75192576793108 38.503736675940544 71.31994063932717 
14.739147847503824 7.08207157644018 10.767938809538187 19.170620552327705 9.574380304271934 -2.9088602829700876 -19.458290079785847 -9.770110243398879 16.340224888210205 31.639328707543832 13.580634858613497 
24.342003410066624 21.52607774911712 18.39578721919771 17.403038263629238 -4.543931540816558 2.558126230981491 -3.4198666303311134 4.497256964000598 19.2629699721282 24.773606223204297 22.25756315826521 
5.406032533632974 1.619835622665844 0.3180042666214836 8.554005029444959 8.681564625730413 -7.534216455389871 -18.97661437863522 -15.928431440338617 -0.8730247594590357 3.8320324473902394 8.315051237270344 
14.884926121517429 9.597461493835716 6.902730246806293 12.614223507889214 -4.583304387560369 -5.584178823430019 -8.28639070420775 -3.636133237317347 8.799431954500726 20.213338291052448 29.166879895805916 
12.064355201332832 7.05260537125347 2.805205101368757 4.6557136672040365 37.35615497891648 40.261292833717945 21.611012898922944 10.236864663938764 13.376875717647412 17.49678137692829 9.015196070096554 
16.269131147905814 14.499737584475202 11.990173562670897 11.822573129309529 24.96553966944508 21.526614671131696 14.412680217127221 7.068522408660945 3.7376835482574196 11.193754969112828 10.572708353722085 
19.793074141747994 22.510877750416306 20.76506725016427 11.283179542754318 9.661319521930208 27.203411607091482 35.34603067966743 34.78296824764689 25.504876717257165 19.99980539796038 21.048156476724458 
7.426423957423132 10.317689732557387 13.164396347618355 12.080440015413737 -10.391641270313306 -15.130645313158654 9.160757822542728 25.084996821410385 27.43457738383868 16.323021390134457 19.251534190547723 
3.187503291842119 1.0701371441968572 4.000668858386955 7.759947268780746 -22.42479678425844 -37.030826491828535 -24.778035439688338 -9.292497341933167 3.2045250407739654 3.772368160502891 7.4369775286603375 
7.308109363800612 4.7184130578799035 5.870113178652437 10.659021281603344 11.573627112419086 16.362461108011892 12.344970817411927 15.25513073973453 30.41736835944392 16.38708453807729 -0.777458507268443 
12.057407880749134 12.210793336910402 7.631063762725022 2.953750946849716 15.968144919084637 19.37221035442419 9.270689243994799 1.270040435773082 1.449089444899242 -0.3418670016336806 1.7475843474278114 
13.376509481798733 15.94688912207041 10.246959266687917 6.451387406225695 2.2210906155357986 3.5414214793973073 9.09206490054996 12.579411201179022 8.09177470783837 13.410849159015633 20.91727769394968 
14.466318727507979 15.524817087782314 9.077035068007167 2.698602328711702 15.200356996305235 7.267787049863056 3.39857371908684 6.255580102100389 7.480856945120599 9.620057193798832 5.294618670366681 
6.84418433583339 4.954671026194447 -0.46884030653424946 -1.3728430228717354 17.694487135049307 16.481536909466385 10.492572491323113 11.551322074110033 14.014937830861925 12.58110721735154 6.976055265041833 
6.8159131882651725 4.8702756654754475 4.661527539120636 7.6589677526789295 -25.169038509754326 -14.252421062504865 -7.864812462588779 0.18946923891997813 1.0278181442650058 12.878869973638379 4.413126974440983 
11.10221542652268 9.765639395637333 8.727331758396534 10.30101363424269 -3.470719033952167 -7.457131524147115 -4.922098033130023 -1.8530208657049871 6.673130104913392 13.130359612959943 13.210980567011504 
3.4033310599736897 2.138609551490597 -1.295631308453974 4.950203059634941 22.203495856840508 17.468203779693372 12.810768941272276 3.4374400007157027 4.209634471712031 -0.05771448720689465 4.314607675960238 
5.680956178436503 7.353512251797969 6.885077098859122 9.23363482184821 2.5925742647661014 16.091487555073375 21.61863847450611 15.559496453702504 7.9650849609011 5.215456398633533 0.770126499697941 
