-786.0859603705086 -642.4609024433578 -451.8710198907837 -340.71085103917073 -297.55472039937547 -287.27381906542837 -331.2120540200568 -395.6943345519927 -509.2386273253994 -675.0297354173174 -721.348057720286 
21.853554530453454 -36.682143931205516 -45.20183345734321 -80.12452229722459 -100.3036514296238 -95.94021179400474 -52.04166660761821 7.649040267105755 8.64213944804176 28.319202822154303 35.826090921863 
3.8362656759862532 -16.893184990558243 -39.036643692544175 -39.9710732898217 -32.96943106045794 -36.81021119641888 -34.968181733742945 -52.487672403030984 -45.55939538000046 -9.59704969334993 -4.03359339846751 
-15.14346311855395 -32.131651382685526 -21.017277392619157 -22.30621898018057 -19.675628828784888 -14.351286372563987 -6.927401463005694 15.055211372432279 18.410965323645325 -18.647860804656418 -17.989316926282704 
-4.745416391233668 60.77794393925826 40.14168891044774 -8.327509907112201 -25.686486304649915 -16.456717090805945 3.434421764012082 -8.105217627736069 -11.93177746464788 -26.514471804747078 -20.434543006365587 
-17.015910639288435 -18.940387231968323 -34.92482153666513 -33.35712990812084 -33.21376243464971 -36.44180949304386 -23.434376150357235 0.21154985048467412 1.0641176561154901 -19.28007331495605 -14.838344995969567 
-5.425598238654051 -7.8021832832711455 20.040599039924693 16.541719775833737 0.7563641402344575 -6.153798595563342 -2.583791000889251 -4.942349074598104 -2.572689860284223 -9.713467547889703 -6.567376228762733 
8.249197664867898 -4.156061609669877 11.713458813061411 29.51510370733935 27.901627453165755 26.150140316440552 20.412342425740928 -0.011119086838954517 -4.567851452101854 1.891627355557786 4.4242316318710255 
-2.88529338681637 7.759321336966483 11.504917728920208 22.041751690904782 13.802480379838265 2.9505748999814054 2.1715808092398907 8.782873924140365 11.515490734128477 -6.523907863653294 0.36379458021908795 
-4.527521966703181 -4.605409817436479 4.8971177974535856 7.38093423138862 1.1583263566905737 -3.961045142330039 6.3171578533914605 6.57674507539272 3.147620585376078 -14.675525150710824 -10.856342440650973 
-17.411350097617365 -11.059760874942977 -19.333817980037587 -35.59479154913403 -37.50734605137229 -30.1796515508014 -14.134992392985417 -2.9938364528990293 -5.05872163734143 -14.733932213107153 -12.13892110845704 
-5.914234931414429 -2.7183022590239307 -13.224199469181595 -13.691184535482911 -8.043718338145084 1.2707131960074154 9.359033777379935 7.3373895343641236 2.198743187146209 -7.960966071722067 -7.990545438047549 
-11.366995024499445 -6.653052934241935 -7.110538032918001 -5.95089503275275 -8.55945912083823 -7.001279469680591 -5.0056367671127155 0.5083407801071873 -1.7278114086378071 -5.1949345897821555 -4.304454492028143 
12.341415251786682 4.262309724500039 -0.9620923974539262 1.7025544706704459 -1.4359134180795545 -6.105566960148032 -1.6225476856445606 -4.365433942693168 0.1865552179858243 2.2799506726000622 1.6251492557289828 
2.6085156050476757 12.721541927915112 20.74723321340541 20.0149894674509 14.498125826833522 7.946101931002447 10.459158416071569 7.083882476800244 6.8651483568499545 1.0937342791032303 2.7951636757797504 
13.916714492689952 1.182264671954622 8.710498848358142 -0.15738468682218631 -4.778705743321443 -4.433499339756804 -2.5070099023478267 -9.233976813687391 -7.285357430478792 -5.348426594268345 -4.747295024591461 
0.7916703575588993 2.8119475973186665 7.632131682897939 18.74250303659028 24.977119168892038 23.73798177770727 13.139302442815008 11.080533457627622 9.125398438097282 -8.686742331753958 -11.399213894232517 
5.236276355146376 -0.6587748232603844 2.217163583083933 11.221138503337745 10.423878390923539 8.855964476280377 3.0170118398116954 -3.4686138663525266 -3.2548116325511547 -5.89953211441032 -4.684653006804669 
-9.046240348516159 -2.2126090821068956 -6.837848152622514 -14.531887028460162 -27.74121319558679 -25.36143447565982 -10.655510255176145 -2.978962285652419 -3.7928092731067915 -4.9457626389706695 -3.753558948344016 
4.147580716743667 0.3832084251431712 -1.877926890964238 -4.942594671592534 -16.429847532700073 -21.308020805951678 -10.231981703576299 -1.4391207124122152 -0.33391290722146016 -2.2940639890347843 -1.2519445075098028 
