-196.48702007948265 -218.09674841534633 -304.02431688750806 -387.0822750220885 -408.1362953776507 -429.05673548421225 -435.4403438688798 -433.2525799441345 -435.90552562190635 -436.32707071187303 -434.7341058376748 
104.91413452107372 109.95994330295402 95.46978615795258 76.12418326164847 50.81014683473417 53.221339803497926 59.00017787168829 62.254329671949776 66.4856975985909 67.10602661335975 68.85174805247837 
-51.29863154904949 -58.30294506515608 -69.81806888868422 -28.85943820274479 -27.94481192782682 -25.265942420059098 -30.238634838238383 -32.6208220229288 -30.4887611058351 -26.46989749533806 -23.30717179547274 
-21.89795882767299 -23.84144478228721 -35.42541808823421 -20.95239567973264 -17.131979525281643 -12.306130823547932 -13.286226776346556 -14.790464466748222 -15.13264434255382 -14.83159510711053 -9.575847387219259 
6.1532337405959385 -0.8079986620292694 -35.2387280004528 -46.36435180669453 -45.631279412031546 -46.38529242602208 -44.54095023041226 -48.831853321926175 -45.721355828269814 -41.71450906890455 -39.97641001493977 
-26.127448523340064 -36.561365245868764 -54.840798963910686 -27.155064281414553 -11.21344708190573 -16.702098351614623 -24.561883128071997 -25.349711998013667 -23.69852343739843 -24.29140502603846 -25.892174471780045 
-12.187629541526402 -18.565394545443663 -41.91218263627228 -39.92998120712258 -27.68783599348082 -23.16757237502383 -19.82913718370329 -22.208256044553423 -21.4448844480044 -23.637446204403403 -18.82217415575937 
4.0766330686289445 -0.8085644110146901 -19.945200379189394 -15.036827040964974 -2.5447860831298574 -3.3641562863161854 -2.4991593909664513 -7.640354379992717 -8.561761678810246 -10.548824073475135 -9.934162017431564 
-12.440374626448095 -21.52439681183384 -37.75282356760701 -24.33033888812986 -16.012944699262558 -15.483689075781506 -8.135286397748434 -4.694554555996679 -5.350434323623564 -7.460486407235473 -5.281268579474137 
-4.918422109854202 -6.3707585455982745 -16.586047877951376 -9.45448611867969 1.8103493750734163 -1.5259325458198914 -2.321907916487467 -2.8935845022229127 0.003178198158995671 1.469646720857881 3.8705322847471875 
-16.868650194348376 -15.429588714235114 -19.686780267148947 -15.867207378493855 -7.37762330738005 -10.939415942091237 -17.942077671346382 -23.64838308809506 -19.21489805861653 -13.4685673273055 -12.720305229408773 
-21.808340839111747 -23.60823272359496 -29.27840187317097 -25.23620705999734 -30.478012798561323 -21.82732331679616 -17.88265187180694 -26.651850140030724 -21.549074270051705 -17.786204797207056 -16.207065144291334 
-7.021481744027011 -5.7704042433166265 -5.374924854311674 0.5248328368599899 -4.220389139067489 -0.9079088886286314 -6.605602931721844 -10.833814613016772 -8.706326648036281 -11.871287361253891 -7.051692189644417 
-5.091801223344319 -4.353290404652095 -3.980786738357448 -3.6070772947318113 -13.219798812637851 -6.967624325817465 -5.619397946058595 -6.805419225774859 -5.094185270510294 -6.548764073843051 -2.2192313452806505 
-10.146427287089667 -10.415775159947145 -6.991576958937305 5.5684518207947615 -2.1427499488202497 -7.055950397674888 -10.72422644656165 -8.839635543614852 -8.117108714016059 -8.36948219779125 -3.6927483258643687 
8.59403689453691 10.085885141028836 13.955118380089765 19.698050123961153 9.195818858023813 7.77960840417993 12.873857967042415 15.479699575882552 15.310965041553718 14.531696841885005 15.187511169473002 
19.15495449179178 24.631017889336476 26.45087273439624 19.76547973810542 9.83901740937846 5.439899613024649 14.244841207911676 15.920454378774783 15.300436736958535 16.444864979535254 10.856321780966532 
-10.509849404988927 -6.992495721900519 -0.13686205931803075 5.321447387861577 2.1632862504777055 1.063622520438051 0.9967949062710826 1.33260319966075 1.4868309575049694 4.902390484402201 -1.4060771555086107 
-0.578037035743717 3.0461750450283276 3.081332685252959 -7.494734901430775 -6.274560530922402 0.9742406429784695 6.670554766502534 8.150595059393027 6.921903363873742 6.807569907063977 8.606859320047958 
16.356241306457864 20.680327581251085 19.6515414202116 14.791021601130147 21.69305412969421 15.075869329729091 13.405233196698406 13.024469375581651 6.21143758387868 5.415598427305992 7.1168814937743665 
