-405.43961870723433 -409.80288741571417 -436.51123657685514 -473.28915048035145 -497.30741929805924 -500.2751281965554 -500.9824778971005 -501.9162512183339 -496.724394897295 0.0 0.0 
98.46856836328885 94.77341250473282 94.40663242053364 99.0261875924372 91.58191519755815 86.35651872417982 80.38472698513812 78.2352090294728 85.57635805617929 0.0 0.0 
-5.438615913833844 -4.5896048525961 -3.0617577596454435 12.388472825670789 21.20269203160597 20.36888716937311 27.18282285278368 26.25249527115146 27.713918035648263 0.0 0.0 
26.99243469087074 30.005552650640283 31.227827677225775 30.67550375229783 33.164168305879834 33.76701671149095 38.004109278360104 35.183893828776085 36.4850226497451 0.0 0.0 
-10.363703532848783 -6.726587800340994 -0.006246720947204798 -1.206918351521261 -0.43992040952710526 1.2252576983803847 -0.6709027397643172 0.15043052587522554 7.293112611385023 0.0 0.0 
10.40455208134934 10.66235552252909 9.844168816711433 11.675424450172063 14.948229221082798 10.665703662660817 7.339649492421169 5.818826796575369 13.294837870633842 0.0 0.0 
-8.531372954640391 -2.2828472965992623 5.942052928838784 6.310900819136858 -0.7944761566917373 -1.8262873619072726 -3.53895415589107 -6.462384675573462 -5.332874239533147 0.0 0.0 
-6.476328923187786 -7.747071205802376 -8.129977854962068 -3.3734333229875935 -3.270141066991739 -2.584977217640507 4.21436451801738 4.0100689395157 1.832504525415565 0.0 0.0 
9.52995754523278 8.972890586174397 1.5676449797614596 -3.6775187917920915 2.5024570749331723 2.2067034330433053 3.6237110076749843 5.796174451566756 6.269768643449614 0.0 0.0 
1.1745926029563774 5.7959106273355125 14.111639607808995 9.822617309526347 4.90936364049655 3.276143615293084 1.3448190905035413 6.071514456174059 11.733799302254106 0.0 0.0 
1.7003929204891985 6.179460460639769 3.796522979950095 0.9549893052513021 4.654668165599327 5.718054005346708 2.310848217070107 4.613760963813659 10.668551479371775 0.0 0.0 
3.4772785113513005 6.019949341766335 2.875776319617603 -2.0621329862642925 0.5190967949135403 6.151506871578322 4.6822703019868515 4.356689220872131 -1.2612950128458222 0.0 0.0 
-16.81426860996929 -13.250784243712431 -6.175809742284862 -1.9398031701308944 -0.05742765642864511 1.181539351393935 4.293341437483187 4.5116179040124464 0.9498879043216457 0.0 0.0 
-7.240431917292758 -3.907513407119761 -7.1241302715411905 -10.560681795363802 -11.237589060255246 -8.150124600498536 -3.335541585914769 -1.0755080337670795 -3.194017783275809 0.0 0.0 
-2.0904298326748822 -0.30885807814505606 -3.189362784619385 -6.162825273452665 -4.775867197689962 -5.9383042983218886 -3.8560051941631213 -2.863813301891155 -5.721061648114626 0.0 0.0 
12.959409852912824 13.91115006616252 8.31617848634771 3.542297989974398 -3.286604861706254 -1.7585924043757355 -3.0903576818973963 -6.173369018273368 -9.058734794600296 0.0 0.0 
3.209775982202438 0.6001142030247586 -4.5522195870912885 -4.229675519745243 -5.448774504484913 -9.548860183711954 -9.42591328930586 -9.181526791427018 -10.345485306735617 0.0 0.0 
-8.468659286313267 -8.092655834218334 -9.239403777712141 -8.054374997493436 -7.273820609703289 -8.783778644365402 -9.073534399710232 -5.724813795146472 -7.952632511147202 0.0 0.0 
-2.7250309469494023 -3.0837518173055214 -3.7885556622353604 -2.6826729075663507 -1.786874874805795 -2.9099388742735677 -5.39874114787639 -3.3681818873518283 -0.07842085742915994 0.0 0.0 
-13.968373501136714 -16.4329061732114 -14.98882810871286 -9.984138021774701 4.170769360345745 7.895661588750639 3.742720778938462 1.2453843982201607 -1.0673731528819468 0.0 0.0 
