-94.81506213897383 -59.85336041795901 -61.05794104734225 -133.13188369571301 -255.5050688455197 -280.8145247491488 -292.4644621477723 -291.3275810654842 -278.70977708297784 -246.71776523564137 -246.43736995899138 
17.876009925311674 3.6476280743063665 2.7448673954202434 27.66680002890396 72.55039534630467 70.83923537139464 73.05182593718182 72.89833752522301 90.27526867990215 121.33547729172139 124.7284966043598 
-30.291932265164206 -43.5768578745617 -52.25826433245526 -43.46197955732236 -7.793844319748187 13.328527698577915 16.65537492168509 15.08251789029516 30.839847476417585 47.28571372061492 49.62104161237641 
-3.3612938113846766 17.731342174453324 30.33775101540421 32.9988870495551 25.860535303978082 23.474696918485968 16.51318724566667 16.70251372648767 25.803206226983818 33.700594804022046 35.118207555197785 
41.07098441330376 28.534850778444486 12.712423038376496 12.65018135436517 12.18992241110919 0.5324489892290817 4.317473173752159 7.589008062924792 7.151000995534024 15.14993552657889 16.900227820399145 
11.390825363202566 -4.084416734836828 -9.652536345604695 -4.87236692137065 4.558973553792614 14.797646538471994 11.0876188668664 9.349792818139239 11.08423554912634 12.484881803501196 13.177073727779987 
-2.325021427265441 -19.548044329920806 -30.618191323802396 -26.42949126065474 -7.5755254748588925 1.8218977322168306 -1.1251894034759946 -1.6803943089152278 -2.969473151787299 -8.812595147263577 -1.5294975458157276 
-6.780540657286894 6.8311815940182194 18.057800035551796 22.1266540369762 9.49597498021819 -0.26665610193799183 5.24888961686298 8.41949541168469 1.4697272530986165 0.665345802286821 1.2388878680216957 
-5.910630373522526 -3.4433517624853573 1.7358133841644967 5.211696950016664 8.018451496414295 4.922191468100672 -3.982170977127204 -2.531107032596745 -13.237472760322067 -8.999684151768172 -5.852249999823626 
2.3127257156616237 1.691685087264875 6.475400618765711 6.4547755871525325 -1.2023441870668004 -0.44645661563507033 -2.166077751493314 1.1788787630836248 -11.782672610897698 -13.575673789978193 -11.057227062657166 
-2.648254384316166 6.537863123505474 4.843820230639815 3.132580872604608 -11.810707993222625 -18.891294189443144 -14.880656954546392 -9.550905322321285 -22.061886515066064 -26.595150306404 -24.299916785760956 
-1.9507580947942014 0.5710042896959142 -0.3278035216439412 -3.670312326940781 -7.193280971100357 -4.601992310276315 -6.131861803282449 -6.856623445405465 -16.522659867423172 -17.220359737706012 -16.909160404908693 
-16.08358224936102 -13.382438452010021 -12.915085660647126 -9.542987985024348 3.624425409360185 5.2388449152829555 -0.4139932246738643 0.9466473048870439 -6.29804947585588 -5.953088288568765 -5.973111640363951 
2.5598074641965516 -2.158927982680437 -0.7956055514625624 1.156298780453083 -1.244463547107629 -1.412045474190355 -1.006628718194347 3.8014579697181685 -4.102620724214022 -6.5914548900056085 -7.034308452324208 
11.769052698120442 10.937316520724018 3.8061665543274534 -2.2310982177761627 2.646945033919379 2.9385422033879873 3.5062567266407956 4.53698025092646 1.5257107078361334 -4.643730893233448 -0.27462253105593404 
2.0649698987176137 4.6530348664784 4.294614753258454 4.409787051483563 1.8468932992537974 0.6396572372929077 3.11429040217281 2.311060926031183 0.49530168360421123 -2.7821044317301484 -1.1637185338593268 
6.2819243892703565 7.246604282155278 3.2505775988861516 -2.427754395957847 0.7279023778235548 5.867342134408833 6.397646295222578 2.4533424863073794 2.1854030799162145 4.548368163540239 4.982423111847857 
-13.115901916694476 -4.277294323054415 2.555150193810874 2.5069615149648503 6.556876240883536 3.5368578789675937 2.3270144160752704 -3.5473347737543497 -1.8386484707991735 5.471523189493839 9.986476235280648 
3.6991480761755944 7.652775507357073 12.092778375373094 6.850700357287492 -0.5679241502822228 -1.7541847092657412 -0.9189623249293826 -0.21669528632444224 0.3500881320055107 7.011205235476655 8.484137695437658 
7.915266373871965 12.346282006148071 20.2731006765713 18.58750557154393 4.768643830543889 1.6088767494053777 0.5417234045628003 3.014284379954482 6.280421687418413 13.258270307006832 15.85305110478449 
