-489.4018129662668 -464.8948814374646 -430.2260207108962 -149.58474139172975 -29.742282095491703 0.9626410592946094 -41.35889040171802 -156.0183101795465 -342.1495628934055 -376.09648750450395 -437.7208080785607 
28.802405305584717 31.18357977793226 11.675259292129992 -28.93182115872858 -11.577426947416502 -14.53288782991903 -34.63902720286237 -31.86086648823763 16.559380843794067 13.962905345488078 2.230269665602885 
-3.1000096289622423 -3.2031633408588185 10.02531317196771 12.092598604235029 -8.735054379505423 -21.441024973931967 -21.65163619110883 -23.331776601577026 -9.941994993369477 14.598854810249907 16.120567018644618 
-8.21703002597819 -2.734947980644562 -8.79966621328178 -21.627574821944258 -31.007203840693094 -32.303400305291085 -13.640323269396522 3.1135598046462962 -9.830547554559999 -11.514536689741295 7.318661521397933 
-11.086592769585906 -4.640378622279154 7.4167023615465775 9.779179060019336 13.224568663930917 7.450525829060076 -1.147228561021508 -9.814470221183887 -15.256011855112042 -31.1967980538861 -11.120381356494171 
-11.74839701530707 -17.4345936540353 -13.78851491286331 1.655451170931134 -12.978754353778854 -22.150296611508722 -18.80809956408926 -17.630381853686195 -18.258253582273074 -16.9526096788876 -9.167667341101316 
-3.0303511669234013 -11.911016818359178 -11.037054949465817 -8.635841459983254 -30.187902563126087 -39.54051910964303 -35.82521310303605 -33.63882537232871 -24.691461156636592 -13.576645941194917 -12.479605106179234 
-9.310138197905683 -5.015003464919534 0.6186801416607978 -4.853904348704971 -0.42394692542919465 7.2985852221601935 12.64522294933792 12.785674070903859 5.066889864781665 -11.688366604096338 -7.381293931097813 
-9.09285083960959 -5.698269965018595 -9.857142955320791 -1.6177876593980784 -4.150362613852039 -13.752308819204066 -14.233879254263693 -12.555786458418883 -7.158802059102042 -8.082279977246763 -2.948869198718249 
-5.767844010932406 -5.542857409686427 -5.00222464518548 3.453732518108307 -5.162251793291812 -6.49527979065039 -9.05456441221721 -14.96378594471738 -24.77132210451434 -17.23966125155554 -6.562435851192017 
-4.082631535006051 -2.4138376041766354 -3.40396944642111 3.4117299629010267 -9.779089344545099 -13.346040002510875 -6.665850986896463 6.9916821099424205 7.331088711599596 8.57357126662858 8.534031166422993 
-5.386585988035039 -3.6179400652991744 -3.837610815212135 -2.4392456382862386 -0.10645523732226156 -5.061739549072092 -11.049203428552172 -10.397267941657901 -1.191233999082439 -0.1263974463515124 -3.1515434863301084 
0.4235541075801977 -1.3360269908178086 -0.30260182835259763 -0.40362522796190325 6.333994234196453 5.5312498092725475 2.4300468610033983 0.7207857247652036 7.509827781346262 6.541012729517428 1.5621160006182424 
6.0603239916686835 2.4739367979526556 2.140694880702311 11.693205887198094 0.63015751306457 -2.2281931706919096 -1.3128225215536027 -7.576123318801576 -0.37343954323736983 4.481154208724501 -2.1603940672650728 
-2.6979714724938857 -2.429657204255616 0.8785647893748408 5.725396274960172 1.2900724424859014 -1.2265105200500426 -7.011620045307964 -12.010292730002362 2.875808018717097 -3.0426778259051397 2.304477532571 
-0.4245047821300292 -2.144612350873859 -0.38175566150607554 1.4653246368308293 2.6504098841287598 -1.228122198162695 -5.413348458430427 -8.620695763875725 -5.925743945092199 -10.07050166647463 -5.314521947287689 
3.3411016438922925 1.8102285708921024 2.4308218363202 8.797204128346028 12.226189860145523 -0.6517249789739127 -14.042984907788082 -20.941478932942662 -10.75483263714126 0.9714019233987777 3.39814209191571 
-0.9129525612307137 -2.5695098340731386 -2.4701249843978212 9.21021456110951 15.629850640926087 18.662874615367585 9.443422999422955 -2.225132933386382 -3.5467397859267127 -7.992400853181145 -5.781616670011212 
-7.357873458388791 -4.755494612865709 -2.1305098452152738 6.523399764743704 16.750770337742118 12.987717999996665 2.4459109342795218 -4.831213503079967 2.0678622751823896 6.254799044353184 2.4064405520947405 
-2.2925266609256116 -2.3437552007309015 -2.340854680881045 -11.038841598723902 10.825399383255743 23.083517435127085 22.722648244792563 12.0652359756345 8.480299745859046 6.636600046257406 0.15930959849108373 
