-289.2085881818971 -186.27859434833988 -93.4910528096713 -88.19628346737377 -164.5361284627615 -220.03667823082264 -222.38568526295782 -282.23915444359113 -311.850876535941 -319.2181409132607 -319.96883188670427 
28.90388311104188 8.34052576183727 0.08865740675238065 2.267574425016077 14.932843809063431 21.369043021859756 17.054485099090385 39.43769169485451 56.260156739845094 56.22987748042883 57.618783104206024 
33.042524783808204 11.150040920154073 -16.066020728867677 -30.175759971193383 -13.465688478072217 -6.512093032746439 -8.453946883018567 7.0165283605917885 11.190112452265165 9.444276632117894 11.388732258583085 
-9.843088593060681 5.504172654576674 18.009004644367735 20.66828094323455 31.165054518381147 26.04361006691291 21.660720272724216 16.81672103024551 14.248434072121686 9.341010021539764 8.058130571385668 
28.53150447564839 24.466674539012395 2.008596879258596 -11.893099188782791 -6.235545626848284 11.66454101170276 10.242172419756395 6.186331434290539 7.291773058275977 9.918627813720132 11.596558608806493 
1.5183748083713982 -15.297757374182602 -15.941228719640499 -8.697578670162025 2.170954143500692 5.13939471723808 3.456081805639113 4.633594180905172 2.439566055178776 5.805090606417101 11.127313897306824 
18.667827373429304 22.571538594085958 12.14331125339978 4.2376955192830374 9.742543293299935 5.257760841799209 2.892964960675123 0.7390044306736705 1.1157600371427727 3.4838298697482424 0.4205550458502194 
7.0967300649467395 4.9101651218190145 -2.571865223334901 -2.6849512666338153 3.2540981678384227 6.150892334397738 2.431290088861646 0.5408104083778689 2.7543029440783524 1.8810574329235203 -1.2897050712132494 
19.967375888684206 9.325793960418444 -6.168352698863959 -11.356456093946683 -1.5315308844191569 20.79466074038677 20.397214547990693 12.543961939883044 5.99171815436342 4.404893907905987 8.45344078974761 
9.515604632807745 17.35998137893851 13.829351178088633 12.373682904586241 13.216768714847813 6.5806003735629 1.480647062413822 5.848978038255524 9.584602108352042 7.969597481445107 6.327448100828753 
10.778105654985536 16.024261124308005 11.202316271200107 2.5829296910363673 -1.4436578963518425 9.902363127426998 8.658308044887555 10.168053402745784 10.257029215017619 4.96968439377509 1.496111478295366 
9.402786314295842 14.804051783107944 23.993018708683007 18.997799615574188 5.529379092263106 9.763404357916261 12.08724338204241 12.842615802547543 8.936803705251908 4.096071055774814 4.428054235907435 
7.2267918702723914 19.437921691716443 33.088339957466815 30.486392170978988 15.187326695817566 -1.9163400397610608 -1.8572161978561799 3.01204001555032 0.770912983296493 1.5118791712576192 2.0283585090060026 
14.47042838303922 11.078914594145381 20.48668630606084 25.753316154469168 13.166934152012598 10.55760122124807 9.275944191513805 5.065710213635077 1.1952210425483254 0.8746300460150451 0.9631812736611207 
6.473317118714325 -4.505419921184702 5.7557881542223255 24.10517307706428 32.710190173158296 6.601925942976344 3.5059890990306686 4.132527116632981 4.601561788471152 1.2053745207968518 -1.0443901641136786 
5.440109612616647 -3.7821529915453453 -7.697984621356017 4.21991998775302 17.33439556318707 3.5476693820599126 -0.45426761330152815 -2.1678487511607383 5.152067372827257 -0.6285779330496144 -1.650611248479251 
1.7047910209556212 -9.556084232132928 -10.632162494533809 -4.6060463164345595 8.445465150798446 12.138398895002936 10.968044872676085 11.434836778753938 2.741756263222743 -2.449817897018405 1.8243233396380836 
5.1514035490713805 3.29383645600019 0.8966126833668344 -2.861157596771486 -1.7690247698306605 0.8589147889574611 -1.9069498383935342 1.851484657876864 5.383799195724256 1.7479343399896359 3.151531947327091 
2.7690959463840787 4.056798061266159 7.02881776831695 6.000445880260064 3.426827413386322 8.214652973352624 7.0061662813205965 6.149602592970071 3.289213343318419 1.4400893759636033 4.916819826886414 
2.525524090099976 -3.2652334652861983 -5.05764964588107 -2.6069897953573715 -0.39396586659918975 6.431649669536158 6.722078892577179 4.185162067923608 -1.6222620897582036 0.6011672626573136 3.8389443429411267 
