-154.1420933579605 -140.79723073178926 -112.56812945879481 -117.94912289487831 -137.88816377287574 -107.12674004593804 11.45333497604443 66.98573889684911 57.70715417017401 10.781219699437989 -18.04115724771719 
22.95227307582957 16.139527864908334 21.505721217858863 15.80687619898451 6.4682295009055135 12.987707227272198 -0.8107552836833627 -10.970411278118835 -6.7520706639600006 2.8870403446366835 2.6339457180257524 
-17.640323097178904 -28.15961219586492 -27.411098741397602 -20.102832135236618 -28.96422252625565 -41.21647769822228 -43.670445237610224 -36.39878091701203 -34.4477781367133 -60.94244231039356 -73.34899626895202 
16.123046210240968 1.136934148781372 -4.8453304510068635 -3.6122639733995054 -15.551062621231903 -31.35345545262279 -31.801063511926085 -22.971357973086207 -31.1973624821888 -42.10232908461971 -40.0551925396118 
-31.285105061098612 -35.0932189461726 -28.868962664641295 -31.652387622843975 -45.84528743838162 -24.490824801732543 8.296928989290192 15.22129229596569 5.533864760173867 -8.225655329745456 -13.269964985647569 
-24.148776801574478 -28.09977495202141 -23.982781586932404 -32.08349107154224 -41.16709525632217 -19.945645914473744 1.03256561885244 1.8918349181144258 -4.314502469916068 -13.713115652850707 -19.7808160376957 
-22.422345318228423 -28.607850964452304 -28.064635420875142 -23.041180005644144 -20.798961743244718 -20.838459109286013 -24.626892185168373 -22.031456298422377 -25.877953994630218 -34.2547653033455 -29.37332744346373 
-21.299197233467083 -19.082140752256922 -15.956997955206926 -14.897198444985836 -13.972017616016334 -17.983900702012242 -7.269155248551687 0.3980013770572296 1.389437014508096 -14.96550358526644 -21.22192254196233 
-7.837510410890085 -9.37276173902594 -5.660230005621863 -3.744366021682694 -9.468940602621906 -10.91055082266397 -9.123461700028908 -7.947257215434551 -10.168035937735016 -14.745585243106227 -9.52347996099742 
3.8989530337224445 0.36495513452515593 -0.05674850210209492 -1.927343453102445 -1.2708900584960845 4.018186701287536 7.14931355611673 6.442140063310648 2.7119141305637653 8.1792706924549 10.870599805342989 
8.863622505725662 12.37591023021741 13.60244979272739 10.796300763550544 7.616793440079853 0.6660160525612003 0.14986478038120804 1.9325355553009802 4.503859808316775 5.258098780658228 2.33566732707924 
13.037350537571356 12.910927768431337 8.17949406009192 6.13176623272636 7.490249248774351 6.537977036592974 -2.1822664234245064 -3.8988090456790645 0.26879286617621045 -7.199416655806459 -5.87148362884817 
13.315773398809373 16.244901517386 14.706077989869225 10.69866937766551 18.723409271202122 24.037721684627968 16.810735346459097 10.305169869174165 14.768065863041816 13.101292806914802 7.611982860041503 
2.4399222075596825 5.810802290061359 5.5159700660380775 10.16718636619725 16.371336238721728 18.41169116533489 9.961555204289578 -2.115927691500974 -3.913228271651577 7.204705770884653 13.183226833125351 
-5.172239904183085 -0.18395060437247635 -1.358202817383925 -1.393859824103814 4.447954012037278 3.5927716895838824 8.2222149021136 -0.907224379873803 -8.69684793388467 -1.5761955444477822 -4.20297801311381 
5.3094034799683785 6.417530219161412 3.184607600616599 0.40197236264442493 -0.5104805110094951 -3.4617428999726676 5.010810076467525 6.177982219904921 3.4713823211343238 5.457479821657222 3.077104314166996 
-3.257410930107688 -3.260851219806618 -9.677655565695083 -8.444611141740303 -2.259798265181127 7.884450518010423 18.669881525451366 23.314245029488916 22.634122181507962 8.079151967506071 -5.695910592473309 
-2.9285127148878956 -3.594889071052868 -7.003467362811101 -4.008541496053211 0.7730544878618302 5.844529806742299 16.648653525992213 24.290026976968125 26.632546096019155 15.409259930855054 6.249918769995551 
7.464643826691727 8.409760430568543 8.30184163321894 7.419217069626854 5.6989010357691265 -2.547663560253244 -4.192236457926153 1.3492620502628607 3.3728614313867635 -4.848664805538718 -13.765172865239307 
0.3463854727705274 -1.7231656400846214 0.4919464457336412 -3.1185649324217297 -9.589545392445073 -10.344126907722668 -11.490398734620742 -11.089796810092952 -8.286880430713879 -2.878515331172192 -4.941643926594921 
