-568.9627331969234 -544.3317036411955 -537.4851940069334 -511.4958450298482 -247.86004034034664 -100.8879249175082 -55.44663049059574 -96.73795305705961 -141.0870619737127 -219.1007018090918 -431.67632020859764 
49.76881279904496 49.78045457779838 50.172187388191944 11.13227184744342 -20.993764588599618 -36.59852770213389 -66.70531068765386 -94.09400223637545 -101.28188600939613 -83.59468649353664 -34.68045291581099 
-24.583239448650524 -14.15578985829947 -7.42308577006195 -4.1310894542128676 -16.67043509329375 -28.042513615917095 -24.328972682402284 -15.412546188045987 -30.311115948500387 -55.16310090123426 -50.414549302370595 
-31.95220586677786 -13.567830999309823 -11.588528184097937 -32.31801912012719 -22.88401234213238 -17.768610324469254 -11.434022233200377 -1.8726842378378632 6.879039668217381 -10.546900995398703 -1.9257090784115687 
-23.148905549580242 -17.130875995630035 -19.693556156843307 -12.58301994652639 -4.379987338660005 -30.759229427640037 -42.464378271969764 -38.86424632596372 -23.084992712743887 -28.571913071931775 -10.031969173913957 
-5.89425682748541 -1.551459243515874 -5.73761155228065 -19.705123193619208 -23.342534679648907 -35.86319937139186 -28.338105996096914 -19.905386960128773 -28.002557414140647 -45.717330052758214 -42.67682877972072 
-10.8374275025117 -0.17127925651067177 3.423953995677109 -9.986308570445471 -6.471456177973055 20.628164920034713 27.1415615431693 28.169204146038417 15.070131090488509 11.53483830622666 13.933210299688106 
-6.11242221483479 -9.495322541680265 -7.425840055774154 -2.9305614851066806 -12.077839058213321 5.984119836297039 13.38170933971021 6.5980009409509135 -15.790419661099495 -15.5791673101564 1.5028768682508364 
-3.692313069192877 -0.25797191797033614 1.2661503355017625 -3.5426963981213295 9.5503787485865 10.964455456955843 10.151914279002108 6.3326059928867195 -9.422728279837228 -20.21752444765015 -17.55308259525412 
0.7905652961863279 -0.3101311270506898 0.792914765592377 -1.2481330318206867 -2.1797939129841186 -0.528039699129907 5.00969078108229 11.20214830376684 22.794137571572634 19.60720868980099 14.21396598426549 
-9.166036330125529 -6.77918139235536 -3.771421841865254 -7.745857836791393 -4.5222896708657565 -12.747896017244155 -7.126664407971405 7.387698044875365 20.89516597079494 7.653650996385366 0.7207057678001882 
-8.018895678634745 -0.8967141410738173 -2.7540269892421048 -0.518417690622358 -13.87235608552474 -6.452765017585589 2.371442829963859 15.187682638991465 24.714652494267497 15.685429915509124 -6.354375382347245 
4.734699356415696 3.540120702143513 -1.3551524500022838 -4.754652604272746 -11.073198293991723 0.8869430038287687 0.48210703486530937 -0.9527866546300301 -1.881763922200691 3.027271536428191 3.566184146084245 
10.919603654235058 4.672720334972917 1.0730206280790604 10.678657804785257 1.8446193811491831 2.4266692899296767 2.1823132599969135 -4.787274106656857 -11.637539663638222 -4.203611210336212 13.038116056476948 
7.577945957729997 4.5192051853114625 6.209040232962725 2.0287434245684706 6.193658277672884 10.656178129982692 8.166341050932276 -0.1327884832537185 -14.142435692020769 -14.07417984775995 -7.131387549865957 
3.5648725905711114 1.6892163936790896 1.208469890663595 2.8851010485644313 4.038549127714339 7.454916366014027 7.952746182743126 7.114691210177056 4.269025183414048 2.868863495172584 1.4974381585443668 
-2.4150758728659847 -4.098465200974456 -0.1651808135700069 -3.491783292454673 -6.05169331445626 -16.05842785949875 -15.741580440583455 -14.952108812929243 -5.897242969818744 -3.645796068860179 2.2591378398604784 
0.23168426500083417 2.5861009933725057 3.672949589676989 4.578722405560713 -1.9663843119532833 -0.11680579658457008 -3.911902896163122 -14.252663532250148 -10.421132217828129 -3.94467695356321 1.6395678084546392 
-3.123301967869141 -5.885218716788069 -2.5475895926096848 -2.655380200986461 -1.4833050719149774 17.22784725635355 20.047531472598223 13.652860648817729 3.252571088854013 1.4774588136195894 -1.5517718080375538 
-1.6001406476641513 -2.2090712572286333 -3.3209006846039677 -1.2938601731791215 7.500002430114435 15.131745764544785 20.995878794400248 26.98569587503249 19.28279177108368 9.761133492028947 0.22843602250111622 
