-623.4334958459776 -601.4616561931617 -330.3790232596021 -163.57400989662978 -115.48971712077451 -113.97666797104701 -121.85113266001626 -165.3614320166354 -289.299830513918 -426.3353142142272 -530.8812469791469 
44.965381057938046 58.26039538752357 52.51797027099457 20.759446765326512 -0.39214394579297096 4.396015017917648 17.88023961152513 30.535175019343985 58.94476763052192 75.64479034344943 50.77336889342351 
33.04713623770019 37.28150561883947 -29.77026391329811 -58.837111340874415 -76.65876101795106 -79.25876891262773 -55.180146124096595 -48.040930214774576 -42.82892161525898 -15.372184891805919 -10.896445599641632 
20.92072986063584 16.695938019212793 -43.19083638142369 -16.918521927391353 -11.180997571660473 -10.003506518695154 -31.691532994177177 -41.95794885630276 -37.26338495792315 -18.28863959815019 -12.705389705712339 
13.55400204432697 8.78833974744933 -34.966284156795396 -39.55403785497623 -38.54080101367267 -23.95962315337031 -2.4250859020218143 4.943740313483231 2.358703733075888 -10.046208232128217 -7.131226719266129 
11.853818432327795 5.255044725362746 -64.86394874655909 -53.88220023533266 -18.068317212525862 8.810714118803013 -0.8704708681855196 -14.688081485265085 -29.81298653625781 -26.317139771505474 -4.756712511344238 
2.1867473543387828 -2.149058625652208 7.658713498056574 -1.6952748031252791 -15.371032677164006 -33.97196738644064 -26.73529666618883 -20.2962270035599 -15.769805981378981 2.5337921151041165 13.408651252065717 
-0.1578582800896241 -3.5963419258909566 -11.855445706503236 -9.405900485466589 -2.8794389322431666 -12.108286135459778 -15.94580003199172 -9.979880975482875 -0.19437907489121575 15.624571496239405 17.505906153606105 
4.843911658376475 2.9821199358914865 -8.597945395567075 0.37973015648503416 1.0785954445445698 -6.655990362557413 -7.125413278342226 -9.438909130454846 -6.319266296759426 -10.052826996691504 11.163834380133842 
-7.876908869178401 -3.9906572732100427 -6.507459801894276 -20.775957687506295 -21.285207340452658 -19.3591039979846 -16.762594680142563 -16.389920800499603 -17.693745197478083 -15.74262991535856 -1.6370954721637272 
-9.129667628050502 -1.9945312714389154 -3.3374839097926383 -20.09065200465464 -17.45880009344865 -11.80171268365762 -9.300107842198079 -13.231318959320848 -7.0526857200738515 -0.39309685456576304 -4.101547440530444 
-2.615272350230518 -5.603295205891559 -9.259541367449305 -5.646302659963955 -17.82726827908301 -16.417017980100475 -15.00946583031753 -14.39763947958027 -19.215897763669805 -15.485699339791946 -7.278841516468159 
2.837060095701614 3.1640210596703557 10.392579980209476 -2.4211222402578563 -11.294156272594725 -14.125737039658372 -11.744361950307606 -3.0539596261691084 4.7292852623774815 -1.0909730162564468 1.2706650093479448 
4.602920051191727 5.692244470725234 2.4699716802793947 -2.5328367709836 -5.147837607209558 -10.474117386186268 -7.5169250030608215 -6.0421152018019875 -5.637519653187305 -8.139688305962238 3.2529696904504757 
-8.297865806254576 -6.454949482823121 23.69474811240317 19.578363198800247 15.387119283183797 -1.4003718426918355 -5.143236003874106 -1.9859255510276883 -0.4938408346078422 -0.5289130590875797 4.989613749993191 
-2.777047780013584 -1.9201807404651299 36.040727779733956 21.59942521360155 12.536564326433066 -0.5437270309318707 -1.9415387061419156 -2.044920320283596 -6.2215735713272515 -0.9252339486494459 -2.945832506569106 
1.9909964522987291 -0.9704838935877115 7.293965877257287 22.31887736426848 23.014489834304797 20.86987840977465 19.140105110572524 18.639729581511396 21.623586347860957 11.264261366938896 -7.875876701362053 
1.6201300946458612 0.6788238642427532 4.434296771130259 18.239570189763455 33.643588728308714 41.911526178277356 38.317631931324655 35.90244628175354 35.839671641763296 29.534510394359945 -2.3596144038781497 
-0.49225867820709185 -3.027907182429627 -14.187292909719787 -2.635214991092532 15.391648406348379 33.70880168401785 33.98684243249021 28.345917655633208 26.244458992681047 23.42163254118362 1.1230896407554167 
-6.640479720655293 -5.402832476920532 -8.132600166421412 -3.165074491953212 5.98997178500777 20.24219779539768 16.385395540359738 7.9642087919810205 16.009823191083008 24.12678278564801 7.72152935297506 
