-628.2809118500659 -392.4321947557282 -184.2191211162189 -133.82032316002102 -164.89483657086495 -146.71452141364148 -132.98169349738333 -145.9147610654362 -203.9400451000078 -298.1941646401672 -447.09691919910205 
10.09307200459812 93.53691027049294 3.2769978611819512 -54.254806466094024 -101.59497937405331 -45.26642842832219 -6.991688811797808 -24.08944431620832 -23.619637201974008 16.07059691206865 66.60705374965866 
-1.4017248647579261 -83.91637681961807 -92.52126129004782 -87.46486873460512 -83.69038675858367 -54.48654831278641 -69.18531996632082 -85.16392733556489 -88.94888611231636 -68.35932870084619 -39.028337126526225 
-9.048150696136434 -61.103850685992164 -64.21523329897595 -80.04380094855321 -89.1830106482346 -54.864773869214545 -62.96328078907918 -71.96876577933071 -97.27485484283278 -122.40428424414864 -122.86873525826299 
-12.548296560200495 -62.0040350095704 -60.19657778098944 -65.20820749757073 -72.5438297659496 -56.45578563860152 -25.48557039546528 -13.552707690867248 -43.15194623902899 -68.7297308689016 -56.99849108373823 
-5.417880406412468 -14.301000753944265 -7.840450850047301 -10.817395143567293 -22.204473477023036 -19.016574700715225 -33.932673229529556 -36.926810444987396 -41.79376264238619 -25.853127880804685 -10.445291251014336 
0.22094639121342896 19.55830068567789 17.990863881956514 10.96132459929044 -17.787844767019855 -38.76382961826157 -27.002216121188948 -14.994051851658623 -19.976589572116424 -26.57521962109491 -28.50921111049292 
2.155944141233469 29.759979989650624 30.371523505194162 33.534801553499605 38.28799945740752 36.29787859599523 16.812734430318837 9.364166453690391 21.06980776467774 15.48807412444678 11.881732138310419 
3.3200144581316797 22.851497270161914 8.203749893403685 1.4462905348086394 5.049984420368057 14.926882012141029 -9.032326350240002 -30.616629218819646 -24.955143923257452 -29.579727581605837 -16.905587602760093 
1.4576209555882165 0.5525572643293043 11.739928430908467 17.653702246965665 32.08651014512218 60.88082282912433 35.61730233177789 11.498881918246255 12.0031027318803 23.166334117010848 29.036318366795307 
2.1724557547675794 -10.660093968282327 -1.2348543410455295 -5.045272101173664 -20.54124837547647 -6.210227923917366 18.660004880074297 11.474211191133481 -0.8221999923655385 5.20835189091677 8.264782136840362 
1.8252119117306078 -32.54775173437874 -35.75363804247458 -31.453209457008928 -35.78135714329021 -37.63021313084133 14.02585941303231 41.89298459879937 27.867928235976148 22.555267028282458 24.988117967148234 
1.1666188299815068 3.41247106387706 -1.1785803208392533 7.357867191782283 19.393109959991833 -0.8450095286217898 5.335322473335184 34.02798716200937 35.43639312047143 23.022647845832658 11.433657204986904 
2.0694420301582372 8.209773796399006 7.1539322027429835 8.487847115253071 16.87870049044249 5.836399821528542 -17.728506745155073 -0.2479073097697483 20.743751763028918 21.29724183066176 11.627674232822608 
-0.8781671859427933 -16.307791540569987 -10.569544397929631 -9.963499087647136 -14.586248202790006 -26.716923365229064 -36.08493250978613 -35.86160032126219 -11.299826948579113 -0.3523521509725339 1.8311162531468375 
-2.304401740692052 3.2782877261237866 10.77777776471389 16.250359530336326 18.07920418653673 8.337962370565739 4.486180007163759 -10.982412930858079 -7.868760270694889 -4.296261327036536 -1.7762743142934645 
-3.15999337499432 19.402457846274707 17.430696029644416 21.19091372238669 37.6287122886306 32.39741312944879 20.394066756571696 -5.02842188808762 -7.929762517183817 -13.297673270058098 -12.024658917200325 
-3.7391275849287497 2.2399660637324064 -7.314426243770295 -15.11981164263199 -6.343458744951471 -3.9309210464113367 0.49010220710949326 -3.7016577406904396 -1.9213533535314116 -6.888082474527765 -12.40874188177369 
0.2220945863919982 -22.166581846115093 -24.75270299804471 -27.487282489500757 -30.047562495592132 -38.03774492357498 -28.599663030194804 -20.305647666888543 -11.124594404506492 -5.3431323397305945 -16.908427588917313 
2.0513800068809593 -9.553330685947422 -1.1225893993566551 6.727705060012897 10.468913686257723 2.1785209994267913 -15.27376196642426 -12.672373856809386 -17.633401287724496 -15.716448845071966 -11.90837621524647 
