-520.3710388803099 -511.49181786571637 -413.63688362720626 -313.66977782649946 -298.87671831603177 -286.4559645537928 -269.7407597400001 -305.8696063603061 -363.2231179210955 -403.2323132973364 -504.6398493972153 
-13.787587229505538 -3.675512073174369 -8.398533485212985 -62.247270017376124 -86.11905924619225 -59.1091348840686 -37.021910432377794 -35.96897222694494 -6.719054546144814 -3.3336736473148334 14.214088267703934 
17.67061324084512 13.251557062906109 -42.64951550650271 -42.29267098672484 -29.370128834145504 -41.63331556706326 -55.76058437030643 -51.166076186831134 -35.18328306775865 -15.506816585679893 14.41311105173015 
19.07783163626769 14.21819784008413 22.096813184712637 18.39104960449108 9.90633750397192 -1.152445820422694 -3.7179593425070134 -1.8884695459332541 -8.396997080056806 -0.572499453948434 11.984390338515428 
8.437987161763136 -0.09763280007095898 -19.922974955564577 -23.27028936955122 -18.475166022264673 -6.466992426516775 9.340439112005592 12.58830380491988 2.754762339791671 0.6827416782604956 2.3007199520158927 
9.139710613176693 2.45555716394495 -12.644610846373297 -11.099143785990762 -8.786037652080905 -15.251108438668576 -21.85994268283124 -14.811214609912001 -8.035398812336979 -5.322427321290552 0.6347328710439277 
4.804780824037147 2.6837347213566654 -0.5349518025377387 -12.235238496162218 -27.251020028153405 -32.75695270882259 -20.699356590930346 -13.922301131602541 -5.683980820579974 -1.17981326705018 1.340388697866431 
-0.8448041343675432 2.685491040408862 1.387905086494182 3.3345519586597305 7.802190644036017 7.5801194519058726 -0.6133074135238981 -1.8063774497480931 -2.9134147425788237 -4.004373961424307 0.5281490544097025 
-6.33302403313721 -1.8025277743119945 10.165071810133998 3.402617297298754 -7.424885330704743 -20.483263187947422 -24.02302163245925 -26.024306223683343 -20.461262785838027 -15.649269342201624 -1.7236038545327101 
10.20612421727176 15.814597448310646 18.132901453304285 18.801858144982923 27.06898640679131 25.60923053006519 13.272250543669804 6.035678419388647 9.421060770091255 8.83981655228867 7.928906119156968 
-3.7477557136781585 1.7936143127215536 42.988055022666416 48.915082363398184 41.02904650944964 32.35743475146913 25.015417459953422 18.061656974871212 17.468048180278643 17.449344651603536 9.56571014717236 
6.796976346314523 4.204208288287262 7.63456023123393 13.0965058048394 23.946517658883437 34.48142336142742 43.82188771848314 49.22532175199743 40.97664546863827 30.79840108279089 14.488461129626511 
1.303586504992294 -0.49844726067758666 -25.91051878353978 -23.14926480623071 -23.14579685001211 -12.627439489508497 6.776156873499434 20.340879850290094 14.680219274164807 -0.8426689412330248 -8.140574261945455 
1.7192089939009043 -4.663140989153416 -28.641074931156016 -31.296525483282345 -33.84596766983911 -33.03547973284634 -23.512351089110513 -10.476710530122812 1.750957470329636 -1.4710529705765485 -2.8403501117151637 
6.44271215670102 0.499554288518532 -3.721784428974066 -10.65940464973571 -15.122305245519318 -19.708900104937708 -27.95411790058703 -34.570645296554524 -33.864229345352086 -28.138433544455715 -10.716585700937458 
-0.844593184948335 -5.995207439652191 -2.0305181210853354 5.148627638042147 7.628582472740865 -0.29540756642248484 -16.40651712319133 -26.54343026748729 -22.911213702520435 -9.071768513471909 -8.525988353257002 
2.2174812391359686 0.6669218014910119 -12.914211877811443 -11.894220755916532 -8.239967457969826 -3.732762006426058 6.536872029393121 5.198097131702138 -1.529086800010075 -4.978044810112382 -7.098701862612148 
-10.949512864584708 -9.181385327658266 -19.66369011519714 -26.071198468373222 -30.131949415960513 -22.88168329116665 -16.58532257333612 -7.622293908857878 0.04576420243432916 -9.556817220299195 -3.111039602287941 
-17.2938602502334 -9.489699807190949 6.2401779526626715 -5.343975485789011 -8.857384557689299 -14.826412694156453 -21.29075569882477 -28.679887570519046 -23.51512809020888 -18.70214183076617 -12.658528225143971 
-13.51393165473643 -7.301257816399206 11.860774549820373 20.203085611707387 29.52092455621927 24.090054105425047 -4.142325085230619 -20.619279433896104 -18.404816788206844 -2.98950983988356 -10.815212072168976 
