-260.20564030135023 -154.30208585075334 -100.81136477472498 -137.20317273451306 -162.69593683801733 -119.4488077468401 -120.5999362405971 -183.76814083204923 -293.8090733583003 -418.6915628750989 -469.0708181619953 
91.3100646010684 39.77093706436082 -6.324317610423499 -21.54075503089079 -4.586756215196045 -18.16599731884648 -15.265255235661048 24.723816323547087 82.35795310722409 94.98474788113305 87.75228816271394 
-25.195855509957934 -41.400281733867466 -42.65944329875308 -31.39733703548723 -18.419337026018763 -14.319764010235966 -14.589567312138488 -8.91912813210466 -13.191375835699088 10.531498881340461 30.83100012430733 
-26.05140373260132 0.41957186084914927 8.984728829829642 25.627039386039563 8.866189193311353 -7.768219126826731 -13.439594310134515 -15.3487656824826 -4.903713211190784 9.083527768527352 29.21051121283279 
-20.68741333843679 -21.528879871966538 -22.647680284931614 -18.376831699003265 2.7592004570104818 4.00326654920239 -9.99635294379631 -15.148593353834286 -21.24014718831478 -14.670121427914811 5.8082714275593155 
-12.289778763956694 -14.684963033109085 -12.493254478773675 -4.5501864124983475 15.83505677855675 -12.10736245179178 -31.334058778618555 -31.678149475345855 -22.553655444152138 -7.862527054212117 3.0771414022260117 
6.969818241785665 10.548302331038874 1.9617617843328672 -11.67979505665068 -34.884330466273056 -29.23906500391694 -13.179568031024836 -3.267310148054267 1.0174360980538828 5.285925495656878 -5.8995252299411 
7.094883193062178 4.129451445496586 1.4853586231829217 -6.4331206486277885 -26.75893800067815 -31.208316006771035 -5.796123185368975 18.96429973661818 33.18558448679681 25.010619747798465 5.920248402034126 
37.85680318087871 31.01750793923052 20.217524138404727 7.697461024037507 -13.408295321793336 -2.4469312787382016 24.930503401041943 31.414257763745766 11.356743370549102 2.609759646460759 -0.7176572096562507 
27.640296896684937 15.903083531242501 17.49138740434347 17.86260207689962 26.733271942735573 35.06116252928226 37.92267662813909 26.478104117464532 14.210505839988766 -1.893933121991647 -7.063171420041078 
-8.4113045803328 15.932436282384474 22.495908153877508 28.358039165737317 36.28784059819728 27.000454724868685 -6.221068162244293 -35.42153117664288 -43.83321606645754 -25.765250504971334 -11.823080120403407 
-38.91834073985581 -27.160243599060465 -18.840658313500008 -13.559479045527372 1.0997934574002435 -8.087709536498728 -32.499189995045455 -41.97998108864697 -34.38207608663707 -19.43131710320027 -8.311285435128298 
-30.49576206512124 -35.81523065251185 -38.52708277683179 -45.05718562751521 -38.1155332524549 -50.38803784407328 -57.87475957748957 -40.738560636524426 -19.288709582797242 -11.95551856793589 -1.37133462305995 
-3.1317258026409442 -12.52946590831686 -19.16196700283587 -37.300879201833396 -40.24461091930628 -30.182866854888452 -4.531863259757871 17.85625844574458 15.580524597455359 1.5987248033195236 -4.140799337661809 
19.605356268522254 18.20326717456672 19.829980895713955 19.29953858043669 13.444560842985414 13.134298568386978 26.81676380513404 22.72036765272855 11.966552333127444 13.933891406631194 6.246187240294074 
-6.991933665792164 -0.24430072728156105 5.777116927064013 16.79409183238125 11.029654925732299 6.552544974713763 10.21522883081584 5.175734263594181 7.888504019216368 12.72845332816176 10.406160297158973 
5.1976433280045935 -1.6907956734531915 -5.681501563600781 -9.272549531826161 -17.47475875184876 -14.60491737841677 -5.031356448200098 6.7831739743975366 15.93794335041296 9.106285996902352 12.553500402401452 
15.572230543043169 11.112370998375109 0.5103602729324335 -12.648502377915513 -13.919031847342605 9.448706439628488 15.434406519927991 22.317713148024023 3.3123192071564893 -7.230119656197801 2.1459256840268717 
20.236492162534734 28.203283741967017 31.356642268594722 25.825375698047417 23.566366613351335 27.41134837016581 12.491004653917066 -5.549525456049539 -14.901889022209746 -4.297404202700372 3.008800431314022 
-4.392415895916118 -6.8735359384267625 3.4486543484332985 20.252496570522528 26.816000255846422 9.683345984158196 -14.202050616638038 -29.88558043939837 -19.160039771600314 -9.700424560876186 -3.9049920204100457 
