-586.8988767254496 -400.94763289000593 -204.6480004684225 -154.8433145604939 -166.20078058327437 -174.55084281772116 -199.0799085265301 -240.34839884983708 -376.48535853321096 -521.3098769368604 -549.9713970483605 
78.84873745149527 61.19669188576047 -41.46569987804045 -87.93802470210181 -101.33734587211808 -67.09105041945435 -26.09008340108402 -17.004512520925616 27.61713706128093 51.28323973980646 6.0685739300268065 
-20.222744571709015 -44.46541461502191 -60.87427117795943 -57.04642550469255 -44.31571113392006 -56.264128462318325 -45.30378117420294 -31.628609663844784 -6.787140862072727 9.453922827085131 6.144350838818389 
-39.12452450442673 -30.221269671211076 -39.8934370685603 -47.78723826203083 -45.6819888463514 -55.325065721705045 -64.4471431102808 -50.71715736773953 -47.105280363204386 -43.029689902870814 -22.445592323458598 
-72.57987403065201 -92.49048219335788 -67.73580425414028 -61.5367979936111 -45.625834455722014 -35.21853770658849 -10.7104106649662 -7.8974638412919695 -30.346376237879845 -49.10541240851831 -26.17520966629943 
-31.830308071925657 -26.453085894359116 -34.19075796308059 -32.32779505182579 -23.03179266387226 -15.959057274157118 -29.147077653490584 -34.30795048466652 -35.34787110089819 -24.655541091093824 -2.95522849710322 
-19.594852514666176 -12.12291440071099 -20.9300354295721 -23.33354810725966 -31.962910611022938 -41.322133620435736 -28.22718619205734 -25.313062605036116 -28.057521360868645 -26.256610489510585 -11.656605542256415 
-25.876728361355745 -37.16740642570515 -13.52988263360457 -7.313905174152494 0.26990994892855474 7.740487938537212 4.006318806603096 4.785879146448809 -2.3535861416159323 -18.792324082071637 -8.268373389410886 
-10.632396459327738 -3.688077050934484 -10.033739265233272 -20.65887920821806 -32.6754263800238 -29.685379762139636 -12.257737775667275 -6.875740965906125 -16.00491829271912 -25.562239653438 -14.691014305317474 
-6.091706856986304 -16.49690012470382 -29.348489515381907 -28.566489262756768 -23.09913367732902 -14.41824919464209 -7.237041126848549 -1.0852102726625723 -4.595813985194958 -17.909450790396136 -7.943700450399278 
-1.7995875724426353 -5.653168823229466 -10.01614258357531 -16.912161410174672 -27.99144799085513 -32.78989239530162 -21.086725909411843 -16.217446371494294 -17.638393620684752 -7.2966141019094 -6.1573127568641794 
17.147259071856695 10.388263263654348 -7.619257394479645 -11.18542592446678 -18.41810045042306 -24.74912274449053 -17.4608147646359 -2.5090014461800676 -0.4813365013501215 -8.380761147519744 -7.298004123332561 
8.291976309065742 5.160175208748168 14.98658408436725 19.954270435208876 15.993079288687923 4.266846468565657 -7.5119276423009875 -9.586656523361096 -7.511599016427376 0.9515766626860591 9.892969552130083 
1.2961172232457259 6.892786010843496 17.233484509237712 23.206601168772405 28.048945492414685 21.846015434743514 -4.531335622687237 -15.492955484870109 -6.840525385978071 -2.085585552776978 -1.430884246671316 
8.609587712559373 14.55171972505672 12.754388993953937 19.371788766329928 38.907058076949 44.613345025875546 21.690295301312737 -4.49920039363392 -3.7463027638017863 12.269378100887113 16.93333725717973 
0.6544733366806325 4.014868131592937 10.449091934079803 11.806004388397067 25.61784982875096 45.84213209337359 42.5136897509294 25.212108853026706 19.849502262272377 18.86143250682173 -3.5040031809997068 
1.0786575473986433 -3.989626957674406 -7.811771304939683 -10.95904286068516 -16.087622984397562 11.300106683130792 36.34913808231234 37.576854023192084 28.378330052443523 24.91632561597408 8.632842705839003 
-1.0277037701367382 -8.623852550293424 -9.715076669828173 -11.183300171477903 -26.376323331966738 -12.996154683013822 18.74262382053814 35.18982479797771 31.908497238098896 27.81080147818534 7.783497780865512 
0.500838032029339 4.338748226356236 5.141093977256698 2.8608592184839043 -1.9342112486922884 -12.93077250603153 1.9113493146525506 17.78238313689414 27.351130074564836 18.198421328157465 12.651019954160317 
0.23893704717534547 3.5791896551948157 5.170455651455459 4.717572952734849 19.17082964574676 6.7729508488698205 -9.469614700586678 -6.670169350353182 4.450320761514748 0.9751105128596776 -0.6894249277558822 
