-315.36163752478586 -312.0836563530528 -319.05010407098683 -325.032142578267 -202.49585045466472 -87.52636743932577 -71.78599450588392 -64.70305534535622 -88.5471201570727 -160.28532174138758 -280.89822642597414 
110.40212580406093 104.7035333182855 96.48489646245784 96.46522276801545 60.5071731510411 -7.311843717881633 -31.18422299151579 0.6598214480208527 25.466145769081436 50.62705157833821 105.22383061291366 
16.740341912374106 5.87418987058848 -2.1867809397488305 0.3270766910567662 -51.63778396432763 -43.975887438545044 -36.506644022881936 -51.413106201720666 -59.02120733449944 -45.9271037415629 -2.9513777083786503 
5.96582721472323 2.656490092544609 -3.269651365016485 -3.3180936633908953 20.18998194717446 8.71680390127785 2.710965803355725 -16.30556024220664 -25.498209285883068 -16.965136345154068 0.7148150542646659 
-43.982401096059064 -48.88524935880301 -51.25465099683663 -44.68523619321721 -56.81296916201827 -53.478543118982 -52.86019433256317 -42.53480487218778 -28.30811363714215 -28.467746193706144 -47.3092359493056 
-29.522928855221075 -35.10926158091311 -38.63705717925336 -31.42008767992828 -31.184672440959908 -20.958466485968657 -24.23555894485849 -37.448117660058486 -52.7984811406988 -60.025252102838195 -39.03279030251689 
-8.032394859057348 -13.38829241036898 -19.436463884723548 -17.66925353739344 -11.37674666840378 -11.568906456561526 -20.778437049395293 -42.60606842064054 -36.07279135162287 -37.80212100186516 -26.254892981146828 
-15.428948478980407 -18.900009710055045 -25.34856767919633 -25.591760450525165 -5.825345294131219 17.370500248540395 18.50931007167093 -7.466303528495738 -19.36219441198522 -22.450261555566698 -18.255765758591167 
-21.603699897445907 -23.438611453775636 -27.296610941789 -29.159399272379744 6.316323101920464 14.711960557993855 19.108703318906308 4.865049036372873 -8.949118456475897 -11.672263136396424 -16.863019602762137 
-10.213641656353827 -10.079609194741838 -9.907386864183163 -12.489103472349745 -21.246779131165958 -1.6200365667974135 18.27083668209867 27.960346210794594 12.108596866938024 6.693233703945681 6.200561293205446 
-7.3254386043374815 -3.928215547001133 -0.5604597696565468 -4.971525611338928 -5.860503920641392 -2.790596307644133 3.635785602482081 24.90098489312431 23.302031750065133 15.802735909590872 10.895260738144461 
-8.173114871199733 -7.954866483432245 -8.621714676037424 -12.05677557068077 -39.101969992763784 -42.452959826782916 -46.374263638685434 -18.749981272162838 0.6836075977549011 0.5032291091320472 2.9351359731397206 
-0.45998057851025165 -0.5970761274705567 -4.552627805650673 -6.282408631982836 -3.2347937014619594 -1.9298503770779278 -10.753113177140218 -11.060160441348774 -2.692349100044818 -2.7937154745513637 -5.208040252093371 
-4.977872576550816 -7.870441622801057 -10.064059948255606 -12.236871326544371 16.085160023431076 21.777376557501388 20.10688297823416 -9.684706677948299 -21.632167771038993 -22.310978314961105 -15.988626416343193 
-1.5068623726715407 -4.148206182637592 -6.254818918002807 -3.683679897067942 -7.01652364837309 -1.2609812688055602 -5.122775120162268 -21.732638134347187 -28.405819746168667 -29.745327531448698 -14.340580668851985 
-4.2318572823745875 -4.198643489265283 -4.063536756197823 -2.584329501970533 -1.551334154458703 -0.5630790530368863 -4.607546809935673 1.7062424916119976 -1.8453139632193645 -7.320518199341981 -5.13114112373508 
4.535203419175092 4.991466980208418 5.982145969388197 9.845108146712438 30.999359178682873 29.372109879822965 32.96289727650065 31.711220843626087 18.629463974571152 11.319156373848944 5.154365777130179 
10.265143322286075 6.2737822222986726 7.224867763886198 16.787387779388457 19.31143336569596 28.921681303329525 38.97376729243601 18.713059600025666 2.303295892617247 5.913809392051057 7.337524693597736 
10.240491231782359 3.8640953162330396 2.2980185611070043 5.4248401234194175 -8.380237263421158 -11.679290634844936 -14.588544056487272 -23.562448343585864 -6.559311804573868 3.6001245613306594 12.212350774458558 
-1.882498778547006 -3.012508561983662 -4.586090262280546 -4.01332039715379 -15.907537203931728 -18.727810333721813 -18.30186233963883 -12.755721191850892 -2.5784748877214394 2.404940597311941 7.613706209781279 
