-469.10666834770956 -480.6193304612276 -498.77200248302563 -500.10546277827075 -496.4118183380027 -437.75731095925045 -342.2343688753405 -304.25983293140405 -295.7693386633717 -326.3236376085621 -362.06480677079173 
107.32857268968814 94.44630009199733 74.48218872274575 77.88856568893983 88.33401963301765 111.05191221275474 60.428428408374444 34.94509662979337 53.89888647294539 83.84312732355102 106.57550999613406 
23.453158658141284 17.582353786360137 -1.8970449320380842 -0.21559366826587456 6.972999846287273 5.2269817734849315 2.515085233270215 -17.081181828455154 -29.672894939159594 -6.875708919543227 32.659905708054545 
17.005344524979336 13.90967977465283 2.526819420112729 3.695055447243003 -1.3008469034216683 -17.22987160950686 -28.78790126300945 -42.36543038715327 -57.338765755537764 -54.7812559544393 -33.31552143701631 
13.918232851284635 12.931116138417003 7.3416027250013745 6.057113582306926 5.10736492397721 -16.65617063708676 -11.643766797908821 9.754315442596834 5.6487808961871995 3.0418650900806803 4.766139753995539 
21.866696689243362 14.200904270811758 3.666560810148945 6.361637212342606 3.7487885813383497 -14.946067023720527 -22.33311878233019 -7.57704606865315 -5.585233532481015 0.4860946315153103 -2.522414719953509 
15.51559111668658 9.320609647744284 0.5380425727805183 3.816103366432994 0.7579459723766254 -7.128436917680401 -9.142437474943716 -11.686496589434597 -21.820689224056213 -8.0153143887112 14.102843222321557 
17.0541608858663 15.26049738813118 9.30944953941799 9.188587603809452 4.067168976357632 -0.3872287049005821 6.407443990185071 1.6906009045581747 -4.357472530932728 -5.150797260577483 -8.199100607412898 
9.995494541670467 16.143560432168343 14.946607385661588 9.3870442910828 7.043007680290847 16.928177825597146 16.85554832215631 12.215068372068473 9.072486307844628 10.983041745732852 10.860092391419629 
-4.925689229324013 0.3823700542953982 2.4457373674676823 2.1810686707610127 2.81478716447364 -15.516682484308369 -27.347260639297843 -18.907072046841634 -11.255094517729702 1.0262803524299335 10.543207794438914 
-2.7570824562522462 -3.126605935220203 -6.005802636390049 -6.231948327599292 0.4601344607881937 -14.991626141906195 -22.293551650662913 -14.207518525368194 -14.494682290812197 -15.015891616069322 -8.86102369556949 
-5.608324926484532 -9.424207990199108 -12.095041505299033 -6.316250724935312 -5.887882692923704 -21.132095357545637 -23.17357339601372 -13.11198695511596 -15.139770304076238 -6.029372790920423 7.854247123129932 
-4.226341335867263 -6.342886964506572 -11.081251831707807 -7.3465166954152785 -11.713702073804953 -19.74005036140337 -9.44979640123072 -2.6683034802242798 -8.641173759737832 -12.93384812892161 -9.699613195826029 
-0.1792877389186862 -0.9497867834764095 -0.6045174676926326 -1.0423625610323748 -2.980421931600872 -2.996445834223369 10.473569507828248 8.286203863483276 -4.2730747482953655 -18.420565248951785 -15.065811160699933 
-4.623315060260946 -5.700505362097994 -4.498942692295292 -0.8563030788937152 2.5560801353498697 13.819771910819242 25.70234592786079 28.905206958229307 19.91302180513326 -4.681530740542488 -15.589274816743089 
-10.311814263428092 -9.384829166519962 -5.8730774861823045 -6.77448863890014 -5.785156644070422 16.024399698685464 20.71278176596816 19.862788489654793 18.57225494195493 7.657906879927705 -9.97431478107517 
-14.110758853315655 -10.900965038884621 -10.004010805732149 -14.952382305273506 -17.33479118707824 -0.7384785240978295 -7.239265670275043 -5.339587773113061 11.851817627089105 10.670386315909534 -3.410386966350197 
-15.395445181756198 -14.837374026213418 -18.12867395219995 -19.891830217149522 -14.24580939498533 -5.2249217326665605 -7.602044001180175 -23.30283180277587 -14.210282460870117 2.902643423094273 3.3984397766412435 
-11.327755988466466 -14.28624148863545 -18.72746276963636 -17.606015357711204 -4.129832206446358 -1.184631422801132 -3.1634874348187547 -17.383609712612135 -14.545530227622681 3.614778412333341 18.254501484870005 
-5.053231437154405 -9.208767056698287 -14.383657424708943 -12.702838929482756 -2.929749525963904 -3.6407914707616897 0.8785623223459624 0.025833557351737535 -3.752703773387367 -3.4164351035863834 3.9811023294140293 
