-317.9126015687915 -218.7151116995155 -94.76184247077076 -54.62632411475183 -76.78165896455928 -90.36737684918756 -110.24943447511964 -186.3530035037127 -251.5554103012789 -304.13266032016355 -317.1923372416133 
37.628331052478686 100.63477858269964 84.51543755452792 61.218028256616606 44.90965141867936 54.389768393509925 58.1658385965827 79.73295615553309 89.95943917667415 56.63278032075777 40.14084157202659 
7.115638888092354 -1.0921217181788938 -51.77560411619747 -67.03999470721533 -64.85253281071196 -41.55888835757425 -34.55480336852462 -0.2634741236527798 22.201635515294804 20.09362230553402 16.10699385824751 
8.040993693490996 -14.689232164582286 17.4000290751763 27.371296896580365 0.944008499620414 -41.84303398074903 -40.437644274290484 -27.89759959033906 -15.80955359881544 7.568137401166108 13.485515980764676 
0.9988026017215548 -15.408303590392983 -24.692928745874 -37.35804997809091 -33.76630780823034 -10.614099629905162 -0.6797193318672106 -1.7555875003832735 -12.472270199455108 -0.12284746763776172 2.3983799605730467 
4.1934210831515 -22.896659426926078 -28.871552711967702 -9.490420535615941 5.7708015400607025 6.7304531906751155 0.4791767165472093 -5.527080686442557 -10.080952639889698 1.0535083189437242 3.086876160362322 
-4.483145687679659 -23.45431990279043 -29.31262194984774 -40.95613352795937 -29.734043446678136 -28.41777442956042 -28.562575110046076 -27.627869170202608 -11.895267147067349 -0.21644120393169303 6.439190163369167 
-5.200018308249695 -16.164166027434543 -23.320810816697524 -22.623715045510448 -20.295018712011373 -15.616235470344748 -11.872185239392469 -9.43921436743111 -11.500242813726292 -2.3459206883832904 3.6561609881470347 
-4.590536796657019 -10.847079566709407 -9.170182729619185 -9.107483186567256 -3.5841983966944806 -10.742512532627472 -14.529099917826375 -11.28120724600012 -10.19992826523044 0.003337863340686864 -0.20458224123728574 
-2.4524213795902456 -5.267699087288953 -4.656115088403792 -10.07019982091169 -12.964531972670933 -1.7962238570460243 4.167092039389081 1.070232506868627 -7.185661997183098 -2.585538217256024 1.1424470883366644 
-3.578922991097023 -19.857366542218113 -31.151833294640937 -21.033765654765226 -9.06139865578951 -6.514719725351616 -9.221945766489075 -15.847494458664066 -13.280924996621684 -4.830162637816617 2.1445901364540694 
-10.203038861416694 -12.390444572610267 -8.75015435130962 -10.911292770196564 -14.606535618546946 -18.391640718681778 -17.236451178902563 -18.690958675045415 -11.791697192749776 -0.5153030545758757 2.4050449536280123 
-4.237002327059596 1.740188256624 -2.810210921157816 -4.516709019954596 -8.624146516625524 -9.817332126623024 -6.605097286631392 -6.1170082050393795 -7.497327105072731 1.4902578934291597 -2.753441830447601 
1.8509770039432412 4.813334082723648 -1.2382089771443 -3.5966297270294723 -4.503363280360111 -5.554218720516814 -5.505758149651813 1.2042942740488383 -0.26596967777087915 0.3741578168621752 -1.0813154561620428 
1.3100522526270726 -6.793508535268856 -6.347232475993444 -6.427978148004547 -6.638615281274853 -1.6644700165408501 4.1473489871398765 3.6283663187172914 -0.7226645947201018 0.19430366001062016 -0.7932307969485628 
-0.3791307471880173 -3.577907736322553 -9.854003766584405 -12.096502161569596 -12.45673201927277 -15.6025432955588 -12.562972996372666 -9.693915578267184 -5.1113139617140835 -1.550249657350083 -1.1657913622432632 
-7.395845115945816 -1.8740313301401654 -8.808937779630154 -11.402776485049271 -16.164926224795217 -13.987734142919194 -7.019565392234117 -8.346437255134703 -7.2464293207323 -6.2142423368383675 -4.464486638951725 
-3.7507296355500572 3.7825282450314357 -0.460673895986202 -6.212817329298481 -7.2417410831899325 -13.17792717627556 -8.830355480090887 -1.0463220484700537 -5.827671452127971 -7.473091908762351 -4.352524600622186 
-3.8072596435310464 -0.19590921475566273 -3.1096681191802102 -6.3625052537888855 -11.933897257522696 -14.034678377433227 -14.415519003153271 -9.265968625921232 -6.520146088237904 -4.074348667755137 -2.212800512386464 
-4.408509204227752 -2.099761404409761 1.5835973908440053 9.930166185422074 14.758916475723357 1.3854419866957044 -6.657000770052564 -6.527503055545337 -0.5031060930238345 2.882162005950124 1.6313395960587895 
