-715.8176270558879 -722.7915755920942 -364.6480766793744 -141.22290453813247 -82.99955791195505 -107.74126497082595 -161.48289822507937 -229.68478158103014 -285.1750375370892 -389.33519614584685 -504.96986035126514 
20.46116439963133 15.92633499783732 123.47746380411141 49.356839514533604 17.560780263899062 4.472249429737043 21.52361329024035 64.43280100701124 100.37725309876856 149.56168500493857 140.7081455970713 
3.3818797594195704 6.902105246652855 -20.77385275419641 -62.25622257124548 -70.34627533733425 -71.76911026790792 -51.276763684205065 21.611659552212718 30.098924136525632 19.624531643458155 33.28744399019179 
-4.073097638764086 0.5386195885687699 -30.14573653713982 8.645722296584596 14.572840692285538 22.273009506961408 1.0911058459684355 -64.57175886944883 -74.52028746886653 -57.66094045663066 -44.106935295687904 
-0.5989401000263019 -0.2191981719134664 -24.018018174650784 -25.390816721971163 -20.249939077458173 -9.828613626540125 -6.553371837835229 -4.755302257034291 -3.9028559050887823 -4.000772452640925 -7.203715285048815 
4.937305861822538 1.5921586524261042 -47.167580994510445 -58.92338289771574 -54.23304880621936 -46.94611586374704 -40.89795000997462 -20.23312669669447 -23.775294758529874 -24.510291404017643 -25.68202620534272 
5.507994362747413 1.9951544554992295 -10.305617472578652 -2.2990316009155554 3.944635933988579 8.57851067470371 8.935711362667904 -2.9189795068888067 -5.350730962816596 -8.254586739821626 -9.75148266012766 
1.7887975706988688 0.25884394395689525 -19.66501417761198 -6.771082835184723 -6.648879979111444 -7.577802428834172 -5.82749566854657 -2.7909405316036913 -6.096066582851723 -20.936743711713454 -20.75676282716806 
-1.9579355594790941 -1.9049544112265628 -11.445832829950248 -19.109401210012194 -15.472434713348466 -8.746179033771552 -6.3368635672250955 -10.643768593865666 -15.535991065258447 -5.862509221777202 -1.72400447548995 
-4.7570543791010484 -2.9835483245434986 -8.676133786162833 -9.931218029902261 -7.103174143831477 -2.124050080117977 -0.8967638622380567 -5.321575151865966 1.4080782775725023 3.8172924837329183 -4.039519305573545 
-5.048209096620847 -2.480025166505554 -4.742931206747636 -13.512390149482368 -14.970085633408015 -17.540989383116095 -20.773614620792266 -14.547144860551143 -12.056991296724876 -12.236736112985373 -9.57756728583824 
-0.7869466237300624 -0.5896204877798412 -5.214289507749225 7.194864466229041 8.398065124010254 6.548160342816651 4.867477395130786 -3.471346378969728 -9.610762036105527 -30.223288525517592 -32.91309879557736 
4.0639239479849945 1.629661802184865 -0.05894514191559186 -7.157662929914149 -8.10943669863237 -9.70927813887292 -7.914001368448509 -11.805367940855547 -11.571476891918248 6.616592105132253 5.42966507797757 
5.1422934119365875 2.4973645483017597 -11.23307268232255 -14.307669464443443 -14.593166107992506 -14.234186158841563 -13.294361778020605 -9.130978931201192 -7.320919794732316 -6.073484854600416 -7.310446995487133 
2.8209020760047685 1.26513310738363 11.170665790472272 10.905257007229096 5.732354587136834 1.0597886954451252 0.5978295922211871 -2.1877929890673786 0.2103598712878184 2.5419962934899596 2.910069286335627 
-0.8156657428229401 -0.8368734462635186 7.583238291414942 -0.4995816876113321 -4.894454941650622 -6.876070061688857 -2.9943238975005935 -1.9967088521915093 2.3403701244857817 3.9942769399518685 -4.829379565543312 
-1.9785213124998149 -1.88510074810398 -3.1746824688164033 -1.5987250279277117 -7.1487482207350865 -7.827593465358551 -10.148644654514657 -4.5865696035668835 -0.8162604725175333 -5.7394136635283886 1.8743940854564505 
0.23749934946082105 -1.3792747795293674 -3.0105816538228485 -5.502032449275088 -11.187122549323735 -11.019379715455134 -11.376648494281424 -12.006645885145424 -11.647846177248097 -5.856979168065191 -6.915908305574005 
1.24027622773393 -0.4570700439496157 12.73307838806885 4.5393563271659305 -1.2578399814191967 -4.966338245885201 -8.989100179538747 -7.461294774551021 -0.4201336694240909 -2.502201683672118 -5.990046745939145 
0.3615944664104885 -0.2510237026686462 3.1008554935423964 3.4480816269381256 0.21552958507422315 -9.419188728353927 -8.669004827654593 -7.701804252864367 -5.0517683120012915 0.040458827179059464 11.137737494688286 
