-429.51610266375235 -425.4316743636229 -391.49806258001297 -266.69845106666435 -171.5955573700511 -150.1772022852723 -161.99424936419103 -162.67895515646896 -191.43944054135216 -241.49525869154616 -311.54697987652474 
75.96333261665893 73.75446669763328 90.30742180009796 91.86723768642699 40.37081151614578 -12.276799071151913 -13.840312883503874 15.189050337387936 45.79200604267582 66.43898289236358 71.19792211989973 
-9.488015610431521 -11.424253294910077 -4.0070746635362875 -20.422354372598917 -45.98592068787739 -55.1382035227153 -63.02818267287956 -50.690594222787695 -29.410226006370948 -20.302078342743805 16.590203856705642 
18.589449065972538 16.900827479953517 2.122569150432459 -23.834983601401493 10.548658211530938 41.51481223860786 46.81559818802539 5.002359355548997 -30.204149515032384 -32.72511885586886 -20.314154557337396 
4.973439307045004 3.5931351552829254 -14.157018784648894 -34.39809722922193 -47.24318441237632 -56.468292484770615 -55.72664045849709 -36.88525363379687 -14.955050374281438 -9.832483078830316 -11.841264109967444 
-2.1463335312025826 -3.9315008512407994 -13.193482310558549 -40.15729912055265 -50.18542138254194 -25.390587856443826 -3.8008786085462103 -2.185544790012177 -23.668216626145693 -26.68737274668318 -15.671046878782443 
3.9223576304499286 4.497980708081506 2.878668862727845 -0.9680895266295777 -0.9385172214046603 -0.6750817126180377 -16.487489633350172 -19.29942632404172 -18.802913825870988 -18.352644658444966 -15.116375710962284 
4.853207157000487 4.085843068672259 0.4567987883553719 6.0296189047567 15.279558431819137 21.029532202369708 12.017953318586082 1.9931822856675463 7.795100150727879 9.179602050134577 1.86148435815168 
2.4798502295089646 2.302361828949074 2.967325434245063 -9.86402215335135 -3.8001392812990975 12.408627141414334 11.61075255577866 18.732056634229576 6.332001654944583 4.060757412144014 3.628199534428178 
12.618686615022119 14.266414487414185 18.680415539034712 25.533466915772507 15.487910462825305 -0.4382573316398204 -4.516917212816315 -1.2720943550662653 13.058651320484527 14.352655853609843 1.8507881184511303 
6.316655661301871 9.642600337335937 10.049254862981638 -3.383651015417475 -13.643341132965944 -25.0477090200326 -31.997613515956015 -16.245249724929675 -4.782716845044758 -4.740814317536143 -1.873782863305593 
1.6783796780332307 1.191812233906852 4.390427914014241 19.044435156998638 23.063132106661424 14.876188525101906 -7.148466537508909 -19.66434711992367 -13.98191762120416 -13.094566611571292 -14.526187771563237 
11.113849155900182 8.644119214346217 13.677014607659103 18.32812528754439 17.732708027255846 11.634085126117677 0.8609463907547572 0.3829032048731912 -2.6717386707628163 0.7514312843203843 5.392023946704965 
11.858771846699746 6.95423517457135 8.62738801517968 23.687063205785023 25.2199932860305 30.939179839217832 27.564093300409194 20.371944964649437 4.870463498941945 -0.6542420308255805 -8.803128475483447 
1.5450857937382803 -1.8343990965481083 3.6825696080370105 13.8080711471537 20.487308988149486 34.56900517528614 51.17341822416938 36.2526944035583 7.878186458899897 -1.7322679249461932 -4.662326754038624 
11.280751078326958 8.979074307770652 8.424638290732027 18.80934751891334 32.13288414701731 44.207620093413226 62.810607514168126 48.0033449403309 16.30234694396041 0.753852573630868 6.049522745222692 
12.562024740674406 12.709095801479435 4.780358724143859 1.1211973028324385 0.7153761392031704 4.90407851409943 24.11533518543346 49.190762007332594 53.250123968070085 41.577880805200024 23.472343615743092 
4.601364430661549 2.049913405839494 1.329405899325364 -8.146582711349408 -9.247884027160199 -13.836974489736793 -13.224989451114569 4.853808864497934 33.880143274461034 36.72628801400161 35.54520340731321 
9.109220464650415 8.815622251948998 7.349470094466316 -6.60053930168969 -9.553281668587257 -9.179967695030866 -17.290779506070585 -10.945232665145301 16.584502760068816 29.41814837318833 30.46545784493511 
14.872104734169916 11.887846890466587 7.125322633237624 10.48395811384834 6.338127714533917 7.749982366750543 -2.1539912524974922 -10.47179168643175 -6.309436345510996 6.706711905018046 22.900603515647212 
