-173.21885841080032 -125.21270509063419 -122.84396498466438 -120.71991131490161 -125.6126395666868 -183.50659561462277 -297.7784123558399 -361.93909766565815 -428.2139148864881 -438.5482771762064 -448.2687374620051 
-12.191641053197138 -69.68879060228421 -86.99854181904068 -41.35489365042167 -27.65183400806972 -23.16992606793317 16.245683842725747 21.40108161479791 37.57838746629716 35.33540821085616 29.17258316552875 
-43.44126450380726 -34.2906157621683 -27.06806622671757 -34.43163218857106 -38.95958010068796 -24.014899250268165 17.376038823071728 32.36703101717999 41.06888018841089 39.27914089386877 41.558925075492866 
-3.052406142271577 3.085591246367292 10.417803370474413 -15.27513650715253 -17.41215643968596 -3.695650454352662 13.837412075087075 28.34769892154748 24.18392593005192 19.220415941322464 18.154885212036795 
-18.787606720175276 -17.401993974237737 -6.293820593550146 5.848308654913557 13.737898521852712 16.241810999934664 -11.066827584629399 -0.3739865077352207 22.288045738340998 19.402891965594144 18.034984223369925 
-2.2289239310932323 1.6827395839845984 14.64756701295344 6.5677327662056335 -14.671103307329965 -12.284327995229114 -5.333090905432993 1.768234938021411 18.96104044919477 19.837102050182942 12.819936043087 
-2.1704681874765157 -12.42118319282346 -17.822093885180735 -18.71153740410983 -0.5915662156413087 5.789737944782171 4.163876456397515 4.795520533604035 15.10312723429691 18.033098089646785 15.121513544388243 
13.386764647595115 13.291498246290242 2.7643673436698264 5.497554212145221 3.438657967790665 11.518466216554476 11.825419018181975 11.793340672198246 15.117750754600284 19.778238033888282 18.831089385824814 
27.338810604796294 11.496706560627864 -16.524095354264638 -22.3063499714439 -7.723966455750885 1.3736376539880193 -6.907891159579476 0.43049683901809865 17.432485037855898 15.01826730814544 19.6087403182554 
25.537849213894518 32.041978054051356 17.881855168123117 -0.39079162756043617 -4.894541209880753 0.8128420321921388 3.5906776892509535 5.719231238167813 16.27974801060808 11.073167459476792 9.167895233977195 
42.78628086941538 43.01635500107546 39.20917144607763 7.1653353093448855 -6.519901104115993 -7.2685771665196395 -2.711036435220759 1.960039003327762 13.37070198732754 10.863965374730936 5.333135717817916 
16.583457293679277 30.246393177894923 62.996709925079855 40.888006025603715 20.302610346705936 9.235200324241696 14.970524818348725 16.917769584086123 8.942490261218666 4.5810622392573634 2.575629389695751 
-7.409991279942021 0.1686292239895224 43.01493201455219 53.0667958069627 29.88082750767606 12.948932149666497 8.926860212135486 4.690257739880774 -3.483430129954905 1.6601176074908888 1.7130911438032945 
-19.260870466201272 -21.3412990799472 -0.23897151005643902 31.546386044811722 35.80526139970421 28.542339566629625 20.87629779950659 13.755056320052828 0.004424359126120644 2.2022490157473915 2.241072412065066 
-2.1602645630839414 -11.20107205797288 -26.511427684293533 10.826005995207431 36.149436941033514 43.341948004818775 33.51093433031885 18.676662732290016 5.998720471792091 4.4288725440744505 3.329860593615124 
10.383608385972291 10.636980515560227 -7.827713388965078 -5.945777563487972 12.183163908819566 29.809564821967854 33.036723367738496 16.248130191340216 2.2688334585720416 2.5027744820028532 3.4835961383332523 
3.6126748403477293 5.723573753156275 8.385520514201326 -7.283765277555434 -5.531973613767154 5.757108029585251 9.405333942612831 5.5107207257624005 7.955878371073594 8.619314205174966 8.250664206986883 
-8.767888429816578 -9.512539784329267 -2.869420881865044 -7.6510271352671 -18.640764105377777 -16.30738302542791 -6.015791895075906 -0.2692180200120916 4.4287978892343975 4.762377749363611 5.339576745328586 
5.076444448253012 -9.68361077539435 -28.705123516929522 -15.625224083295095 -6.527148767550779 -8.99293877860533 -18.69500947380553 -2.397934181612182 4.811297389577551 3.849448908472144 4.229959255046348 
20.440452030955473 19.10813993740004 0.422008565181292 -7.961910008188681 -5.386359589898705 -4.324564895874268 -6.1367624228421676 -3.2113338770491406 3.98082614166558 0.6751915474840301 4.083372946828604 
