-431.62736779422585 -395.24977671477654 -379.33422598895487 -416.5447753642253 -195.4913142570752 7.459965639215082 89.60138766327458 89.67009883281925 31.907562431867255 0.0 0.0 
55.974432995474466 45.95778292404302 40.3073264717474 53.60729347966209 -18.53672139328464 -42.344419153986664 -58.12642778581193 -59.09269888361625 -35.658121978105584 0.0 0.0 
15.263288079388538 13.170320201347769 12.352432965543017 9.031175617626774 -53.389470678071106 -22.00777485011878 -3.8196308933593013 1.4439308326341527 -17.021554329708124 0.0 0.0 
15.933254672154156 13.765742162156611 9.463834731722745 -3.7972968883315183 10.67163485758169 14.124591685796045 7.407202367850627 -2.051176135487769 -31.627253660126534 0.0 0.0 
3.6931993486965506 3.0022779811411135 6.843005473446283 1.8816275493229442 -52.73686319494227 -50.998551644916574 -29.69876150693409 -10.81013990435072 -11.126572291135105 0.0 0.0 
7.334638734617895 10.909452930773105 17.5158802533412 15.3027835941934 -1.9065165321664947 6.796274477285467 19.340065316399702 25.099678107117345 10.622766115634906 0.0 0.0 
11.671249454597366 4.754667366789063 5.9087245129913955 10.741431323754092 4.357152468031003 13.426213987392703 18.675499802322 15.898162692112049 25.3337786869399 0.0 0.0 
6.3234119613673485 3.734494151994823 4.824319268766292 14.055668715486274 52.78989066550641 25.63440931011007 3.1773980716354746 -3.8195096869117693 21.795691686367626 0.0 0.0 
-1.0085080704507896 -2.642434399436902 -3.956291009501865 0.38863775575950205 32.25677921764659 14.320433240077566 -9.072321770386386 -20.66538782239374 -20.88397309645625 0.0 0.0 
1.9075014585084964 2.6326759064896965 2.8984873423527198 3.779450650677979 17.771925436833833 -3.4383912193333575 -5.18839581117212 -2.745098807565719 -5.98925476780055 0.0 0.0 
0.2370148740074998 -4.123543409340195 -1.7368846388343022 0.8765208822997423 -25.868455915703578 -28.84938743792235 -7.1027722457107165 7.907338049744329 16.02753507490999 0.0 0.0 
5.073800164177122 3.0471095026227744 7.230060614252365 1.5890745362568501 -24.884381494326007 -2.903525097087554 9.810760036642872 7.304149800481163 -0.4850767965510334 0.0 0.0 
7.216683545779178 7.104967969701009 8.52616973946269 -0.297484235998064 3.315544300270269 10.844643930458435 1.8815523098789817 -7.600908894879114 -18.215513394012667 0.0 0.0 
10.149865061603604 5.876637344919308 0.7532113527730073 -1.3625130058723602 -9.828253178106404 -13.2240319143886 -12.983957407583688 -5.6863134027203035 -7.011402908729783 0.0 0.0 
5.533996911487191 1.3552437653511658 -3.8348265482144166 -0.23118135397425676 -11.515151303034905 1.0578212853821818 5.366355166343764 5.047228275297578 5.12071525920756 0.0 0.0 
-0.8566293001402625 -1.1522773462998699 -2.3956181991540673 5.064046468535007 23.129484878734296 20.470713758709365 10.458604227646823 -2.758826797429849 -0.373747874087073 0.0 0.0 
0.0640757039771288 2.206445395277815 2.915194413826633 9.11895952959072 18.287135206218075 -1.859531653141639 -0.5813527989940932 10.205738987405258 26.124245827263437 0.0 0.0 
3.635441272552649 3.9495378957393297 2.334866394183154 1.3553263331639596 -14.777803425217034 -4.3250461851605895 -1.4893974076692222 -2.2355332242731736 -2.5451951626148333 0.0 0.0 
1.2136656652468165 7.050788958753315 5.429854569056775 -4.998394764938766 7.989176341716837 13.637845928232279 2.937134157187474 -9.928567101344374 -11.539306840060622 0.0 0.0 
1.2433397292095063 1.1559184491427499 0.30730727610875025 -8.403170519515008 -4.163247049722358 -12.966141579663939 -9.099144131999378 5.683464748310659 11.424157214529954 0.0 0.0 
