-429.56873071622016 -428.54726064589903 -340.4580621531392 -204.82022808576494 -144.4503910473164 -155.56977860528514 -189.46082136052786 -201.75125737222112 -255.8279872654684 -316.48713153206467 -360.754596222341 
23.97669120239168 26.836051156874372 76.24063384295252 35.32981785316635 -23.43500713599216 -37.5277849043211 7.2608932953412815 22.69315257129382 39.563208048674 64.23234868761307 42.53290055842156 
-30.881711547270168 -27.874396477146156 -59.60237115062772 -77.69808396061768 -56.43071548234745 -49.29674108699978 -56.315425926681854 -54.50072967135958 -36.122133912473274 -16.650945972094007 -12.84215116676572 
-15.861784266235466 -22.602655183828546 -45.52224807877674 -20.358922221201304 -9.814255561233992 -4.444372645776916 -18.199121225661553 -31.718561106419507 -32.17905140765884 -32.06956053877451 -24.690317295727873 
-22.54158291415144 -25.243445906022636 -30.64785904884629 -37.636723533990576 -34.5315671155516 -35.94102571947502 -18.921124439752774 -7.056373927164681 -16.56903876427767 -30.232686710146705 -32.954347663070514 
-27.49060301913068 -23.05388732845252 -37.993730916369785 -33.47809114227991 -36.14150691781635 -40.735197872371714 -41.383873967130654 -45.8434640701142 -40.634933011884925 -31.249235558768262 -30.988817157363258 
-8.172362130063082 -9.945997794375936 -24.55730338023722 -40.441958912393304 -41.88602700711371 -41.61559985079194 -45.33176206807269 -42.509169411357746 -36.33161806764685 -21.249059749821143 -15.86133512624222 
1.8471413186065757 0.4251761778159401 3.0441443052098256 7.707357684457972 7.675876196092473 11.61224022269824 17.20447106965674 17.394209665380878 12.72896546183035 -5.124612659994306 -3.974057677250183 
-1.800535737423168 -2.047779249925185 14.984701481221084 6.974597826345971 -4.391006788337979 -7.735527071717318 -15.354345758651734 -19.458918540657884 -16.400317776807015 -5.377928647254163 -0.6741947456296109 
-13.03759154662194 -12.913892264610139 7.494710267191688 5.564849962600716 11.788254968916771 11.779658743727769 16.94652910167717 12.27888667563832 1.6213261352110244 -4.487138913785572 -3.029740552822094 
-6.854753667415373 -8.177235848201533 18.39649529112682 30.302028538169644 28.882077841094926 26.55451128154907 19.65355725805647 8.563849024452345 -1.5570993923709595 5.103576326921768 2.356911758936191 
-6.347786488667434 -6.882536246513146 19.463638528236302 16.623174475262907 18.61053172380098 16.781813043698047 24.28434402366514 37.173486602416894 34.44843307793679 15.74532930937337 4.055268078234521 
-10.2472382526805 -6.742647852124348 -5.285321118786451 8.586931640216505 12.669107695981321 1.4671791295476033 -8.208097101118188 -6.27609125532079 8.49610988853221 11.965861504676461 8.414970328173725 
-7.798357841643977 -9.035222348047494 -16.989210160564227 -21.970596138493832 -30.057401013800067 -41.68314117905541 -34.81394075913843 -20.4127288542749 -11.281241533024438 -7.750838502073755 1.4882514034014815 
-3.458213751265842 -5.801282166263986 -11.484643482130156 -12.490967039204595 -17.81115758609831 -18.37587209920893 -20.26748603108046 -26.932533591747198 -27.3319257986449 -25.086748161888195 -10.574864884930065 
6.126007727076148 0.7024059818104311 0.3485046694278602 0.6104991535479702 0.8156367227961778 5.928426054339452 1.5066452903432732 -6.486914994754225 -16.31584707960615 -15.581663290409729 -5.2679286773508345 
8.935335731576949 5.107581728902593 -0.591353270480884 0.4821109326481059 -3.7138923780094815 -7.339034270579285 -8.780639142858046 -1.5403538107899055 4.826432725660883 0.4277481603745368 -8.023352944814635 
4.946962326893231 3.99297335833049 -12.247111030157264 -13.427265643119298 -17.113892258255788 -19.68248226162614 -19.484146250404468 -21.37799770117224 -7.326620861176762 -0.9522997086784093 -6.549112705143669 
-1.6906821557917864 -3.5728127024595544 -5.742758387306003 -9.945087117348562 -13.881190899959375 -8.167339543481958 -9.384382679965515 -17.285033507273766 -16.90250265857003 -13.572254083092197 -6.013212700919029 
-2.9049473500994125 -7.264373032038541 15.49275506287676 13.05839916595206 16.589591541641063 26.623549785576284 14.052640322949912 0.24808535783122998 -14.643883056148365 -14.10690724313693 -8.421189475198759 
