-471.7193442586186 -469.45784501864983 -454.5152971305951 -250.02488724245882 -133.59598649739365 -100.10805912759301 -113.24458901376329 -160.27346241754623 -242.896877651099 -376.45107329679087 -437.37994704064147 
116.6944634808542 113.8735670287988 127.13208930682418 98.12860216477901 47.54433520933232 38.72442525101727 66.54023197963426 80.23815744207468 91.72906616183937 117.79639388125625 111.55587845711642 
-11.612941766716496 -12.286184369514958 -6.222049826767741 -50.991542790788074 -53.12056995599103 -63.818860952736934 -58.98415989871544 -31.022602266787068 -20.413096048366135 -14.735139160604689 1.0206796534916855 
-2.3060012288956098 -2.8156433284761544 -6.866015759157856 14.972598615640536 28.827173298040762 28.048708332974716 10.275458477192124 -30.17551113957479 -44.169315152641374 -19.685096836422613 -1.3530987520779503 
0.7974851554847808 -4.241284847273039 -11.608368424953149 -9.347802126914987 -16.957583176015213 -14.578938558320456 -15.384651602301862 -2.1860981584457946 4.054678165512937 1.7764291083820989 -10.211110752498708 
-22.329002837732162 -19.727102137373908 -21.357261254373537 -29.356618493483133 -17.97879544506329 4.833249351751686 17.81546945158029 20.31677230745167 15.270925126530836 -7.528689349591165 -14.900072538621316 
-14.719583971643377 -5.9984006834133785 -5.1388419244037316 -4.312777152431892 -21.068645979249933 -30.548279329619 -41.85762279969782 -51.30321865820285 -50.885119241568006 -28.88611917106921 -13.645429149595426 
-7.722103214434269 -10.036579081942772 -15.643158779921304 -14.70035433781247 -10.374424678332018 -12.312045342517496 -21.571268045612406 -22.85706960841118 -9.385281946822825 -6.875805960783015 -13.14679778325645 
-7.545233147476928 -11.021618467227682 -15.314353432528343 -6.566381674997234 -6.427156049329494 -10.60833395955888 -13.46000981028898 -11.052307844191155 -5.968708356631623 -14.774417304196065 -9.600151868271709 
-8.966604912619825 -10.875831257896943 -9.715386778032958 -22.965217232547396 -27.022046981580043 -34.861233367557745 -32.524137691233264 -18.407381336111396 -15.526668719384755 -15.915426249417159 -8.808387620600525 
-0.6330426329816239 -2.342980748149807 -2.176157531893983 -0.9668241321441033 5.640759527667412 7.896460686704109 11.34228990088586 0.8768210330432016 -3.2922906536438834 -5.362298218169551 -2.602537699933143 
3.5092537294873534 0.24153379256632768 -2.797052537456445 15.216952956123391 2.5156935389327577 -1.879993394381278 -3.5321623881586746 -11.264308343170423 -16.985659009910744 -7.691194033657299 -2.99353373385745 
5.833033527374889 0.9308607471249215 1.706918266971841 -1.5896567862897004 -0.9639486833944383 4.457104438411928 9.285577010156828 14.891990184847867 17.897602955746617 8.360158368581473 4.4086592833704685 
4.190237231585088 3.8914997630126074 3.453687660281321 -6.878234497582914 -9.064800710821963 -8.265007582155752 -6.701829567089495 -9.010772160685349 -9.731678103413746 -11.547133988045172 3.1191577947636233 
5.080520213257984 4.066574381808282 0.5266310994768952 2.820732891142496 3.0387214490481855 -0.6546681381351094 0.7085347918069503 10.682317391514218 13.700559944005356 3.894891897635154 -4.3204180702666495 
4.399256345691535 1.2545458242812495 -3.5571229709578214 -1.0172119670735291 -2.54983533874298 -7.393650735434498 -8.634867316310299 -7.037559609819286 -5.130833531653154 -4.047972266391978 -10.21366272723256 
19.998863374424687 19.812936673611848 12.158718923725285 -8.21967571436804 -6.78710433035713 -6.835715273469606 -3.0617266645199788 -1.5561963115038409 0.06280706839585704 -1.7978497339333912 1.7529460386239257 
14.323394005425943 10.432043247213223 0.4185166763839909 -12.047916611261419 -14.331228476504627 -15.153495383037061 -10.392645749967937 -3.942058830112941 -1.8443456540177245 -0.08834083216810962 5.22905114546776 
-2.691696151207476 -2.7523581074004966 -10.048430489871759 -1.0398913331209916 -6.997244721137903 -4.266758936086276 -3.4719686399461978 -6.7631293982009755 -9.61278140308568 -8.93816197676123 -7.4541175574134435 
1.678659663318913 5.051829334324369 -0.23287858774784387 -9.952384076340927 -5.177009143453964 -0.08087652208928997 0.7959574817374151 -1.1020169203117385 0.07674323608697935 -2.2154831574018403 -2.5406563759826737 
