-318.10993091449654 -252.78121769794095 -202.7850167644135 -222.2435172188437 -235.61326581691017 -204.75653820604813 -220.1082820206651 -325.0963359931963 -487.71267454482376 -547.2510068641826 -623.24644218013 
-49.447774435311736 -86.26817330544657 -97.2477196688823 -94.7640422087235 -62.572022263421296 -42.55217474540589 -37.26170040776071 -35.424953397708165 -21.04414153395981 -17.56770463104484 -42.60220739189057 
-45.363265333881685 -29.80104069090057 -13.947276589130613 -15.781694410685077 -46.15620020654448 -39.14990576197239 -41.59240202099876 -28.5795041965642 -25.07721415284731 -7.458710785184863 17.201551211825134 
2.1128107776969767 11.866255987501743 11.603223544200443 3.2216234211155683 -15.10480803147528 -22.776718058496975 -20.023816785450297 -19.483426770910395 -37.22950596409504 -30.375294375647947 -16.45729139485509 
-29.44629587529596 -25.855003525889565 -24.8365669636817 -21.197137611083626 -2.8587760282258827 13.065706334610685 14.670610951063814 5.0004357355873505 -26.94111778912379 -26.141722102551313 -20.965362149608843 
-20.81762118151995 -14.458225966178297 -8.972289442921452 -9.848801955374256 -10.485903544100942 -13.75241790348448 -13.308854825463296 -8.516606738428948 -0.7203934779867813 1.9550785775152506 9.949134284374502 
-19.00646868459574 -16.892136124305893 -5.507475376338496 -7.365224315547509 -29.024291021196113 -19.369005354824136 -10.58123109615385 -6.507636268793759 -19.079389954348486 -15.231045994160613 -17.194868656721333 
-16.451841052809684 -8.103190360353537 -3.239829656498435 -4.013342981132523 -0.7173726216178156 -2.065537843390707 -1.643058173541787 4.5873730471132745 -5.823942664704804 -14.374559666937095 -5.0074667557777435 
10.502795092912214 16.76584908491941 7.885784342590038 5.6932346227035575 -1.7604249227200854 -18.288453990205312 -19.603712900359973 -17.001285375401757 -7.49947976627247 -3.923926793996583 2.0058333169135976 
24.166768506640025 33.77480523002444 23.972458525611238 24.981518694145187 24.042557622060002 2.1902529989395814 -10.114797926682702 -14.383670347696555 -7.250945970679528 -9.518803405243908 -6.722464741661101 
38.09487454079809 41.85855523072582 33.29025859788219 29.128820453816342 36.291015237150845 22.175274606824143 7.894200170874873 -9.996089867218735 -4.4737713841121 -4.452722496015016 -1.254894315549484 
8.718030583743511 5.836813387342499 -1.5434441744786613 -10.614896723202726 9.84633929016263 32.68109134216249 33.78703790477417 15.933248869197602 0.201745623591971 -1.5860932360586852 -1.9464626198824586 
-15.549912347675575 -20.529891738250335 -25.359022806124884 -30.714895774950662 -16.656289977974225 7.348279946056062 20.15267544000894 24.470060713037217 32.39444792889711 32.75565042266172 12.83077361303933 
-15.603853864952777 -18.89404242814579 -24.5090311843611 -24.511696181043547 -34.28404500623098 -11.928164519722985 14.861284913921093 42.7422373133453 36.84493930108404 33.05594990691162 10.696613485030419 
3.049208429849231 6.680563696021584 6.216317346006739 8.69583339832204 -3.5454510272698565 -19.577655710028466 -15.139293658992194 9.236769365858382 35.25725446052215 39.89310808829218 26.942464557125554 
6.969587811541431 10.783566283743589 7.437841878223985 0.6996266522004218 4.650395712992644 -5.693417966333756 -16.2954710110584 -22.782821594248503 -6.603087568234301 -0.9076583571023632 4.344760101366896 
-19.029527046047804 -20.316488645119584 -24.479210370513975 -27.890462302586116 -11.314668733135518 0.06849927410341777 -8.056535684928663 -24.837089195921706 -15.79201321669459 -6.764696499926393 1.2278803768248419 
-17.2930564410291 -16.26694205178991 -6.622336793618185 -0.5718556820889342 -15.68495842653042 -16.752752454385757 -8.666988950631442 -6.600790142112145 -21.366179560098207 -13.339127384342197 -8.151371331637316 
6.715997860850969 15.267348753648347 31.14103057835576 34.91300996816328 18.283284674212425 -6.685247529996775 -3.498077577634144 13.990608267517267 12.917396284818679 5.003778713761178 -2.318853370205444 
25.502580077808084 31.334351629271904 26.309734118356523 17.131419205074486 22.12117179886787 5.611261172430908 -4.738103927880827 -5.459301757271831 8.553468128730746 5.475008940743575 1.8206133119864005 
