-606.0005220202477 -503.0938932520352 -369.6298583304702 -331.22545765727637 -333.67916297332977 -316.2884137612898 -317.2122138095766 -343.7912243805757 -371.2533156336481 -436.35563641571366 -512.6918696078483 
84.88814284583296 95.22183317901664 28.409572717562362 -22.077094947186133 -42.359690575172465 -25.880695094811788 -23.217364932255677 -11.537019540351109 25.55198062761431 77.4732568648538 93.46770783104039 
22.013787153257162 -27.529188801169404 -43.50142994915494 -24.284909621394327 1.5240101830473916 -10.107164485721716 -30.93821715481692 -34.6794509490919 -35.58303886028921 -30.21099173818395 5.561775163542837 
22.78371362159207 -4.158477697045365 9.241024344698904 19.469863282914503 31.502785017406822 13.53640332578346 11.29561220469537 -2.8734448739924456 -19.114459507562053 -10.539287957778416 7.89696542801096 
10.923388587343254 -14.329788223466853 -27.442266276676868 -19.323485063757023 4.8516416940770855 21.74423253223525 28.091002454230292 26.48834125721 7.645780551026564 -3.2652570475825566 -3.1731655213528063 
7.917944577796414 4.573916146932359 9.668583257190093 12.382955102340585 11.728839771786072 -6.3819764107518555 -18.65169941755076 -17.04874546844323 -14.465936568040654 -7.798264901518712 4.071034937696911 
3.643880010811279 -9.278526128659443 -21.113077717636983 -22.4075894156573 -13.524579847915314 -12.914986662410186 -7.052173994403957 -1.2402177721352392 0.6855457050230579 0.8185085710372897 4.885401746910253 
6.462022100762985 -2.0764619617799225 -0.1851170849209124 -3.953063240442417 -5.4905884903586974 -4.8508143774501065 -10.945156864284964 -8.973605419221244 -22.894035142977557 -27.073088782743135 -13.943398261083185 
0.4054497433999342 32.101281075527105 39.22607056433448 27.39198359726777 7.441354102308431 -1.6927467487690517 -2.0798807691753627 6.701163912701494 1.18409753348004 -0.7481261722681076 -2.9418532999945284 
-4.921251626765769 37.0406584381758 43.04223438955803 43.85168942877116 35.93411980794836 36.75334803768638 29.13346734802876 18.421206894181744 24.55211098134351 24.857603342424685 16.60532073088178 
1.0744724796985248 26.32893810478818 35.89462415785145 40.67241109321424 43.440538273260884 44.478611251661185 39.51360127121758 19.520592890827658 12.971919006804102 21.81582493738919 24.669910136426882 
4.113944104419017 -15.4646007991069 -4.599477331994947 3.3030562066541047 29.303827514030253 45.70336171373921 50.65574193785093 40.02613491553893 35.53840231180037 42.9427421641644 19.397972489052897 
0.6697082832979508 -22.23050716639816 -20.301712797534755 -15.585164268533493 -6.575991283332636 0.1719719460193334 8.471185020272884 11.752119584781259 9.916510317268134 12.197917505922238 15.76883651021953 
1.0647064744671686 -8.943614146497978 -8.233313487105647 -16.77500783887799 -40.14402918357442 -40.717321929315034 -27.313080048158618 -9.080746071245539 4.304799557150991 8.763737652841117 9.549498218030724 
6.719048079805529 1.5454875766541347 -3.764496321497248 -3.6566982805861725 -15.211937999382966 -25.542221469245597 -33.4285737994911 -29.971307191327092 -24.83459386384326 -29.335582983416508 -15.993950021350628 
9.826844151104812 13.625539642317246 16.578809819786827 12.638737192011176 15.090098673213827 11.481205536700974 7.637699986547444 0.8216357416365907 -5.350939658474404 -2.595157015233187 -0.9558067212551196 
9.849922093162533 -2.0748908282467475 -3.9903468268870848 -2.404803162951165 -1.1298793141714012 6.835343339252265 13.785927720823343 13.724124584583574 11.199569585828787 7.398385850772259 0.9528103546221953 
7.290837694107463 2.0490890525864502 -4.8581541995831685 -10.200182205928154 -29.748320861689393 -28.029442180759993 -19.131440245672053 -5.182138551644607 0.803030981349723 -2.0153593619548205 -1.9220133399814028 
2.6269253009028164 19.6179923127411 16.62048980361807 17.692084285680416 3.1620263855857713 -9.274765155984195 -22.964489549748638 -30.947695136837183 -31.276045787848552 -25.831844008671684 -4.635292619062946 
4.309743394038393 25.51999313738088 39.23349338826042 46.62253021784662 51.255143722496726 45.365638474070636 30.882991092666312 7.47466501357534 -4.462064426027146 -0.7888484645781585 6.276612166607368 
