-622.7936593554199 -613.9693975488933 -383.1619997604606 -226.70030701731676 -198.49939333854752 -203.84380196431488 -202.94020187497702 -256.89513609981634 -369.2401991095524 -575.678123049111 -610.4907780447636 
18.658434542722333 24.025916843961383 3.135935671552102 -47.76256526615745 -70.87798799854383 -61.36351363460524 -36.96919554355071 -24.663146557879983 -9.796697027307054 39.49232501073799 28.428357578037165 
-41.247795938475996 -39.53253218034283 -81.89149518161408 -88.90063655944186 -94.532801215235 -99.1737239737072 -82.8575622321224 -81.04728935381385 -75.84165916593963 -46.88346630232274 -39.153912974279095 
-26.900916828767762 -27.60458648145794 -10.453146640383117 -6.9482872662547575 -9.82113166094107 -30.974384310007196 -54.63762517634895 -49.60210099695155 -46.72847343247153 -47.57820781219239 -26.616529256845727 
-31.39186250190472 -29.313897678464965 -51.97236950429113 -72.88739530810551 -82.69851805665958 -67.70282114413028 -23.172879887480228 6.848734222540738 5.704637607589216 -42.25809118729876 -28.310995977647757 
-28.067740966810906 -26.82474240118303 -26.27949646969045 -21.428767431805444 -10.118302461374565 4.293670078218627 -6.778495144283623 -30.604457604519926 -44.96972899264034 -39.87380166097396 -28.34256825399303 
-19.597940513253945 -28.738456867916582 -36.279255613927816 -48.81155892462458 -57.365706858032716 -62.363671804050085 -45.2940988862385 -15.946869655335995 -15.927671425771837 -31.189468545248808 -26.201952749055536 
-3.252619749847462 -14.210263145897326 -20.64907949210666 -14.795069496132797 -9.009312885737955 -12.636084594429867 -10.63379152584683 -3.5281102541186593 -1.0372791772879586 -11.700264019438242 -11.639502884612293 
3.4679972816613427 -4.67474936391824 -7.78742776838556 -11.43125980232831 -20.374631518916615 -22.56319132802387 -4.472416059339629 4.252485165695104 -1.383765338468441 2.7648567546127323 -4.169600874988038 
0.3617516380969279 0.4929737072749776 11.923164072113748 19.13933155397558 21.746963527050145 12.371387894898454 2.8149119934563593 4.908293142470041 13.635224080930893 11.534838569330688 0.20738296013063917 
2.166942373140807 8.855856499349269 21.612788056438873 21.19553800133231 29.89375757328432 33.63935312061616 23.675225484057094 -6.2267626419943936 -6.547562647110072 7.618391194117541 5.732558874058281 
8.044780620318615 13.182637430645219 18.413370256633208 20.66321635050675 23.709385671563865 22.957609673530705 16.02516022339506 9.223406848595125 8.421777060185722 11.250111508169677 3.5204023291447397 
8.46016601056516 11.809524305782027 0.7174706403407811 -1.6211187171125823 2.4171780021647864 18.132848897563385 22.90089417840871 15.829611441837223 3.6202722132425054 6.931745615838341 5.233782856228139 
2.4726584155623024 4.526808068708359 -15.77163740478572 -14.068802695776672 -20.135607709398926 -27.131738917613923 -12.062649084089585 8.618645544278891 7.242382214605671 12.174487374888614 7.678443602467473 
-2.3537342394497216 -5.3700484926964185 -10.909736707945566 -9.388969369884553 -6.6523410298655 -13.533807182982429 -17.584694642334927 -7.645799870769449 -2.363079306862596 -0.5347167389362951 -2.3281293918359975 
1.4101765449634494 -3.299853330153394 -6.292006685954871 1.3766293424242722 10.536992167553983 7.117178782231866 -0.8364979782955719 -7.116321508909316 0.37302622832870547 -2.061685001012857 0.7335855152721716 
5.4598269691977235 2.125207136898196 -5.957750674373021 -3.118346556621261 -4.571983802962196 1.7206393682153216 -9.754009830595322 -15.340344119378798 -19.77562306336559 -8.75897473718169 2.0511057471945584 
8.217646232961721 9.624056839964677 1.927878445559711 -1.204278404073804 -6.758943444638291 -4.3842608805106185 9.929935475113403 9.99517759294115 3.79547735647321 6.341319544316075 7.937862469509013 
6.3065410385696214 6.969480654885466 -11.48737024669618 -9.571179684624944 -5.519501624989709 -4.623092763587358 -9.488842079530533 -8.636215861742418 -10.831654988615865 -1.1157245582986115 8.222609763223037 
-3.8471166855660437 -3.330535623546469 7.940970952383019 18.200663759762143 30.820918350256026 25.716175466296278 5.386383026370486 -4.31791226207153 0.5777004205975601 -4.02816350357903 -3.9190947896978376 
