-328.95246958046573 -321.2278523126339 -322.1134197570224 -331.1557029398126 -319.32313795904616 -200.56375013468028 -96.73378901149096 -65.51855245567765 -98.64336708314988 -130.98634622303499 -157.1137293397122 
43.84594270570592 51.319020861378704 56.1673868844947 51.954627927662 56.98924481882556 68.1076240389229 37.82457020158297 28.23001800621514 40.536711611421026 51.06181611865529 70.69211438262892 
-7.896653726740638 -9.292595471260626 -6.621930633167501 -6.5969631175981265 -9.199774864511186 -90.22308574748703 -115.28318889333296 -110.92593698744611 -103.45331740451657 -93.33535969058364 -73.79538455157513 
19.40244576646458 17.103650939578962 19.064447171908427 20.693890887407665 13.806504163024798 14.812659519154716 22.632590081357602 21.29694036114892 -2.147656356902814 -36.950359070918665 -34.74357408770562 
-9.580737297407454 -14.886084647391318 -18.710120238615172 -20.90782672085426 -27.289421945044428 -23.536603766988726 -17.45177337977701 -18.641510617564627 -8.939223955496121 15.484542729852032 12.409117995976091 
6.92007049365211 9.597204161253558 9.118099238664845 7.06195344209219 6.692379212910833 -10.873139353527012 -22.348753741014058 -11.378152445626746 1.1404390980680852 -12.948577650734912 -15.895875016644332 
-27.743275562401017 -27.08133989401464 -30.448174495790788 -34.56996107302131 -31.12386123393606 -23.97962272564485 -18.965600416847703 -25.896460001573153 -36.246039411019865 -36.20625857990769 -33.099194547055866 
-17.357940431489745 -15.294801636066445 -11.651841663320102 -8.78010857880874 -10.339663794311164 -17.647839099490735 -28.624945621436854 -19.54344173431584 -18.45174740567134 -10.434881022680695 -8.725798882582435 
-12.784926269317275 -9.456476043224733 -8.32176980233814 -2.43375468939448 -12.73794640665795 -8.0747183927419 -6.821362240945065 -6.65903286964218 -0.4864002897882825 -4.388221199172378 -8.759938002408315 
-4.045289940886994 -3.9922961032571322 -1.8419194351727446 2.290746844081953 -8.463873096001084 -22.366028935226353 -30.125334863184403 -21.88358199583638 -14.255288149112204 -2.8275812396857343 -2.098093503994724 
4.53980237134523 3.616910592088142 4.368439023586631 3.9587189953906305 2.635248117401443 -13.381611953007905 -21.944131589660053 -21.015073650283988 -11.253854420896037 -0.8791085938139904 -0.5546018774884245 
-4.4971826919018785 -8.360744258351556 -9.010270393780232 -6.4067617663039105 0.6267752289406929 13.34195891264714 16.95403721961779 6.499190920391657 -6.608250102404104 -13.778990783915688 -13.793819391698378 
2.606948218852131 -3.3384137880413705 -4.167993725708499 -4.697587633143893 1.4107378488722793 17.385061711170696 6.385331278723774 -9.534073378124408 -6.306810688247961 7.981867165033753 1.5652011944027555 
-5.045138515142206 -7.094524640176521 -5.979944439141954 -6.366182017547311 -6.687113891260015 12.609467172867578 27.746174207200497 14.707166712894683 1.2145478544344606 -8.826948834967308 -11.845465290592308 
-6.426346882301892 -7.076545289387182 -6.534070354206692 -5.2740195329052 -13.020303415605849 6.044145084063514 13.585620038274488 6.621511582745005 -1.4868890085341435 -8.076731176211737 -5.306787872670329 
-2.193984446789274 -5.163579800493285 -6.377141487266682 -3.212309597931539 -7.014202632618389 -19.55647816783584 -1.8000019287926508 13.763964517110642 4.26366816143505 -10.18422884497317 -3.3309519288759715 
7.589608689568642 -0.5995321835484113 -8.82744709089976 -5.645920026112838 -0.3161935985475602 -9.48305331224832 -5.45402972018862 17.777405287691845 30.940071167104172 24.082574051244084 26.61786065352405 
5.862460654649651 5.299453103159728 1.7810433647357677 0.04724718617935908 4.095405078387889 -11.37321547446125 -17.928266110506264 -6.398572677147294 11.756455067265463 19.79322525154399 19.45150138643224 
-2.8608287037695757 5.060339544020101 6.968578041234659 6.082878816243697 5.620042181287345 -2.310534149090029 -8.746435716101896 -15.552215891054802 1.690707905454483 24.13593839834337 29.699204208089107 
-6.1317222472204 -2.4346736850719246 -4.852756804235268 -5.6492436870325315 -5.300854228031961 5.050115940754338 2.515242577327608 -11.289066300810948 -26.073048861650804 -11.940564758362022 -1.5969267988172517 
