-215.2984539671203 -176.79385139559827 -126.78506342885434 -87.78485268870566 -103.66929989128958 -146.0303711081074 -176.39980951280893 -215.77797667912228 -231.7653199732754 -234.79377739112067 -233.16397853380255 
44.93172912803399 46.45536410550349 23.510182515560654 8.314717495634836 18.724753939319996 28.500987120202232 36.573721314419636 37.11837688043454 31.46614843425757 30.245406553203686 33.16866570016082 
24.158692028957596 -4.504639873791522 -38.7602119569047 -53.30162289838903 -44.99183787167822 -19.64196429706996 -4.973954096916286 18.357274625359853 28.109277587516196 25.768124716549814 32.57986621316643 
13.823231517179323 11.629361388636276 27.250032654051278 29.198863118668186 20.59959194756412 14.613452027774056 14.389026588599535 20.246364090958238 23.840223400632507 25.19596793523669 29.30615979813856 
-20.4840079537597 -23.178196466521634 -25.100496391735472 -18.542637593245615 -11.33478535809015 -6.4108066694941925 -11.948317163063972 -16.22380624406268 -17.4407218834142 -8.329889124388233 -0.9173001615557725 
4.356496334381758 -10.443825151874345 -24.997456513384854 -22.561600509723334 -11.235734390054436 -7.756273722024863 -9.716033295804053 -3.434711463931293 2.223413418979064 9.302478625502584 14.698474621254672 
-2.6800348562776146 -4.373897890636646 2.4048691990469413 -3.237199432845517 -15.856672364889894 -20.469529238930974 -18.6872404823835 -17.44678553348364 -8.482384632486966 -7.771201578221447 -6.960865355406721 
-1.7357487754562562 -0.8160166265937681 -9.413200255528032 -9.84107297329476 -2.7026417667079228 0.21384994562538662 -5.016292836000227 -15.259911668715786 -11.767495620336122 -7.98408468328441 -9.841156067310596 
12.450727189287356 12.648762711461707 3.1237768829622365 4.645509738964987 -0.7904718457461394 -5.0025938772268805 -4.157942582925951 -4.264335786155305 -2.6441548480873633 -3.9421621909194116 -10.797713069397936 
11.178807417217556 21.32910592025236 12.511290263151448 8.129219799511507 11.334752311003522 9.773246959366213 7.681421671018908 5.406233178672881 0.9610968508611476 -5.346607673613686 -10.61688601076864 
-8.344162242245737 0.9553768158407344 7.381090889341362 7.793071109265977 6.7507489131376275 10.946335421932142 8.326331733386539 -0.2589510637989273 -11.685745593434483 -14.861269293983133 -15.143455384616535 
-17.215004904530414 -13.607020212910554 -7.68367458872163 -1.5044835151385425 3.20170805603459 4.223509510011806 5.6681133121222285 7.159957236183647 0.6417688749873027 -0.05625983329871542 2.8995280238262398 
-22.939744367320543 -31.496262474844375 -43.015886791661714 -42.772582162057866 -34.767392365178694 -32.428578378697864 -30.54948802034031 -16.19897502584987 -11.748174693356859 -10.500753634785246 -5.713100001011739 
-14.436729884164858 -23.09194172629077 -24.193579542247804 -22.57387032051757 -22.882855275945484 -31.242941311156862 -33.136136700037476 -18.944118826609838 -10.009035014141514 -7.056165961758305 -15.737172691964414 
0.00010242910231617053 -0.9080028396388419 2.6416076459110114 3.036119711194091 3.790845430475079 -0.06729747411533271 1.6154291224878525 -0.48843529669263086 -3.653884964475787 -0.39431602457692616 -1.5286983839976593 
-0.6835258929299823 -0.8630346924698435 -2.344374413586288 6.686227029525079 8.35593433353465 6.548110763704618 9.19042200351556 -6.26020342842065 -11.498835785444069 -7.343937523794777 -4.803581692673925 
9.14340981473951 0.3358743298031911 -10.287872852241737 -14.244047265301164 -12.803574625994905 -15.064247248590274 -9.939108174778639 -10.321029452257262 -4.548807925286614 0.8038801873073671 -1.6784525214019665 
13.923645231746114 10.513999752213087 6.857385967049876 1.3859354577026843 -4.479103991982365 -7.697989831181523 -11.020015681505402 -3.478708990823022 0.01045722509347602 0.04187260976531948 3.8124163096124137 
13.38087428656966 28.021710557481445 35.38608053522444 35.75211241583794 28.206509126572655 24.458417662379198 19.513494879838404 11.279442128337026 -1.8452481400833811 -0.7694340890969749 1.5539352198485479 
5.416867309073249 8.360847326800638 13.531095646109293 20.06650961449988 20.924276946432506 25.509986732297 25.919114205878422 19.39275076728466 5.401801962239398 6.399069728103646 7.198901115977714 
