-509.39241998233615 -378.6866063864692 -337.25783602536643 -333.59719203755833 -319.35316560818495 -347.8530558551823 -430.37389220943646 -561.6436913861332 -686.2925524223978 -726.7623624061256 -757.8758652045749 
39.299179424886844 -9.700241794393438 -45.31453937379383 -50.88795227677877 -28.130473496164967 -7.550357349255395 20.530878946998484 62.48036047211748 40.66906012433043 30.286565925493015 28.52661444628081 
-113.33132608049664 -98.10699973652783 -66.31884307492376 -44.27590714130359 -45.07816624922601 -51.4775907214143 -52.326848443092516 -40.6519396142824 -10.347127844924092 -5.433860856444911 -3.0838054815755367 
-32.52465555425036 -25.726720455062747 -20.44833667036753 -12.41613664049941 -19.255173426112073 -26.955970437139015 -46.331851679173255 -46.02021923383021 -26.87220662104093 -12.035853129104455 -7.4354684483667315 
-71.62865823287359 -64.56979375845268 -58.26788131081507 -35.26380081204256 -1.3980031482512594 9.530844746845604 -20.184600239317916 -32.174945482432264 -34.44161481988273 -21.496825187887886 -20.43984837014205 
0.7598460236368246 -4.129107653406569 -3.54815699746939 -18.215988485636515 -29.457877309855085 -43.02731888250307 -52.965871481887845 -42.687022637304636 -24.731911652353944 -22.50448957445602 -18.78061234601815 
-3.1778260853929874 -9.917076985587359 -20.169873897036155 -18.679543998623526 -10.97513646080613 -3.5603247462934546 -4.480220690339857 -8.731485125253595 -6.177324521405044 -10.859532742286662 -7.437602003628934 
27.834713599448424 25.21849538294569 31.132596089666535 47.51433952208514 37.750533778237305 20.43166243750432 8.569228494940154 19.964993899899433 -0.5319080201296231 -9.47611975796623 -6.861226334672585 
19.218884786117762 18.355044392968217 20.77342385928317 39.17507657495606 46.34860296977713 44.04760966995899 25.117566979928412 11.061996893588004 2.6342411956371645 -8.464797116683918 -11.395215369250954 
-20.281222788431513 -1.7229203134699311 9.369971848464033 13.23676723647893 15.032814261670106 23.98434580056891 17.936001879285445 10.276016133677459 -8.56759300592713 -19.740071919473795 -17.786102659549385 
-27.04111554419881 -26.137642577176894 -29.88116908659837 -27.740340039646142 -18.06518285563818 -10.598787256228269 -11.776122177451771 -14.808434146456772 -14.803041805347387 -12.689739589475547 -10.444142195548228 
-21.570462703657135 -25.237080928552576 -30.95243547918108 -40.968919337696406 -36.67455383523104 -35.18586171528925 -41.737317386817 -34.00493601141122 -15.923529458754306 -6.787607339802367 -4.569210085676897 
-0.3374745152465941 2.1884030477795378 -2.2327178748213163 -7.985882186519229 -8.101792360063127 -24.187929810740684 -41.85291761712584 -33.985818609664506 -11.849296972295921 -0.1811838883452056 -1.4826131232899846 
7.533926205642416 11.139183686798342 13.425164512459254 21.264838246134733 19.974148502849474 12.821958322813416 9.513777667837523 11.796976739473456 -5.516499164928205 4.010806877250239 4.297298335778699 
-3.0004288536560884 3.3606771633709753 7.688461529401163 12.836596367186822 11.394392520782777 8.253075630556982 11.92213549472884 8.626474859041469 3.535608622682868 6.3541407739375915 8.590277615261229 
-11.433818720076388 -2.9550294530987244 3.802078981035325 -5.706230096067756 -10.905292356312088 -5.709329426661547 0.11746779068024027 4.162253917010405 13.109494676363216 5.072141482735814 3.859603882411219 
13.997798091186759 22.19924879865941 31.867263494000518 35.71997142327892 24.253184622773333 15.766216095885744 11.571659552028649 23.018524664427787 12.607058454519999 3.015221472819963 3.9758795579480717 
-4.087107772950768 1.867312701043398 7.217295435852412 24.99349549035766 37.084065498611956 38.04996645522715 29.356365402329928 19.689398629779056 2.2727790355899438 -4.400998833811519 -2.223217382193066 
-30.62016706407856 -25.656445506423204 -29.83969379951573 -33.839178348604094 -14.210279812329743 -4.142674491589981 -9.10879400358144 -20.6011260535199 -7.481983297480545 -6.216973197417148 -9.523071349294097 
6.405593876124669 -1.541318476891107 -5.58746609994633 -17.827053282305314 -21.35754789071857 -23.29404034039502 -33.03821100423682 -35.3061195656755 -10.567130066763527 -1.5257763256540053 -4.06938274190999 
