-328.0862949549342 -326.44282825801014 -326.13738610198976 -295.55425705756124 -183.5109281347459 -115.27114202454804 -130.2993535146706 -180.142538341483 -165.36505446211837 -147.18270554266218 -202.97307508068567 
75.2082450310387 72.24186166414862 70.6886508791413 83.96142390877584 54.19086362291785 8.353062834680227 -18.634199971531586 -10.587229048315884 17.496295934128185 30.605530712151122 66.21155067953586 
16.264244945774074 15.635409455912999 14.98007519561779 1.5230187602568563 -41.463493219276884 -36.4099155050466 -14.206189017909635 4.4620804189625485 -10.152858678218365 -27.145284653655622 -30.025751211663327 
20.91394626104933 18.920879801630566 20.99988159166653 -2.289429036967962 -10.677627687439664 -13.36903912544591 -5.686093648326278 -8.346884760765132 -30.755431537691003 -42.977734164099445 -39.39964778009694 
-4.370619010967676 -7.643297307706835 -3.9079703607104266 -32.93109571668222 -47.669638671817964 -43.918234100426716 -29.184650486975357 -11.154235174490065 -8.316200371884808 -17.344313780418155 -15.18008213060254 
0.5871353606606844 6.4860683887138775 10.604817999022595 8.444369985333118 10.840939640371264 6.275571534782046 8.501570659133474 14.514996086943388 -7.6318654265428565 -16.60631682775405 -18.159319771406484 
-3.873061709906102 -2.8961088932039756 -2.247827433129403 10.966902126142198 -3.677485544812492 -15.945950635488655 -23.637431457374902 -29.813674561431235 -20.738844123626166 -11.773726932429453 -8.084641515374344 
-17.66012529334675 -18.056935628574973 -16.227982679429548 7.362969520874117 7.457313941180313 2.3704405110205804 -5.569836389233814 -15.264159332397323 -4.100581132681235 5.294368007544402 9.910337508161128 
-9.006499307076973 -11.044234770815118 -10.750086606926441 15.00781493202858 52.79912077622843 44.57885713812317 24.670114146844902 -1.4991792628073446 20.924239872293242 40.690280356689215 37.61757034727831 
-6.529483271794406 -10.398497899170028 -11.007520700434934 -10.281790844245371 -14.765762591359945 0.7274749679004281 13.250526578540516 15.092143092682115 17.395349891434822 17.406705461455893 8.170735534650415 
-11.571210322690115 -10.019210097110879 -10.08523359264204 -21.489161741137337 0.8411125336740432 7.659235175622221 15.21206661737285 27.223365491138928 19.45910337716547 2.7834570419302653 -16.850911711441768 
-12.974409347980828 -13.56493626081146 -10.809390233450863 -29.261679386340106 -24.17900494857072 -15.335493552553773 -3.9075385251297714 13.60659268632151 0.7702679235603376 -22.086413221898923 -39.86778623780006 
-19.261433527076534 -18.249934647641485 -14.39111732616428 -26.01356809886714 -36.00712434695302 -36.24583823847787 -42.455274577448975 -37.3139920816224 -49.35130709877343 -56.50342075638842 -52.833429848299005 
-19.017659545013068 -17.11656836821657 -15.081336325739954 -10.309661117712437 -19.683567174393083 -28.164846252640597 -42.62458120852302 -56.79045457379177 -45.124259021551794 -27.577706492752384 -13.749933235394781 
-7.504815940220553 -6.361620511455346 -12.23768200084952 -8.161796715499111 3.6223337551697803 6.126637301087244 3.545369857895091 -8.159501745509495 2.8788353911703233 11.957267693506605 10.71261824482804 
-13.852440969660268 -12.074590306097821 -9.610348949428833 -11.71341674588587 -11.823876308121356 -5.746520032257282 3.2209276147118118 6.947752063191726 2.46820054490582 1.3531654020683783 -0.14734120257196082 
-13.002741287390952 -9.467972930698334 -3.62255711915518 1.0346931377624005 -11.145850869842906 -13.884415587461941 -22.115939086860685 -23.277288033285245 -19.633446857588964 -17.41560717897431 -8.593091322195313 
-9.306391039148409 -6.003298585298243 -0.8814715650959399 -1.8650163459482592 2.3179696436859603 -1.5987208801006498 -11.364074727682702 -25.802613392940707 -14.261735688478637 -6.640828907580401 -3.126975461243763 
-2.0209651673777884 -0.5907210147540539 -1.1936717840513604 -5.335896958801218 17.392715198527835 29.60924212475834 37.11858897368451 29.01510149353225 26.544378320712415 19.904316723982344 5.6706127929271855 
-3.929222180182102 -5.295132301472737 -6.566029520820214 -10.05193244021293 -5.213434777282718 6.350474177729357 20.423186426918583 33.384348635882745 21.261225532743616 4.762369590837111 -6.768372056401429 
