-485.69083622376354 -420.02022466850866 -240.74596588500916 -148.05657343251994 -134.2547094988416 -183.50497367893672 -260.57091290812104 -335.9698252554156 -396.564702195393 -430.81390787056745 -441.158880751986 
6.578046855320842 66.69556076322829 38.16927027466956 -24.090620128743367 -26.41150563952608 -13.769355767071522 -3.3688277060850127 13.937342194724565 1.1853205095555985 -0.1558615390510218 16.78418678519022 
-42.387084040956196 -48.200520538827675 -92.96437222215391 -104.71393648998315 -109.70375297954641 -93.67467427120363 -62.18114998710526 -47.1732923078849 -34.46443012120055 -45.95990226628139 -44.46161322840828 
-6.928848426171728 -19.702880007947353 -17.53321230848562 -6.853446711080571 -1.4559616416042778 -12.759684501017198 -50.90597008618015 -48.26161828550518 -22.76865027120814 -19.358396609545593 -15.798712725506935 
-6.619064205840804 -22.128415203075207 -10.236098111237121 -30.375357139712293 -32.81104999750831 -24.473197589106086 -1.2687893119708296 -5.983632908159697 -24.77017676807165 -17.2011925541061 -12.620451011708628 
-7.128431584638937 -35.13990699644164 -60.139524273570814 -35.7853201974621 -11.078908205464 -0.5975463220456881 -7.817803141661354 -15.79351477341736 -15.52196509101627 -13.213814450371208 -15.903906489423157 
-8.817315999013905 -21.83601090280797 -15.839548877974961 -34.81930811314645 -41.06941032570675 -34.062123199446596 -40.340299783766646 -44.2808021116592 -39.51358314335796 -30.951749596080724 -20.620153771908626 
-13.615329024198804 -14.480952544961553 -14.49367380578638 -21.257522728772766 -28.49637603557859 -38.60008743231509 -26.964416795030083 -9.622015881170721 -0.47997085916947935 -11.251527185396753 -19.557272967334775 
-9.328126757881057 -9.442185753720121 -12.913531662981274 -6.4305183915872455 -2.0503675203457017 6.425863320252175 7.102086892557496 -2.41753913936503 -10.74093659525249 -8.906565888054626 -3.662731804596447 
-2.2948050688884627 -0.47576877765868064 0.7918154428518824 -2.8468674276268207 -4.591101119798299 -10.292934272428528 -7.144389976180702 -4.27825962050464 -0.24783342274554554 -3.136379418418498 -3.06133407302042 
-4.7720952095386515 -3.9431286948020574 -12.197917995729082 -9.351825405968103 -5.9535394757875935 -3.564936053226204 -10.86116900251471 -5.482398915308718 0.5755492341704842 -3.6919945202527686 -4.635300976732242 
2.9839480216397622 -1.609029415874073 0.36669040545036813 -0.7692590927343099 -0.6162957776966841 -6.258892302681513 -18.23754669453836 -23.75553130735944 -15.902632792262526 -9.845236812467737 -0.8980122124885725 
5.997236783038597 3.229373342876168 7.326913949937366 0.8504247805938722 -1.2049577977339572 -0.4080701643245984 -0.886757258963458 7.743856397378543 6.602212411269036 5.282393865991536 -1.8611332156985516 
0.3928290240831178 -6.427057596176893 -12.229513723570054 -15.909803281107285 -13.928276375408892 -7.8456347076000466 -2.9741757927014376 -9.509944659392701 -14.968631266848863 -6.445306518175175 0.7059625043446958 
7.282679470263012 -11.699211737764013 -20.117535272979936 -13.591250323268147 -7.744564212168873 -1.7044797334121595 10.230758710602547 7.913510229553419 10.25580149793604 9.621655476218912 3.1468063046983525 
0.7136632411720689 -8.579627391777137 -11.985028335979303 -10.850372285770558 -6.642249547780937 -0.48082180610818065 3.014658940730983 -0.013231020810222593 -0.655942075924038 1.0869733175658773 5.6491571783991175 
-2.7712818157245227 -5.9161292436157815 -4.506823093053155 -5.456923612227056 -4.561505758887451 -1.7411164285747338 9.92878487638092 11.22831285651578 3.0777487546637743 2.8074358781149624 7.833950416380631 
1.573753316820389 -7.515576985805254 -2.1017241869268632 -0.31585458131262567 -0.4083697014177361 7.481909821228724 12.594951049263944 13.949477791274665 13.929728777001113 13.277498704326472 10.122369138541268 
1.1057479033417505 -7.495333112468091 2.15424353904001 0.6325251502192051 -6.2499262056416445 -6.919644177252266 -3.148146805350815 1.0975993864503846 -0.5773304465675556 -1.8248572501284384 7.002162264685253 
4.3538515089050005 3.94981949711915 2.6795774383823323 6.5269304485598845 -3.512513268863288 -4.505401186471668 -1.3320907005183247 0.7814148411605304 5.078164360548591 3.164347079977089 0.39816433139705687 
