-307.7293240586436 -187.15653156722024 -92.92685687765987 -84.9501607053152 -111.1654980242549 -131.15073795403495 -135.01438067140504 -133.64527605251345 -176.89703790709962 -257.06707007993907 -312.8517423873581 
88.68422794189223 47.23851938038964 1.0138765607671887 -33.58961054797051 -7.973595042649736 15.963586911600604 -7.915752304436269 -15.70388204251954 10.403707546921085 58.2028315090721 64.07845234745817 
-3.8663389304397144 -65.18586684758253 -81.79449902762924 -75.85371894126222 -52.648754308019555 -32.53775059209437 -6.465301674034526 -8.836264363324002 -1.8847650976355985 -9.352528202053112 -13.305691236814951 
-7.687194224290387 -11.095861196722154 1.8111728827234033 16.432015616978077 -0.3555200147577215 -30.85816677262204 -49.0203250988859 -48.660261898994456 -50.44652908742982 -18.098714534624087 14.224717186689631 
-13.979305543694409 25.784658016857165 16.38963000242487 11.407582325520329 -32.080493322056284 -42.2196705204983 -1.1582513991958516 17.511268222155863 5.436916854319524 -9.66429249500133 -3.836960087976636 
-31.241122713396855 -55.25260247739435 -59.24862716937038 -36.10285459483475 2.4821564338322446 18.616020972218326 15.486934859656465 15.002067232726155 3.4789531445698714 -1.2132410944455894 -1.0951916956263261 
-6.331616658924249 -8.128340225567857 -9.32926289000861 -11.8535917761701 -6.813034704821863 -17.451398338692734 -31.739393456460746 -39.77209372979288 -42.77972703002547 -30.183994772858462 -21.75244520783785 
-8.114649888951602 -18.61877248420099 -22.385258998919834 -13.904536084602459 -8.406492523236462 -10.43483010263611 -0.08697976696771358 -1.7512302101736745 -0.4886370704461629 -4.434613031987427 -9.207122314494606 
-17.493046935615467 -4.934314195392588 -3.7973032531503037 -0.46789706060717196 -0.1220053277298796 -2.4996611247732394 -9.858185617822407 -18.147323669949326 -18.33285369772166 -17.718369725680652 -23.416907892875585 
-15.405485350677608 -7.198084703667351 -3.8554950776065935 -5.745052827248595 -25.469983350501295 -22.15578990150119 -9.42389847372559 -2.26121450992789 -3.5565173533648053 -9.457451198219697 -10.681206580586139 
1.9602795424679662 7.185042966300363 -0.10929768005762869 -3.4966170117825985 -5.27036632026648 -10.049469662033967 -0.7303843811777605 10.053084925270173 10.413500838137674 12.600815560291608 17.655120956965366 
-3.224763933957226 -19.39338882451944 -21.182210884229082 -27.14232089394509 -26.29935495731541 -18.745176354394744 -17.791841107179266 -14.836423069031774 -12.329369197313484 -8.151451212687743 -16.364017681361013 
-9.181044591713238 -11.902292110523192 -9.601692873282207 -11.4393672127928 -11.137375975226867 -21.8862066633036 -19.741572270791554 -15.135577154595914 -15.42600379279757 -20.058518413774603 -13.226718598096564 
-8.278344403614359 -9.162946934265186 -19.945954654880893 -21.593381661993025 -28.011612781522377 -21.765181412199688 -12.706920126618414 -15.116944768908589 -10.54820963470412 1.533422885930951 1.1962407631750107 
-0.1527872732773149 -6.114414444491018 0.25044677694323814 6.217576882505439 -10.26363240968784 -20.625554970812964 -23.14734122340309 -22.689901456517617 -15.302185463565184 -17.00354714881569 -12.803146617834187 
4.056254567437346 0.19586040228743262 10.467185873428884 27.25777932602736 24.39907704290421 7.6302901279917785 -4.24442351652137 -7.400924932087364 -7.951667011268206 -13.721088181307394 -10.627452479651145 
16.43146103766635 12.926418045506201 21.63202109326606 41.028478935946794 52.07474681227542 34.081249631229866 9.66449098737366 -1.5223232052236633 -14.024709850007063 -12.474698911342223 -9.537781286779603 
22.8838425373305 30.8357059613472 41.56621009881417 44.92165099624067 54.65916721779776 59.88820255222265 54.927534392314826 47.832171579904326 20.12555141673996 3.1643115974163987 -1.5183627384283058 
29.525456614405943 33.33094578730227 27.355026641975158 8.363299224942207 8.33569512757477 21.670965623349296 44.616707536815525 44.543137589517315 24.292667845155 6.850085556129274 0.4837545172100417 
9.468260519875006 17.734466052318343 4.2171607797807305 -18.368233615179484 -11.46047497110655 10.996363786261163 21.100149262846642 28.53940358679023 33.803277973777526 21.820114405896938 19.801817782111243 
