-554.8226584046913 -550.0276998227009 -556.1515875438373 -378.82089899585424 -195.2648232019249 -146.38994793485605 -167.4297906369131 -186.91135678666495 -244.97353934682135 -427.3281247772989 -477.91907079873425 
8.47663337848616 11.636378167104114 8.86988626001962 31.485660836452208 -22.63519370463088 -47.928803521115725 -40.31265618520374 1.5653581118956579 13.24411480315612 36.153138081380696 61.908155649421204 
-40.02008800599374 -38.90822373791258 -34.47559296096506 -69.421075716487 -71.97569001722098 -74.97548876960124 -85.20712803194019 -103.64604594190413 -99.58430145362513 -43.38840770602026 -31.481502554723534 
-25.504716539619693 -15.683904593889665 -8.971404696365376 -3.2633341342705027 12.572852961064589 15.099303408056072 -0.9260025235611069 -29.51749158774057 -22.219359853006843 -15.877888788561137 -14.892418148467492 
-18.614422826147837 -12.46737275539846 -10.893978830090703 -41.738414181533685 -44.90526518084859 -40.291146509803326 -30.6893355206833 -15.298754548112196 -9.390016156943734 -10.599142375016584 1.1221131384327052 
-17.051483185902725 -14.00808357595561 -9.292153455005073 -17.966155568113468 -12.083544269265357 -9.175875721982916 -6.522189539207597 -26.331119411828347 -26.206775984126594 -15.181175652454233 -9.70611392317672 
-16.860809157639423 -12.582913883706189 -5.222701858139702 -3.760211448992046 -8.03182311078017 -14.48150632290783 -24.712242239671994 -22.73950743859359 -15.13652669416636 -9.166139752865105 -10.323720186897159 
-7.8197727704585205 -5.5001006922963915 1.4644058974170098 -3.89207641318209 7.389545695037154 13.415669169826767 11.554997721617664 10.676730857335109 12.475355166506422 6.587659887302334 2.780119444141488 
10.242471766367629 5.240543110183041 3.2509124665009157 0.7372367247217593 -6.421793210134002 -19.273264808673012 -24.15011732320967 -12.630000303218551 -6.831863023415265 6.52606481093394 9.18283150417349 
5.3973056965776784 3.5730393780739016 1.1351735860471261 -2.4375677661032102 4.6929418592991885 3.4264591700417038 2.026702956050892 1.1756104838337849 1.789835550870408 -4.945798131570631 -1.0642529289040001 
-0.07970906158974422 2.3692533779412472 2.663497690874564 11.960057727947088 0.6846864363958087 -7.158160516355489 -6.7095878003891265 -9.954856251651211 -15.580232098507269 -5.9888217476344785 -2.050136836481624 
0.8270921245436056 -0.25795001144575247 1.4916816382524325 10.377113983649764 14.122758270676663 21.260933734709518 25.17562989842874 14.073860050712646 5.446759647582316 -10.53011856847413 -3.2407092709301164 
-0.029443488280559316 1.928606013602732 5.8094341709827555 17.885688449912042 23.42131713572784 34.14702284721906 32.730289455116214 18.610152222666464 6.037628255248775 -5.259067833661373 -2.8063531472534917 
6.077457150090107 5.482124314420384 4.519415869065698 14.189910905507436 26.254621831566816 35.3305384685022 22.694194493838395 21.963977173918817 21.921627510733472 3.491533912280077 7.710890890471495 
6.4143737018251965 7.288479085116957 6.0696965734459365 5.328560007830658 12.432604218832077 9.579232129425694 3.908197064711408 20.984690957532706 29.73836522422063 25.220482226592296 18.107130527517846 
1.5615258579339848 0.9728677120363284 1.342280906849401 -5.957442267746542 -4.854767027556958 -17.6480766270967 -14.974625261478247 6.960286058484436 23.8031061847683 36.58158670394474 25.739812687747577 
-3.6021504041034396 -0.9490280140470024 -1.426619360951676 -9.76488460352989 -24.100278899910037 -29.469084755479408 -21.990961662093547 -15.171672458127414 -7.874820660985022 14.573112093587593 13.759352420295873 
-1.5067908922644941 1.665707955826663 3.323628825613806 -10.244049854179075 -7.264719633683558 -0.41279855741452676 -4.7357205013555 -12.495289454418156 -14.528964801471774 -5.346777872109301 -1.527329338252882 
4.74846743324851 5.008246090182292 4.3120067268456745 -1.1177045267018682 5.767788317128608 7.601123594204537 -2.032775517787202 -9.899767431369337 -13.767202535118484 -22.26075605992809 -7.933510925142459 
-1.0322018374063988 -3.0637133802367575 -0.49468934462958625 6.523239494560128 6.211579254080588 -8.624047138205444 -16.765051614848115 -9.264925199194554 -8.238599029353812 -18.749575126387697 -6.52596592472107 
