-413.68920632241765 -350.9373299146844 -321.1995218341641 -281.96506361782696 -172.34676167456462 -137.42912989137378 -149.11059632658146 -166.1374162916393 -216.89230194968982 -355.9038145004588 -408.42512180615876 
63.1084059873155 22.56058416580521 14.453187222598181 98.92308493957633 94.19174283088962 52.96877636065778 59.029491762208714 94.88681653811574 110.51932857579251 111.75587651913045 74.90109136706847 
21.449634998941075 27.963207222627496 28.013782986319104 25.485497061347832 -37.27696261600073 -52.59560766694277 -49.77271803067535 -20.736803565242173 -5.173735342330536 26.700761649159475 30.134280084359336 
16.92618897462782 15.442912054698724 14.322668894912143 1.2151082186898885 7.794808743619086 13.377854455329597 28.21440937529691 4.827278203594306 -5.1732732778840145 10.575899395514162 22.333128024814627 
-5.092986211141 -7.474841859753849 -9.986827821720253 -17.23460072593723 -0.20411999311566903 -12.482606253798034 -16.277478954003996 -14.804564813746623 -12.120376723861966 -8.107304301466787 0.6874682788245987 
3.8366536164410814 1.5379603829318398 -0.725465564092884 -11.96530240994305 -30.52206234483492 -20.41565361230034 2.7383330671117876 6.209973782048046 -2.062995975744928 2.7009807979894784 8.030294658570115 
-8.727880292042707 2.0359081999436333 1.8407765080789371 1.559143539910578 1.7573445348489363 -8.446285361227016 -7.914637122787109 -5.298363057633415 -5.489949051963633 -3.389633330113872 -5.643490415074326 
-2.925414779502595 -0.8319717608663832 -4.53736464218125 -4.398688106810738 -11.024585846849913 -13.32214001736385 -10.887321149659307 -22.584657072692252 -18.225784242661327 -10.984741108677913 -6.13448213881672 
-2.817537575592378 -9.822618274095136 -13.678429269317244 -15.57697325788735 -6.706548368637562 -7.1758096898565435 -1.84523017491125 3.878043470515705 -4.347949539951385 -5.1667438642985335 1.6533624246541545 
-0.45497735196284417 14.33203325625059 14.60437896025848 4.352615942184745 1.9642514828041147 3.5533508404266057 3.1447298584726786 -10.00329873794091 -12.407527141430192 -5.646851424670101 2.4632318253203094 
6.0893778486834655 -8.440834858993147 -11.337167266573656 -9.928139770646126 -7.579266618815676 -14.856110676068425 -8.560167072983223 0.7429104464761559 3.8971430261442217 -3.018288542952115 10.387282466792605 
6.134595402753496 10.330399619864679 6.05691398307407 -7.2618630707961875 -15.401449626744235 -12.272639253872406 -10.596951742681822 -19.138699448839155 -25.235244997409097 -10.12015192508941 13.021348515237651 
0.21103881565312213 -3.119250256066181 -9.378277653703512 -13.491966486608668 -10.141947587618644 -8.700392623623852 -3.6682563995909883 -4.709196897319572 -8.34780306708043 -10.652455608727418 -6.497877784636014 
-1.559288037640251 2.3713054257561623 -1.4537486314016694 -3.387980176586862 -0.6368373831982003 -6.800975716672156 -7.652559352597164 -0.8840803974877454 2.453323930896844 -4.068499862938404 -2.8678147700928895 
-8.388337433167214 -1.2455334130886262 -0.24213698104584175 -9.265208007951802 -11.908225443850977 -3.496776416304225 4.418826847966528 -2.499914312546804 -13.516873594609718 -15.247980445477602 -10.503409897045952 
4.036965724880563 7.723801806437809 7.954868237606632 -4.07769746225563 -5.149119522636978 -12.304399324654852 -12.011348272220797 -11.55419841198921 -9.579812928789533 -3.597016647928805 4.048254834524803 
11.593236816541692 9.71384253419221 8.591578814393854 -4.707740302889827 -10.643249152061992 -9.566074937500805 -5.3499345473393305 -5.162501587923532 -4.617024572367202 1.064697948167605 11.669998950842878 
4.9234779393142665 4.8020235980613855 3.1408897174734145 -9.309864316833698 -6.203755269301703 -4.9251349359839045 -2.6047190716696713 -4.772775050306279 -13.585021442119112 -5.1480726397679515 3.9927560503533357 
-2.989063536543942 -2.155485614253708 -1.893551040188752 -0.027817800067505116 -2.2809856215362823 -13.11569321250562 -10.145715922886174 -6.067435908572719 -4.732357907428387 -7.216658639069562 -4.088758283874486 
-5.159953895717004 0.04985989778326805 1.4085434037768874 9.039193272854007 4.173062944648308 1.1026507458804058 6.26005814412292 7.129620727402838 -2.628441147110969 -7.591786533986737 -2.011644258548381 
