-400.4019521486721 -243.73060575903182 -199.10445232509304 -255.40152192842402 -317.87078272084125 -339.984507887785 -401.2198945265231 -494.6127398541778 -537.2855008542231 -543.7870470789322 -543.208362901404 
15.318254822096954 -39.41601476533164 -49.51266023162117 -39.390936083540296 -5.266566945187499 10.974500280628906 19.943683696338102 22.109024710715865 34.62090606416743 32.518349357985805 38.225957996221815 
-97.15834242331552 -100.20365868124597 -89.59524260725567 -59.73295143258726 -41.739037742278434 -45.7491179379053 -21.18449494221121 -4.911085282942226 -11.233787251051911 -10.090155653109907 -6.341404186140537 
-14.245823401326195 -21.258296168675187 -22.127711923408466 -15.665459409115194 -42.65548506567042 -54.797813690881696 -54.16770570437609 -24.248540859628452 -4.607482316608893 -1.0019527507353971 -2.8528180489625767 
-34.55153098682005 -38.64191606945185 -34.43295815811332 -18.64074789160653 1.8991114400929956 -0.5599726488580158 -0.23195267588899082 -2.051931226353649 -8.746823232188301 -8.573480624083743 -12.634567324465413 
-26.045777583533592 -26.44045135583304 -23.3092558181257 -14.034920213813015 -33.55754219063185 -38.08339940827436 -23.432813444227623 -18.89352151453085 -16.86758551845887 -15.684659810142547 -16.952405117841515 
-28.992862184897593 -32.918677578976286 -37.59358808846407 -36.856316655801734 -28.06982334371184 -23.043081120874284 -26.968980379225552 -19.25576438267545 -8.73307682485334 -7.328995736645151 -14.643402511645288 
-21.220887563568454 -24.482376022255863 -24.75900697392637 -17.876424417141997 -4.87330114015432 -6.846384667236028 -2.768162942888275 0.7976374141636764 -0.8062562508015652 -3.2532420305001937 0.9564321062787291 
31.205764455872192 14.00799338212095 -5.894164632232076 -26.48789927792322 -22.028553372101435 -27.668454126569443 -18.731284315718913 -4.593720861368489 -3.7781193048069106 -3.9409728103368966 -1.9954778206163732 
24.733780099044992 23.85798080244206 17.316344139747578 -1.9724520407113908 -2.537267643654589 -0.10379446573823081 -3.4076931926295426 -1.5392077912843196 -0.3453318210187794 -2.587190866657997 -6.443448999415438 
35.959745044903144 45.11397073066692 40.73001205333698 20.419983131851954 2.6392181286815783 -2.5240802205613107 -6.326648978417204 -7.067290683924059 -0.7229748597356992 -1.737122510271381 -4.829283726420542 
-18.90334634428396 -0.6083237334834671 15.578281333106089 26.067455103159737 19.89940134935358 17.171983040411888 20.11077753961559 9.807164950793208 3.5202369395397106 1.1215960443084811 -3.472158227181993 
-20.640786783453848 -10.514208026802764 6.518894696694403 33.293692561123976 39.97387161768705 30.88980104045411 28.857345597192687 9.455689438448527 1.697305493612207 -0.029476813454437867 1.1980847952611535 
-17.091273672721933 -25.36225038506419 -20.829446296468454 -2.7133254993973637 6.2526623364509115 8.072972122963096 -0.3177478273015011 3.792557717056347 2.8290153865603536 -0.744262194701215 0.3182529284955854 
-6.224181916804475 -17.889273561863693 -28.39899098393635 -31.169162916114995 -22.868085552087926 -20.71408732860597 -14.386034081694408 2.308135596791815 6.344536338875431 4.52584497411447 5.131649912155503 
9.22890591704354 6.886688514338074 -2.017803693437592 -14.656132225660551 -23.08220758905751 -22.995767912465006 -15.937199254381744 0.04010553360776558 -0.8986046177857182 1.7064825682416704 0.6917900325775379 
5.8451140154184245 15.184334878195994 17.27746003955677 17.365371829992625 7.907325647881888 7.375600009025941 4.872947202649241 5.200052749006558 4.3214458625955645 4.8548127074362615 7.829099427995876 
-12.177509577142118 -7.883498805258026 -0.20665956682217812 10.703962265474209 10.863384534478278 9.908314719846198 6.367065634388685 -0.17556041279851492 5.015674075555134 4.648146187474833 2.910948160892535 
18.893161486697124 1.9243610139081535 -6.870742693647282 -14.624104558600797 -6.171201962651865 -3.1210559348941387 -4.713350087168028 -3.3526211483443333 7.5807245417821925 8.356233411562405 4.681778983490405 
21.157904931309282 16.0797208668168 4.685433628719027 -17.04863908221857 -25.50541755245839 -20.406074671713668 -8.806940916435321 1.4491366788358364 2.6915053463806986 1.9755155743893247 2.7202037575588864 
