-712.5177043563962 -309.78735465142097 -98.36540709987092 -50.43776878306794 -89.02321758730561 -129.2182803610742 -184.1267681750432 -241.06076745362282 -303.30444616189317 -442.8829409546449 -580.793599992183 
14.926007125512402 12.878537935125827 13.102658236267587 3.7177547959781103 -4.349444938781634 30.198904981537694 63.053689248922524 69.85578462417496 46.95711317247621 30.828406102990595 34.88304169090691 
-3.1087337213937096 -70.35924059811195 -68.00106244817513 -71.15546868432192 -72.93854526355227 -90.62632784940655 -101.82810249761678 -59.419400524658535 -40.57855271736241 -36.134875734290475 -23.57271235705042 
-9.405165066445669 -42.42180239234647 -15.951989650087683 -0.6619405005825778 8.672191554929366 -5.284948573573829 -14.236287269155742 -29.03466118064764 -44.826533906892216 -38.95958939996791 -13.707504203574613 
-9.048807864886147 3.909259180415156 7.557363830065052 2.0518959594688817 -9.968707576094726 -17.620611910942372 -25.62918342928502 -39.052949005079235 -30.934923081069783 -26.0396223677158 -9.286464993575052 
-1.3424611651579703 -3.9953172419921708 -1.098356389071163 -0.4377732213003275 -6.889778845883949 -18.52383894994557 -21.11747187757303 5.1628093214419986 13.642829488209312 6.942380086433815 -6.644081303701159 
5.303976780320994 -23.020269720536923 -29.738260437873876 -23.657550678289454 -5.234150891354153 18.302425923204165 10.38210255413253 -21.707857127645607 -38.816015324090685 -29.44875311282684 -5.54698318211301 
-0.6901282457722236 -7.538794316811461 -2.193333398146252 -5.525604958818949 -12.128516778083977 -23.015446995325465 -23.376301502020592 -11.588930121374439 -10.576681309879529 -4.144612719514072 -2.309409904192905 
-8.698677223363756 -7.220972906942455 -2.5866866280382452 1.6857789708431261 6.8386626110865025 -0.3661014249467669 -8.170706917449154 -18.18359723542474 -7.313916383748374 0.8075776037860749 -9.580461318158434 
-10.13015495663375 -5.836035665720956 -13.622276486875178 -17.768836201963424 -17.96841680274573 -16.734893093379803 -20.991059804687964 -14.228907109244243 -18.685059923797457 -8.163990995079399 -11.729093601654757 
-5.758909724444695 -4.532078579796312 4.7747893878709915 6.8032508635914795 2.879234902986281 1.3205355427922219 10.25722840977639 11.32812243417914 13.665055224578758 14.57620919147485 -9.251066424745176 
3.588599945773504 -10.070498128140688 -4.237030096930674 -0.38349969856030686 -0.4682476707599389 -2.213678885066933 -3.8973504931585357 -10.82873851395056 -8.900858309913659 -7.925135725170307 -5.26817305296778 
6.84010097139941 10.555470345212989 6.9329702442007 -2.1717718345233443 -12.068553559722911 -13.106892724467095 -5.662808722205611 6.030137065836265 -1.466065413999023 -10.158227030713313 -1.0440352985060526 
2.426102945293997 -17.440777799369137 -11.48539647757013 -7.547967983862579 -2.6464660812531218 1.5522795891944317 3.455371989638291 -2.883651599096763 -6.332137221956609 -11.40800904246594 13.497956915591953 
1.7575124237586708 12.972420447333658 6.062183773090361 1.224811191332929 -1.8368982474328854 -4.135043074910607 -1.9081044948242751 11.667224761194557 11.485043022768165 3.0322372080020985 0.24406251792193545 
0.9220393564841562 -4.2382644264577145 -2.836576498316007 -3.3510391592250057 0.16939309316631634 -0.13468242525928317 2.1814176017384814 -9.600754618731422 -14.612437062781485 -11.558390087155487 -10.184769899784882 
-1.2686152121339047 3.806678464604797 -1.3594843818359923 -2.4075906649664773 -1.6599597375687971 -1.4739779823549022 1.1667024898071054 17.190669849390755 16.71535907179345 11.36764097092114 -4.887041470199922 
2.6140430157854 4.674234299175442 0.600084020849873 -2.1117900037598387 -3.9459331948420657 2.2268993471703276 2.36725932561908 -11.188028881443705 -16.023111637342918 -9.568876210953656 6.715039435341312 
3.686241053370774 -1.8308971116022135 2.430938394702898 -0.027170583126503 -8.158040901905125 -8.321401465774583 -8.486216407276586 7.447875057340445 10.337626125782698 10.934104166436779 6.483695535563447 
-0.2732424305573211 8.366063209428745 3.3043487539019596 -0.9267567091228051 -7.734586617500248 -4.747157237978021 -8.871054213241555 -12.858977492423985 -6.730119342227141 -1.7955935625072998 -0.16277905067596699 
