-468.2135565280522 -486.1426344130411 -487.05469901724604 -473.31388637880184 -325.2483100294534 -168.8065666138256 -128.9871532343369 -161.48112927651263 -242.34613044815563 -326.10664484798895 -420.6069294850176 
-44.472995411941156 -36.038870166321985 -27.880205243765324 -22.00193147913839 34.67418907944683 -22.93586861314961 -54.42267077507782 -39.62465315465154 33.544319101863145 70.52005232830619 55.8572974811092 
-13.822612049698206 -15.007961172991923 -11.05858859253725 -11.17635238947916 -68.09352513586197 -95.80323312006797 -99.79191092904945 -92.54193630861968 -105.51975316495546 -70.71217196628538 -16.779431343987454 
7.839680701437203 -7.88348202181148 -29.694470117124915 -16.396858382231883 -59.06988276051146 -44.03008268875832 -24.818977083668607 -20.24531639706353 -25.370005769664438 -63.79913287801844 -67.82832742370738 
-46.0314497331591 -38.366413018473054 -19.832408623337223 -10.308911792512026 -23.21417944793525 -24.753654179771928 -35.12587625976785 -52.948019907924305 -60.850407473322605 -30.05711703370954 -21.465976848859853 
-26.573731102340304 -11.75458166066016 -7.295092539619737 -14.998238897208202 -25.666081135461592 -47.832095407466795 -42.68737812975289 -38.298824933789476 -37.68503727304673 -41.53452940304586 -26.068315535461906 
-38.92636651305241 -30.03132716797527 -28.40327673510619 -30.832979023379202 -34.84829602701835 -19.584610697663287 -14.688931512710699 -5.998160555559899 -6.467185027012276 -4.304233059897985 -2.0441488465283153 
-14.12615836146884 -16.165615032810827 -23.534911326349707 -17.009876106298957 -11.286027750802099 -10.920959396484422 -7.694246175007294 0.19451523412274463 3.6226488599888267 0.35541949229387754 -1.8188924434105118 
-9.200654828378394 -7.264305827971983 3.2888284721215673 3.981252413633928 -1.516132296119379 -18.78868998254066 -21.724189350553882 -22.049081521040694 -24.179486429798857 -20.833295911804058 -22.21459907124469 
-9.391383658880246 -15.925916473881154 -23.814562884651377 -14.773619333334743 -13.745550834337687 -1.7628150804896117 -8.615935381982263 -12.27536808729402 -14.199130798064912 -15.724009198967721 -13.725782023327048 
-11.961060829025783 -4.840369056844825 -0.9076644045894668 4.95638315658497 6.420582023566206 -0.9762129104780566 -3.397530824336863 -7.4406511861159075 -7.783590483235335 -16.276300830808452 -22.10829449947337 
-13.316501156380102 -10.591857237116061 -10.593213316863036 -5.700580284126598 19.594435265521 17.46528629673663 14.398242750748036 0.9301952294332138 3.0794095342369636 7.5823384233531925 9.752347810153758 
-2.0260646410360907 8.534424276768036 10.274922535176522 -0.5976460849444808 10.576009544616372 26.29545983256714 30.12524784352192 17.72979488800656 1.4324374290465753 11.176852802985811 23.648035474721674 
2.374598757613852 3.2489831341467044 -0.434375900482211 3.95664294689096 18.17013222590303 2.3060798133474383 3.319707145608175 7.619016510412522 15.900702740833303 18.726298143500113 20.960304563057164 
-4.526704071287886 -4.406407213698685 -2.912168966242353 -3.110494126157779 -20.64925500559085 -12.80263815176085 -15.475399880377712 -3.963137639798406 7.140563599915774 9.951831683266157 5.687636181519098 
1.8536951314569654 2.4225447784455905 3.24041074861378 0.32781220471149586 -11.341746963762956 -17.21088521312487 -26.79540389737873 -21.855944134134724 -7.960908652842167 -2.4579736799150003 0.7645696204719044 
14.955107228588322 8.497600587377068 -1.1744143382124703 0.4176807271545434 1.9661367266899115 -1.2543965531040722 -6.664269795604666 -9.505477975093164 -11.347657995895505 -3.147422152332314 -0.7312264124629395 
-10.943182045504773 -2.9070017150027363 7.250980843510253 5.138470800587449 5.96657234075091 10.03012337711355 10.174297908600728 10.572525952237534 9.721775613910422 3.978992703191121 -0.4056273765084789 
7.556823901885108 3.7266974005719264 -6.403410781073185 1.3461477247647926 -5.272967889532121 -12.292259646413589 -10.417771972060056 -7.485461788189697 0.01229074904431332 3.316213555833147 0.6891743880192246 
-0.3452423603694917 1.6568820532873327 -0.4112535223967252 2.4260129084643767 -5.546985954692501 -6.770051686501491 -8.985474034374663 -13.652411165818382 -7.491354278981208 -11.271165247087088 -13.613227495759887 
