-428.3120336215599 -202.15651744509557 -58.797260216461105 8.83304781829927 0.4139309102346109 -76.61465517550428 -232.3516757075645 -513.5810810588216 -599.6788377534102 -559.2327867052462 -533.9143458215489 
131.35301475305104 61.59807304713378 6.31215664727188 -8.74188691140659 -5.617739938661012 15.238829641179668 33.355205339905545 74.96590889544004 63.63137499886716 113.57133739221291 136.74319829742603 
3.593441131515027 13.563255973338988 4.63636856716575 -4.650767668875689 -19.90055749887303 -34.85401241480289 -59.151121245185024 -37.94316912944486 13.627127580300499 50.88709770897266 56.525160860812434 
-58.16049896676668 -65.67899320671604 -21.727526071923016 0.5454295148303634 -8.374082339528007 -34.016660974751204 -17.536226314140997 -3.3819070834211162 9.801274928700877 22.494681394177444 19.10746315198773 
-36.828234575239875 -19.72197044082052 -31.14580470545084 -18.43120296563801 -8.237957139301054 -5.559722567292702 -15.789251492157181 0.7239859952190275 0.9719557145824103 -1.1016291017648243 -8.924090555229625 
-9.890773720985075 -22.943490797867533 -1.8990292773145732 1.2569315330475848 6.55391045768261 5.459739645747833 -5.054191987175082 -33.01340227480003 -3.162478752916543 -13.917335398013044 -17.5553492944047 
-12.486344122860565 -2.3441557286208137 0.6030768220704418 -3.1393626683776525 -3.2628039820174872 -17.6773228311734 -32.99633101124577 -17.62012384974105 -0.805560554675024 -12.630080688991452 -13.4824986530904 
-3.8161919474565202 -5.709119304953442 -9.179874600881325 -6.1352093806582175 -10.465417775816714 -18.412848999189556 -33.29304504891481 -18.050572874893852 -1.665827333742021 -7.342287573639245 -6.49455268414844 
-13.141221543156302 -12.072525183041007 -2.5291825285211704 4.705424912323595 7.273815129357997 6.577861846678923 2.242054834194463 -1.0222482940386395 -6.148319177278289 3.660227579714795 2.2084062043064376 
-8.405494115422117 -1.0585745080147169 -1.8066096824732152 -1.7358770344377985 -0.35574976464037034 2.238074543044789 0.4450283156257515 9.296627975145057 -8.852144116520163 2.914617815606543 0.9504808352386942 
-12.536405117366936 -14.039330258802522 -10.09273484521714 -6.822421629299944 -1.7114259167524624 -0.09967053921352753 -8.834278260455417 -1.807791728298358 -2.882272885007869 -6.925883255194492 -14.841152326143245 
-4.908754381209201 -12.189588869424988 -12.384322295065964 -4.563635117579317 -3.355090549293653 -11.969839916944526 -10.779935486568586 -6.683673470524205 -0.28417996132738615 -10.443278578140966 -12.631083960812205 
-21.09124731268313 -23.30859364189356 -20.925804117353138 -15.538002989326172 -10.65038868484515 -8.351490777207257 -5.638745790680934 14.712685662905063 -3.6047942643628335 -8.158486286791565 -2.1751715127620335 
2.790614121197116 -0.474571832815801 -1.055966116832257 -4.2724275347926515 -7.83223316966926 -6.443596662678488 4.036855506164323 -1.0295763173874972 -4.900558263161642 -6.8657773249562855 -3.073645209837518 
15.70496893000777 14.046744235777911 12.800511585044305 7.244549915955711 2.383686643616745 3.0714633392680053 -4.103409043122413 -2.2462987527497495 3.0253061620850294 -6.721325411151213 -7.450642279883486 
16.563391080544335 23.348392345979093 26.489765033413843 16.561884349441797 5.994443903583342 4.754707974349375 3.87684623945296 -4.585260606172049 2.14153995288836 -4.775359108417644 -5.659147609221877 
11.898185595054798 23.312080383390374 20.613207494480775 9.530118537679048 4.977747586079763 8.524056119161385 -1.445723863749302 -5.2886592092919145 5.106783847464881 2.3805002583301276 -0.07097391334969527 
10.239990067900887 9.277382250225276 7.5114153745511985 7.154168462874285 8.492874070258495 12.392132549783039 6.885302330508976 -8.260015151471372 1.2558672698591407 2.608613087134322 2.156948489315102 
-5.40036063315762 -8.633451877727381 -11.050771054949742 -1.078494906953125 5.213805106322871 0.9163090848891193 -8.42983117802969 -8.434451160138483 -1.4237903150089757 0.013454965654510875 2.9518021999803836 
-2.417284341255904 -16.95605412535833 -16.327608612309344 -9.67022922666152 -5.041639263749433 -0.32614795831274473 5.144959640665583 -3.6900281238920045 0.03841955713134648 -3.531324684168178 -5.278953628710223 
