-544.3989482342259 -291.07567225309657 -127.18195202717129 -8.683387776580208 13.125070162564674 -43.999306362489676 -176.74866659088372 -396.2080930954825 -611.0237568409578 -545.0898942792633 -504.96670749153463 
103.76774395420887 96.26541389271554 34.257868668974496 0.5314915106089813 -3.9070896543462474 14.328248264601605 37.47223879718882 75.30674078009818 29.056589418201398 63.016582864808825 94.790898222109 
38.51541778165483 4.399665193428486 0.5711323951594547 -4.763572939979113 -9.024054220840931 -20.288494013642115 -49.84935867808281 -78.37341579612584 11.353267925060624 -1.8744525174266735 2.883503139872012 
-19.84719278554889 -52.86723294847454 -42.23875025005712 -17.39873433302432 -10.518187397108207 -19.951772985398563 -29.529588615310214 -19.13520610008891 -0.30629176078251685 -5.7030407597577355 -3.0832009586516476 
-44.45225092385066 -37.18037908517961 -35.96315116856191 -21.26750066977547 -11.376371148834457 -4.1687483026711725 -13.923611031207386 -9.508289590592756 -4.776022551537146 -15.38512319810043 -5.990443229851657 
-37.663954528356356 -25.532030087455368 -15.238580214591822 0.5963993189693385 2.111782144849112 2.548018106841278 -1.359754016614368 -41.064543881475686 -3.358237216138486 -17.488212611611054 -13.138909797365242 
-18.183992089222542 -14.640700333534259 -5.121981287757217 1.5640652262966634 3.022995627927636 -4.780382164983882 -20.165693515092315 4.536668258295388 2.0087600219785595 6.873600701018667 0.2383556334290834 
-2.700188095131376 1.135726702183139 -5.149473063850284 -10.072602668135719 -10.660657757535104 -19.470247050076456 -29.925988581953725 -26.135658794989507 2.4236695900730387 9.057545845673108 -1.4948909515373383 
2.206855057093621 -11.753486065603225 -6.481820440062113 -1.8787551163649114 1.5856358801539823 0.5687828193504099 -0.6384569412181975 -1.5726701457034018 -5.097061329704445 2.947224155305347 4.0208288029321695 
-1.454364139120418 -3.8038480041896556 -4.691978685955759 -2.224966498998488 1.3252735577054147 1.1123517882856806 -5.681769907275049 -1.8723440213674625 -11.3477663058937 -11.214433745971219 -6.193613970221215 
-6.982217405776586 -8.053271621139624 -11.888763923087946 -19.882530910965222 -11.291490151705599 0.027249583100416825 -3.568557867846048 -11.21717584177489 -11.470820820816002 -9.385121700565453 -4.7585222428974205 
-8.530953321772849 -12.079095964411653 -11.789676873340253 -18.13666497593075 -13.204240700320097 -12.152240106673775 -21.15890049070659 -12.947514387448681 -8.572739482691087 -10.522552558937987 -7.977813814729986 
-4.889607598120698 -13.84710767501906 -17.04020085747235 -14.110886141471132 -7.93402717928782 -4.821294871469203 -6.13245389646837 7.832779269213842 -3.176133208876652 -14.813881744490086 -17.44512492862541 
1.092276094614211 -3.2496932739601907 9.268852668581868 7.405494029798644 5.114937963071905 4.0856770947518 5.548338267814239 13.722361129176512 2.6981284889422907 5.57471705999894 -2.8222366211045555 
4.094451100831336 16.87485219815978 27.862241612604535 21.13933156743379 11.679441098485674 8.157256874595578 3.855176159294322 3.654977141684598 2.836815006983281 9.302524020154877 3.4121330712828906 
1.5455744899027097 25.389265198651067 30.237164506956734 16.183835624663264 3.276306605911085 -1.246789134736774 0.4846317135633983 -4.444523823772112 -1.1344714722990359 -14.694251968672317 -15.77229022797744 
-1.6550788900454165 23.652470534179116 23.362604405116976 14.704824735701127 10.713284998442887 7.907177246800954 -3.237424732023221 -0.817947995397789 -1.6271164407515517 -3.121557761248849 -3.1325556994367814 
-0.22170372389851034 -13.97434743222392 -13.037957214484317 -8.694876428226605 -0.5147880626654138 7.617449670999518 6.7784534290182705 -1.7554570521945005 0.8026537778723417 4.711908301982904 3.2092804895594247 
2.7867548867598386 -17.594391479135332 -16.720596731590263 -9.513052619515328 -3.5899871459739985 -0.2456632454604047 -4.671946040415759 -1.402577048404884 1.1568644002901693 -9.88097151598398 -8.145122873636517 
1.1379297203633434 -2.4402180468134755 -5.311475628688548 -9.47478479635803 -6.424731738573906 -0.7901122022460126 2.960336795275707 4.095044402941242 -0.16692097737978692 4.097557426597202 10.463028646945048 
