-470.30767992820546 -205.72548570970403 -95.45021866465679 -79.97739874278221 -136.1387565630199 -230.0058790779924 -295.6211959349961 -438.0649583800638 -611.2790674138521 -647.310108438426 -648.2238004591146 
85.87996675209732 60.23192386539726 75.39316993453512 76.65327158363804 66.38595528687124 47.05656617474 35.00730246308133 39.044615121441836 4.77370231782225 0.3511303347387943 0.0 
-25.498226627704433 -31.048747585525007 -17.080778831574566 -5.613720764450752 -23.471792787497357 -53.463172063363004 -34.654315192699656 -28.792753749515455 -17.484603703021463 -0.6314394116397837 0.0 
-94.41693835884458 -100.05856259156184 -81.4462360160012 -62.27818446477296 -47.954056167657086 -32.700660117327786 -9.156666971535788 0.7016491049547082 13.310604623311008 -0.28578746461219784 0.0 
-14.982796242436342 -17.033460651365377 -17.232698366389467 -26.663765193263217 -33.36758971017642 -16.05457385140686 -7.6323368950768185 -25.067822408078367 -4.748268011339151 0.19017847307819244 0.0 
6.100455428196312 4.418230302074977 2.5038447809218076 0.7744304349893356 3.4243802510021992 -22.415821838457283 -29.56930860844747 -36.925009884746885 -13.797806079443678 0.462855692038613 0.0 
-17.138020626461543 -10.90251643463937 -3.4283896928577287 0.38508731881019576 9.784899675762933 22.36096436948303 15.299525020846477 9.699652217456137 8.109184614749587 0.2455501416845397 0.0 
-21.82204655237652 -14.647196080530863 -9.031050485455705 -9.294876296847386 -17.918390445410637 -33.012662573972065 -26.23929254515859 -19.56119546519068 -7.142179002121256 -0.7988247450234064 0.0 
-27.86859697872991 -27.969076897680562 -23.424294883710587 -15.623410495158858 -14.987170979358515 -11.684989424456441 -10.811837592683258 -25.079184270650977 -18.127284313628607 -0.8641682724085282 0.0 
5.572539671869837 -4.57968959686725 -15.516387849454347 -13.758352045605932 -5.735602217732242 -0.7448373353586419 4.594009113981645 3.087686688978214 3.8188267476666526 0.33034045787349897 0.0 
19.467575195225706 8.748379321302817 -8.721509718092822 -9.041401458068192 -5.823599483850718 -13.637921214124082 -19.817719661792175 -18.606525587917304 -0.7504483252767689 0.41261005245130106 0.0 
37.92095445827404 29.636173522050186 9.141710034764024 -3.2354075669822002 -7.424738276866313 0.5266194710896747 -1.4515257084958264 -6.812512473343878 -12.607839288203461 -0.3969872093103427 0.0 
44.84873352430175 41.38537024748194 27.82745948161564 13.600048332604487 3.3324106879734217 -4.366082803758257 -9.15207452743007 -12.645734693046968 4.243223464492262 -0.4181636339723433 0.0 
7.377841799442953 21.662566841850683 24.510618236378683 15.061759804938871 -2.8056793579696127 0.5130984259603149 5.843155518605574 -4.9145503220661855 1.0566345923450962 -0.07598908605947487 0.0 
-15.040405074337622 -5.866902408385874 8.648955434861678 3.557253941588905 -14.506194653607343 -20.356586051144117 -11.60431765059157 -11.36711093098543 -2.6147221653060697 0.3815565839582148 0.0 
-15.472455797334439 -15.057074926653524 -2.1592433006648175 6.7560175408094505 7.845741972282396 0.7665702853305796 0.35322246159527415 9.789441170350367 11.202787054791365 0.7620481620785811 0.0 
5.240474820209649 -9.387022973374567 -7.976494692631032 -1.974005628851887 3.2948368526051794 -17.934867423647887 -24.990242231266603 -15.295591644469162 2.1999446510684058 -0.02915176021129623 0.0 
-4.69520859827645 -9.969849903414334 -4.3881063724385 2.310151247592282 8.310508749767898 10.115516319882785 -2.6759744993802066 -8.08138770839632 -1.8460067148292618 -0.7413376587702185 0.0 
-0.3959970343483126 6.859732218446598 8.343659095279147 16.333808142710375 25.897525129466736 11.253710923980911 -3.0713614907378037 -2.50729726692248 10.059492066398718 0.2172150764097508 0.0 
-3.546847760955859 -8.174839739532086 -6.739015064204165 6.450569109188267 28.946102563465647 39.14231663334381 25.04135102843732 16.365325836553332 6.58293860247859 0.9533179943675749 0.0 
