-643.359757544726 -639.0736504644182 -317.17630990823073 -144.99165449966267 -76.99117874598846 -45.81074315081893 -22.90683764000764 -54.51051942438185 -173.88459422550176 -294.9233853055431 -449.8847726426286 
0.0 5.587956203431958 44.483193116672325 40.35113008961085 29.175641968661022 31.15676953450795 22.995910008477246 5.843390302142199 5.467959637829889 52.750862643931285 75.46315711239393 
0.0 4.249029799059889 -10.791257168168471 -3.4855823862839452 -3.245311793298706 -23.487200465392426 -59.631686553606315 -90.81951426877048 -112.45951113729352 -104.08080192157772 -82.01426725658871 
0.0 2.2726245397820826 -57.103957052431255 -83.42272484960611 -70.99117598821249 -55.67259601955669 -44.147916705845745 -32.407218689751204 1.877860762794857 8.878018716089878 3.0252242140423027 
0.0 -0.013103325042273316 -15.524023943238497 -8.948573850172348 -19.291167217933797 -15.097777001906092 -4.0852017626177215 -17.724345044399872 -18.942398711463905 -17.91360614697991 -5.3112185895837865 
0.0 -2.2427611000148193 -20.042408110147697 -23.690230715724855 -13.65783712676554 -1.8344414149230328 -3.0270197530070266 -10.77630172555854 -9.932842849942617 -22.07259122381406 -28.270181624262833 
0.0 -4.078091126905381 -1.8966809656448969 3.8102314177537675 6.567732358499438 -10.995495557180979 -32.100416089779664 -34.78542021207721 -24.751664979731945 -3.6275291071444897 9.435420713592093 
0.0 -5.260142509533599 5.74678455411267 5.762602894835985 4.5035584460177915 -1.833055654079995 -4.8240052896357835 -4.30053619770785 0.2328614804283642 -12.180364583643108 -19.459646031809896 
0.0 -5.6413641696448185 -14.945932791303768 -15.013834437681979 -5.488424867810475 1.1710292269017832 -2.71558513199286 1.1835271353563082 3.180558405547578 -5.0025413981448095 -14.279983120168211 
0.0 -5.196460417120329 -9.898463565867004 -8.268939857557617 -9.097981348623797 4.084396480560029 4.011918750364723 -0.502729367725313 7.880448232693522 9.881455049014924 9.782120160621584 
0.0 -4.015795838400457 0.779407063226569 -1.680912438070461 -0.9851575565627122 2.674432088070124 1.3588896523242129 -5.868826178814537 -13.537956622674477 -16.214834315599838 -14.706114362400792 
0.0 -2.2867912902675975 -11.981215583840076 -12.373717056326894 -7.043648996025577 -2.722636347106258 3.2280061984863573 2.3407075732288627 17.459570790767557 0.6286096620075943 -12.655133429719992 
0.0 -0.26746762981404903 -10.985676277740222 -8.00547418405953 -7.175414081263886 -3.155528066094272 1.8597570840217381 -8.004970887844172 -14.552550927908271 -10.246884618025739 -0.4022478370206599 
0.0 1.7460914849054145 -8.164814941800174 -1.903597054049101 -1.7588353011360258 -2.2877081612974584 -3.9699838815800805 -9.51312812779688 -1.784329220312105 -1.5615933137205715 -6.3097687178091215 
0.0 3.457866108898843 11.26089016774388 14.760903137180968 13.23659585012796 5.874740287278372 -4.44311598427579 -11.910349214118762 -13.358282053984372 -7.068895032715039 0.40107346467868793 
0.0 4.613999040590853 36.074866654196455 30.35439728063591 21.554815253395397 9.070749970969821 -4.283904574880362 -5.87592380752661 0.4985737460872637 2.1046719461679317 -1.078279180294147 
0.0 5.044081906268583 34.823515645246076 30.98716028025381 24.739082516611568 18.74733823913988 5.650434727253828 -3.6873857103029053 -6.2141599226563144 -9.942939354866454 -6.870983006404931 
0.0 4.693494620821245 7.337094525277871 7.147597607801797 8.11305823872651 15.932503804112343 11.561942767249542 -0.18270322323451849 -10.355041670420025 -0.3190844438703949 -1.8303888528637198 
0.0 3.6375094974211395 -16.865641297662556 -15.335417092626523 -10.377402600789093 6.255469282931136 16.67784102306305 4.160113984921285 -15.271358626884195 -10.966589380176337 -5.180290785138051 
0.0 2.070472277038431 -21.62497717128256 -13.448011224037337 -8.032926460179002 1.095689463709348 17.037238695964966 16.977528509596986 -7.269700606320862 -4.831076766619513 -6.9903584387101265 
