-577.9872247710183 -341.5649523249769 -168.49653933139874 -96.14772101198332 -48.53305041476105 -32.15886515324424 -79.97504510339576 -154.8530831716626 -254.07020044681303 -391.912403852594 -540.8381397337541 
101.7671313753768 154.680427654631 75.31659232253196 27.456949437772508 8.464940625297547 10.212866615433704 30.312822315461396 41.583777400738704 81.57540215240653 68.08747158493 32.29848653056749 
-1.3817917726008573 -66.89804666088546 -30.662394218158752 -4.666895612365398 -3.905314238695669 -43.07928361054866 -102.97475498536531 -122.10168638523105 -131.4358392993997 -106.57748740271123 -31.86417766114404 
-55.909519412769185 -38.613836768016455 -61.198756045504936 -52.02148629880254 -47.40012914907837 -44.08565231792059 -35.39257545084061 -23.606264164616153 -20.91384649511683 -27.305521861307533 -3.7737410446547175 
-34.453009512242375 -35.739588600342 -12.047453814105335 -11.980747825144919 -15.34616936051504 -3.696757656114619 -4.325725236447264 3.625053786068342 6.888832808200051 -2.87095027524537 -11.928510099102734 
6.043926643449256 -9.479899390005887 -9.117559775317272 1.8282266850331899 5.18083494815818 4.594570104649362 -14.282714877345771 -30.968659138160533 -39.95618495830887 -27.054532717429428 -9.821020123843628 
10.99081508698822 21.971692788029756 11.460871123575528 12.702759386801649 9.156909869294193 5.371096443008909 8.490915093403615 8.100348148384423 7.892540968508831 -2.1450997597579944 -7.3696376874330305 
-12.459290493549954 -35.70153327133875 -18.278902378112328 -2.132857309099367 -4.428139748609572 -20.62081449586355 -31.611947846405748 -41.15908318350381 -33.81772456044182 -3.037248227611127 -8.546008855833069 
-27.197641541292338 -3.1856464687785477 -10.787297620733053 -4.365724317594635 -0.9795995695569126 -8.715804292601609 -15.442116383815685 -10.027750911657956 -11.753314281316294 -24.88384869466604 -16.15736327494278 
-21.766172810559084 -16.226306379622237 -15.718076958433375 -15.178722093787245 -8.305002367206981 4.174136777273985 9.714957082567803 7.974926313956121 -3.8912346498310937 -8.735851431262798 -9.653133858942308 
-12.870791916158733 -24.097924873330918 -12.284545060004481 -3.574117087737593 0.6509452198813749 2.8046431710210817 -3.395957239942474 2.2610296565562478 10.298577983995532 9.11949139495496 -5.421998363519374 
-11.28082031618587 6.885918667859963 6.629989294546469 0.07851978130070854 -1.3104762490011401 -1.8457597330829147 -7.167156109703832 -11.584079427783909 -19.88124534607266 -14.945268922641212 -3.9835709353202695 
-9.810611181185985 -17.93058545268568 -16.242416402958725 -13.2563909408029 -9.951816975444622 -2.495923098819759 0.4489558526086408 5.773527818166141 8.683896433787517 -8.707751318492175 0.2677107312174875 
-1.5873385865354885 2.1381818705988485 2.0084682895416153 -0.01575220167931679 -2.421293523985217 -6.156441137756803 -6.212052610830768 -0.4964588464828532 -2.847450883797084 -0.7126282395164246 -0.9422353999349089 
8.201001437460512 2.6140842495520973 2.616497747522149 2.0461489248327065 5.292011856882187 -1.54273583946752 -2.5619174305378096 1.5567078341793623 0.3321662662331529 4.548912530116923 -0.6475034298736536 
12.481450414524327 0.12690955385428782 -7.608207088060128 -7.16826783227773 -7.6201375377368405 -12.333288629237094 -7.47020917482868 3.721348327871236 -0.3918633865118151 0.5872226014838697 -3.8844112115718303 
12.77853688102815 10.332836344196819 3.1250630534362314 0.3956992969458153 -6.481559512943683 -13.187325074397773 -13.507403520691561 0.7365687722862226 -0.024603806331050304 -3.873062543974826 -1.2154214420260558 
13.653780557346945 29.969647661804743 12.614422123971964 -1.4849167387641296 -9.1335030892749 -5.916643922555825 -10.641338501948539 -8.312306231042664 -4.792601745814514 0.45251765344925227 6.831135357107373 
13.395292933460823 22.76705360528214 26.381437853035223 12.687280301874097 11.698919811233857 17.720025363353386 11.285637199638511 8.00569978680429 10.38887494044668 -0.9087881293895813 -3.3391351953247908 
7.34616299791058 33.04986896029414 28.0383526588058 27.494395041246694 29.29660116853863 26.821989157377036 18.544905778147793 -3.392320663714982 -0.08908086720168623 5.0842222916321385 2.5065667864744636 
