-484.1019386643904 -491.77123492526766 -513.7665799156487 -519.1756163260239 -525.7787435347541 -541.3781071530491 -549.3172956504062 -455.12796934557446 -195.56642375165572 -105.69245026531715 -65.74477551997296 
78.20926016608112 49.23394249344419 16.4226880847068 21.88292737209676 24.911692311462204 15.71866322040653 10.604104752739381 30.198040540740436 9.64748399757927 6.79291587764798 35.1458284464729 
24.074211334858106 6.2654259522394655 -12.696488152975022 -13.318966227589131 -14.079171025457835 -10.89381916880371 -9.059341267469069 -38.10782662300921 -21.018101380074977 -18.83498697806226 -16.713594778127376 
1.7263769689024304 6.839886055860358 2.344900760850242 -3.574390219209527 -6.933041224853001 -3.3208329290388265 -0.7629265563506431 -37.881647134487096 -33.383074334831 -30.680246902453554 -17.394469728107815 
-27.363046376303643 -27.413289336207335 -21.786545412612522 -17.940067894386935 -18.386424220101766 -15.868604383820607 -10.806829765656303 -33.93253377819004 -26.662999648799584 -25.006236716101043 -28.076603501669847 
-27.59722212347458 -23.857949860607164 -21.753790949614014 -20.320989195062708 -19.96099029858304 -18.854892245014995 -13.545993991120037 -42.818072757137585 -41.587685343740844 -30.88219689634633 -30.19365689156426 
-14.820786018667643 -17.762820890235787 -14.044815013700022 -10.182350134927116 -6.413298987431931 -3.488177512650377 -3.159769987680775 7.825965921327365 13.614777740677802 7.652492623253787 -0.9746841988279441 
-11.93404620095776 -17.332403684633213 -12.746164910160953 -11.306496096397858 -10.418364641006026 -4.655801942044229 -5.088109333626733 14.090437408410857 11.808324802553617 3.2250898460911976 1.432003535000796 
-7.21883592270205 -3.1743514490931255 -0.5691184567102769 -6.587579875503691 -7.591397018934427 0.19242676390336988 1.4231007901816393 37.32008472845901 39.43577801015168 31.69487991234966 30.482069649623348 
-1.9289017110195776 -0.7348692310739047 0.88059997935773 1.2116477882580763 5.116701636438044 9.041024216321718 8.919538336250056 18.47670196460981 10.615203521415056 18.385048254671812 33.57171891265057 
-9.373017830355945 -9.699168322744441 -6.063574370132569 -4.662343401841625 1.2850087696942603 2.757471338529823 0.5416435228389691 -7.406713565671964 -15.240808266173577 -15.978641597956084 -10.176281414737417 
-0.08871341211931938 4.675689918155996 6.043083896191549 0.7199675263621552 2.301021374296359 3.5136027534436467 0.03032040086849168 -25.3263108643702 -28.435918540077452 -29.51854566513446 -26.346494060891768 
13.440321162748335 14.683539686597673 13.72919681048878 9.331384766574427 6.148543293929528 5.359992174127544 1.9475697717725144 2.629322848339207 -5.649207415279502 -13.351911935865475 -16.180630910105165 
7.468468456062954 3.788453009686808 -0.38519479333850193 5.689991520617305 5.834469916090321 1.379958124868689 -1.746434547745975 6.057801371304112 6.230433417522336 4.178000488603893 7.076235957808564 
10.44899042397561 11.133380274205148 10.406246173783614 17.209000010049532 13.613256392404107 4.7967557333290625 4.083054317577712 7.508130646238031 -0.6863821051133216 -4.955655277670953 -2.2317037067901673 
6.810860199966221 6.714263143669834 6.690848391367448 8.37151894247378 2.035094887600806 0.06067366719707635 4.123265707966123 0.29069249482939585 -0.33016272048183853 -0.23350447895562784 -7.683821294678025 
6.004885212520948 4.663209045485333 -1.2322823999355137 -7.060826332618116 -7.812627272795018 -7.826217464809339 -1.3978168435881426 16.515460623855812 20.172001332858454 21.057120183619 13.399058564278075 
8.729021725870158 7.974799103080003 8.409969510220673 6.501439005183109 4.6437406662617855 -1.511504277163674 2.2769092394969235 20.651776140629785 19.072989897857582 20.397031914941046 31.451321376233484 
-3.742816697061137 -5.378059757770844 -3.2604552831484392 -0.6433002939275552 2.6811809776609996 0.41052942851273216 -1.9426796221065632 -23.883047705462076 -41.06307461952889 -35.7541687319547 -27.28439364001381 
-8.253350916534462 -7.188481794305771 -4.538919371612669 -6.41951694368597 -6.069450411055411 -3.5563461238932605 -7.589835836166705 -12.274657807784813 -9.88852205823489 -12.170123661981805 -22.317049812629303 
