-464.6772130484232 -328.2423678026883 -268.1263015756115 -256.7964005993314 -253.7575025032063 -268.1584442956743 -305.62031599075885 -388.84584589092265 -465.22843701284336 -493.00829421155345 -498.05860386006316 
51.39292281134152 -12.457340244519735 -24.04125084119148 -12.07340077595457 -12.808215916564516 11.86592492236199 48.52810988670241 72.30445659646615 76.23755019951761 80.69486229737844 81.34103715826265 
23.589974655432023 18.832377058390577 5.592100846203798 -0.9347757114808871 -38.04433732463576 -74.73939945580425 -65.90581617110094 -26.0328263182421 14.369525794244211 27.572645600520502 30.84180606148048 
-3.516229461502607 -25.71274157032383 -41.32186356343896 -32.81508890278518 -4.102815770731489 7.164443003993817 17.708857435298384 12.906083726355948 1.7339291008189819 14.66814216803892 10.515804580177214 
-1.6525186399547644 1.1098217939676098 -1.5684012213062104 -0.06110107227545225 -2.412931535627298 6.610202447716748 18.929444551056523 12.16469386040123 6.122485636179878 -2.0196944838884927 -5.692242127367226 
3.490177311886053 11.695527510561824 10.775590978379375 11.77581749951333 2.7192813651876655 -15.179275272774305 -19.48521236861617 -7.491345805021945 3.3695375680246924 -2.649242392280673 -2.9461574229266305 
-13.744126089052138 -16.673301291941698 -11.200981318623903 -6.1451876519115185 2.0114232941259957 1.775220068001024 5.676203999114629 -5.50410813592681 -9.82799339898163 -7.165793690529175 -5.175105115034658 
-12.3027002689958 -10.794519868900142 -13.311024898189306 -18.702099406220093 -23.269423579606098 -25.887720078268146 -21.187562789032903 -16.905710416648468 -18.46520132301353 -16.00697861239577 -6.047111037082064 
-13.790924770428127 -21.60405067918599 -29.51726191264459 -26.036881873062946 -22.597257254774565 -24.477541567049023 -19.65564588347815 -17.78065684040228 -8.473856867418403 -9.365968628689053 -7.731145281897643 
6.180992509214372 9.229544216447062 2.6611336146022353 3.954686238991434 6.807227415062048 7.124285097187094 13.520959619685904 9.336630706060816 4.9914296223058905 -2.0348846060470276 -2.641981345270947 
4.507865439614099 -4.222531682189224 -4.031485071824595 0.5612829947483677 0.3312662531956021 -12.583734292220417 -14.673373121823664 -12.584040001690447 -2.927720559720628 -0.16647023102139769 2.5390047650147567 
-7.66456879926554 -17.002218014934122 -14.775321263101652 -8.730800870821843 -10.194232258046924 -15.771567880180129 -16.091950656742757 -20.71676940266916 -10.040797721656865 -7.987308402299127 -4.101006574062579 
-4.856627530507126 -4.076314699053671 -4.140773392247103 -9.955971129535623 -5.456291593709883 -4.247035062477277 -1.45401863151682 -0.07350434428410423 -6.033401798984412 -2.023188070833591 -2.1801776671323068 
-11.675671150224279 -20.901577763873263 -21.63586819554738 -20.918132915013032 -14.541861217616521 -3.2253110437386 2.8086365172694094 3.3043084527677387 -0.43205703455648925 -3.4528700289533214 -3.2575510730725594 
7.744764826786017 26.75980346914555 29.443336788357676 19.54606527362541 -5.0160641248254905 -12.127683750871034 -4.853119715613561 2.4574879592099856 1.939266894791615 -0.38240855599664114 1.5513781111468188 
8.933387529548787 23.088961746252362 28.01671380560092 16.127190557117054 0.026705950312415072 -5.024893271517167 -0.7542554535451932 2.389909622967993 -4.308425463200005 -7.126012084877829 2.0667445216608606 
1.1254858905220206 4.18378339108195 13.732303861729225 12.929638608044815 4.628482448792916 -5.015750710015789 -8.877538380860532 -10.692671119603922 -8.741885744195866 -3.365128001729171 0.07829616556132712 
-8.159049063213017 -14.52301541791506 -10.937820513922148 -6.580392988437714 10.795087234520706 8.864363457732326 -0.34524462384801796 -2.516410283968403 1.8099973476996847 -2.7199335875875406 -5.123839300604146 
-12.71844386729197 -22.685426424406167 -23.563183672167526 -22.711548086124758 -9.547559714181432 -1.593417903915871 5.295624211577046 4.2403285387046035 1.9005349104621125 -0.21023059084917287 -0.7271715508371422 
5.091452474921798 6.0688010844844875 -0.3105882756862719 -10.370732946340004 -10.44280608309911 -6.9160165642486096 -2.8999261841685886 1.1165506705440718 -1.0479286634101739 0.342196264709983 -0.16390282616682156 
