-374.94177115108914 -225.32817890215813 -162.0754017415537 -140.6996131280908 -180.17518086511106 -302.58254841179905 -416.21267490809646 -475.07721894695874 -477.1265763092359 -489.9288449570927 -496.7928411633758 
99.82999382110768 84.77050735754618 72.10438753244719 77.34365791242305 85.1237045960307 97.01496729512755 117.80201372080901 94.34961023959184 96.16657421211652 98.0495700542096 98.1438819395614 
33.04627836451951 31.225447834179587 23.74795430056148 19.421449671924506 -0.589486239691855 -16.637189171633523 12.825862181517003 32.40633630368128 25.972289855537994 22.00859626379158 23.35774662172363 
-49.92220530749441 -73.11830493111793 -65.30490936536518 -37.85682079101211 -14.271703907746538 -10.43782295351194 28.196910644101813 60.438566689479174 56.07742069690888 52.961665993062205 47.01901500215548 
-12.202468325317824 -3.424444637720164 -10.561867213953482 -9.72294822782739 7.490433230604896 26.9423296860637 6.507788020841328 11.106786535262508 12.316276466034836 8.614438019666508 7.6937771942498 
2.0160428791402643 11.66503726466826 6.525720963997278 4.160442298379507 -5.279198628373834 -38.460551335825016 -11.531632303226496 5.771967606080984 6.11669942347541 2.3566773074180256 8.09986941672073 
-8.080680018343816 -11.399060660648459 -1.0417222876461192 7.813283715535395 7.433915929861856 6.371610295951443 -3.6923553387996995 -2.813232452270548 -4.6126577529552595 12.265068647555413 27.915037613220157 
1.7207052634044717 2.922115558814026 -5.979205059411134 -17.520604442200916 -20.557917964938405 -13.14636815465754 -13.553415502631466 -18.233610058862237 -21.08957065558201 -12.98987228257679 -1.0950460017649362 
-19.31319249379095 -19.73806828199853 -16.772872292258842 -19.836811497988403 -22.085767537683523 -15.831751448981372 -0.7866960132775651 -7.7070576756207565 -12.483216558108357 -11.908682516201575 -6.792233086637971 
-10.771563448297023 -13.303759157443977 -8.067528930254566 -3.1729352211934416 -4.788029078487362 -0.5421596225167798 -9.377256961613494 -4.97796875867756 -8.096823425180075 -8.303136056993637 -3.391220914931306 
7.834951196098207 2.3814692800307196 -6.916607431658289 -11.87959323197757 -11.525452208384227 -4.243871140616032 -10.299651443968024 -10.101742695708715 -7.017598038165316 -6.869743005474094 -16.609955728258015 
-7.060776000927084 -1.1025045513923373 -1.6372210096303699 -13.641314922344428 -19.120878359653815 -15.623771715364565 -9.529032598663395 -7.466389708870009 -5.808951450732876 -1.6133823844562931 -9.251869138600869 
-9.214388800608134 -3.0151851277005277 -5.848000082995808 -17.824776025027266 -21.682949041066568 -3.4253192476733165 -8.146077709669179 -12.100037419873786 -11.460311696566176 -3.5915369134519946 5.769044216921069 
-29.56767679623494 -31.370332592686548 -23.955704497319736 -8.08535000928679 -4.862691495568594 -11.980324348188987 -11.40840773314733 -6.2655671400434425 -7.782495835868975 -5.632972026308973 -1.208844565531085 
-12.485928862011491 -12.816933918884523 -14.590745978886876 -13.186741454468656 -3.719471729938612 15.282596497001968 6.999248809061761 -5.504963480640646 -3.3767446593473647 -1.1880907928908324 0.23596924817822656 
8.361301039692371 1.3333277217663349 3.304360208917372 7.551744177146498 15.928941846185943 19.992737921259128 16.380211633007075 -5.837716739729311 -3.0822990143482882 -1.9879228563567108 -3.9667952167943232 
16.3463994047294 19.949481570949846 20.084387204466807 19.579734089969463 27.71619542562774 38.20898762585709 17.10355252412993 -7.115950847117844 -11.924811562138487 -12.265660386421766 -4.315529674186159 
24.323660147182515 32.692945130614945 34.238197084428336 19.605676437310166 8.943902396673764 3.056787557540307 5.637217854415104 0.6348031707698361 -2.901639617527202 -4.689565788974978 2.4540774965829515 
-6.415588381276795 10.786112445269929 8.963313286845594 -14.259149566328436 -23.641149044512737 -23.424832275190127 -15.58775156713468 -11.186761151520408 -8.993796712078042 -7.149866509156752 -1.3657963841902592 
-7.885715878964045 -0.9742187651012193 2.137436710670661 -8.818019190227641 -19.044042634132563 -13.201717418825083 -15.306256664109018 -6.649670617987876 -14.940804786963389 -8.291907664053507 -1.1093948782226601 
