-473.2973420127095 -472.4730946323722 -403.46693801251763 -281.02141369026646 -181.57381609906685 -177.60476829919384 -223.18347161939167 -238.54982898368038 -260.49512349128366 -326.27787586232466 -394.60443788561946 
62.04383449687074 59.291064706953875 101.82027256149138 109.3419448380483 46.02385880863582 12.244699406484038 16.654815644398496 84.17104391389046 104.69795988121783 99.40635461421698 79.26550807117448 
-0.9786690944685543 -7.449166666403079 -1.2687670040297396 6.222398817648096 15.533810975019417 21.355035796372775 -4.257042986003331 -42.563938499460534 -62.50421055151243 -53.5639650814221 -15.531946124302937 
5.189930889967911 5.687668090255947 -15.645486392333844 -57.928850382492904 -44.495105348236805 -31.624763324842203 -45.561303478124955 -27.652589055346464 -12.910627082949318 -11.794378037711962 -1.8804547713274893 
-20.604364801253027 -21.422686737361463 -20.140808908862702 -6.242942737989873 -6.084473518918639 -4.9090031136657295 5.559635493049108 2.455656623825875 -6.545650332075651 -16.899322838270304 -24.945947817965937 
1.2920996792339352 -1.194257967297473 -2.4553093709309977 -3.6481964208091866 -17.587734033644708 -21.9727280163996 -12.113813242903941 -19.716328693630405 -20.57040058593198 -8.566488019469261 -5.7993205070901395 
-27.563340014806634 -29.656926733068484 -25.96661260950333 -19.70935776173497 -6.801374584609492 -1.1157796680682295 -3.5542258184793507 -5.51520243296283 -4.909976895630519 -6.925135170380386 -20.944220376093956 
-21.40958383741151 -25.53261759803923 -26.61383419088702 -29.96543723235674 -28.40505142526665 -24.950091395823414 -27.59135413088383 -36.67437782416688 -32.33246585594988 -29.0957361948688 -25.06003131699584 
-12.966626285306956 -14.104804371819416 -13.813593548580663 -16.556390573047395 -29.369008964465998 -29.126698023876713 -18.714891519597415 -22.618325070400253 -31.766357348293035 -35.987606624453036 -24.904702684382265 
-5.523593234082753 -10.390756411155555 -13.034989691875984 -14.54854905999138 -14.140609469723795 -13.61782942740312 -7.127129862707056 -8.52512050864203 -9.14310162449374 -14.090208364387665 -13.158175624919988 
3.271176316282533 0.3678391900991702 -6.4961677111273035 -11.073928396908798 -8.967669063391146 -5.11004546805912 -7.203744878081713 -12.386815562410185 -5.22106537144208 5.165963670573372 6.5573703666899785 
15.327873895335951 12.442498340259684 11.02892045534016 20.556444286470676 18.68882420056535 16.775088931624396 13.533274504918205 10.524041311541335 9.292768326814054 11.634980221853326 15.884345428108189 
6.945988459589991 6.338631163130956 24.462027472448348 31.730153458256876 27.769789210359214 21.9960265743438 24.134044498122364 33.55499205407146 34.15792602576349 32.43959621722708 19.140107593655934 
-1.2639123086094064 -4.443427565088298 22.024004002159497 22.734822286942922 21.107135852430773 15.493565904085706 10.223573537858638 10.026170602692895 12.208376688092523 14.626767207579334 5.308799730450615 
-5.74727846989021 -6.821153028133178 7.682578668206253 -7.483893421330816 -11.185826152111424 -6.5430027786829585 -13.929278206359296 -13.18793101718991 -15.575628628410449 -17.758805747917645 -5.579400688827401 
-9.043911061711679 -10.234063416710562 -11.698295354078754 -15.352723780190168 -12.39456226391987 -7.606295791926044 -14.282711245224233 -12.313424965260737 -14.216586511552297 -18.560175764237297 -9.132746564072724 
3.567362858741257 -5.14901476413597 -7.696552691177695 -2.7466383025956493 -3.1676553958187808 -1.344218758854865 2.883842756679415 -4.444255017085634 -3.137267867191329 3.6492124077360804 2.908637216891073 
-0.04948784354479038 -5.162651188087467 -6.997579686098739 2.013252348736064 5.046153228541364 2.508455660096806 7.361070584229859 13.578221100180476 11.412512128564813 3.599477251813198 -3.3170849800813427 
1.357408537110271 -0.12763679400185968 -0.8310322480508937 -0.9127615401022658 -3.0144207836234393 -4.836515651495112 -11.574058095251528 -9.23624591910862 -8.61963637869448 -10.87631205358229 -9.100599393021373 
7.89219090930689 10.349337610684515 -3.505989247271267 -21.455128635073756 -21.49342195749844 -14.343461570957974 -23.01074292302411 -21.35080541739896 -26.623869231002395 -21.747299498374336 -0.6170258835251015 
