-849.5399067483655 -792.2076972669137 -528.2725532318611 -380.05899096920973 -311.93780304105314 -300.40768956217386 -340.3618075719372 -414.5779394567081 -526.1123839875534 -682.9814236631738 -767.4974268793434 
2.236206062988201 62.24836358731356 149.2970839092855 86.96157084918393 56.64147546806455 49.03226182520509 61.72385355482699 94.21643547329967 91.76136356673011 61.1337193191131 25.951884327839586 
-6.5654707209199135 8.416033673672487 37.638108165486855 38.9119559221609 16.321160408795574 -14.385851516321857 -60.81991025249613 -91.44222933634407 -45.791272142159585 6.377377963843897 17.17034445201286 
-1.998800467210764 -20.532979152314148 -115.56182745813152 -100.98101627190498 -87.03328954159622 -77.7649596520875 -38.84107443294032 -3.083202496958985 -13.809603296678674 -16.240866398274125 9.22895735820411 
7.212919237315648 -15.656002134154527 4.941897422884521 8.966920653569169 3.1643909852824725 -5.25106869646868 -16.687127138552228 -26.277172667159363 -25.726391770303664 -15.13851051936063 -17.164349413037463 
5.07224846752638 -5.084439306793202 13.959938619609034 -3.22658973294162 -1.9361130007584262 3.687452398403061 4.221603200465351 6.899634374722334 15.233223128907898 4.474971094475364 -5.485614907819819 
-3.794545457826998 -5.566672786478852 -22.091703290981336 -3.9707067385521038 7.997266813835388 5.741710123435677 4.604517337831366 14.301378474008722 1.2574072792844402 -22.076553727735373 -9.285603503891457 
-4.203021157808367 -8.27843372421874 -5.083665356879192 -5.237680641710983 -14.193571260500804 -25.722962643133453 -40.83066392229979 -52.777718958258305 -41.231831813954024 -28.42641288266307 -12.869247032965841 
2.9244618118553847 -5.448951060470298 -29.441585562026376 -33.58022064765173 -31.28476104862144 -23.18589689674763 -14.781661912982718 1.7218861709130158 2.009250830203487 -7.034219761328947 -13.16339572263428 
4.726922154837746 -3.3473054869461487 -1.6955699050802608 -2.3790720246543478 -2.088708092611153 -3.4031264132083137 -7.023193410099363 -18.408782455320505 -23.912348704941017 -14.917221465143871 -14.02450379565106 
-0.49339809629421894 -6.777374580289381 -13.437897551655388 -9.69307438669782 -8.723496487224736 -11.624690217522598 -21.375553397086016 -21.165114560823554 -23.514583102045187 -13.727975333384265 -11.676349687255623 
-3.0560421769666757 -9.51278527025232 -14.4114328172105 -17.961058138153163 -11.9913832363758 -5.536073113484013 -0.002326266204060623 4.258506129207612 5.14372489455329 -11.563292513320313 -4.620547229329732 
0.050755092639174104 -4.498468065018328 -1.6873567486441792 -0.955485388808512 -1.0333818451063588 4.792976164030238 6.898392066135939 -0.2723786648457203 -2.9438455213159256 -7.4803120302268145 -0.9709119884005305 
2.55795677020223 6.803419992650712 2.408328071704921 1.4325722758975576 -8.745762917064567 -18.610798567704254 -12.545437675492625 -10.929890560066447 -7.477051967741396 0.7616582074933076 -4.130297366928071 
1.3905779898467392 17.027672158284606 10.418541382287703 0.6210075365138215 -0.8116231671421341 -5.802445252160104 -4.213691851401902 -5.561007350658933 -7.283375183694443 -3.35041464489465 -3.5163812390097684 
-0.2881040366948154 19.31525632268385 22.658740987435493 26.576236972890346 10.540861073299894 0.7388024212705535 -6.685026053688118 -8.802228859091617 -3.7693860440130056 -0.02996620002358985 -5.1146752332274525 
-0.3111068654301702 12.692983792218822 41.582084065397346 39.27358495473109 32.074309217848864 14.043472829730238 -5.695487957820985 -4.978813518370666 0.457367932514378 -0.702548676759882 -2.570553355976086 
0.5892341704038643 4.385634731786882 25.065709860133083 32.14676037010611 47.818806182532484 42.81602142121957 20.681614763476354 2.91195718294731 5.762361365295636 6.110753580872144 5.823568347418827 
1.6615674284494428 2.8361276545519685 16.412084352765476 14.95450052504477 29.036906770388462 41.29872171136748 29.7801523152162 19.195082533237947 12.01515553575977 4.539149298364787 6.347282770382918 
1.8893344185370768 6.745661454270897 -17.42187535393218 -16.329687889875167 2.609596868910683 33.36227939564353 49.901492383637816 42.42547029881181 34.01325847365781 21.158673251926484 13.40300829339027 
