-456.9767279519767 -234.74145443045254 -123.51917143300565 -68.28562994835683 -58.3841249357102 -109.32922574849061 -214.22304596526905 -406.9429338065184 -542.4376602400608 -563.3004883765128 -581.8508349190663 
120.37330576043603 83.03500823230726 45.347324562642314 27.49029192987262 23.717073032844542 19.474097616268764 34.263015944810334 41.43936282989718 76.34118576601706 66.63277589885823 44.39156243811796 
-12.214110885958938 27.499632935507442 30.283830791602604 16.555250473905822 2.1385088742729303 -6.281920677690737 -21.468016730788055 -5.683876195163787 43.12085450274015 40.291180892619415 27.709939922325113 
-27.871751289074446 -63.75604064625847 -51.11370049244161 -45.60878640705337 -39.2686441208114 -24.044395045075177 -4.542678107618729 9.07327878069589 2.2506345094985774 10.962206028378843 8.690664778274748 
-29.1548207701779 11.434787376142749 5.194289790461094 2.95097099533318 -1.698420815741836 -8.629447381176895 -21.881167940995866 -31.52950189146435 -18.581180646502823 -9.845404992282607 -5.511659943895413 
-39.19757480722856 -30.986635788872032 -24.67864422960299 -18.385509284839543 -21.695300368056746 -32.71925242207014 -28.282779756992984 -17.612979841675298 -18.836912400210615 -18.160510820365857 -12.032951892438472 
-14.081016044296877 -21.110811639015573 -23.617385816076553 -31.791973055508915 -32.85313060745962 -30.094512729399327 -27.87500195449413 -20.65457676408012 -17.95774066448366 -17.788719828149098 -12.53749464624374 
-5.763629287928811 -18.296474562787203 -28.11467816661748 -26.235968704182845 -22.14520150365467 -14.599254817221603 -20.06460786699615 -21.542314863343186 -16.02683280797593 -14.89574002094145 -10.678400933182495 
-5.280672730033529 -4.323573977333447 3.888087213007444 0.1966179137755497 -14.683787604069117 -29.87432882395774 -31.562002616851437 -23.882840739637267 -12.695520695736544 -13.183042925568177 -9.368109451821049 
22.2603638137673 28.581356341685222 31.121767528415383 28.365320271593816 20.406874669161603 2.274717077376713 -5.041463912029288 6.03719944995956 -13.098452662557602 -12.543949363977017 -9.673128184231826 
36.58293276271061 49.39200226076328 43.844416214114915 38.3720365150086 30.47281688470381 15.732150846592207 19.183672004607097 9.42892186142594 -5.769430138347152 -11.263780404939071 -11.183794334602792 
23.026454676722004 15.970611884526488 10.159295365967576 12.97132124427713 28.31230147971138 27.34470934523751 11.231601405231501 -11.280684535619965 -5.710261795926575 -8.908279286227618 -12.745257562831892 
-7.850806967654974 -14.29657652621201 -20.386847475555307 -20.288846371642528 1.6969779645391219 23.779332499088984 22.68606738606495 -0.2813719386894206 -6.8714393116721375 -6.350073650738073 -12.99983128824473 
-26.687392756618337 -35.49231178313801 -35.32348453720873 -25.718385366218875 -15.651778804882293 -12.60100302045258 -14.387059722651152 -13.79055488973158 -3.0015770359947402 -4.523880411891994 -10.98386991000314 
-15.675154042954489 -2.050349345010437 2.878432489028249 -4.488975779646358 -17.891442328570704 -24.68329115910105 -19.044996905528446 -6.242821363956106 -5.944357488107656 -3.2387929906440522 -6.856834731137122 
3.3926213435766845 13.819995410031183 11.40238922526755 1.9685088690768926 -7.893814846855267 -15.70388137808826 -17.07245783522263 -5.267642752063629 -1.6888085090688219 -1.4192793923762508 -2.1277244602827756 
-14.559489988023888 -22.95309443923243 -19.727096296139806 2.808516424898939 16.92488163399417 18.963134330940456 13.974077393739126 1.1556766690971871 0.615912908231173 1.3473541773306412 1.2270939180772944 
-26.937404656752378 -23.513478088144208 -16.579086683045418 -5.453246580509103 3.7529533960952497 8.6548248670892 3.557826125759333 2.8830872232924243 1.7660682023703547 4.629482202847082 2.2770200592392413 
-5.143851455731665 8.607830116810824 20.75636485080011 12.296529743420317 -7.0746636959372875 -17.00370597881094 -12.245533811321181 5.368893826101028 4.005955045353681 7.596611500424389 1.8843340319364505 
17.48867083784404 34.217217245725294 35.269052832399396 21.041836275264096 -2.715416268254725 -18.26043091825236 -17.00285807880146 -3.2220733734312637 12.487833639596222 9.707927285078917 1.8137400903771868 
