-342.71969124984395 -342.8774524668349 -346.58490997738653 -340.2223667898953 -309.5592040257966 -243.02933830567355 -211.832988675133 -221.90969010144738 -235.26151609619797 -275.3395512066702 -309.08055526857413 
7.77352624027709 6.29947096666292 0.8290964580640903 1.6399561155675153 33.95973808826517 80.00380570090849 65.86809105697517 35.848793758574786 46.10802710156989 37.11055594457406 13.157915787874146 
-5.512838674283124 -3.301252315081074 1.9387076393765081 -3.2669185486451697 13.801503175928842 36.66889872060895 50.35578505889117 41.1180745815082 24.742332157070955 15.326918952644064 8.266165494091993 
-20.222390426021096 -16.280951922224762 -9.079008654460107 -16.13212983307516 -19.127739141156624 -22.866336653696216 -20.594662758365025 -26.896809959666797 -27.71346990004003 -11.008417591397006 -11.09313086067096 
-18.86177947180743 -14.99776589833634 -8.856678579652838 -5.296815198762164 -16.11734437648907 -19.266684954614163 -13.956334226533146 -6.096772968156459 -4.115201553825811 -6.228318410775299 -0.9265563926179647 
-2.8863503220108724 -6.056799024078857 -12.769737358434252 -8.260210502180918 -22.866459925564286 -16.61393596100192 -10.712019935936588 3.658083347808852 13.501935181729355 10.589843598431194 -4.727705873057748 
-4.251147551594469 -5.060709663462291 -12.981414640396478 -13.236442796181485 -24.99328319443211 -17.782778894934527 -12.686889298181828 -4.678886020243206 1.103353799240881 -5.50030478448056 -12.56535182419125 
-16.75547808684329 -10.569573233587981 -10.080247297318124 -12.13931638646522 -21.519976858220105 -21.212175344232193 -23.264192078151517 -25.17504639748802 -26.68103191538657 -24.927202799924807 -15.924728662831448 
-3.496340673168339 -4.893541229762515 -5.683047704849036 -7.1951694467734395 -10.674956816067851 -10.916919072553387 -19.32322364696586 -28.71172670912349 -25.309322987512964 -16.912366063796036 -4.862360215131083 
3.509312778418675 3.236706441725228 -0.6393796869640401 -5.8253223284382125 -8.33689907838404 -13.643979198303189 -15.12199623271471 -22.73037851374081 -21.02733271393891 -19.60736081523211 -16.64935394258758 
-0.21094220246780654 3.1908675734825143 5.395697128969951 5.327747236319331 -1.1368381202630018 -1.6004708374474432 -7.151784362341305 -9.86160310620102 -12.879135375313322 -15.299966161180677 -15.572745812664703 
-3.6728851549624855 -4.3588134688381555 -2.4730258176661994 -2.7542338932461257 -0.14799716417301223 -3.930784206001391 -3.086999525854156 3.7322637916238586 4.304149682798525 0.5122412547062005 -7.407672265986676 
-2.1706737507853955 -4.152256904256177 -6.08203484756093 -7.261515278963724 3.068209697524781 -2.1384039908529067 -11.767443901156103 -13.012433343867624 -15.308856047753732 -8.141857470611065 -3.561298221541838 
0.6941640557575165 2.7566417710868834 2.2193912182622286 2.056097575698427 11.471125562896756 13.602399344481709 16.303656545284845 9.817767047910856 -0.1313253784747706 -4.819437306603999 -0.8753564174983017 
-1.987247698371335 -5.758440304592069 -5.543017900947145 0.18754390156873246 11.941208922802353 17.905641552399686 8.139626443491835 -9.666957915033258 -7.144069138033714 8.08100046378669 10.625926316036505 
9.051787570416575 3.242093959930444 -1.6741830366399628 1.7801495270250682 11.792948179796625 15.671819551022317 19.854038428733354 11.580811563385957 8.518179203498864 5.088372280575533 4.386111760964545 
3.366026678419373 -1.6681136340783569 -3.7567189706418924 2.5046356954703395 6.234447799992397 11.021253433636824 8.868650336109258 7.452442892737734 8.255631131505016 6.444245428825308 6.5349549862538785 
1.372323532547528 -2.310204986003857 -1.7871830262857766 -0.6342705312529291 -4.9485119550778975 5.062752540670143 12.793821905326254 23.517219936249887 24.456001455514556 9.905031587173347 6.228939047376915 
4.149792379471165 4.342694857667503 0.3933354068793433 -1.5536399431488164 -5.757032298749047 -2.5157091779866696 -2.1799715097560544 7.710345553990541 15.08990526811976 14.516964802282438 4.454721872525074 
10.68994652527859 6.9872490084597665 -1.373161335334515 -0.7544709949943181 0.3054388991719774 1.1336729390105094 4.517520834504975 10.84032691899168 17.69292732028231 15.639983441649001 9.109846570417377 
