-506.29403142839345 -486.6174258103991 -409.52191518371603 -196.59501778054948 -90.18019991787666 -48.17768367393931 -60.864896419266834 -92.40719149008297 -127.52030369722173 -196.92344654378718 -302.2804223448167 
92.30907206798618 113.22547267281212 141.35398162901956 73.26966407605372 39.48441081832527 27.16148324724697 37.15390271432004 59.86440266536118 100.4402219686041 137.30987990089812 134.88118499799504 
-7.166313444532797 -0.0993101216811959 -40.004241945936386 -62.149516421193454 -50.876166251526385 -38.41949838860878 -33.0817619059891 -60.98298739664629 -83.66995535402988 -87.1766760229443 -78.65684229991106 
-39.54502235023713 -41.01085407965317 -60.6216005998983 -74.56223034848554 -58.14222478946191 -49.729168579330846 -58.42782888405466 -59.27148687275616 -50.00124803109786 -53.63841960639054 -46.59939340744335 
-19.505701511003945 -23.452060524730207 -29.88322182932534 -4.064282412993079 -1.1505295314755528 -2.189520337278798 -11.014566550955813 0.9663708373763469 13.863469501681255 21.004216613320523 22.184445389061327 
-1.0903373924439865 -2.561481402424453 -22.850486964567587 -3.8455651672180915 -0.01622206953910267 6.1628784532983545 4.084060313537377 -5.743526304062822 -24.99621196439692 -29.8113329283547 -25.011573368359066 
0.8512524606052546 1.76092732872042 -16.24766636562459 -34.54959590673218 -26.470367738077087 -9.223824602267973 1.0789829583572395 -5.345812028501449 -22.242252573333808 -33.220171017296124 -33.34567377163819 
-4.960503310703464 -1.1693287921530624 1.761527000375167 -11.131250934422095 -14.76348580000193 -9.124204461847665 -6.743060011765559 -8.897379152283648 -15.448020337968146 -12.941863307923416 -10.043492188907026 
-9.47607251987553 -8.15618675696229 -1.1664514869952127 -0.8172295073144034 9.966162727342045 4.90924458074832 -7.0190122769673575 -14.986053836911644 -21.739789108917122 -17.69828692738254 -9.223933309765037 
-12.956049694252254 -14.560564539313788 14.192776405215199 49.10283821182752 50.068343027138866 31.255843723329278 13.194551158306428 9.00040349540037 13.310444910718406 14.391826502631174 13.49914986794678 
-13.25111298391434 -14.153564487214666 11.983256056777822 24.73156301593994 18.506759772104076 2.338453735684003 0.2056681526058045 -1.7554947830080074 1.5129791757301583 10.142567550088177 14.848789671249483 
-11.747456739453785 -12.399621508016395 -6.839368950820999 -11.083715029667783 -19.987206124767596 -19.698311134941655 -2.1798896271217187 -2.9775624602548207 -1.86457091475437 11.862277633602588 16.103393460933688 
-10.927676618326805 -10.124608586275416 -13.87749738910577 -23.439722630316673 -32.129349754123545 -22.98144139339764 -4.465324004474553 5.916618925609632 3.874745955247785 -1.3355197491928554 -3.567252407302414 
-5.541215118839328 -0.6300809906254549 -2.846537396575657 -4.580126123135182 -8.228733016467835 -1.307378589398365 1.69253601574067 3.0902346376872405 -3.209402929457887 -7.555606112069446 -14.179073047120037 
7.547214419101419 12.755448000342108 9.268864526873791 13.965899102684567 8.940587691896514 7.012035928343186 0.47688816945527984 -4.770770715726009 -14.142999446776843 -22.49586418270627 -21.76983485128872 
18.70757095273283 19.171701988088365 2.7180968475513287 -8.192582986109745 -6.588614244129493 -5.913488468495464 -6.5955078932971505 -2.163135242185269 -9.274812326125115 -16.036792651417635 -12.705326040165394 
17.33488931325032 14.551476465940228 -4.909900925463763 -7.7050766465645815 -5.487316429784938 -7.007214247171557 -7.855838747761975 -1.2220645551214417 -5.523502720021143 -1.4505100540064795 -0.6693795560262847 
10.634529390714704 7.742495967206549 -6.006760740566763 -5.026827494266575 3.1026012199279482 7.617603523831139 7.6371249236918 4.157171425360073 -1.0981098647090177 2.4560180150647644 9.768634665201992 
1.8115195086050704 0.066694597760904 12.056703523465416 18.908404266513678 12.844229441229364 7.161564032680946 -0.46543947737756314 -6.8984898600315585 -5.153373576052668 -1.3352185281252573 0.005655563414849546 
-9.321479582936576 -7.974465553058817 16.944854672121586 16.252057724592103 6.064133253904945 3.1584388124798846 2.20496937684056 1.780340009296578 -2.00269927433316 -6.41546783633406 -6.063830385778056 
