-500.19470748466324 -500.928951705614 -469.33745090222567 -364.52726503730673 -355.8317795948255 -309.4325395624749 -197.71399654968366 -138.82221372448888 -101.66202839137158 -89.87717306636546 -114.68778297447392 
46.008745247377256 47.58568586127768 62.010794719856584 18.342036549969087 -2.871464339185867 85.41099745535394 82.27893987622622 33.223644616830065 27.554358617606187 44.596642562081854 81.04964019198538 
-33.56784950895839 -31.29687511765936 -4.969950189636381 25.91546798846244 26.83953880864226 -2.161490053585578 -29.781135894563636 -24.770325125079218 -31.391549718673787 -60.73367958974039 -97.46826581218349 
-11.743416184844364 -3.9568977697797476 -25.293909899390464 -17.844163773446752 -8.661223326022341 -52.37193592893062 -58.3370179926833 -63.68359698340533 -78.70708346090103 -66.93256880963747 -51.67868893988343 
0.8282310265355467 -2.271698499496583 -14.548643156160308 -13.092553583794004 -8.537802991566709 -19.523871450152974 -6.20408820606589 -6.67872531098553 -12.05369639873538 0.8507129820481655 16.600918654381573 
20.563026898941057 12.651486934433986 -4.430880328423483 1.2026626650982615 0.6093925837229528 -8.002422837301413 0.005255788012842044 1.690034166858377 3.454506244178856 -16.040710196038727 -35.02788361127324 
-12.700480126658011 -14.565488650563703 -2.105511836912879 9.438993049072312 6.210689409497778 -15.368589427704133 -18.30218950809205 -13.831603754953447 -5.760842212457262 -10.820046144347277 -20.007216418010472 
2.8936363337494693 -1.999336239681075 4.888063085405134 10.56809212921393 8.204813455873943 -8.434089924016906 -10.825497383929436 -16.859648299947462 -18.22649114775996 -15.106664141601383 -13.01575634683827 
-9.365558990541878 -3.9860437766398635 -0.7095882349366943 4.657548158130713 8.80428708615598 -4.602716938943394 -22.348230018187756 -19.449677149498783 -16.88157837701572 -19.06906150368394 -17.431849076155324 
2.857970181242666 1.0467005426933311 -2.8023503185734633 -1.378391585288716 6.284086631046485 16.15247547341172 24.876519209512043 24.980256826815484 13.603734188641177 4.732217554066661 6.104898733310666 
-13.018313500503705 -16.293799509390624 -24.71826033598503 -13.633146660918568 -5.18002548401589 26.9491303400628 37.32071792264746 38.102599003903556 20.74358938773851 10.964242377632312 8.685551054323934 
-9.143457733772708 -7.511422648558 -12.623015382704288 -15.392747190521796 -5.968586796569518 30.431139406973266 28.26485152699565 31.530295165990772 17.630241696725715 10.087516345588572 10.351509737297476 
-12.574823212430605 -10.969196223643369 -20.532949551763974 -14.37120356843776 -8.737660909244363 2.2100671250662436 7.837357809543464 2.5773727379157183 6.5530882034008915 11.76991840939835 16.701264399034436 
-12.989401597302441 -11.207155927805953 0.6801997178282774 7.7485218586287905 10.064993042324195 -11.429062965291674 -20.876307868581264 -19.088749573404968 3.2413083539104255 19.306504607246005 25.866778409996694 
11.50385481240993 13.808321550771243 11.61816344132566 12.260858599338771 12.096156992406595 -20.495330879951716 -19.17961448189179 -22.96658661121466 -8.0639475546876 2.495815360461493 -1.4737514732910193 
-0.5833328911500956 -4.337117288619487 13.801632162318683 20.38884907665772 13.973976958192052 -4.808417862476464 -5.752298501077805 6.039374510208644 -0.4674111966699257 -2.557574459508588 -14.120933995866615 
0.11041195725211655 -5.378311923997174 2.485017922749191 10.201898209249425 4.001285603105989 10.62097240828148 14.557869978617248 7.002710982948543 -3.680698951104711 -5.815811912179408 -9.87798997742296 
-4.366867158270117 -2.913627774177108 2.335238874207966 2.8643802848892164 0.41416993517015355 -6.6018536450167895 -16.361071052264805 -15.308487225156927 -4.04472078527923 -4.88631626268911 -9.096571046627844 
0.3792456176430201 -2.1427671993398913 -7.080124574318309 -3.7213106786890386 -3.8484933626409035 -24.739598700938895 -17.271391749764078 -13.989956248220793 -0.8506171614870042 -2.7513722862236927 -6.386640959100182 
7.602023226990969 6.582126952525165 -2.194713632088316 0.2887849724912146 -1.718012365391509 -0.7229532935562889 4.420845743348814 8.614078310142748 3.5900885022779594 3.501160596838643 1.5325989093007992 
