-520.5227553200876 -292.0294637018721 -141.51000378739752 -115.23567992492167 -193.89158604251193 -363.997881921726 -554.6693808429322 -717.1730556403795 -721.2462275119592 -724.0978791722245 -726.4306104861961 
49.45941288786517 23.80716955617374 17.928133142008264 12.804946202348127 7.384049352683615 60.06622654842782 68.6781765190472 21.016938248430208 22.124455539598628 18.208364562958145 14.417226128524781 
-34.15250179643171 -26.11560484832094 -15.900094118364876 -10.892875183961293 -20.4899753661158 -88.5150536622991 -80.41548993631298 -1.3512620025166149 1.6467038071992959 -0.07792375176113886 -0.6276991344834618 
11.32226804675825 -58.48353651126605 -52.23646235017488 -42.11652019070905 -29.32242894951755 -18.165272908493918 -3.0316599035118332 -2.1447972892930602 0.48033157159403483 0.4877219030766616 3.119833588477431 
-18.35167190074963 -12.51479387388136 -12.264779580212604 -13.425122328696123 -7.065544711377953 1.198581011520209 10.95536836386212 -11.4230341412209 -7.067802058438567 -6.446394515559669 -0.9225596402650369 
10.900284267859867 17.808781716683136 12.698924235711084 13.462078661414285 13.991092941596186 -15.803627162298293 -28.317351100522988 -9.38409736041174 -6.881424512067271 -5.938618942567354 -4.654592228460088 
-7.400790948942879 -9.128631077336927 3.724494769415191 9.985223933343041 11.016721143550928 0.05039223567425046 -8.569790319814365 -1.3206897785676157 -1.963173213846897 -2.9748193142972 -7.8803075808598155 
-0.07079294095025379 -11.208804239266478 -9.40562723826578 -9.165049839697758 -12.645381389357562 -28.80728854826014 -28.758529130553573 -1.469570065077381 -0.6380286907762078 -2.247321810358053 -5.073661008385355 
0.26970911212224624 -14.93768256168602 -7.920796249134553 -3.2940376711993453 -4.984153865343252 -27.134749671304718 -37.48274539755538 -2.9489802429203884 -1.2625902154204423 -0.2795011143272881 -3.20954856218685 
1.7469344589951787 1.384643209854958 6.483629363605518 4.702551287692292 4.881928387547314 5.991855445437155 8.639856037884478 -1.077006447120509 -3.139513146897623 0.8452136479029497 -2.9364109762469797 
-0.3127238504564588 4.968381487445646 6.104041351320475 5.836393299520003 10.102452940100761 12.414239227656115 7.117581412158752 4.880583047408985 -1.5024968780964862 -0.4535322653306566 -3.1298999078165455 
-4.871902137990624 -14.875102436842816 -2.843932811755706 -0.0638440834997972 -4.638630969987284 -15.578602377072478 -12.028716230517261 6.788609708185049 -0.5258266547782535 -3.240100578846243 -0.032622762733815924 
-0.06565115158286038 -7.944494945008122 -0.8876854476244952 0.30035132583032553 1.7989798759106757 7.124941824485356 1.9360377614014506 -1.3466478441639955 0.460750830923808 -1.396389484134775 1.6721891571865886 
-2.3701091264354184 -13.278203533014901 -13.484917236838282 -11.412665585447598 -0.9385679694113398 11.343423718252176 15.91098760571203 -2.7380070847448548 2.8516216042507256 1.654763435742949 -2.1777526017779585 
3.0201004223237895 -0.9428268073198056 -4.778809715073427 -5.093369745470964 -2.736049933525975 0.8300181717267836 12.416946562815545 -0.46106168081398796 0.9798622043573779 0.6284519476041848 0.4851231558065723 
-0.16532740097992416 5.84531398065124 1.5208478890234365 1.791132964139052 -4.02933469777193 -7.136635831160393 -2.251228326301419 -5.704678591877748 -1.3211987345957015 0.16049287611990648 0.4891769847053613 
3.2717032487253244 26.984310868060007 24.247967750035368 16.73749060693574 -2.331829480706144 -12.072160996700585 -10.190193760178921 -4.449011349751358 -0.8180099151116 1.4517099516339527 -1.4949455603538402 
1.7787500259777476 41.9971026928709 30.225498029785197 19.16142767978461 4.306571654174694 -1.4560263029250522 -10.360363214748434 -0.9854374777504271 -1.9664875977882077 -0.24058819125714337 0.13950215554396728 
-2.476377835197045 1.9454084985476485 9.721810168342842 9.37240318395016 8.604198262823871 17.057908450968498 7.7694745989606675 -4.288552195251713 -3.4071861133820542 1.7838449054395322 0.04609767704604073 
3.452189196369802 -17.18012835146905 -7.535676193690787 -0.1181347187902877 17.701605931401986 26.571910336108047 11.802212750221289 -1.0050076894434783 1.9211827861721464 6.843408628043781 3.6622644741558803 
