-535.3037652979331 -491.2897630091244 -311.36117209981603 -163.49101608120316 -120.55861351519735 -113.79763651501563 -97.93258679561397 -129.07887084970446 -177.8011224457949 -251.6190385709349 -362.44734148140634 
25.217113527485026 60.82314797947232 72.7855082085004 22.977711023249846 7.893492618947849 -0.2180673567622441 0.8903346943385364 15.38763910194612 29.22649196797857 59.92104037904393 54.1385459006451 
2.5334886302618074 -8.464796847827923 -37.3475663485614 -40.43253404736792 -37.76904335563647 -40.96210313388828 -90.94908347449318 -133.0744107035017 -136.27126519886662 -129.15125104114384 -78.1502013184123 
-1.5793865879371989 -25.471258048609354 -54.14003429303773 -59.144493472126015 -57.65819674938548 -42.57634051660321 -23.140274686287956 -7.171747076661752 5.636815115261568 22.96172910003791 17.7455000651291 
-6.2058878019763855 -14.693336555332586 -18.054461005274764 -8.547371132715472 3.650426605898466 -1.2011487051717098 -10.258318003048302 -12.607202933822764 -13.949410223474683 -4.861782692162371 4.131930864860927 
4.238799080316591 1.0778402785950414 1.4521212070532825 -5.082092228793415 -5.9352523964803625 -4.9913600069475805 -10.390517436746048 -22.632705072016066 -26.111513139167474 -28.797518692808943 -25.873990848237145 
-1.8770305778697614 -12.59365096386121 -27.588697986379437 -23.329126532379846 -18.41043344223177 -12.129403278547533 -0.04412573543796661 9.412682122648071 5.738733079759812 3.660534257789423 -8.37241747895455 
-2.642860230169555 -15.673785237665715 -2.6864874305190605 -0.7813719525102045 -1.0363728105104149 -9.655430724029296 -20.15969419932334 -34.63179629423016 -35.14233838015704 -26.829231910022123 -20.88263722644013 
-8.431566028380493 -5.486577193624511 -15.738778676001118 -23.248788404892835 -23.557235318290978 -14.63877328316549 -7.88738330660682 0.09551056125250118 9.048829795366105 3.7315449799892084 -0.6324557512840225 
-15.220588649226853 -4.398077791165559 4.285020020520253 2.956112191699134 -4.257714816624825 -6.163301488265482 -1.405981215498888 -2.9283212451215634 1.3246051253570486 8.311187510763506 6.800590211102823 
-5.798687611061396 1.8669365086377276 1.0425903356442185 -2.9527334868476913 -1.1067898699833572 5.109391810580239 7.439867487429484 -0.3099525243982541 1.7098948067026867 0.21282059940786635 -4.056959151437399 
0.9172013954733783 -1.9490976346349633 -3.9604854774618423 -3.1209628771125297 -0.2732653041590305 -1.3424640499903442 -6.801435102510558 -6.756993369909576 -1.8960521825128065 0.18078566092584614 -3.143055493566679 
1.4552536389955302 -6.829526183037052 -2.304667065656063 -12.341180808735007 -14.468275115149964 -9.990791091062531 -8.091500438484587 -11.526021408289399 -4.320637477803023 -5.0147419508213975 -1.3181644970033444 
-8.136574564365679 -12.077816149478048 -13.425483999025706 -23.187257582350018 -23.093406353466023 -20.266805150390432 -20.103158985764544 -24.579974433261427 -19.641354778181608 -15.158682324181747 -15.628476583715704 
5.506874769154657 -0.425720064636777 -0.7374498866580694 -8.268130236691682 -9.67813252030298 -9.946230634388636 -10.918350345037226 -7.173837681164685 -0.7203227072863143 -1.08426683102539 5.633450341126935 
-0.07932808020764637 4.850953478025854 -2.2988412886528637 -8.658748218685059 -6.698346714354286 0.32548703641170196 4.5303744331851945 -0.25793563720071977 -1.2691651583909698 7.540242252743274 13.820196262030256 
-2.868684224938229 -0.8425903078587109 8.185593726571302 22.49269131545558 23.222086745531605 8.60300227849039 -10.470514921845512 -16.376067715159273 -7.8160322914631 -5.052906501061917 -7.320660355815511 
1.0474543150950886 3.4463734614327572 -0.1577331770971056 12.389366886569505 17.41684878956312 9.745431843304136 0.8011984570211914 -11.243212525425415 -14.739348287134877 -11.055517862895886 -9.731571581306419 
4.302885377664214 8.246398422676547 22.406230164197567 38.762252357343485 46.65899980966752 41.763088902772004 26.11039787274656 7.908195309986565 -5.677157241314344 -6.121023376345111 -9.480390940426043 
6.160262417795548 15.286647801849487 12.055019841245581 11.699905871850202 19.6266975757583 30.79844924130939 38.577396649730375 27.116506096129157 -8.117419131527132 -17.13260343350997 -9.885605895584803 
