-409.2632890093983 -406.3110776924192 -405.4055189711181 -399.7679887029855 -398.38666084997425 -387.45337676718486 -162.2412717223783 5.703482796622787 68.98983140318147 97.01542848681237 105.3866196096438 
3.5262580452486594 4.310948873184825 2.5028147403953547 8.294513642794497 12.492593003441053 26.371254092595734 11.870201001512493 6.963013424569189 10.344587881035242 12.73036359363186 12.764409077765599 
-40.6122961587556 -41.55439069280196 -36.90743791604518 -38.629226527176705 -40.102837546714554 -34.95285379114284 -42.28949744355406 -39.35711546219471 -28.794871331985895 -20.46058227502419 -26.832842398076114 
-15.995387730179525 -18.08891335571674 -15.334605386238582 -17.119840670514524 -17.866161958221873 -21.018923121329383 -54.142010422868864 -55.43173594464446 -37.95298611983819 -33.75615799793846 -37.41361425634523 
-12.397594650031394 -14.916500614130259 -18.20498688375511 -20.664674439575357 -18.769087274075975 -25.943114333098357 -26.714405047393974 -8.658991539323766 0.2045893535188537 -12.075845125823871 -25.43015681802862 
6.145138667549894 3.9890622586417885 -0.054110638457568236 -7.390672727445265 -8.950106908641706 -17.132933569123537 -6.9055922596403 -2.3131804385296704 -1.7374467377160159 -1.9945096319083442 -5.8772578734089524 
0.2346058874736846 1.057154065457161 1.7801618078209018 0.4077694801985317 0.2875310672058715 -7.58785170208698 -17.331181474103804 -6.040813707941749 3.655958906011187 12.716155142773388 3.0888549261155505 
5.8612900227870295 1.1898790125896255 -3.0193309942190245 2.10025902196682 1.4508113354328018 -2.6270417417794376 -6.0323164695156795 0.18212153109849727 -3.5838795336833478 -2.4092119997654775 1.6535723187207858 
13.383823971576918 8.00175821429834 -0.018842366661941723 -1.4855597612685145 -1.8398315491826955 1.1321618961789217 -0.5254742353646007 -5.919488579874171 -6.913039582399005 -11.439745541728113 -9.719270021987139 
-0.9397814890004318 3.0994735741703634 6.529579414739603 4.627593788665562 0.7167660514599803 4.0617746881136245 -3.9206913687749596 -4.457709704599761 -2.5861921759639377 -15.100386928110318 -14.22529117866733 
-0.4633951781605632 0.9519669372198842 6.824208242351595 6.839994744729928 0.5621017962156005 3.577925807047375 10.772528160188532 -2.71418937990182 -10.558167233327328 -14.759245937964195 -10.028858882728404 
-3.9361869740817266 0.7790537464615784 5.619710006189143 1.0347912751481942 0.6838255005941973 2.877356865195561 -1.3722881986027746 -8.050180328651008 -8.9322725680407 8.001854600621375 27.186254152051994 
-5.428312062130071 -5.607113514831552 -3.7435424077764266 -0.056709213566096095 2.2185619068094304 3.372929349236716 -12.095366775056725 -12.629329359893442 -6.53726824724148 19.681600716573456 29.16895089501808 
-0.35558426519952113 -5.436467591278186 -4.774271163183658 -1.8836964254897681 5.084369514365651 4.975866010309618 -5.897214983990194 -1.9471977802935847 2.332134306861886 17.523080467039325 16.02790779052533 
0.630345039648089 2.2335222134218995 -0.27904341705979585 -0.6985505722674434 4.301327623685805 3.9365433718570757 1.2624979023369258 15.793507827493624 24.148941144842453 11.289700377774569 -4.073582128171992 
-0.6363720670938477 1.420745526652608 0.49932634774614093 1.6138397379259546 1.7477283031743502 4.982099042004729 43.131524533070106 51.81004748785172 36.20325857515071 6.2696441312036315 -2.457204311810272 
5.1464059476847765 2.3941584952731527 -2.0939243547437707 -1.6242844994698875 -0.18710407070493695 3.5953217423958295 38.157779588661434 31.427215482506966 19.367727256464818 6.005563505637294 6.054481463427136 
1.7803429034368077 1.9579987207607243 2.2203049305175666 -1.8311530466921346 -1.9378754743306905 -2.7294859169632466 3.7426329888706746 -9.950353574616749 -17.317140659095845 -7.638670924424032 7.692387143306171 
-5.095348368808271 -1.157043750082516 2.9524343263525923 -1.3881504326542609 -3.163036186407135 -1.9527156093427878 -11.295098967342302 -23.895213714481343 -24.564531810019087 -9.433160234758358 4.0489309998813106 
2.3974158401443573 3.9849611336074786 5.123972961784435 2.3264826474333926 -3.4582616423124604 -1.3456955058979194 -15.189551225915032 -14.858995531437838 -11.028298991747086 -12.761313838459097 -7.472519042260754 
