-548.9131597061179 -545.2417413033444 -539.3182329902393 -515.0552835380372 -381.5942515898865 -243.0742670593277 -170.94464183160784 -156.87060746788904 -138.76042606748695 -174.54512813855501 -258.7361400760617 
72.0849469144973 75.22019956627359 79.61516651866053 91.13353473399121 140.44412953178764 124.20684832081788 104.25266204782491 95.6265651379698 111.2639875303411 145.4785240676061 171.36384406635807 
20.921179968933284 21.75931797883554 21.19366051788876 9.80789079331859 -29.32934660100738 -27.72800940986864 -25.080874602780415 -34.53088784196201 -83.04396372634626 -113.70863056199192 -111.90393407754851 
-3.825341071599138 -2.0108144713948506 -1.4767825701013693 -1.103537285044884 -79.50851209846135 -93.36306952187772 -83.98607938280854 -84.20695818147982 -62.70867153632763 -33.287141124918065 -21.272866553943366 
-12.730680764213673 -8.006542324029859 -4.387588301919939 5.863554260036882 -1.0201065774323759 9.559603822340748 -7.003962852170682 -13.640917167251327 -7.68216881553532 -14.140238039087372 -7.806598778683164 
-20.226577963462013 -12.798500684965681 -9.532526027772763 -5.056464451503799 1.186043575503838 2.3747173612925723 9.550901204431401 14.011543188051714 -0.7628206321655318 -2.6727885441688346 -9.569178892021277 
-16.455166643623052 -10.39328408215269 -10.96053216360157 -13.492974726687894 -6.106610529483988 -10.532435149149801 -12.571729361280841 -11.584481435146916 -4.754014916660815 -5.968813193069635 -8.705894316543207 
-9.179006174673045 -7.341936968847273 -10.567423140430765 -19.74730819136567 1.6882405716373157 4.543294647488287 -5.071415202766485 -17.687465892536466 -30.099518993651817 -28.57742670168569 -26.622150003964997 
-13.926233188613772 -11.470277924886322 -12.355014484273813 -17.234608578982805 -26.53059111098383 -21.92352553750104 -8.726938885556 -4.359954041284331 -12.537245238738485 -18.731088635729975 -26.171503690443863 
-18.642027377026025 -13.247631741566664 -10.166384742865347 -1.891750863457668 -1.4295138448996065 -8.088466826594615 -19.164264411260152 -13.783949447379927 0.8034230713223895 9.535389970629016 -1.8145799748103975 
-11.436083381064861 -8.695254245113404 -5.067379504553823 1.8246867447696826 -30.125968918287015 -33.83216677498466 -22.439112312288344 -16.141685217485854 -16.129471904918542 -18.368110734776245 -5.911727178518184 
-4.263622075742589 -5.003936746995838 -3.665753598085469 -3.489599146047778 -2.260446664876631 2.8416271165528775 -8.79775774500533 -15.555566578339903 -17.333489081182922 -14.45522808280424 -19.672065644435623 
-3.5308676118201348 -3.4953674867693674 -3.3863844985662603 1.358873460032197 14.60432700527086 9.499286851679091 1.3045983685171203 -7.104671621462343 -15.860865583771712 -11.248238660909536 5.510175421373976 
-0.9805566901298624 -0.1821536471108805 2.1200288104819407 5.340350342528067 41.70123362851879 39.73923784476305 31.56142365281696 11.875159643818437 -12.869694904937859 -13.136132400126584 0.21818254407430826 
3.747494353004032 4.500467908098208 9.439507824977934 5.675487860399276 27.148850400636846 37.77128875662483 39.55558257156132 27.727476456450606 4.446000080553516 -4.668176699608332 -5.536936522356843 
5.327480868477012 5.130640473201277 8.246139355629511 13.043029653301335 4.582652361862448 14.422543352693653 31.942559064263616 32.067569213591646 20.436220233606264 5.444770557300278 1.951885940294714 
6.101663249203217 1.2153827070256873 -0.01817097259041517 13.625441224132135 -10.898355543026842 -9.64371965364983 4.577821128105496 22.73095436642804 25.378960422889357 10.547626211130577 1.1025720769899965 
8.634027055265914 0.8766577690723418 -1.4763212006658835 3.585640060092171 -22.316036016879046 -26.75918375123843 -18.6491380505067 6.004338704030764 27.52566359448056 23.61975769398983 7.7348214363749905 
9.236736051069546 4.864084795799982 3.8359289406790684 2.997157154239808 4.1355881128910905 -2.590906983199222 -6.36397377658547 -5.421753903600682 17.890944651877888 20.182594205452112 6.597599885180785 
5.2438934120226115 3.651453241231163 1.281546236046451 5.876121614019812 9.408843126800612 8.98086968589245 8.716987783712934 -4.768436029566904 1.2660233144364468 14.236906810351629 8.302388595782851 
