-383.60425940693045 -339.07659130574297 -329.859811319325 -179.35479605321072 -105.5969315957048 -100.04942005732885 -85.02564496275494 0.0 0.0 0.0 0.0 
-21.382345475582312 -34.09196734699245 -14.149259598175249 66.8396138127199 57.421559595088794 28.51537684517522 26.840428056574297 0.0 0.0 0.0 0.0 
-22.585486651627118 -28.37853527804349 -32.66235548252308 25.64785450245023 50.47590214390678 52.56484287860007 26.71216123779641 0.0 0.0 0.0 0.0 
-0.2222399224759819 13.661704566188176 6.4246559751136445 -68.72547700355847 -78.95665129033296 -75.9282338977406 -41.87247771724097 0.0 0.0 0.0 0.0 
-16.802265678337548 -23.95647424105006 -32.48264239317609 -49.32675947304176 -43.9850168662844 -25.500515826598605 -25.485272482388567 0.0 0.0 0.0 0.0 
7.128787900929247 -3.5154275887362387 -15.743854667475125 1.5585293533212445 18.405423528312873 20.555842097113064 -8.672125454928942 0.0 0.0 0.0 0.0 
9.599811821899587 20.83970452595485 21.552685132555464 30.04162070662936 15.461435788251311 -0.32140445536294626 -10.8048578500004 0.0 0.0 0.0 0.0 
-0.9750385942946975 -8.684198908375924 -9.288195157050883 1.6458541739755266 -0.4746547080647756 -0.6491056946805911 -6.441616209750698 0.0 0.0 0.0 0.0 
-31.074126935257002 -28.10348576017963 -19.30359568964834 -13.909488116476059 -0.4314206386672643 5.577275437609137 1.6396564816543342 0.0 0.0 0.0 0.0 
8.090446992707292 18.267745951437583 19.307980168009216 13.704782047901702 3.470075672106896 3.6005472561537593 2.9626713092190675 0.0 0.0 0.0 0.0 
7.583529825029312 0.2665136949489419 -10.511826559425412 -10.362922494122627 -21.8364611881589 -27.075713015042496 -27.44534343539486 0.0 0.0 0.0 0.0 
-3.0360588289440527 -11.010819561177083 -17.83082995507192 -4.699259108138596 5.675896076776651 -6.62493304080321 -17.250866392393846 0.0 0.0 0.0 0.0 
13.56849549191634 0.17664379470039138 -0.08026840751726982 2.2699686906880556 -7.271354554727939 -3.999814530641786 4.264362297165222 0.0 0.0 0.0 0.0 
-5.416989242971502 -0.239711268994022 13.44659016996162 8.728260612226762 11.304809029597035 21.203038600881378 27.895970016135095 0.0 0.0 0.0 0.0 
7.545251567288576 8.592279860779946 16.587604014987086 35.23800333298226 38.828359567598916 41.697037034684584 36.254148737433795 0.0 0.0 0.0 0.0 
-4.941922104505239 -12.200469804899996 -7.5890880320054315 20.98279121016595 28.401815369876914 29.811556841131175 15.36434735200697 0.0 0.0 0.0 0.0 
9.722886507111873 12.510852649269918 10.11835885457 18.969656693929345 7.501224414899562 -6.608247848356946 -8.396621956408428 0.0 0.0 0.0 0.0 
2.786600989483559 2.399367289702754 -5.066997684124358 -23.868223812507395 -22.99730493838567 -30.299546981719452 -30.146300173883617 0.0 0.0 0.0 0.0 
-6.35827592262923 -5.40196262355861 -7.44771733438013 -19.79326969940172 -20.093964153956485 -19.933765285995193 -18.817444908756443 0.0 0.0 0.0 0.0 
14.731668662425225 10.115261010007382 9.279658478536351 -1.298289325581964 -7.464684364681217 5.1288251408571295 27.76681635845917 0.0 0.0 0.0 0.0 
