-716.8888504097355 -354.1564242155885 -170.3142089745641 -95.2155017565293 -73.59368701391108 -83.31716031799144 -155.7894239265433 -263.58298688619556 -399.0293639504067 -546.6803141579093 -635.3722037510647 
6.082992563760918 46.140806348540806 47.38175477138472 38.0286078970353 26.64542547171547 40.85286875960209 75.23358177002324 105.94344106875815 63.957236127121774 29.070806832694323 35.95810945373221 
2.589590754136192 -22.902843510908443 -19.50428379509807 -6.786939331170093 -12.486057524691507 -50.66201015502243 -97.45282581288674 -97.17724840833007 -66.86011533968687 -41.504995070245045 -9.800677828513692 
-0.31156263493783953 -11.73693642191822 -48.06949363663575 -45.569625322231886 -32.23704960961864 -36.48041214065042 -26.137188889090453 -5.074148826437577 18.25507538609544 7.5021970387482 -14.834664559506695 
-1.6884774849354576 -9.925049651602585 -11.375161241447337 -11.939003274448153 -5.874494270979294 -8.872072161798684 -19.341086613053818 -9.1954746864749 -7.7058252760134796 -7.529993139261972 -17.045891961663 
-2.3199320476247967 -5.077344537320288 -5.796405063456284 3.936559975646844 7.831863100409375 -6.100558519584454 -31.131432367439167 -46.55574732607421 -47.039732310233546 -27.9105701726029 -1.1786570048249185 
-2.89432573799808 1.1686568541368336 6.080027379047664 7.96606693337061 5.232893259513075 -4.246315269633264 -9.066121357708466 -6.975789111375377 -18.150417639689113 -24.310224406808445 -12.38690785269457 
-3.2095286166580195 -3.5143557547177693 -5.689548163111942 -3.2481284012784473 -6.133092274951507 -19.84185977174151 -36.12471268409005 -25.363293910548364 -9.081965838282361 5.486863572742029 -12.027828400786529 
-3.04355190826419 -10.814481857506934 -10.98965431719603 -7.404003975211758 -5.879744442622151 -9.80886795545782 -13.11636285980153 -16.302889219092553 -19.605692844036007 -1.6920951340877801 0.37809011979947127 
-2.7057586658641037 1.186934958653867 -3.996679867753456 -2.7861344708986087 0.46612358834551043 -1.8827174002703326 -7.031300558228558 -4.593212375617188 -7.8296258709950495 -9.807095482530961 6.208435229902191 
-2.4461467410851547 0.04828141270694233 3.1179709884851867 -1.179737310268613 -2.384977935350908 -0.34085058210173025 -3.2055589479133335 -12.506902937552168 -6.491415919304462 -3.066182956365437 -8.748743106003062 
-2.091170325839295 1.7995525586545456 -0.5368992479485337 -2.4293072199739543 -3.826884651259836 -6.010283167664175 -10.828759971968244 -6.1229007228458014 -10.24865234637402 -9.818850706875216 -12.501912444789962 
-1.5194327891731634 4.696737955314266 7.818142695711451 3.0983581605669404 1.2064972224065802 1.3273379240170018 1.6384933814868075 3.961330923644588 -8.644138372043928 -7.264116807457238 -4.553982037501766 
-0.7969056389361144 -14.279837115446359 -12.826295806948501 -7.774416598209038 -2.761842603500579 3.504827524806955 3.328405678505921 -0.3760521711592312 -5.531739876080422 -0.016289301673681866 0.18382646808722303 
0.3844564130270983 -22.11982101806154 -20.590523138439266 -20.384017872396335 -10.120172116298317 6.021147059568332 5.077573717683464 5.57718221889775 0.45601504068131393 2.748390019826432 2.8483779866942673 
2.5372809934027716 -0.6575539634412311 -7.920618374737178 -15.880113748694516 -13.27673106085668 -0.9602422750698825 8.784286885285061 3.742444655097472 -1.8127460664783104 0.22724888238187857 -3.437204909193703 
5.129396863324395 -2.4039381547674834 -2.2752869409962337 -10.488811099308755 -13.276872509263368 -6.966673502557524 -7.3519742349248665 -7.5728831597890895 -2.907571038092051 5.259579083276032 3.263212603668869 
6.318258291172397 25.555979893793474 19.04583094536371 5.399803042308229 -5.2860558557536645 -5.01584985405723 0.21395376969460922 3.2372796873985985 7.663404080613293 10.028672288842646 13.060851984732471 
4.830781852010272 18.866316941866593 33.49700550980735 29.76787721963023 14.548856661914995 3.6544627335897615 -3.9618059474227576 2.8225541879057965 16.384951722177128 17.415504611986364 14.868209188051054 
1.6977864774682667 19.571006951408307 30.4984226560373 31.531748392020333 28.107484648113413 20.217443645351278 14.495796538593343 4.928255125776028 8.755919505866366 9.370623368190284 7.610653048849889 
