-751.8706643627229 -748.1904669475018 -748.2198039440814 -595.6108133142916 -351.5881285367001 -228.8186688232068 -201.75131052043608 -219.46451824301175 -289.8223523549706 -395.3889838823116 -455.3124799852458 
33.148269165683196 27.007847340916427 15.610587558571485 126.39419658461637 70.5786376984273 43.97084559895476 17.18498017811323 21.060781421843494 57.05714523357481 106.38730765670161 103.27050432122101 
5.183622575201379 2.3656811709218393 -4.124993581034505 6.668769775005901 -13.211793910334865 -15.27263108123998 -5.927361355512522 -13.778016308981588 -59.12216148966671 -109.2435116701237 -91.05963859924327 
-15.260403241616995 -15.319562091511685 -7.470568065734758 -77.43971384303315 -109.33918717308222 -98.77004640073858 -76.30083797346808 -76.68353260877566 -83.142561698562 -60.54975815670977 -47.1729550047032 
-25.23177693155084 -22.39770478295269 -9.919444243006705 -36.25513323198287 -2.2527189526036593 2.3174803142201856 4.951854992995546 0.10680709553325918 7.535980366127749 26.471428221742016 25.680640137622717 
-15.960348685589656 -12.587666637749333 -7.293563063616747 -12.223084599117303 -16.883565476907307 -4.400215093341958 2.9480722680680853 -3.556459675800869 -18.281251144406937 -38.95180264118761 -47.03152424401536 
-12.662582892556328 -8.086204604541837 -4.33596167399794 -11.391669551022746 -17.475239951418096 -7.593955950316592 8.236038086026689 15.145461643518887 6.399350307964306 -1.272970863407181 -18.69890121067443 
-2.016224518004441 4.199725340837319 3.7515142722934494 -17.924663793203337 -2.6041454942707993 -0.8893748100464496 0.30217769439133185 6.248012689386362 3.8156043585709956 7.085737708492147 4.653854934804397 
-1.7897355480547978 2.2951167164096264 4.296930640197741 -16.71631220003191 -31.805140578749707 -27.446537913054208 -16.103838541103304 -8.450406384211623 -21.278772775141288 -34.18122503052933 -27.950690824970522 
-2.0057476663038347 1.2443171109908469 0.9539464675456395 -1.9886428686212119 -1.7995022427446203 -3.306092255957644 -1.9136992454908375 -1.3272860866027376 1.7159910575345334 6.13413914625107 3.0123539819164806 
4.455210326805849 -1.9530859474292181 -0.5183376277221485 -3.1781945211161173 -3.1399812183543103 -1.514700095165769 0.4663654200327987 -0.3739448945049412 4.768395902400701 0.8040100397431218 -4.913055182670654 
-4.726623746537877 -1.285508835123904 1.9111270363632036 -2.8706563465944344 -4.135451928023853 1.4656794099461103 6.465450782901453 5.200817078663732 -4.118177064303916 -6.8686591456778 -10.35463271832052 
-2.410178234659393 -4.896801115215963 -1.8110594821029544 -1.8961702652965753 3.982746722807287 -1.5370970137817277 -7.4078200899282916 -4.5608543086229 -1.467346500564101 -11.970756939253686 -13.45953745962794 
-0.29306550245046603 1.1543184391522905 1.1434823029873853 0.2327563020468426 -17.74590087201552 -15.290206594479594 -11.933730986171877 -9.042731134810133 -1.144795119992466 14.568485480057879 17.404481538639374 
2.7273245466359497 0.8897876901034465 0.7642904734885568 1.7387852365330916 6.307219159854359 0.2319219157503452 -3.3998454045569613 -7.300747927662072 -7.28158436826172 -10.953685168619812 -10.651302131893637 
4.930140211903709 4.209171469987816 2.763151767156631 1.5644431528009521 -4.824933799923077 -8.674954591572718 -9.479647697927605 -5.979680390688792 -0.7965838342810436 9.741756122397678 9.35279233990498 
2.9754725604394108 1.7734417967031237 0.2853298491054233 -4.533170324583869 -6.730980180249291 -6.2118385970660475 -9.39094489115563 -9.205949166831715 -11.1525307450473 -2.010627646390275 -1.2047812020352056 
1.347904413280594 0.8248637109263957 -1.1360059592116123 2.5563031007653265 -3.44088234887375 -4.664697809097854 -1.016646092848196 -4.895806317061985 -12.536090455064446 -11.620782222658155 -8.925154302408604 
1.0353684151469786 -3.0543739814654343 -2.0010814275511275 3.8552460931515977 -0.7187497730417338 9.042609827136221 12.382124119354845 -1.5352507549455539 -10.01970635959636 -9.215374423931202 -5.050420425680244 
2.5112723442202736 1.8510148157861437 7.852568145122695 13.29819604949242 19.64325916723969 29.46268810432977 35.96162247034056 30.171164605364766 22.188589959776138 -4.9131308366157755 -5.4328129695624146 
