-660.420593052627 -424.81785020379124 -165.2860056532168 -69.73754271426623 -25.120514749580725 -13.85011060000406 -54.98797958850523 -181.65625180359342 -392.54124287029225 -560.1844429578993 -619.5067296170346 
0.0 145.99071368490922 77.14372640556363 42.91101760027368 36.233874139761674 23.486821514061724 16.066181834994552 60.50764136209381 112.6697356237098 68.66495393173471 37.67514224792165 
0.0 -28.510920835683343 -2.012871485873703 1.8365299889029143 -9.820789052006145 -32.60951241717905 -57.82394782249696 -67.40412746908979 -60.067327710122385 6.425979697353038 10.54430592657387 
0.0 -53.87059271032528 -68.6562911934428 -66.07151266162973 -49.90167195854276 -17.461081205209148 -1.683242983564098 0.6762265059847045 6.164558235882129 9.328619123953548 -1.8286158934210712 
0.0 -64.90136770152374 -51.22150129322905 -35.25895035209152 -29.547634383322997 -29.794592526150666 -21.239473928793558 -16.780281912126235 -23.55543978635483 -12.640616769672462 -16.894077222990965 
0.0 4.050356607870556 4.215053513530789 9.001651298657974 9.795103563709777 1.6159858541955812 -2.3190014827803447 -15.49384252912844 -20.76734403695537 -17.32429473413524 -22.7970970436872 
0.0 -5.216035173800216 -12.335318625894098 -7.667336301155353 -7.018237961964019 -9.839255374287093 -11.134687143850144 -4.0799498778671195 -11.995797589301032 -16.318271236719173 -17.52376196157732 
0.0 -31.868471641895848 -16.793307035979854 -10.118071196097477 -10.735067209640984 -19.241940178320363 -26.376855343821127 -26.006803810318637 -32.76518550021095 -31.817059893629303 -20.20181288014101 
0.0 -10.159601312719076 -21.38035493860585 -23.21769060512793 -14.527048993039726 1.288951544146684 -1.6188677342073607 -9.739690425465291 -19.985021863721034 -22.21052485644354 -15.057547411361263 
0.0 -14.866499896515737 -2.6565200267502345 0.17908337936013718 -5.636118697256179 -16.495199351452516 -16.238171865175637 -10.262165731100406 -0.6363429660979127 6.654479551041437 1.846490266966906 
0.0 -6.726945742995759 -10.253713811984356 -5.9226037363426585 0.43769678546372837 -0.028531893986102397 1.3847187120050817 -7.241963181540976 -6.769280054305275 0.34868536650965065 4.301932019533397 
0.0 -5.978818131100039 -6.230592719935933 -8.783460690781283 -12.827132473162777 -16.2958083665513 -13.62090572385542 -11.200025758240585 -18.904504877183115 -15.450267521244388 -2.0862620092089585 
0.0 -7.060978280358141 -0.21423541684459613 0.06652306107741607 -5.560817284245314 -9.440740888799285 -15.108358744380872 -19.376374443125293 -18.837896164175504 -13.275751227150089 -2.4979981027171605 
0.0 -4.200729938490159 -8.601935173285057 -13.263925336721666 -14.458251548688178 -13.70865838637836 -15.156420998773145 -11.99174309630282 -8.24200337155205 -8.972962430402525 -1.5372125597853712 
0.0 -8.328879785050713 -2.593770278070848 1.3415107332919922 -4.248524717359913 -8.816448308921737 -0.9976453376894672 9.801400877355906 15.137288768886801 6.580545012943983 2.7207762554192123 
0.0 -1.232479455151085 -2.451112394139843 -5.366133277145306 -9.091211315024527 -2.2881623344553566 18.740337356616052 30.030789947567552 27.838381723445377 7.4193377012050075 6.452102893738502 
0.0 3.489279814217747 3.136470825722705 -3.940707877389057 -2.330112581277985 8.72433355160096 33.60949237250083 41.79154046278535 27.697585804172896 10.432607130568767 2.325282142133718 
0.0 10.434964994029968 -1.8130781296079093 -13.570401351676908 -3.000501579850029 23.529009968699913 40.24408819249693 36.59649451864753 26.456709543981567 16.63836040757419 -0.20292044127631392 
0.0 17.77086931343785 12.731262387910267 1.4370558755147584 10.091806438457969 22.451513772372625 20.80829593240712 8.074470650857199 2.1557847762184004 -2.280983475267208 1.1131597941543143 
0.0 8.720032392291362 11.949119391065842 13.043737672207385 8.83265923205678 3.1681992655656877 -11.189590482931385 -17.227586720606457 -9.217131279848665 -2.0690214590461515 2.3285459006983262 
