-167.45559007237006 -160.74361916417206 -168.12761719296256 -173.2354223263531 -163.71605242314723 -149.58482839228847 -146.10418050673843 -114.87480705980138 -93.81761665423507 -100.31653588589953 -118.08799164281662 
91.72129703976474 95.07273819375322 92.15855387905015 83.75114722830125 88.8928115712659 97.09659136129781 97.80814518317567 105.07378702031855 97.43506458174816 86.35442994453814 72.62507868972915 
11.820131224460287 9.190772766504534 8.493249200156098 9.005352587215455 6.234276674834382 -5.124066136638422 -9.969174611263437 -24.846754978460027 -31.50770260112881 -22.209179765261396 1.9226832460828356 
42.43415507382723 35.0896963690511 34.98006851343865 42.159373725661894 34.8663361807057 16.235289301498494 15.236746698039013 -5.1550602094132465 -14.91324555915722 -1.4561386221027224 16.28786195526721 
-6.789734225881426 -8.076215168737843 -4.212818186258101 -0.043134033642364955 -5.57491801392319 -15.367240772010875 -17.68196513375544 -15.673507814818928 -8.968667156027754 -7.806873197813474 -9.337470094789449 
4.848054958704639 6.611989403423864 15.136666228391388 14.36709079210198 10.711979240610525 5.926457976509296 0.23929859372563317 -0.12838955761773418 2.3196034846587583 13.695297710530104 23.992099565014406 
0.9296067620738414 -0.9570949248773077 -0.267685003271661 0.8931478554329948 4.618663919672021 4.517698074378749 -0.9117062800648621 5.847431602889207 17.642068180066175 19.91766590801548 6.9387956235135215 
3.724138004657873 -2.9617154743291105 -3.8114705888740614 0.7840422395126772 5.451880119035238 15.550216908423497 18.608525816772882 23.735519748197248 29.304349026092467 32.46147952925774 13.839929808247593 
-3.2664406493014546 -10.547647745519765 -10.339061501840781 -4.568897395158918 -1.5798770649098546 14.518060367113314 23.45812139569145 16.896243694761637 14.983128281450018 5.5088529016330785 -17.867422239117758 
-4.832855355335768 -6.474867947345329 -8.76775942024128 -5.093193583726306 -1.5313406697597651 3.157074237443421 5.3325919918764075 -18.990657746806825 -32.70462355617882 -35.448248311496485 -19.50679523702452 
-4.631198795797005 -3.156619837519505 -3.7063225771675112 -2.810987177096886 1.3271772382377989 -11.60358254577994 -20.843265021630643 -28.82303583257419 -40.116582118029235 -37.68718058219259 -17.95198765371078 
-7.662775020410008 -7.586234341663099 -9.15652184835318 -14.036584447891936 -12.207551979188231 -25.55234054137877 -39.11386359407632 -28.668959850818986 -18.827277767478705 -10.392689521199344 -8.005612829389776 
-10.809162140350882 -7.222287826391442 -6.1609158565001945 -9.896338758306626 -8.251933149071196 -9.185095852284205 -13.37769445932053 0.16727591473259718 9.195101034058252 9.396025115160462 -5.918488526541111 
-2.9689131246179876 -2.0289241978873007 -1.9249342630438837 -1.8810383286596295 0.20111574273382785 1.1226667430008017 0.8140858151965475 1.862599242742586 0.6395841038712589 1.6235927625115476 4.336183881332057 
-12.617964722283837 -10.16180565658341 -9.864897681255886 -10.251435018858096 -7.9005350629507065 -3.6756483320283113 -8.611512822538522 -10.594378644223722 -9.371543193246026 -11.807692921095109 -13.821979594450317 
-9.768154984157434 -10.070198209162674 -10.834854837227706 -7.870686324713132 -5.39883217024988 0.19889773617765596 0.8865725379059176 2.519873143576653 5.386501471621453 -5.21796837590531 -16.00699318754578 
1.7753480569270592 -1.7944570746468833 0.9019774764533084 4.010473380733654 0.7596800905941341 7.615026355475788 16.393347988714435 17.82376951274308 10.503297451635195 -8.729013592555706 -20.263846067661653 
4.520826919260772 1.1189225100464903 1.2751352046279578 2.2585119560884235 -4.134293185858045 -11.899650524785995 -8.097125623493787 -7.511604818970903 -18.124225030134475 -19.473682742317656 -5.966598513903831 
-1.9493913542713672 2.7396791917990075 4.331879431411738 1.6644628441595308 -4.784493583920119 -20.058549194253246 -29.614221044286758 -20.11677047425583 -8.675651216397277 -0.2612402267218603 2.4530114740230005 
8.21185715699579 11.275186257055871 11.502773606180607 11.033257932352525 8.812113239179691 2.3888757952178405 -4.693261130318442 -0.005274680948619284 13.230605972939067 16.62244404016608 8.95428683154422 
