-713.0920024503624 -708.146605114612 -701.2263527053632 -692.7944003452424 -310.0277784399272 -86.54334145983772 -57.554811432198754 -116.25297619758793 -85.82982590975416 -115.24751268843455 -219.9076522116313 
15.106956864738546 17.60805278854174 19.179235294113454 27.911997933426477 -18.539356368134868 -3.8332562669821098 3.3479517854238767 -3.092931902827388 -12.392188207144825 1.9187050336138611 35.71458677586595 
-6.4580988031802065 -9.77893858401782 -13.526913598614323 -12.943396599204782 -53.21194403340381 -51.0455062274222 -53.06803302350342 -50.65207842544547 -47.921730074324145 -63.385355132097786 -90.80723594189556 
-10.585479689626384 -11.301984619534768 -10.842945956373663 -14.832189341762582 -29.469848423529783 -36.864550120728325 -41.34381747274431 -42.130800250545136 -33.648867180959826 -34.080525126103396 6.767982265478654 
-9.895100081110654 -9.93525881775411 -11.00809309925857 -12.003725257118933 -22.950051131911003 -20.581994520889957 -18.841334875041376 -20.03928442806152 -22.778178492602343 -27.69332306681758 -38.90823143889551 
-6.292018745493157 -11.093391883206607 -14.268707312581762 -14.510118787166729 -26.753883671516434 -25.717340353630945 -26.496474767065322 -24.929224394460373 -15.958968557198343 -17.696326493579452 -19.498594733853537 
-2.7183765951634697 -3.155112728418817 -2.296077639027799 -7.535336756393077 -16.68349887520628 -21.607567629396375 -23.870137644108148 -22.12868680860414 -18.46793422476351 -18.806345139733082 -16.677965934319438 
-1.0534852459523514 1.8459408271786188 3.614015490773543 -3.453412227895918 -11.493613682869457 -12.868638832346114 -14.162799796463588 -22.41121515395494 -14.372229154987219 -13.83593163079323 -19.197714243395943 
0.5818996564004395 -0.8044226986178316 -3.67993430556241 -7.3188356479733825 -7.482074202301106 -12.052616280640121 -14.6939184155314 -13.38335046604772 -5.595028248032271 -8.998730375855404 3.913184343163439 
-0.49371250064270433 0.6840825095142365 -2.428386843544371 -2.9344365395596705 5.362144349426577 0.7612021088766789 -1.9027379697143014 -4.843231430402099 -4.622146665097212 -8.784759626006048 -20.536291193623093 
0.7851831511013887 4.067784224868845 2.5500884625004816 4.824683960274694 8.287710308957335 7.799859920211362 8.920070634916891 7.2612644133918085 -9.061045609244733 -13.984243176664464 -3.1954871193854997 
3.9320961481883447 2.083964276058033 1.819434908625511 6.415746392010245 16.650118768832712 17.527696839001436 19.358039535362025 17.075975604659217 2.8409932114308285 -2.687589366338755 -17.30478247078446 
1.9641750410827463 -0.4856881593477581 2.578598152168029 5.882378132374323 14.090072622615356 14.075217457891322 12.124392270243169 8.688794636027088 6.865839689195942 0.17511654274009747 -1.8734711502981387 
-2.237123383425787 -0.21100537967187416 5.718874955399119 4.161254662572809 7.43458899205593 10.124377179758103 6.669966677697444 2.645952718526406 13.020095969314395 14.858831859311387 7.139404137009669 
-2.9978388665302584 -0.8003535796793586 2.962127329925351 0.25762584621151546 -6.8474013081425 -1.5617502502917777 -3.527837960604968 -5.100074011996572 6.182241770205885 14.093641644153355 25.0059069228692 
-0.22065673499783012 -1.3140575029425208 -3.403591449948952 -2.9729460386983915 -11.542672547741047 -5.817987617333171 -2.6964139181128353 1.60530066219613 -0.42915728121127844 6.2778230776414 15.604486067987201 
1.0656843822209843 1.2133017141243592 0.5071733725234003 0.06758462652037789 -10.318944509055006 -4.1039674958510295 -1.1075373517604794 2.2897631326534262 -4.829427585689026 -1.8143833279905712 8.937046684858565 
2.2394575992651276 2.031639768062219 2.863704249274128 1.9155672056774615 -10.245433163207043 -2.7182905424792265 -3.636992283616419 -8.895778712888447 -5.40140882147098 -7.132609320230474 -11.715524109603184 
4.544260044536911 -0.7754555974469086 -3.76830902472296 -3.0276663566929374 -13.239392644955913 -9.100769551083488 -10.921560401756771 -8.955489762966762 7.430570707271688 4.542199921296948 -2.6335789682061153 
1.6529179969164043 -0.38251777138715315 -2.9531868865817845 -4.429076746322883 -10.930222360603018 -13.168777985148761 -10.222093968474555 -2.851304847498777 1.3242130819566948 0.9746867629749607 -1.0241962534325264 
