-673.404492289572 -668.1240252183852 -671.2999272936179 -494.8852223375897 -273.5573482017726 -179.04251058451447 -164.00116848009992 -233.6920396751691 -423.83218817190226 -553.3420091721015 -631.6710840331862 
18.40567075883983 17.69902343925497 15.334414331056756 115.86372674931896 79.33826842069624 19.867882404944574 19.217971357260623 52.865849139708956 94.91187678645414 71.15955122864321 30.179981363839048 
-5.09930143420231 -8.422541407998118 -5.781439440004898 -99.0017760139751 -130.00345018934405 -97.6834663719217 -66.90322478097015 -31.880122097145424 22.102761813427083 25.11488651158816 6.7702087041246415 
-1.0565668951637297 3.5730920728773112 2.715232844764965 -59.81406347529786 19.723299569674115 25.447690177533616 25.757805474515195 12.031717549985938 -1.6618893905653744 10.468791769272244 1.2918764528749827 
-11.016786967686732 -11.296051745429496 -18.774003378829498 8.555927738047242 -35.50101666595678 -39.7325146240084 -38.899108918235804 -32.97708476230754 -27.43388817666081 -29.480886197185626 -24.66996077227666 
3.370809785865526 -0.17516879669020247 -6.044613369356032 -3.5760875772868426 9.723988936946153 10.900119728094456 -0.7419719977288831 -7.946201889022253 -30.201119569355768 -40.57815973891098 -20.344291368677588 
-16.951127431422904 -14.021527153706145 -10.380898205255725 -39.69090156649993 -21.7227470541944 -30.510505239058663 -39.255242759315706 -39.72170752451246 -29.351971343995338 -40.438092716735 -27.059389962824504 
-14.020521532387235 -11.19719972439512 -7.041074045071748 -11.646136946763164 -24.8126973083805 -11.007911176920452 -9.631823881540974 -6.934618780249053 -9.274604724398674 -13.557041673458219 -11.847680312552331 
-10.629034531724601 -11.173854143058914 -8.945032338420543 -3.6844710618412457 6.3268593633581975 7.131721993139625 4.3519423370079675 -3.7983418430807925 -15.473666310825735 -12.927745578099634 -8.110783709783213 
2.6457433459750153 -0.25322980915724735 -5.853813525351816 -19.934065038999904 -18.43236534391255 -19.334529304078316 -21.930278479974096 -19.873616112970122 -15.718912287299023 -14.660212451395218 -9.828123444974729 
-0.3371212360699301 -2.5164243692484387 -8.819347372585815 -14.941018488309421 -18.684160014793612 -20.684275836311024 -24.23291236551396 -20.048690164848303 -13.989137342212269 0.2990840964650864 2.6426842338967385 
-3.5128004938655844 -2.5802370406581847 -3.8964277039858812 4.547528656369265 5.254152157897201 -4.951309608104217 -12.72451704701687 -14.387635740307683 -16.190144543327186 -8.611961521792193 1.0044908199193243 
-4.502412300531304 -0.43751300052303976 2.3918588452392533 8.572188183478922 7.3941323340833724 1.1378000600088072 -11.609705085839574 -8.5492925879037 2.61542271579093 3.1353220925762426 5.111036471303386 
-9.371750333430928 -6.43713617639426 -5.590603592974638 10.509338670334806 8.062278213486591 4.6142324208162915 -10.498803013996623 -17.264177772576165 -18.484703602697174 -16.90116185008109 -3.8663337096084245 
-3.496384042144194 -1.395837630267782 -1.0110204724139935 19.395002472678957 28.875434777001164 31.936540060646504 22.842952815974062 6.733305161486712 -1.3819371072632585 3.744816053552313 6.572417864116995 
-0.6074819503426618 1.0144682205270328 2.4328542780305806 12.026027264565993 6.810689370951056 17.795539422353244 24.716692544737235 11.39591225373449 7.04529131216724 11.132493051289542 1.3755641380790173 
-11.140041423596353 -10.351687748070816 -6.875760911180791 1.3254064173142908 16.278748128174207 24.251459562749332 38.63757810608219 34.9102177931009 8.788947259313298 -5.103661665645165 -8.682550707740518 
-2.3664605118998323 -0.27584944244453297 -6.072796280174876 5.415015374904399 -11.038594468506878 -12.488070861058278 0.9349975253834972 12.717422947865671 11.876633545075657 5.446973422831995 -0.3865249656997843 
8.946385815548375 9.090453347932932 1.5948604588412767 5.228623193161074 3.525178671739761 -1.0905014625984317 -0.6929824176814772 8.604129936103895 13.239163610248793 10.720510909769015 -2.4544288174920386 
7.579785518096673 8.640652212241818 6.31685663575271 5.332222903967999 4.295327362973298 -3.887607786558751 -7.3136449614934085 -7.0673842662208015 9.406733666956484 0.8738066723661265 -5.536220783949338 
