-713.6341508228305 -713.9002991591487 -714.5592159148664 -712.1376780155812 -714.623928646445 -688.9851448105043 -540.1285850770253 -326.0555322118982 -168.13358399392777 -107.14729131510566 -110.51392325863188 
2.6501300653235234 2.274307099314105 1.3431258325223332 4.737139248740487 1.252381585217008 -9.62649159728833 4.487875042517315 53.75108926351261 12.709951911791414 -5.724028674432516 8.685060711291085 
2.6427627078886626 2.2686395136112782 1.3394698130730807 4.64471206896193 1.2510309816287384 -12.42757468980648 -18.51978380588708 -85.11594671871691 -103.36393972495674 -88.05906765015904 -58.56007078302588 
2.6305171312202407 2.259216607217291 1.3334270464576936 4.499602500318131 1.2487818094262995 -9.0797067585884 -35.741224949641634 -39.31223463180886 -11.110679068978303 9.96458021604495 27.90037538784582 
2.6134431758616192 2.2460728657847153 1.325072493510037 4.312704440978725 1.2456368166988534 15.847304301539861 -0.9195191999949303 -3.1644826560921664 0.03692756615676274 -6.026614527959192 -13.324833751214605 
2.591610243688038 2.2292563319099776 1.3145092411796568 4.0951308955892385 1.241599845619065 -0.44242993969459393 -15.134550249123361 -26.118104859285715 -32.02764956643855 -20.674849354087616 -10.094262889386748 
2.5651069258056403 2.2088283694677955 1.301866684856414 3.85581667983808 1.2366758272993512 1.7972783131176704 -1.2962373374269198 -10.021699871055667 -14.00011816593505 -9.811694479057191 -0.45636123752375374 
2.5340405280928877 2.184863362960155 1.2872982484486981 3.600226985130776 1.2308707751903678 -11.948472278400416 -23.936308949443927 -6.4104073145569895 -0.10525388242594619 2.2279881462149627 11.980588817883454 
2.498536497315522 2.157448353619717 1.2709786835984893 3.3305638117169565 1.2241917770307789 8.849215866544991 -1.5196002562930542 -15.55089699822324 -22.821660530425966 -20.041619231085114 -15.716736420361258 
2.4587377513574182 2.1266826143713993 1.2531009970524134 3.0473278980802867 1.2166469853590738 -2.5236551744383124 -10.14856183976045 -9.08294557931482 2.9344973410813515 5.571130814666426 -0.6723126540880493 
2.4148039176971836 2.0926771661059567 1.233873061951802 2.7516118619518917 1.2082456066004474 -0.4324872232765817 -3.718252316090406 3.438589864448999 -11.136532404463424 -19.760360111935114 -20.96962924177923 
2.3669104848200435 2.0555542380542917 1.2135139745344556 2.447240106338014 1.1989978887432944 3.80782003954647 7.421618845452421 1.596078230767736 2.468586355104301 5.3122973988695215 4.106580677271294 
2.3152478717832636 2.0154466753675577 1.1922502223517173 2.1419240164877986 1.188915107622213 0.09755922167702391 -3.449548152035854 -3.615020794917214 -5.317190034858596 -10.540521732337432 -15.502586194002415 
2.260020421646853 1.9724972973053303 1.170311733512984 1.8469485030590302 1.1780095518259106 -4.733143156598526 -4.44482480698796 2.4589813314041287 -5.39024385887385 -16.705656513065925 -23.607306566609495 
2.201445324937015 1.9268582097091114 1.1479278786137814 1.5754260111992922 1.16629450625056 0.6906824272620491 3.2834305387534437 -1.9978064738366477 -5.7889252359572065 -3.740665604450129 -3.782014760081321 
2.1397514797242865 1.8786900756902312 1.125323497844069 1.3396640614859372 1.1537842343207658 1.83333399585944 10.29384172827098 3.7307260358982712 -0.9301541118722576 -9.729009578066414 -13.19946134948594 
2.0751782952690307 1.8281613486879795 1.1027150252953244 1.1485130187545236 1.140493958902291 -0.7685723651227544 17.545551326679245 12.899386297958332 0.8411013663395306 3.0051245712599006 -1.766348604247832 
2.007974446511575 1.7754474722540916 1.0803067806965911 1.0055792348494588 1.1264398419322796 0.59470088607753 17.059515493270535 29.43627977271315 24.62211615236752 27.15430051628494 25.977896702431817 
1.938396586960435 1.7207300510927008 1.0582874957446387 0.9088980615442096 1.1116389627946586 -1.5030929429766482 5.862029223638537 28.826936771623636 38.370778033594455 43.19611181123322 45.43845392017437 
1.8667080277586714 1.6641959980285939 1.0368271379050893 0.8521629500980975 1.0961092954698461 2.90779079341612 -2.8939215358827592 18.60497901202158 24.263029946586883 22.3199370468474 19.176788604792545 
