-525.389422629634 -526.7741707630655 -381.9628439416412 -235.33336138140714 -167.46116024671085 -166.0086082383269 -187.64405784944415 -236.65542513770697 -381.7784091297414 -516.9179461383882 -528.4423486555063 
59.78068797485747 58.68215515430761 112.8796595330989 95.96448938999413 35.56965923932117 22.667124075772236 47.56675075153275 42.989632401248784 30.350651434638003 66.12812318972514 60.60609449189537 
-12.33968625068383 -10.221123723977913 -62.74148061748374 -103.51016840056286 -110.52034199224607 -101.55846596488266 -62.52736386759034 -28.932518001602418 -6.8699120565190555 -8.590740227774443 -13.98211976941229 
-12.817929333833378 -9.646260500456169 -51.81217285152552 -43.40723976224934 -21.356532342745684 -19.83000044310451 -30.487155400621127 -26.133633434283475 -2.696774124139103 -10.935199881292204 -15.4240639888845 
-28.333786316713216 -23.66919214613559 -22.796969704637476 -15.841744675528414 -34.273762482221386 -46.852089965622596 -45.71602232108472 -49.37151590019769 -44.16348124199778 -18.756043606005104 -25.949272632172217 
-24.799307849768255 -22.175309511647576 -20.432834796549216 -30.717393310721736 -31.648076110863457 -35.54235333090578 -28.647227194199864 -22.87579411029194 -23.004353597970628 -11.591594091348176 -10.836047983213145 
-18.03451292172426 -22.545158357252525 -19.290745403981624 -24.010116225283483 -21.803396850975144 -17.49527688089445 -15.978853515247508 -9.140336237792496 -0.03261249765444263 -16.80415916502607 -15.5594089826238 
-11.223886691340097 -11.016468123503714 -26.91329516622725 -20.371910886882148 -20.767700152063014 -15.952979131261138 -5.944464855227522 -2.6370438416671127 0.279586280128967 -15.086334186846402 -16.766766784654216 
-3.757444784823811 -4.837613473618383 -3.438726395431493 5.073663203175707 11.083116736118072 11.578398278072651 11.124484850042403 5.9226434858239205 -2.2362818199637413 -6.857517958279747 -6.1693333037362486 
5.377263528630017 -1.2804982792525517 -2.1460576034898544 -8.079470051075345 -11.369730698811939 -21.024255343720206 -20.82241571829457 -11.566414010270467 -11.515356688308305 1.8192616087851015 2.528090989154604 
3.3773959408750636 1.0745825640875608 -7.292572576025329 -4.867125779677615 -8.216459041976439 -9.855947731986486 -4.188333894575203 -3.8641852215281958 -3.7804892937703047 2.4250960166240763 1.8896896014065891 
1.6204695594668896 -0.22512925592053817 -9.974101448641509 -13.301189088644115 -11.936115330607139 -7.439939312325725 -9.426170314423233 -14.491711500150867 -11.193731740705646 -3.6894364428306137 -4.145002355024465 
-1.3327730054329971 2.873650428916748 6.837947829390709 7.900585262007189 5.325300954420891 11.090516302790999 16.92961485403183 26.245227524756643 25.544722687461906 -2.2779325390417777 1.7191419294503671 
0.02676297732322097 3.378370610748204 -8.611986979870931 -5.795863354904338 -5.495690526357908 -0.8399564942924638 -4.75766263471135 -8.517441191927198 -8.560445806643857 -2.2920445642764453 3.164873775444057 
4.823676262096635 3.6398662329600375 -11.433125537014408 -12.799134259359219 -4.337468364067333 0.03751701060148338 -2.7503966447917705 -5.716893219893173 -2.8107688864341815 -1.4155111692726259 0.756377232570496 
-4.713115420362785 -2.448470222857844 2.602715981104139 -1.7707131032197698 -13.974406113678889 -15.222888299741843 -14.53519737522836 -12.908749733992698 -10.867370270519299 -0.40878623661928465 -1.7460186351615654 
-8.769114133257133 -7.70816250663778 -2.621513851484104 -4.057094928482129 -1.3136015611913434 -4.180197084662347 -7.053151960582515 -5.300763059971269 -6.3531567086622545 -2.0756761386439986 -3.9390088175467453 
-2.4999014764792222 -2.854794676174446 11.037602224406527 9.135579647851184 1.1830708531561394 -7.497262101612952 -6.3666964871695715 -6.7278403702658345 -8.748125768348277 -3.3884385432086743 -5.26974984678418 
-2.3832453884710896 -2.6249318506516945 15.936566739034152 9.845355977287209 8.348310819145507 -2.7519152723449887 -10.19424579609763 -8.334947757415117 -0.6799767347694116 -1.9674278168015402 -2.786219518411176 
9.848302688255679 6.309925537771303 18.171288070810014 35.24304013588271 39.75427400505371 26.924922735260886 7.16191505138395 -5.760515151966082 3.104530261882828 5.399088704816773 2.298008625777391 
