-304.8973979179119 -258.64582226767925 -245.70775597666983 -285.4880020798608 -391.9506353306835 -498.355255560064 -609.9547626106918 -684.0283698971593 -726.7311334855483 -760.8534556223584 -774.0999914968103 
-2.1110522814598243 -45.02019635962887 -48.74898953989653 -9.925159022837377 58.97060791472495 73.09270405742038 49.891305012512056 32.5701324537763 27.660001564396463 12.571681554150707 1.2882622468151952 
-86.61280653129215 -65.24198330050115 -63.62443487727226 -68.68627012283241 -71.40322255404568 -57.73615572380447 -60.11939440530052 -41.93553534656596 -19.414110675040405 -2.576863609412804 0.12455961410959673 
-39.55945625771486 -29.262447172557817 -43.73717607417388 -70.89999583007904 -64.4985915384693 -51.012159452213396 -38.76717259083565 -17.901047530198575 -20.629474016042526 -12.049352822985467 -0.9122670428528962 
-84.97153374231594 -73.40878203638246 -70.78282600437234 -66.48381433632048 -65.98013925530698 -74.61725298062676 -53.73789136779034 -18.10357008276847 -15.815529370529093 -11.973586073198923 -1.362474068962999 
-19.457672312075786 -19.97912217333883 -16.164083129476346 -15.19889734427562 -15.13798142310103 -18.902939649838302 -13.43886769538161 -10.514977483238376 -10.571120325820191 -4.9997545904531755 -1.2581488119815876 
-24.338219927846602 -37.829038137423595 -41.55900935418131 -48.35697671664331 -46.840733148500235 -37.42874840130118 -15.601591836938631 -16.11930788369341 -5.4087815933923995 1.3012645131965614 -0.7706508684332964 
-36.62738273470379 -26.403350845112087 -16.687140051818616 -9.655723091601711 -18.29386633978408 -16.29861271644314 -9.97119131979087 -15.838094132932948 -4.002721912414545 2.152923120500671 0.010058977138500656 
-12.554918469857885 -9.245506360348577 -14.354687391583415 -24.324853553713808 -26.474609756637413 -24.984321516751223 -7.280344387750954 3.1856081414264015 -0.08661804218490476 1.8758027408054316 0.8825379097370066 
12.60240238055419 4.876375770136348 -1.233454177553193 0.46918703289080077 4.6323497783360175 10.687446535443307 10.861731497508428 5.390624500474972 4.438101488728142 2.832443513649117 1.4019435551332555 
18.347231300970392 23.478800604890687 25.980398262176017 24.638963227090542 21.477570804048035 20.262862385388804 12.662807909257808 2.1380789425774154 5.3713886987510175 2.3571183894661107 1.2064583563051285 
27.991732241513546 30.84580428569967 35.083098832841074 24.632062022199257 26.149859863937444 25.31498296406737 7.170924369578148 -1.7184299219113832 -0.08096446501226406 1.2661568158586456 0.4288183786994418 
-0.08498961811825231 -1.0014715588611713 1.0586399417877668 4.556748494029392 1.8111436724153094 -6.87321246618685 -0.9581943774869036 1.7471444555262878 -2.426424815665642 0.15776730999768934 -0.408430775118578 
-17.482528581921194 -19.688481899550887 -25.36861017745467 -25.234880484840595 -30.97064330185719 -21.37089843417609 -11.052406187630893 5.637395626083686 3.2422470262804435 -2.0480592403484392 -0.9091773518536928 
-6.165454927369477 -10.886977720746751 -18.39825391146535 -19.005040700804415 -15.419842219553807 -13.872449172919808 1.192472548048459 4.876371495565138 4.936141834434764 -2.708375490410191 -1.052942624770156 
0.47474340755112965 6.838651400065139 8.429429442575515 5.613170104174758 -0.042801228024364646 1.3829256620309325 -2.7580856720477245 0.9610031747354375 1.3102970663230034 -1.15108438350406 -0.9306670719223843 
2.675590269630979 9.497293736975973 23.59412378818342 21.128530572649844 17.602264401462072 13.503757995471275 10.189440580428037 0.9809527842314012 0.31357998804888665 0.1304475870483642 -0.48697570719143995 
-16.388917354440252 -12.624332164809502 -6.8472801747265395 -7.834895059291996 -6.219363463937987 -2.0856820644425973 1.8660795389807792 4.952178523859017 1.317752175589374 1.7697928367208349 0.2880861258067665 
-10.85260183187898 -15.796673172540936 -19.79697823754376 -16.436096969187645 -11.88284805544645 -9.918445204952853 -2.2861418501182564 1.335868374496657 -0.04988961282512383 2.686022123579591 1.0558492733290392 
33.31350081170042 37.59381201460363 30.558773414555095 19.80243983750487 15.126302541462383 12.347681027080082 8.261622684586111 1.5705629880771528 -2.4542366289756163 0.35544908330987995 1.2988826950986634 
