-741.5257103652004 -675.4260307947335 -341.03159510491116 -203.55402136303414 -165.25667703714586 -184.96486915200666 -300.28755470750286 -490.1223225552814 -662.3555907237734 -719.5614213230127 -735.1596604531459 
-15.700368786013968 40.58541866658055 89.96228509892762 48.86842529974057 27.128732414703183 64.53625676507663 145.45609266115088 184.67615610344944 75.85530470469823 19.720092954716968 11.326762491709363 
11.486755016134332 -3.9740824301779822 -77.82661393507033 -66.82091610274966 -38.03969461034278 1.1532562024559039 22.029737349313855 17.578090055146575 19.853283820651033 -3.955159166120469 -4.57849757419161 
-9.371993180788886 5.305837686399823 43.35511218438124 39.07370710519771 32.55088326729117 11.522954975736873 -44.729385875715806 -51.401542967207135 -2.26399377934373 -4.0137907221332565 -6.285629893882202 
3.5358592310103303 12.481618076077952 -13.015513559530518 -24.90446009003447 -26.48387155505575 -33.13668556828728 -26.89119914351586 -22.926888680384025 -32.26107213296105 -12.669572214580732 -4.698585513180123 
-17.48144690730191 -43.06245771485166 -59.54569454118682 -40.16326821289981 -32.510592232527465 -29.256739355451053 -13.449865139817046 -12.048906888642179 -32.248981690944746 -9.070327816315846 -7.707455064366764 
-5.684547485165978 -26.18409322743074 14.36360460513917 1.708708374969451 -11.06188599269178 -20.96723408953066 -35.671879567710995 -27.60250970189805 -29.97479941615819 -8.315007720432089 -5.550487596153966 
-3.219013647305337 -4.700696950139698 -27.306040118417666 -24.72610110376644 -17.9878566179457 -13.83399767971735 -13.66436217585995 -34.20414645205331 -28.617370192016573 -8.959781484430453 0.7962225227871298 
8.501448907941239 -3.6975317878145737 -7.49892680542839 -17.842204338046997 -25.3390637064696 -37.73774831371368 -46.112569900288925 -36.90953202313054 -14.523865821661708 1.8957193502256555 4.238749678028886 
1.2569328299980678 -14.462792608358384 -5.387077890367685 -7.76449519072866 -11.241433625413732 -25.624353471749846 -23.831695692399936 -10.53027604753802 -3.38755457993062 8.851898297157447 9.82896417344504 
10.83207844499939 4.9587441989380086 -5.371304015525017 3.1831526150151066 4.261845974908496 6.3908563779200005 20.67973586731175 15.621654941577615 -0.96541123021299 -4.559504498370343 -1.5678583745213168 
-2.088767269534059 -2.7366051699675205 -6.642144948753947 -11.572737398291249 -11.091745440251135 -4.841551296713756 -10.841165673121427 5.994831664416915 5.66789119227205 -3.520137131353504 -0.23225684275406822 
1.3825898070231368 -4.921503775034882 -17.47215622741685 -8.582251498122515 -7.9282069829612265 -2.516648859499533 5.018174682388578 15.986658162920438 20.480732429438206 6.201990300387887 2.0450738191425124 
-8.951292558398174 -8.48889623737393 -10.154922738496818 -18.695424271077165 -18.349272785955606 -13.02248803985584 7.502973395929526 24.85950566882137 23.83178043649032 7.907613208841707 9.07122824267943 
5.123841089097986 2.1314215199589643 -6.8442669794684 1.95895105794276 0.5843984117797694 2.9088816729897253 1.1995516222525908 22.5600365629411 6.52242545831397 0.22149955845164937 2.4092379355580524 
-9.25828882851435 -14.181791148837739 -4.351869543290961 -9.058552935212257 0.9835988100991968 20.243514135532074 30.3458823326008 20.925829269857743 5.868889017260134 3.9278101230661235 -0.5554151604254516 
0.370277582576185 -7.540777796267136 -11.706768690458103 -6.802337699084083 -5.417358770217204 5.043290835326957 5.233309187403017 0.7359756522935541 -1.7038151876975214 4.8370580590496495 6.620224483857772 
-9.185963618770248 -1.9509627632352358 10.908250711436924 8.881607198470508 12.85863930030023 22.364621138407472 18.01734846841987 5.879813525594579 -3.804425291831707 1.1273470437695887 1.9259884072382165 
4.964567667008107 9.91905513241446 11.943561179655628 -0.3031652921975607 1.1341087068922941 12.6764252847611 11.027236294153104 -5.424498494581329 -6.2429617114197 0.09988939091482552 3.627597973348418 
-3.7383047727774956 5.40726554550786 11.256424203451822 8.660464579412988 8.850868712556082 13.956927544080422 9.424194161769247 10.60830330875596 3.5036116579701972 2.97479525338116 -1.3689208924522458 
