-316.3258169437752 -318.3357409025104 -335.53123905211976 -357.510435855684 -334.26642736444524 -247.88831105674393 -186.7985885895129 -170.48597860339646 -221.4829105871564 -296.67519904399506 -305.35215096712653 
81.73291206629948 56.640596254911316 20.63392301822084 29.420640223489745 44.13376136053208 -1.5236300075814693 -55.73798325650528 -56.64018351737046 -23.896440089303184 49.55566149662368 82.05213727865225 
43.734078313541985 37.780228537901074 16.480303610080302 10.292979198456562 -11.508643527576998 -23.02849466310552 -4.348590166663543 -3.1181535510443434 -3.317857485697043 5.956599758033496 24.071979546010898 
27.281937896935876 23.137796397611567 6.774050375321825 7.442851115501515 0.48104398082014543 11.488686447733166 14.109800091190024 6.945250133806013 -1.0205453398058668 2.282715443825162 6.443972359979993 
5.339691272018879 2.9026308248747483 -3.2451701672349653 1.9182936994539361 3.0718197410843975 -6.355103640493591 -2.6550736427184507 -0.2580279323651904 -3.320496648745798 0.13286245598669322 -2.1719621321362834 
-7.169030847786353 -2.8532507306735004 -3.3534051456925438 -4.3638953640546365 -3.4854042838195722 -3.1735551666447455 -0.9439790194242779 0.2699671327159241 -4.415311878983716 -4.189295721993459 -4.17784418586369 
-6.961939727955017 -6.253747734002022 -8.627089650825642 -11.650605556293847 -4.174648860623426 -7.763764603915818 -20.128604593477462 -26.489201941584987 -28.52650047819045 -20.567656076861418 -11.375600671102106 
-4.93284681589086 -5.374743648429447 -6.442697667636306 -4.471126989668726 -8.044833642071922 -8.400334524322318 4.099444797353618 6.834310670855071 6.59252293501009 -8.613031065775768 -8.704987718825443 
2.898759898886777 0.1178585501194549 0.8109246207082663 1.4305461725082078 -10.709503958083655 -9.685337040967271 -8.696604622386168 -6.897078869242349 -5.9194319324716735 -13.08593426449268 -14.057350066232521 
6.880579234390838 7.118669788970093 7.2177946410137785 5.498644852335212 -1.8136897203789162 -13.327104605447753 -23.65149677696405 -21.534406949144763 -15.865058053632033 -18.05103807857694 -8.718846566677133 
-3.420143434823645 -5.286963573232547 -10.560318387541091 -7.474480378484792 -2.051675984628784 -4.029528052156547 -7.555795088419974 -6.5457537735702385 -5.108679891562717 -16.133001845994265 -13.558054101368075 
-3.0796827953886154 -4.915011932534151 -9.249734687590204 -9.5291074492038 2.7195400314441924 3.349559152316983 1.9893594561591654 -1.9197248334174897 -7.181852918135601 -14.740716009605212 -21.502505475401016 
-3.16980744263833 -4.365544503376662 -7.209104335426311 -10.36845230456779 2.519420383498132 11.326284467710199 17.14803214833913 16.773701374700877 13.602490021757845 5.9249086899658785 -6.8610977843553185 
-1.7813368095519633 -4.187684929367573 -7.755732905776076 -7.681805697410759 -4.323094737873438 5.031138793327282 7.300333258335173 11.121777088245729 9.617396393216506 4.342653672007261 -0.7057978143271368 
-4.148158000794689 -1.7064891833454379 -5.4684074248918115 -9.271278862614478 -20.050229529856882 -21.52213432241677 -13.928830357273158 -0.9463168706551174 6.919237956018952 -1.0560554694977218 -5.274609823463663 
0.8352611512762874 -0.5927418256938705 -7.926287787319488 -9.309935056281173 -16.16995452057806 -26.383427765352906 -22.98253154469461 -20.135126829544326 -16.176121750523006 -14.882940462050103 -7.195993649382203 
10.873109308755364 5.114386447402188 -3.3785403443164657 -3.304912205243385 -0.40553574335986026 -2.407574909991454 -19.79978421726151 -34.589504041187205 -39.179460972523955 -17.973130168924982 4.154185266870691 
1.512305746641826 3.554117258576122 -1.7363549706944892 -2.910859941257601 10.18045759233457 17.873256383441102 19.11936088991844 15.826122535817136 7.163993811363267 8.71641690487589 9.473767942441768 
-0.6507519456656663 -6.265046552164695 -11.443798739209711 -11.956099763426803 -7.192135993995648 -3.4519073969601415 3.735214005746501 14.300333914344304 14.579247958950544 7.732768816452722 -4.15268866716389 
-8.52628465617506 -6.068092959006568 -6.2440680216243205 -10.823202148442853 -22.39130995445408 -33.1288498072092 -30.56238991143271 -18.299639327064984 -7.313848653498908 -8.092856287559407 -12.087589965556337 
