-345.9728091395306 -244.02722329107038 -150.659444925501 6.323852712087415 120.62703552624961 152.6120265752687 133.96913170328324 127.65524450020276 102.39038075362461 67.30277059735444 -15.927213597771113 
-10.93256716447324 57.75803655073557 98.81400752869376 62.64646136682548 32.521068403642076 12.479335331035609 -5.814047578417151 -4.858449247722286 9.767292788491808 26.241380707539733 29.909355377609067 
-15.253357311744224 -51.41257438640888 -86.0814531416874 -52.61579605346725 -35.82360195547204 -33.959319524729516 -17.12230948413776 -7.384427129414197 -13.62903129925383 -23.473871000896327 -37.82867214662752 
-18.227178036679867 -62.510427375132465 -76.7361089290345 -31.536842555296474 -12.915417901063982 -3.9350823810047344 1.4359146457915561 -2.517831262650769 -8.572639277804505 -14.290656914619934 -18.168221197979108 
-21.78218366180608 -32.98884819481401 -35.26373715214467 -30.934369598153985 -6.64529538561333 2.758713438631891 0.7289719951706869 -8.923044932013191 -12.515430871317552 -19.070421817056133 -19.816370181568654 
0.9025295096373853 -3.5235179814195265 -16.620222326246427 -8.39973058817064 5.813850129968974 7.909602210269121 3.566330940168963 -3.031066782054261 -7.630069178270233 -9.472793494003714 -10.0090902809958 
-4.709645072062056 -15.996431255204019 -15.154865716612793 -3.267172426624737 -7.325470776639323 -11.462841291184235 -8.516334728030895 -1.9255418250353689 1.0636715803234262 -0.34515772926296506 -8.157793630767516 
12.957850134504563 5.484240353639688 16.527457943943382 10.659841197834261 2.159429544207714 -4.137649483094378 -6.559317235225548 3.116071321396844 9.215024212195289 10.680513931761766 13.680449953849863 
12.171133828030282 9.161230124731617 16.143953186301047 31.484286459412658 19.93784835368108 13.670219508100864 13.640320660434796 20.723160691163827 17.400638951024582 16.272760629727344 21.19231907494471 
19.723887025617014 13.801784014726591 17.644631275299165 25.837453862582386 15.242811009794035 14.595567741165091 8.477792630574077 4.806473398647013 10.185705015029532 18.089291821147924 17.53486777079216 
13.522691566709847 15.740504768286854 7.691831554781886 -3.959867638864912 -2.3739456560034977 -4.865961340473028 -9.37963797883165 -6.862188964607803 -1.9903753508198916 4.239642574041271 3.828065871629625 
2.0594579537974975 12.09729818109664 -0.7673257894620078 -4.874147648858119 -13.0343823870294 -13.679700122196364 -11.573703656331395 -16.01996487333962 -20.631777236477696 -23.16438342285848 -18.132131908465226 
-9.18995636532952 -1.1186204298622293 -5.97660241382491 -5.15904930116249 -4.796877715696622 4.967583415805967 5.889293917948891 -4.927284914866105 -11.642001435963138 -16.887926512060613 -8.912114432858772 
-4.686609609958565 -4.743143759617652 5.146359295734131 8.960701984787079 5.0373960649546055 8.92225848569754 12.19414042327778 2.0872691049436045 1.8648832029126898 -3.939062882073764 -7.574219093722572 
-7.091486267031325 -8.906462238745528 -1.6526152288309683 14.747774320753873 19.094067356266688 19.718971508521513 20.953714852981655 15.517264330910997 11.78977685411505 9.254770787354165 6.6936183355027925 
-5.286123305943027 0.16076437839573554 -1.2106213249927047 16.601323078879563 25.834549447246943 23.929286859018482 27.416944828335133 26.30546822362281 21.020111509345323 19.958461735810623 17.007142889223115 
5.1471014729482 7.907983887810833 3.3430252337138073 24.96975328256614 28.529323881632926 24.649164661398316 27.1044174031669 31.854811799253113 31.112488982001203 29.0503947653238 29.048304847401056 
0.7443675794832441 -3.343842337156183 -4.684037296195163 7.252236586621251 4.948142819828541 1.2440016471481798 2.7150278843201225 9.303003404648543 12.754070756679507 18.49122088783337 19.675272552011137 
4.528587233444025 -3.365807086223781 -0.023362744309185612 -3.819978131704529 -14.725658646858838 -11.510154614635802 -10.738798850775073 -13.882260663157396 -11.161712761607095 -0.9197050778334858 6.89271165616073 
6.025297759045038 2.1601858861677847 -3.0341479133123532 0.02228615394034361 -9.046140799095292 -11.153956048562828 -15.046032031379847 -19.169914078470704 -18.43780036504338 -16.992086698438253 -14.033772266616541 
