-267.89121570816144 -258.3587498139722 -167.14397936206757 -105.10438475602697 -113.53886262338023 -161.91164622984977 -206.12506252659068 -212.22663426227157 -243.53377321747175 -263.8110925460535 -262.9499277970941 
31.184528443689178 32.36760751512857 47.82499259312758 40.39404155080846 1.9118852622025517 -13.0949589559292 36.597065127892286 67.94632704963014 46.273550942845205 25.360966942236054 29.775496547575216 
20.72648746131382 20.23939831362287 -4.814837510886825 -22.606553553516655 -24.099398542698655 0.01974980051255726 17.670504790206767 19.321232217285846 18.589159353311445 11.368871587039791 12.2625588185325 
23.143655530551094 19.192824362956767 6.962942392689675 11.975606877354544 28.957536472160726 39.752208124923975 21.342676269258348 17.87084123817938 20.6747104497634 18.081891955318945 12.354200512581743 
16.00753671929623 13.791475672862951 13.223325616177783 21.02453095938582 21.085827778680034 10.826224721996091 5.5469716942243075 15.62656463544555 14.290263374242116 10.026496590869417 6.594559802080123 
13.44668091432186 9.76067685359504 2.0864996272289225 -13.422782636125127 -15.426844617351971 -8.68042649900955 2.5888008773822713 0.008019062938570742 7.233762272347713 10.09427743527365 12.112409127479179 
8.280515685800491 9.972710542612235 5.775826739244044 11.95515070370245 16.299289917293102 9.724538754719173 4.995499341319134 3.0756421003567986 8.526601470850846 6.461365728179312 5.521831859193611 
7.5269915100790605 8.30525529241524 11.179062692073181 8.837292827803754 1.0110808145593277 -4.043510673955718 10.493499579126766 17.211097146189243 12.517112579252736 4.569618196965348 6.512121037757465 
15.037695805098261 12.085120334605614 9.507210643891522 6.93820489078554 8.687762255173526 10.727755815368642 18.7808760408724 19.976278453200962 17.011804525901123 8.074215904880557 5.645795160330235 
13.341720422605928 12.861493179099227 11.603022429195867 16.07464821916414 14.471052153158102 8.571584580718024 3.2457814249738304 5.3637924567834085 5.177319244913689 5.641768006920287 6.4157379242820225 
7.733061805929686 6.276730992371407 6.5720245281814265 9.549103358347189 5.325355584005589 0.05187721437831361 2.473787554830957 2.0674662799145542 4.853123562657819 6.222785760133135 7.846181694343855 
8.545470061832455 5.4007949758735485 3.603758339685336 0.3914603021314298 1.716512337262355 2.009956699482638 6.869452105807184 1.2568600078189367 2.9388181168001317 1.8548452004385416 5.7225984688540175 
6.718100783471018 4.344695798694516 -0.6607793531198456 0.7455789951087667 -2.013717311419726 -2.5128068140317357 1.5120962874237809 6.229453856436237 7.226315105842419 3.3172416312568034 8.260920344775382 
11.738157537029682 8.579721142141766 7.564648145919813 7.394654801767306 4.672611260135059 5.35763129676817 9.03771292843448 5.411255836476008 5.1201352148723425 0.9635770550497482 4.379095784601271 
8.301572353418258 5.425492259021881 8.53180421666989 5.245417896242252 3.1857130729821885 3.8624728641184225 6.5520107382656185 7.252427141805679 5.739682084908394 4.025907883800391 3.0845033634722467 
5.378823358013557 6.506325312509389 -0.41742684974783417 1.9776295264815218 1.8201599064963356 2.956489171999279 4.800461391728161 4.143433721287968 6.052317654943924 6.686154066721412 5.54124969685404 
6.779947825084649 11.635596333690113 7.570108340253073 2.5478551934283082 -4.236882230209663 -1.371895585397255 -0.5069836222548543 2.6482006656173436 3.6029772518677157 3.3958083965091577 4.608527725858248 
5.5772045759737665 7.409071184750794 6.538245190320424 7.18320729252423 7.824659804829784 3.261455945182838 4.453985841246167 4.769635808175279 1.6529206900799576 2.01663857320918 3.9406780016751166 
4.694889695971143 3.698287904210587 10.496509177167933 13.743675351974208 12.905927660276031 5.680233701327472 4.388272540603678 1.641213425774303 0.7556261044175938 4.005995012142268 7.595178451541177 
8.838814688312572 6.268836711634972 9.32420215426176 14.27537616942855 19.313691873478398 13.404069820031491 5.776984636117716 1.7933888092702173 -1.1259668713672573 -0.15174864009875688 8.134785701029646 
