-352.19322336500807 -234.985653585351 -169.99248749543474 -142.01270293533872 -185.1791538801508 -311.013388930633 -443.5734683178961 -537.9069432401501 -540.6885674169736 -540.3745909323005 -534.3801970412662 
196.44338523406572 148.45933046956264 80.65857772698777 73.10135886857378 103.15374456484024 146.64530261628965 151.70092932729392 129.5868480770523 123.89144294535521 122.48665119105155 132.6969488954781 
-35.21395965893241 -75.2600003277268 -88.57321829538436 -84.98863167213796 -49.010661236796466 20.368618272710687 53.94306506528035 58.497182948537116 57.89115835404654 60.87057372762112 62.754854144185686 
-23.540306912989344 -12.133509770449304 5.947235842095041 2.875385565219273 -9.26224968600053 -43.96359768317373 -19.504367995728458 22.80166770053625 28.158594976363368 34.44582212392171 34.506744195204824 
12.739275913740329 13.679705494400926 17.80431923128205 0.24820492420248225 -16.11583690933997 -22.814361808185655 -23.085603319500255 5.395718497410364 8.512859531563088 12.359166053517257 13.94384804498939 
0.14091702930158123 -2.4449694234079433 3.4011810771525113 6.4231441951899715 11.27778955815324 32.325799880020014 34.024485031748846 17.713353730447462 18.862672068290557 20.479715366359763 19.067698134311506 
-8.134619537691176 -9.111455357283962 -12.797598646591211 -21.23560770310836 -26.091273928280913 -13.39436299921158 13.079755210362698 14.078569663464435 13.518426982377186 11.74774647233277 10.745560118758227 
7.547901760584877 8.586194874000167 12.65518945621277 17.36704594704745 19.057806910474543 20.4784407714773 26.850439515748846 11.84753690938626 14.026453459647936 12.505238619775886 12.135493424743286 
-1.223510543569002 -10.459593751506485 -4.515416475420379 5.868175999445817 14.030495403976825 15.684708185336534 9.177181368550645 9.694926937554687 9.34791491436766 5.956892958899683 3.7842234890726347 
-14.439555802498722 -5.598875641258669 0.6880049976552512 -4.043236613603062 -17.25040326552632 -17.594859502681988 -6.511850916872065 4.069128485791899 3.700374553676279 7.054315840141811 8.870934587365907 
2.238030131422268 2.7973381214356037 -0.5681923281371781 1.259471068706205 3.7998421249368057 1.9146734280279847 2.7579055354561635 8.214047034440032 7.3830425100136905 8.558428159250724 5.247615225432529 
-3.6585751681204357 -2.0859423176423775 1.599369880604519 0.7726238011129763 1.571202608116842 -0.29268097029541845 -1.8611767349144068 11.235483096373887 5.608793758067024 4.805212508192656 4.035752995414173 
-3.882552245252124 -10.224173034500986 -12.421740726489919 -16.941108823576847 -12.131407577038015 0.26697009944679695 1.4129075162587053 10.307884859378442 8.097818711885303 5.099721526884091 2.941523815662958 
14.371846231896427 11.44117845670801 9.926439349370842 8.396139174742304 6.078982395032348 3.1658452196171307 6.918511224949944 5.265715859593295 7.017756116995958 9.08965651393347 1.351830027634246 
-3.4619182350444344 -9.513920892830187 -21.464518741950773 -27.41337744814216 -26.632686483425758 -14.228263261570625 -3.3916091067193666 -4.612583749782024 -5.396330659292217 -1.5294891199176979 -2.8241229719193424 
-13.395043863307555 -19.013786057930762 -22.670862700909716 -17.489097803455927 -7.952431694837851 1.9876858599120295 2.641860934696353 1.5341706150864405 3.466208681037684 6.278176225632474 7.579280029735982 
-22.274499401971916 -19.432725241533774 -8.999576921481154 -8.167200828301388 -3.078841226163669 -11.492438335866689 -13.671952957993334 -1.0739741427349432 -4.469467257263189 -3.9469329409346394 -3.6426612062142714 
-3.245114643113096 15.689313397765435 23.40507660630309 6.27809060254687 -5.640325201783242 0.6861644264754838 6.270019164247991 3.435782924878537 2.235848058416916 -1.8835393162646878 -1.8806021135575857 
13.059036226266706 22.58771008822462 24.770576375518743 6.240238746879726 -18.533064568214982 -22.18729732949236 -9.018322311990334 -1.574035955838148 -4.6803526046250585 -2.9433545188210584 2.5491445680658655 
27.154127438510436 49.36637125010947 60.22967404117975 52.79458568548894 20.58497082421199 3.2043051615590326 0.9806498289089535 -2.541129927865481 -4.385773806374442 -1.6942479329069422 1.9775064891378615 
