-716.3822824045587 -742.98336274619 -775.2005926860127 -636.2692825389721 -475.8976748558768 -284.31116029227223 -217.79996652013952 -252.5878197793773 -362.3694541372901 -494.32753581603333 -625.6821641456982 
-58.900301969244495 -34.85574249499045 0.0 81.5662054199849 104.18612652884796 -5.900430808094576 -47.683394628347884 -52.00274203470208 10.912712321344834 82.80808365415552 64.96230929358077 
10.920244062391742 10.118924193075364 0.0 -80.16487477662832 -161.41473409419172 -179.7188033294969 -150.28185146316366 -119.8225849878719 -92.67070429369745 -91.33486966950417 -61.633451954768674 
22.62423053515338 12.820560384161624 0.0 -93.06895881092774 -54.19726523935356 -9.148954872377864 10.214747218411206 17.591182534483057 -21.213551613394262 -31.300762372374685 -28.954377716097127 
-29.305294585698725 -22.46227463018282 0.0 -43.20983677030969 -32.43411518534587 -66.22963977886025 -45.7273441556562 -34.570077338000445 -36.96249835458154 -40.319705409527636 -29.722890575869748 
21.210031954854628 18.942985640613585 0.0 -17.2702926169135 -45.980052583855795 -37.16397132392332 -38.88775053797342 -33.31249759189288 -44.07500603289789 -64.21476430326413 -48.31668498361778 
-13.079144189769586 -10.511066586217137 0.0 16.244820273343223 5.619836174242602 -28.03099003828605 -33.9925906184285 -30.48352284125587 -40.67587133862532 -29.962557055907645 -16.485472680573178 
9.553334417822768 4.661918776582109 0.0 42.42125759029436 34.0321828009348 10.5835680123052 -3.439516624747328 -6.432509897093209 -12.656753651403642 -23.88118293074234 -10.084529536647795 
-6.9130306870014735 -3.0045257063812434 0.0 32.67129478653031 29.457013678578285 31.906887732304398 34.593700687010596 27.900090757783463 12.451071308058218 -2.7087385455318813 2.475117254969435 
4.953204161549264 3.023135595972491 0.0 4.70131054930822 23.96912834754739 45.67743610102436 55.7846427387006 50.088504503898335 37.633250620089896 33.60959362453856 28.940710299520127 
-4.042550465307098 -2.5573050327271183 0.0 -29.10165094193227 -24.98549427447209 -11.830547076342363 14.250166238227198 24.07566427805333 20.54580472044007 21.957073597895345 14.313374699850801 
4.330652505651185 1.723366199180902 0.0 -36.587559794194746 -45.93715113700355 -27.016935066362667 -17.757622444632574 -3.996849742076072 2.8867861228129525 -7.183716420975957 -8.944506586857335 
-5.355326623310511 -1.429735584029475 0.0 -0.16496743254148205 -8.74229352289623 -29.04122338681117 -33.96198002159005 -32.41354854559351 -26.59080492297948 -25.341869862018648 -12.96587358330088 
4.330585221048913 1.443423491501899 0.0 14.419912426006299 4.99945436151861 -4.445135143557603 -22.376445458444948 -34.8652689502436 -35.55398508418613 -26.720630761850472 -19.848068790468794 
-1.0913690749288332 -0.503867403980581 0.0 -11.296170327632748 9.972819751078934 12.135075943409106 3.7192414766884454 -1.5049096337072645 -5.293041254194881 -7.184877662662489 -9.317591189999726 
-1.1955009997787744 -1.9547697423401842 0.0 -3.4387741221688137 0.8984196508581441 1.1754559168088776 2.7356111162667642 10.835027658168123 20.589231136346932 10.964062736232705 7.890071404533382 
3.034744725737629 4.69062494071458 0.0 27.953056378530267 3.297347793549134 -4.993295308494413 -10.311066721062897 -17.042873858613 -7.62253723276039 -10.42478490378652 6.010665687465339 
-4.179267634607081 -5.566272550506419 0.0 13.714148524562653 33.764511239056034 29.092987462774936 17.028264643909523 -6.514564657445578 -15.346954945581913 4.507989441203185 3.2595219525146146 
3.3829375455847597 3.7194913628730735 0.0 -14.085703416925853 12.742830078187495 28.477762775075153 31.568872936954794 26.61491970959878 17.42730037831918 25.0244398338527 13.851619528972453 
-0.9141251062633781 -0.755198893180167 0.0 -5.811507462234348 -26.18138555617501 -17.45896286566226 -2.2165476950312106 19.330345394170696 36.85970908077239 26.280251279936543 10.842226918663616 
