-515.8559862485149 -328.95782759694646 -234.1921212309509 -244.4751000616519 -344.6673668834443 -470.1376579652374 -580.3650436523837 -689.1172485559355 -737.9372086518129 -744.0864142572678 -748.6116655742048 
95.13496390038264 45.11991332472101 -18.223361380363404 -31.96904955899484 6.150893269296661 65.37720621237506 42.904900007273966 33.77787159269423 10.274100832928418 4.162010498399999 0.0 
-125.9274181826595 -196.20748155474382 -173.29277939758805 -149.28508060322713 -107.23759841393104 -103.58639816650441 -77.84242031074645 -28.593222349878754 -0.5230007133540058 -0.6635164342436234 0.0 
-53.21986642194871 -7.476732686377646 -16.260120335341483 -16.02611358957974 -39.04997588959623 -43.623688155486235 -24.31314957217402 -30.889202277104207 -9.697809836920944 -4.360443072368405 0.0 
-45.330603923540565 -74.52588462676543 -67.0926497442698 -55.28585110698157 -54.38157353655763 -34.783897068932106 -24.846452029904 -21.59108087085027 -11.999216807410548 -4.762715448500579 0.0 
-65.67933900307105 -53.364716515867954 -51.431272714086376 -44.508657682294356 -46.53985826193444 -73.57626840519907 -46.63471836209881 -17.99605625947965 -7.413300003990447 -2.377756260897325 0.0 
-5.495150522223353 -30.314118175468657 -45.67407101185357 -50.12100735805857 -48.664009860287344 -26.718502100634716 -16.99043637316959 -5.9875001036939235 0.2518860703643484 0.822036406262902 0.0 
15.469999331728552 -10.077330248587407 -18.72088112135782 -24.903485522473332 -19.713566475132215 -30.788802215841237 -8.308757160271309 8.50486354417853 6.1608771963332005 2.8159128724944913 0.0 
32.04691567450067 42.75447271451874 36.56590122953118 20.526036044146437 5.075115152665005 5.632432546085381 7.706220865255849 16.836246560970192 7.114006753124431 2.5222949689493905 0.0 
36.696778110769344 45.916055331004145 54.29998237203503 45.78577696833818 36.378387408262924 44.93325363558557 28.091365430186663 11.638063125550214 3.5538824396073356 0.566698849122612 0.0 
-22.465447535202415 16.00914176725122 29.44246951706741 30.558806162790113 28.022870140050557 24.809948250193997 4.068488969239911 -3.4274923304600087 -0.9174053500761904 -1.1124637637400387 0.0 
-52.10953744659382 -31.45548646648939 -12.35449782242603 2.7676309092079943 13.845314408104727 7.107628467962112 -2.526252503937308 -5.74625523089101 -2.9219325112803824 -1.1614871252614374 0.0 
-14.12453028807746 -44.59723900135704 -42.411387653885626 -34.84741954033581 -21.17677654797901 -9.293912787550672 7.186613863390598 3.307809460152959 -2.1037296842026363 -0.10292924201298546 0.0 
18.38574906360001 -5.649705242493573 -13.872555147196554 -21.856774168801323 -25.579195618732143 -17.600604354667347 -2.822311513889506 -1.268189370105388 -0.31709657674813163 0.6834288446962464 0.0 
4.918623173307324 14.337087805770716 7.884401813624706 -5.673746540469873 -17.20536985693433 -6.969658026017783 -4.47199490722608 -2.2181223521079376 0.8698451042965858 0.6461211127669004 0.0 
-10.370803194517055 6.552647144705782 8.424171805092103 6.782847196325687 12.962238439135561 2.7257004187725027 4.87745192567065 9.733557523646727 0.9765671222359382 0.10214536639173327 0.0 
14.49866952057989 -12.244753491765787 -9.664932545351217 -8.026970232095284 1.0054461132486103 -1.7305178149272002 -1.482240192662497 2.186201336149919 0.07117473217655818 -0.6469215842298448 0.0 
29.639302199522202 8.169275007874573 -3.115208112556025 -12.408053633225986 -21.368301426929246 -13.354656757165671 -13.130025949861505 -11.26408368912007 -1.1395050908438247 -1.2681918897570061 0.0 
-4.3006230212050625 15.395668371885272 23.648423291156895 17.726485910582248 -2.964985238564702 3.521128544094581 -0.28837049779711105 -4.773468424081482 -1.3277244772156644 -1.0362461858056768 0.0 
-23.998561013830923 19.527524069642418 26.49202123841662 32.10296993381732 34.50194478015315 26.62338628750379 5.646027383215221 4.404687179566394 0.007397202631834188 0.3462091308948986 0.0 
