-504.92191756270057 -504.5927169682809 -417.6343120637987 -223.90479974418665 -90.07084925819885 -51.47057362691831 -112.82679413561765 -275.34885771816323 -376.62078768379536 -464.2182809549756 -461.3267512167873 
58.87259222743192 57.9523046338583 111.57489654053317 104.12208071092917 55.22192978133846 55.478588549295964 73.30336186741073 119.90820259372316 112.33284844681468 64.01336146467094 68.45273692773243 
8.910810246207452 8.197891567266087 -45.313802856953714 -69.37288307693044 -66.17839083548994 -60.290965023771975 -49.73218810340289 -14.276938565555273 6.838317939761876 0.003107194016848891 0.12046401746048263 
37.20457563287971 29.949792172536323 -27.09009916110214 -54.05569869338147 -23.127211128366895 -18.449208053307416 -22.12218603339617 -25.689969199885226 -7.362956823540186 34.89308161261356 35.77993290099194 
-3.2176198171980386 -14.123853712985444 -22.509676149940432 35.542844973529846 23.498484804420656 10.081055655486622 -4.376377160933503 -12.026708683609012 -28.706886703078546 -7.947646834657432 -8.66157598571513 
-9.284663179415238 -14.903152721380415 -12.67292843811764 -53.42519244935589 -36.94249675787492 -30.01033792778762 -23.72993376887667 -11.639115095205433 -4.714771673918936 -4.104128539425742 -11.933303224614203 
-21.32573228452918 -19.799887838973483 -34.55559956847172 -16.558826776724125 -17.85304954705872 -26.515436601197706 -33.77508599403366 -34.19456261481501 -21.49095641761569 -17.060376633377906 -17.55876687660613 
-8.196770993210357 -5.5793327676876565 -21.26660158481554 -24.618498410729618 -27.99909931501645 -23.672360403280948 -16.07773642353184 2.400887741504801 2.1002446544166276 -6.5090536482051995 -2.2785862336662577 
0.9271076754873615 -4.671430328249082 -4.1220949129247435 0.44311132183989627 10.785676157191316 12.061894979445134 14.8463959847336 7.7020776328419 -1.131142622241643 -4.763247827587627 -8.557983630894737 
-8.879501719648298 -8.833637029967337 -3.845978402238484 -6.75524872814788 -9.198032998045203 -17.207060475888724 -23.75599988200156 -22.834439313539065 -11.238246010453675 -11.689243704489146 -20.968974259254928 
-5.269426581044563 -5.85900584367025 -0.5843214209095895 -10.747035369112757 -19.11931543573749 -19.85968492619284 -14.70801097627277 -1.5746560065533204 -9.65385910795517 -8.086241406857132 -12.846232554910756 
-4.208647489682739 -6.273232503809595 5.598899515224024 9.530758736264252 13.922393674335249 10.923389958387176 6.67801102023407 -3.1105462679283535 -11.383453153491004 -9.930760368016458 -13.734823635798463 
-15.342239610479353 -12.583194074643927 -7.881482649571795 -9.812172445386253 -12.435598489286372 -12.521324307998118 -15.309887994942255 -7.525478982783071 -4.771362455793726 -14.274349191609831 -18.21114241948838 
-16.032923792986026 -11.361400324093857 -21.100239827750208 -8.91108517611134 -3.985357785567932 -4.046158147291899 -9.727901508048687 -15.306176523787967 -13.505126567219659 -15.5952706156674 -14.743920512809002 
-7.066380663285429 -3.8471012178581683 -10.357109561447828 -21.632705779994552 -21.834876142738786 -21.619135976838237 -21.14177864268647 -18.9292987825153 -13.550730492043874 -5.386361017571669 1.5244567247355567 
-0.2681408369296201 2.8385326204796875 5.638569497351634 5.663869292540795 -2.0729330141596587 -3.4721917700408764 -3.7854800240654063 1.0400751122923417 -9.36730211581732 -5.223838958597939 -0.4085766722977121 
-4.724168529751731 -7.590454860333022 -10.156586033522753 -16.469432089591677 -18.31095153701068 -16.539535640832526 -12.541502499512912 -7.440217572302085 -12.28440245311983 -13.177839701847036 -13.83530836006578 
-3.201777679692518 -4.037905042390033 -4.403674549228454 3.45337234830402 0.7444011397868093 -0.9595179780225431 -2.170313785740793 4.799257494412749 8.083106863003803 -4.059713318359167 -2.4431565647693017 
3.4174104239349887 2.470276388843752 8.464337367749772 13.840925339151507 18.373167786305924 12.39491245755919 6.311569177646204 3.094259202745085 1.8252215641141334 -2.6428439263453907 -3.551352446304397 
-11.851647870218255 -5.36291335897122 16.88220195556771 33.37848769695583 31.32611864037296 14.699479465427572 -0.9667240613476068 -8.547141368476868 -5.064357169555977 -7.798995314372505 -2.5244360658255802 
