-721.04386939474 -718.6028329870868 -725.4827152719254 -716.6775052099591 -347.797346539921 -155.2612603686001 -91.40061969795602 -120.12640569575193 -248.3077956158202 -429.40914638177674 -556.9257147381502 
18.49962587285875 14.996338892573101 10.889497966443896 24.130293336972006 97.3982794212599 48.96475672112835 28.5927328177658 34.19319166000217 78.14939398141337 130.48879296968488 101.89274805415965 
10.880308313830893 2.5440755348491666 2.997562746010381 12.552879694288222 -69.37663131525315 -81.09641360379054 -78.80317129746422 -60.7890918063596 -20.89304952862287 26.164508733635124 35.38797505278241 
8.86606576282461 8.420042267148842 4.777291994830625 -1.012409004208266 -20.058090520245806 -4.460440500946242 6.147131088243217 12.258506848205094 -4.405846078699802 -39.461348308904036 -29.927193733736125 
7.342090539148207 11.51944818161434 6.331416774137841 -10.57010915166529 -5.695606277376297 -5.615077131337522 -10.767247379550472 -15.67399625285218 -20.091558244385595 -10.855126991009433 -16.52868958794965 
4.146564920795965 2.933270897192231 0.18210131487505832 -13.9559971934301 -40.85971830470567 -43.86300666057754 -32.26777537023817 -23.36140752384187 -14.463627286237944 -9.19160365161235 -20.310557930434058 
3.1869116207946564 -4.478028197739869 -6.317867242593888 -11.828788755761149 -2.481746156850205 -3.078288646163203 -9.163904239182198 -13.970814745860633 -13.688492392248126 -8.197647087778414 -1.5112382186841926 
3.7310453905921515 -3.0767104343885103 -5.379986584584717 -7.1735645601993046 -20.380971477406266 -19.634732327068715 -14.978109347447626 -11.630014995630551 -7.9267074190121765 -15.387328729299023 -2.012196703599246 
3.52648552995832 3.167027199248456 -1.5094949675303906 -3.982783485610807 -21.007566400815932 -11.749760779685886 -4.5524301065260495 -1.7530807111663713 3.225278647275623 -2.4211729179457513 -26.52008410141412 
2.317847314618146 1.6691553003543933 -3.9474419046944513 -0.3414811635165722 -9.17710530298329 -6.316935228355015 -10.304650215817082 -15.855898070103542 -25.188919979329903 -21.634491002618624 -19.503938359853358 
-0.6284572697934363 -6.081326169235059 -8.027303673776384 -0.1501168146853641 -15.123520037011666 -30.832119168717423 -25.043490752676334 -17.277863542644912 -3.379298911733481 -8.60540852810961 -6.980877580405119 
-3.0122520072884402 -3.5471844513094766 -4.0014148413930535 -0.5167751517533086 -12.674916743764928 2.236313438072015 4.728116900576367 5.7874297191973625 -1.0255303770147148 -12.763515857606578 -20.09465470378815 
-1.9156436617282742 4.060593762444386 1.3753920539560474 -1.9311808398008812 -0.5279100923656563 -5.425930236181046 -8.125715807232254 -8.23442377176707 -4.915783580838796 2.71173306886317 2.894362274115797 
-0.31421829362716025 2.035274465251831 -0.4039440088497543 -2.5287733450822287 10.164301070400782 -2.036264998756203 -3.464995165809821 -4.604188487982823 -6.7196481193758135 -19.15628606691788 -13.69991967603254 
-0.0837491035057909 -1.2835438637508725 -2.742212199451285 -2.4828685520270315 -15.82744850168536 -11.49188035096119 -8.657071080539453 -1.720980331685198 2.528784009252254 6.5591998011095125 -2.3829172520030304 
1.232511995409741 1.7737421842664451 -0.28148708121663313 -0.9625206586872859 7.712203877186635 2.530613710624365 -0.4727819743851859 3.772525632358949 3.1638647381186136 -5.069803455874883 -2.3607866630126257 
1.8335253056238106 3.0725394383102795 2.5885613207912748 1.9378604664751355 -1.5256898398412244 -13.238748097150626 -18.146415810315588 -12.372656015618412 -3.241736043386349 5.433274556907963 3.043819587341149 
-0.5353266312679177 -0.024069828402638452 2.2607705897947223 2.42079861985555 13.385591436196691 4.6465142010063545 -6.043330051139645 -7.645853020039018 -5.145501995591288 -1.2314707490170553 -9.60203842082322 
-1.934801522626675 -2.5384216697085016 0.4795588951027427 2.981902539970335 9.974125919881825 4.236291195632333 -6.962261961185058 -13.211914076943422 -3.753119386536732 -4.225695846832692 -2.3186055585455585 
-1.275825905886135 -2.3305053683098045 1.1578528738469367 1.2818736444764536 22.575785362833344 22.361365320428806 15.08295972262328 1.1192479722572135 1.2553000686510878 14.09873257955165 8.891805723627307 
