-466.1615311766307 -468.84963995728924 -384.22613867985746 -115.68681220965077 -15.41779763093044 -2.8920467174330997 -86.39913779927406 -254.10201929468974 -400.22278360518703 -477.342610805683 -505.02548153069216 
105.88616751173677 103.10346202765759 171.1031615573688 80.09072294142075 28.310288696846214 24.24100054167652 44.082742559679716 87.80662986490829 87.36279849645763 83.16986378111429 60.013645709919984 
-24.889463589638744 -24.7488769698787 -37.34136188991073 -48.58539839058349 -49.809907997769784 -44.16509398921767 -27.46390162141835 0.7826522724154823 -0.1494002406408474 -23.021140859071423 -37.87518920655906 
-36.46749752084839 -35.549769332180034 -71.02638416499988 -55.004204264411214 -37.8324886621359 -35.99748455555745 -36.25580502468714 -35.63233652816002 -13.20873505256699 9.737037692629752 6.597214939314368 
2.00498721121736 1.1883892582495692 0.5414030390705808 2.038851873545555 6.20769827223015 -2.9938460163360494 -14.456336965540068 -23.35189208535585 -21.381140954413453 -44.25136778941611 -47.40570772511056 
15.787690696485665 15.245859377654904 -14.8813415914222 -23.881074357914496 -16.928622250584922 -21.509404230062216 -21.01196404888838 -5.093041415914561 -7.938865399460261 -16.831105399400357 -25.913476743858457 
-21.70024777666047 -20.414494596603667 -12.975976940421686 15.496215232600846 5.9195115542443615 -11.333033001899146 -25.224423797831804 -19.76504222607421 -17.81194190271531 -9.083212570207346 -4.737583696119086 
6.3895500282766555 5.331837832063732 -6.2198356464007 -25.954782476303237 -25.55654372774822 -25.207621514701188 -21.227910209235688 -29.321752661641 -28.415075011994723 -13.202746658413151 1.3416394118903185 
6.002093717857695 6.7369918166029255 -18.12180261028883 -24.708084936898466 -11.778489164625043 -10.340161778323965 -13.35996537962534 -4.920070194340531 2.1005608594481404 -1.1839062920706716 -2.9815192783989515 
0.9130239689962933 0.8230739371699594 -10.162569180761622 9.885026102106334 9.493023024125751 0.3868511482766001 -12.842495540506203 -20.47419206730551 -13.1556044455951 -10.499228139419026 -11.603199408679952 
-4.453037452931561 -4.510396790422699 -9.077364574862901 -19.97873206053233 -23.97076314146387 -24.68022702860422 -21.241678025533005 -21.96361345267521 -25.474013486849763 -4.2840598298953 0.3428607245745023 
-0.1380899436060151 0.027055246070468747 -11.439386948649563 -10.304409712301059 -6.076096014390636 -6.6479100935768844 -7.9557258209021455 -8.105242184445634 -7.830455871524638 -28.39960521807054 -29.636432047410814 
9.691447321927713 9.71507321047143 7.312877050100282 0.8049717118241431 -3.0425841629488275 -1.5085629849930218 -1.6643139024308127 -0.9279970142849021 4.644240119298601 -2.858392988366999 -2.3446869423350947 
-7.893224694493429 -7.860469924520958 -17.452662649427467 -15.724301427607251 -7.678029230782441 -3.672183173192953 -1.7942159734781349 -0.8159798042843251 3.3582130990446117 13.937266586028965 17.89664808379529 
1.372507708911698 1.6377351538139266 7.7961188299464546 11.018378106366452 2.8311454695803255 1.271410992335292 2.2212909034223296 -1.2032921680962645 -1.9282525734062612 1.279359601424129 -1.6593789960839151 
3.7677933088896602 3.179240058357247 12.647037119341897 -5.077527431508662 -17.51589040913288 -13.664734369931669 -3.698546227465682 2.555487231307594 5.470456747715287 16.30727932229187 17.202209794853886 
-3.9426000728774238 -3.486615036017028 14.590613653003512 -1.4191516236502495 -4.011321423928168 -1.291362548880282 8.235448222504582 4.7760279243917605 3.3328570803674626 6.271546339636187 5.574979072190681 
-0.497994429005412 -0.637286409019475 -6.821285694988469 -6.494616962268173 -9.368079910440002 -12.26467018042711 -6.546547902428891 -5.613284212775545 -8.34550574711001 -8.36288172890564 -8.268886155913 
2.81280211709685 2.1579244502187427 -3.1754292376861235 8.874081295998746 19.135413226413043 11.928677773241692 9.851382062076997 7.70415022952022 11.045421803114142 -0.5996000376243624 -4.996810426929974 
-3.183434789639077 -2.9172581822859946 16.950946510797976 33.038092369957134 31.119844853159066 15.46958589862517 3.3392829458177458 7.635470064138115 11.995060880180429 5.128064890596414 -3.42382538548468 
