-659.024861030663 -641.1594362624337 -616.4821121591817 -330.8337222523145 -183.06854144482088 -153.5142671984559 -212.0545748346748 -328.69191554425555 -420.79818909960983 0.0 0.0 
31.64318246318807 21.912641028689546 35.77881217064595 88.18490418908902 42.0946358083295 19.13700613655967 24.378873464963874 59.2667655546811 69.86593111165554 0.0 0.0 
3.1706543683246178 -2.319849533262323 -10.490387300595474 -101.87237414679522 -116.12342409493894 -103.5821863037749 -60.48266252375259 8.432543895788228 44.09236252361654 0.0 0.0 
4.995321363722395 10.399647659504325 -7.938569739043292 -92.91717038738801 -55.39264009185678 -26.332100223861822 0.8651775679702658 -12.137142789316371 -7.58479025130642 0.0 0.0 
-5.680325780805894 -12.208742455538655 -29.21448270560004 25.915231257226342 -3.833620023092726 -16.132841059275307 -18.937689109137885 -16.559452825930435 -10.9784489956411 0.0 0.0 
0.9599696858675686 0.4547599692936231 -8.55618274550565 -65.27731578967114 -60.05190086913316 -38.26438401333319 -20.416223898846148 -17.229406247906226 -29.163036211819342 0.0 0.0 
-4.899177835080286 -9.20079632031464 -11.128284964911602 -22.715971275597525 -16.561731554771974 -19.321041400795274 -23.87295910172043 -24.04226396057853 -17.55953671008517 0.0 0.0 
-8.59560306136132 -7.790605761282867 -12.551979947856655 -22.389589183811964 -39.72364662814323 -38.50259568349921 -34.59678342837347 -22.24395240436886 -13.543212127675984 0.0 0.0 
-7.072240135018681 2.1968732382608493 -2.519601499203622 -27.58191459748555 -24.930250501550617 -14.739852312336245 -8.562235142836087 -16.947526111588513 -19.16222233800028 0.0 0.0 
-10.369102020477754 -5.294408759788804 -6.6077686039241215 -13.683945171807759 -18.033899855301414 -21.795884478500923 -21.156129127496587 -20.138131281891503 -12.615212407662952 0.0 0.0 
-5.391173533540203 -4.032332979044476 -0.1499104511411053 -27.262613305740402 -28.392394353882107 -18.64807288293791 -18.98213731245982 -14.21683593291489 -23.845238246998107 0.0 0.0 
-0.09292542622624517 -11.211827760931726 -2.670055882854032 5.654341726100761 -1.5116579856023933 -5.079228066390998 -7.679017146317028 -8.187523605462863 0.7380087499212635 0.0 0.0 
0.11899465465995183 -10.858437339148267 -6.608778820544574 -27.91978533477706 -30.000236560348654 -26.008751908870543 -19.970282912004116 -22.23713779380251 -16.741786777407945 0.0 0.0 
1.8240404464584534 1.823892786228584 1.881912141361659 0.5090830511065895 -6.764977523341033 -15.542078761136963 -19.444340564131544 -15.71891706606452 -15.856392455566288 0.0 0.0 
0.38017102811255266 -2.9898360497736496 -3.997067771272671 -5.528671127197651 -11.296491202961152 -19.921297382155622 -29.03364983360774 -30.054717851985345 -22.380178582554592 0.0 0.0 
-7.170424671978065 -9.008521206053231 -5.9566691459276715 11.254694842835367 11.914875269801461 4.2023042301545726 -11.471504498693374 -12.4739960943286 -10.34318883764399 0.0 0.0 
-0.8287227604213248 -0.8958183489488895 2.8294356984697187 2.9937703906840865 6.698226779046157 9.976051644312264 1.1475580421012799 -8.043813296192086 -4.559701007216665 0.0 0.0 
2.3490425784088003 2.41243455007415 -0.8777983786722678 3.0633449050106893 13.763226216473122 20.236075699045934 15.379191286735953 3.830649390264628 -1.3938850235452085 0.0 0.0 
0.11421947790690481 0.09033321962839486 -6.716281085713837 -2.912906742482237 7.045757922163325 15.405460436679018 20.291336418618023 8.800899193177157 -3.375007292522269 0.0 0.0 
2.5962068570928682 0.6817625388607391 -3.614705700106337 -9.134006337486941 -4.760570490200353 -1.3041600646377485 2.40827933425878 -2.3610183844724406 -13.947464196715597 0.0 0.0 
