-332.5317558469815 -133.5697575802911 -64.70022710194787 -99.53920040167026 -219.963720566845 -344.7324588803806 -466.33272386685417 -564.7800863331447 -621.9111500900574 -659.0026110740251 -687.9515509646137 
100.37366146920093 44.71123661811801 27.74932841187559 29.427234248858134 48.98876563005612 48.33710092242296 48.494486027671186 58.9093391059755 84.50166957120382 85.81473362733237 69.62070951062927 
-113.5456927928283 -102.0658896298429 -89.22810501820001 -69.76491911725964 -46.43363218724329 -39.7882894990518 -33.83225053819582 -35.73255793854743 -21.726851652424358 -4.1670442627554865 -2.290490263527154 
-16.799632119516513 14.042432544591748 12.776717013176999 5.1630337774872785 -6.181669703365468 16.009204593363584 11.80596508471028 -14.095422013453682 -21.87662420517779 -27.545212556983568 -28.580048312633032 
5.50519706926727 -15.575715987889266 -28.133976203616797 -39.75482970719288 -42.26896977790872 -41.56404491080706 -29.797795131712675 -23.48718369514772 -28.297759663668582 -30.443650500386187 -29.04579603526951 
-43.80739519548588 -32.351263542066434 -26.92517651589634 -27.11968279530849 -29.64665190934651 -41.126811322894795 -49.3642263425741 -35.06995145623868 -31.42195824342592 -33.617449163588844 -30.529997364756554 
-22.06678267680737 -18.440415032906852 -23.975654408002374 -28.224363313387293 -24.885468480561805 -31.04050998046088 -31.51401825601471 -19.215257342269922 -16.58972183448352 -19.646207642648285 -20.6201992092193 
5.287489286128817 4.190906176176881 7.512636486368153 10.540707263882105 4.026219242629496 -4.986562761094753 -19.794484759092494 -12.344362735336762 -9.294374403001658 -10.247174565526084 -6.58756853358096 
-4.250828312110079 7.985910040235829 11.664208674311965 12.595427926859532 -1.2109301908785293 -8.983526906659591 -0.12007526751631203 -5.625008554170591 -8.108396194309556 -6.1468142334497795 -4.682517918497058 
23.56770454971506 11.27348763109648 1.8587500857708066 -4.413915806747242 -3.9541076441623915 -16.402542193170113 -21.890543280605346 -6.725663274278938 -6.68381187604253 -3.2562465452010345 -1.6602019943715236 
-15.66272160949489 -20.430734313387877 -18.713118325906144 -16.046514523704648 -15.173033158922328 -14.135006605466398 -3.1315349590366495 1.934805671519281 5.463692978262129 8.529815117788102 9.07452580159745 
15.25437043129482 19.66679804907293 19.86903912683472 23.353147022238325 22.917353924322782 27.60559115252852 18.322353188488968 9.478721990166031 12.261779834165477 13.086244277194417 12.800169858631978 
-20.61480229497364 -11.282870906514878 -7.155928905514563 -6.244792701156523 -5.783841928782339 -6.499265327052195 -3.606197208612293 -2.9833751455768796 4.478872855038434 7.079400314283016 9.04016835490767 
7.516589773387856 8.573367401525426 6.3649176291507885 0.9569572364024529 2.38111119765545 0.08857627556524056 2.4662038299806004 -2.702827713054629 -0.09547466472910421 1.3351905899555776 5.82629392328054 
-9.59486717133263 -2.6749486433514886 -0.18852146872511985 -1.2499673222248906 -6.785095659156788 -8.01085456403575 4.283066436893398 0.8214437063150667 -4.749449582852277 -2.460434705510639 -0.9938951055263552 
4.138835352316772 10.051608805735878 6.990055154026768 7.123800759158378 10.640360645359914 0.9767760280349933 1.2038868533042582 6.297149658189379 -1.8094887541406885 -6.948074447958216 -9.979049591947007 
-9.37530802445204 -6.238574428969154 -3.343507257799722 1.0993223539979977 1.0032897566965429 0.7990570368006474 -0.49651504985648093 3.796800148678832 -1.841385784864492 -2.7901785552912726 -9.16894530225579 
7.769227823362523 0.7183192733089276 -2.9756363127379477 -3.119153470660053 -1.629404112517667 -6.882441710421412 -12.650529817516059 -1.6897738234161828 5.687773317871731 5.239218751602845 1.141125227386413 
-23.339601355999207 -19.69479469376201 -14.814691323204688 -8.32990442514785 -1.4172240876872093 0.7979224680306194 2.809825479961268 7.0636589468588316 8.163340693135591 8.129706947637967 8.119728911226993 
4.643063247943851 -7.760134673060578 -16.059708168588486 -12.706832817845008 -5.143777869975166 -0.5391923994208441 -0.06719475092262717 -2.1181324455123645 1.1171275992624672 3.4616913545927037 6.725565296882079 
