-484.39308412266706 -490.649063070455 -490.6441976031096 -480.08645859462575 -478.22003647532364 -395.8224139841095 -273.55038199976434 -226.6196144720943 -231.40765366876852 -306.23915694869027 -451.04255677104976 
58.57771214123041 57.91179019940556 63.49743464443475 67.54925646554815 67.89501034488447 40.33181012182406 -26.189116950108083 -78.64017731458082 -73.00671966643276 -22.559294987601486 43.17373657380482 
17.536580137998953 18.591304755472386 18.839586110804078 15.631768501829216 11.250745918089168 -33.53370208580235 -53.89398863053598 -63.00629537703996 -39.93630967469789 -3.331627884707539 16.118101477781874 
15.295646027074895 12.1633385018101 3.5751899844377926 4.689310172935867 4.091330984400902 15.480751572626783 29.69609986161936 34.26484496844802 37.01576005442331 19.165674250320123 7.059554509480218 
-3.6547383852737356 -0.12346277493146474 -4.574649094543208 -4.271962387430486 -3.1758171262677655 13.630242136103522 11.272231332884637 7.587845421866714 11.928429908570848 5.022001381274433 -7.592900795598268 
-13.051481394104528 -11.14710588118854 -5.674063296546764 0.3384353333911955 -0.13646218837270585 -15.251341758502214 -26.27116160236976 -17.706371649054066 -6.533015312959369 -3.03148534250439 -8.888301154990284 
-10.605400458705098 -12.966421278672666 -10.485466799349634 -7.689923924444532 -8.99092201338588 -3.48406137910281 -7.379443588032626 -23.216029509959803 -27.65112792281679 -29.615024141172903 -12.929179321799978 
-8.245195308579712 -7.980062084315353 -7.981874187827661 -7.844701271029701 -14.357000833862225 -17.971570142080665 -22.46818156837879 -19.136422430941202 -12.106139936049322 -6.920647910129692 -12.443905517618134 
-7.051411489350629 -5.394465787352569 -5.305050590671518 -2.057966725575856 -3.146485492994172 -10.759289257731016 -5.785505534098128 0.9795831650449943 5.757870436629126 -0.4631131562914709 -17.667320296327738 
1.13801011739374 3.3958185785968356 -0.11592745689379358 -5.200435476559998 -3.209927092347987 12.700537255059402 11.981924391611093 5.926380055604599 5.786758106721129 1.6830602920160034 2.346745712358968 
-9.298694301088517 -7.560114269762597 -1.669364499656781 -6.170016722425698 -6.596942070306679 -10.321677734838769 -21.730590844525537 -17.017222749478975 -9.715931227643324 -2.8947429349832765 -3.8046687918454998 
-12.123677617656385 -9.611506885295828 -5.170951280816814 -4.488618700038575 -4.299399280123988 -5.431765912466488 -3.858125029864677 -8.213369054511745 -11.762025314154055 -15.796115926189492 -12.783618116955296 
-2.017117620551424 -0.8930594815793668 -0.5526427113335345 2.1758026122177005 3.166707913773581 -5.063409260064601 0.04577316396075813 6.1440901278781315 4.109413951513957 3.0197211945979485 3.6042962275839403 
-6.284943617504823 -4.068297321582586 -5.359009472342503 -1.9747140865645259 -3.2624354594469005 -3.1295182333991898 -5.77294393121325 -6.383970259612937 -11.684699131848568 -10.974066308916932 -5.218997738085815 
-0.6163155863815273 -1.1907025989176179 -2.522062530382755 -0.6633367755338732 -3.170843090458412 -12.156188970731522 -1.443018042179278 3.932454125520715 1.1743350266789592 2.3074113827304714 0.35847297821547564 
-6.772171606375591 -3.9725192772720668 -5.636663420637135 -7.338866513604364 -3.4097616266000568 0.9589825210577394 4.736351401078834 7.903141679209675 -1.4230817368346655 -2.8147254132230533 -0.8133177794738418 
-7.802452935506797 -8.75827764836457 -3.476699631805147 2.2166911323652094 -0.1682155369561619 3.6472857872097855 2.9087646487036394 5.519948641386918 -4.097992230586245 -5.3364661808747025 -6.445845066738815 
-3.454174536983848 -3.6613665066787267 -1.4554326870471581 2.74152869948796 1.1817226758908486 5.484507452155064 8.739840564977275 15.386690679503399 11.065882513966569 4.3841429204642886 -7.514015450758919 
-1.370158005118846 -0.17680007681819143 1.6882016706214467 2.8971767763398097 -1.8309829451944408 -8.82455636817662 -13.109358499884925 -7.179484466052429 -2.8113116616649134 -6.1345534196036295 4.456906547872205 
-1.7983339754178558 1.7293678516819346 4.456168543267943 -2.106464519935918 -3.4545459599156563 -16.999641454789426 -22.770862214062795 -17.621444410110744 -9.15151620150488 -3.982812884908564 0.5872689578623274 
