-684.1684673046051 -684.3770791654089 -683.0081733470938 -531.9519406669198 -345.61356736412836 -198.57137967718208 -143.78705049640095 -150.25935311856784 -238.7901562474758 -364.5595068200223 -498.3223861446888 
0.20029722003845413 0.2593919049250082 1.2811115651163372 97.21534666022517 113.76112067127013 6.25856166510301 -26.03424263238817 -6.969784095847043 39.50207716514048 79.53772975978492 72.71423854208712 
-0.4459840753585145 0.1798040336976765 -0.3144823925367417 -55.332371811302075 -115.13361045251187 -84.38566458339797 -68.11444687021495 -56.64537756403817 -42.79578164637462 -27.83617294683811 -14.403174436334414 
-0.5056090830320992 0.07340087906339193 -0.6745918110775969 -57.11549487369979 -13.324509624102221 6.913273064375355 15.993828113976953 2.461726405500232 -27.63138050035327 -62.75951183228966 -77.65551259671952 
0.09839431458676781 -0.030206374213899767 0.04246111830185696 -25.12587766089935 -23.839622970622617 -38.87183103224826 -39.38482497229444 -43.75183852222138 -35.64390410354242 -33.337125541023454 -31.807287199260067 
0.5711119387926518 -0.10532606980996158 0.11400152675993491 -30.48757285629393 -26.31242962974322 -1.0947740577674367 -3.245896448761336 -4.327664779686082 -9.903292838568484 -15.975242271614476 -15.531740941846714 
0.29281261474065046 -0.13865680159831592 -0.9179554906190425 -28.925457421696763 -19.314596785242223 -24.392783949762652 -27.268091637816376 -30.54603218164833 -37.55891971173135 -49.762653179200555 -51.66286444289008 
-0.3677589170092167 -0.13291258721465454 -1.472867792608592 -13.2301941897048 -16.77961111122135 -8.776674676812426 2.434640125625797 1.3707903679866003 2.8994655456888503 3.1538992510611368 7.827642199357187 
-0.5422167667022821 -0.10436059149208876 -0.4105606971826396 3.9831056373184524 0.3689326720504307 -0.6220594439201668 -2.176532780196157 -8.613897693655574 -11.40822138711196 -9.794790205210312 4.149747304974765 
-0.005140764142274698 -0.07533867855474295 1.0732780508065907 17.167099571193102 12.687306693622379 2.7301035031792464 2.0684518971607537 1.3817940137239508 6.709555807231984 19.504907870394355 19.688884200566605 
0.5342631002457046 -0.06471216066559468 1.0969174278644482 29.435426368953415 24.319810620208024 30.039371894759405 28.362765926326386 22.795861472394556 5.027050415343691 -2.0507313701557313 -6.970930538216195 
0.3693052367377883 -0.0799878719018349 -0.18300833837513933 33.13115616989387 37.469757061905376 38.304642541299216 34.5370977220865 29.672430852778632 12.515871633685844 -4.068680236408948 -8.618571244687478 
-0.2773906888003014 -0.11414358796707304 -0.8940667155810655 11.817092021905133 32.145486121665456 38.48197394101014 35.223658209797904 41.05183880244803 42.71268774167491 35.509597057102184 8.745472602403327 
-0.554080091311773 -0.1484050502727472 -0.2862231606849636 -14.442251258488426 0.7849694224362702 5.857640342745812 7.695856536205582 22.528399394090687 32.766512547417854 27.920851150492012 20.30434172982979 
-0.10258947999967348 -0.1599071248333 0.25900518991468396 -22.063701880136097 -28.059221742197497 -26.74287993894272 -14.786930699044389 -2.997424312183213 15.216524917151329 18.756726027493933 9.855323119733793 
0.4774390305475992 -0.13128404784135433 -0.4602655769411791 -12.985328157646677 -28.093345301959236 -29.566322258516625 -23.068260342930444 -30.009091584662045 -23.782440179868797 2.5286196018214966 1.986183493028503 
0.4252195075664206 -0.05846709264499715 -1.4542797180663218 2.05604756050455 7.042399946485274 9.295217603224533 8.087131275326005 -4.371673067556667 -22.791495929707754 -20.808418236061804 -12.132017206443681 
-0.18237755473386988 0.04637975001545172 -0.9731136002501114 -0.6765734725351746 9.085870102939289 2.6529647723624192 3.968694625541956 10.484108700871417 9.366501374658828 -3.1564565535846416 -3.446416864882682 
-0.5423420026994427 0.15802906856935933 0.7826577823229128 -10.924071495889311 -23.2084358014081 -23.285673067573704 -22.3630568711502 -9.760370353288906 2.850962696217493 5.064357547018835 -5.391379623219532 
-0.1874067219304693 0.24639752505680607 1.824408896904906 2.2245848014540908 -8.11504833565926 -11.257792289325764 -22.648949804516 -29.151005139753934 -22.020054337998168 -2.849240539783787 -5.2298737886725375 
