-277.08659186608503 -279.5045327113625 -286.11293458194024 -279.7883777573087 -274.5143433716767 -284.7960201078598 -193.56114354413185 -109.07343343846769 -82.70858161856087 -92.88803949023257 0.0 
104.95253426510637 101.3024206676053 95.05218364717386 102.57696094165392 105.20125141138536 109.40532936130744 96.2508395422666 41.31137581210691 27.301274880177942 47.50876678328271 0.0 
17.362969015037663 13.714457234721664 10.02760205380898 7.866047205826157 4.581397623813348 3.686744043543297 -44.38634281363489 -48.72108531409821 -23.51466964352799 2.1739910162406897 0.0 
11.868274764643388 7.4548650047643035 9.263656206295336 11.45720762866226 11.923023900546099 8.357220819018853 24.828638252212734 24.416142089332666 25.953781098707708 24.562402742349818 0.0 
-0.01762919569615573 -4.219078680453455 -6.8744169832886435 -13.108402146622439 -15.61610153307636 -14.492690575104024 -14.468450948592771 -10.07082164706641 -2.7526072968246664 5.21720777009068 0.0 
-16.66414752276315 -10.677618597359277 -5.100790830398962 -3.631252466161672 -0.5156270053343844 -4.219552613927316 -21.472068393741388 -28.27420832658868 -32.2398726769764 -33.03041956283711 0.0 
-3.2653662134846373 0.5475552546839495 3.274668854362271 -0.7079076927787991 0.45435709721080725 2.161164891620867 1.1107484649849477 -7.131230305047401 -8.574846727584728 -3.674541164906487 0.0 
-1.171636689065714 -1.956331428149944 -4.779897480043527 -5.757956529060511 -0.7079891378750904 -1.2882696714704598 -15.395529561512319 -12.586976562971088 2.7624832182021892 15.068078330717796 0.0 
-6.8679864255951735 -5.696939994052181 -10.03189762655957 -7.070737187718029 -7.325623856207542 -15.829473776229094 -3.86300680998993 -0.03502167073547263 0.6480776409952087 -5.43671346322268 0.0 
-3.204839101508931 -8.463431994693696 -12.392411033374627 -8.88707488206234 -6.473046481413618 -10.697822126556177 -25.468457096743293 -31.492061544385393 -24.226633555055727 -17.806215691222697 0.0 
5.382560695672629 4.244974161048566 5.870555630407226 0.8913782143144316 -4.323378894040019 -1.9146239053485326 -11.388876906209603 -9.962552881930037 -11.793258024433424 -17.821760826895137 0.0 
-4.283243772002324 -2.127210209595105 -1.4743216739654834 -1.655450793191863 -1.9642948086165517 -3.184350041897554 -3.6788419867126123 -17.34969947975529 -20.371682946049035 -19.694193699916667 0.0 
-4.748536918227461 -2.8622558208587305 -3.610465587879885 -7.270021566648061 -7.942189583289489 -8.410682326936946 -16.020387143088108 -17.418725401761996 -14.596086091592845 -9.319844419230385 0.0 
-7.51387382125024 -3.1549874777988176 -1.8677791837279367 -8.93019257600568 -9.504578443626052 -6.960888107882859 -15.099853084961609 -12.046679570388266 -8.950507215874172 -7.602491139379865 0.0 
-4.649943033335742 -5.027513466345117 -7.290201194223529 -4.754403987969232 -3.7763278906249065 -4.668184806852021 18.62386988042654 23.98428717837183 23.322344793658328 19.589740075342085 0.0 
-0.23618420092227976 -2.4865771456579493 -3.005225376846667 -1.032143839513494 -3.4220738504503636 -2.152204412289475 25.879905071894814 36.507596096233236 33.272049681588264 26.754133594461955 0.0 
4.190799894806311 2.4577875503202637 0.47822659370226067 5.691165565596381 1.516697796945167 3.65891374295132 18.35302259040299 22.19808968056469 24.20923133344769 25.459071157438764 0.0 
0.3036805050085525 0.5013524402162118 2.8544381943239063 4.499948428018671 5.305754935199934 8.93653953969066 -6.516369635293595 -5.341977541137994 3.3085496762238638 17.08691369616251 0.0 
-7.6334612851043016 -10.965559657517685 -11.739326711857622 -8.422108835127716 -0.8058826609641878 0.7420450409634863 -10.30484314847941 -15.36724611627196 -12.610404799957331 -4.529765542463412 0.0 
-5.530578218098833 -5.808268897165693 -4.14843488044448 -1.2530232420990641 -0.07538650909520164 -4.990292596121156 -12.768208316464605 -12.978244954887293 -15.692722765050569 -25.396926755811016 0.0 
