-599.8842970946511 -404.9700542367837 -171.42576032166576 -49.774953645379036 -21.986311374823526 -80.69433010121173 -214.1118424201537 -320.7768605427588 -403.5475663140371 -440.60525339477715 -472.9945234458832 
9.042353772396433 126.78609687802495 55.16041930850068 -2.9841088621075955 -13.592747444373721 7.412461387322166 62.382005393052026 63.24010994339632 0.2826203573788738 -5.982842417586941 2.8615781213461853 
-12.579070421913933 -75.1583963334347 -75.42411508525413 -68.13456781147126 -57.708072206219015 -26.29073098882936 6.481494449613787 1.1385555516570642 -19.83147005073286 -19.763980879093687 -15.182050768448532 
-4.567923743642862 -40.470268463448804 -27.216258956189932 -12.259392145164501 -16.932032387995875 -24.752716883114417 -40.473470332208606 -21.717411719069293 -3.503272855406359 1.111709224381773 -0.03809232328545753 
-26.160484055074953 -16.66303130232424 0.7889557222557819 -16.619870023132144 -31.958069940189326 -50.16946999642258 -54.555621186599275 -50.88451086702885 -39.848389815963614 -31.149708355945535 -27.203147537817998 
-9.713630035815939 -19.177634991130546 -38.92717999328663 -28.57498799518885 -24.75329417521586 -19.163539878494852 -9.061988485191865 -17.14127553764039 -27.5697490064423 -28.431404859037762 -13.579523637528284 
-5.200113427549134 -15.314189705316846 -4.730485701836077 -13.02000540970108 -17.74851690132413 -17.99625432818887 -20.96200302180324 -20.098049779331866 -17.489961974114742 -14.6400736603199 -5.484243681994597 
6.091896274803647 -2.6419898574111933 1.96361927996933 -4.758111345447707 -5.267141717997061 -2.492999318166561 -13.568238404489223 -18.47146450052582 5.962532932696271 12.125287349884387 9.458136129464144 
13.93219751685134 -13.575263492473816 -26.96710640643937 -3.1652050979447095 8.351071580921664 17.914257914551445 16.11891583165126 1.478252872833264 0.5101618634098883 -1.0269821078409398 4.2082922299130265 
-3.1525738389568354 -16.217393258931743 11.306318702903065 -2.2357777854522847 -6.583196502731656 -14.655250908298765 -14.093158139896817 -0.036956679634734146 -3.591194329369172 -9.289392093912141 -10.578570794390531 
-3.835812661368947 -7.505290061908701 -23.28015497181323 -20.126378896206447 -15.02666700566394 -10.433234527238083 9.896407645810848 2.0039629839361854 -3.2502284119773366 0.7756822556035685 -0.4831116643529674 
1.7992263619728814 -22.854326874825915 -16.371800561626706 -13.766160535533672 -11.500726785028414 -6.564378781557615 -16.47139719261785 -3.285619311386128 -2.0784031112652928 8.669857374553747 12.52739087655896 
7.132541242564499 -6.714866617235663 3.9687637275822607 -10.195165440321937 -11.413048536586503 1.1636742412738172 4.9991149617566695 0.2911939823125046 -2.1853449181626576 -1.7636445904536466 0.6347260494268742 
-2.1808741033022683 18.18264632204108 13.300132155001112 14.096607561598656 4.062495970445058 -4.84960550734152 -13.900182915897712 -2.1887125758071995 -2.4937643518018753 -5.7103807241465265 -8.963593408754573 
-6.040029745782061 29.966909768634064 46.58833021425086 39.31248734037369 26.513028575569322 6.63665139289139 4.237091421233493 1.6262543583359887 5.616101519928251 2.2527656516486463 -7.282246036174139 
4.587452489853012 30.94886595429943 14.15656917810718 28.908942678118507 38.31301357821306 30.01868197006696 15.664104638306709 -0.6914268236404625 -4.74503104947186 -4.069868688818362 2.833684979627792 
0.7516011459521517 2.4125833769354195 8.299081095419975 16.5383974370722 29.33527452064076 29.16033973028265 21.30900273257295 19.84920694387572 3.893450639047449 0.8147076181882703 1.3194725050609983 
0.5787101336049971 -22.217657285173793 -27.744102939709702 -26.120651550909542 -6.619245386561799 13.885258605449081 23.805926911570154 23.846979298685874 11.233912676769734 8.190784089659516 4.097612111659178 
0.41888001984396306 -21.262483898548133 -10.57542413086667 -8.10150844841952 -3.8941167393134926 5.102998917908548 12.349509463070746 8.04980693972899 -0.5505871160740002 -4.500345788037059 -9.348506096033685 
0.6808527423646247 1.841068103203624 -3.340193351701646 -14.446785766747261 -22.276178537104986 -26.446447551217908 -17.666472964240192 -2.575101002537215 2.242649313282982 -2.047869262978468 -1.7267336125608288 
