-503.19510602802546 -503.2556065449933 -511.84926813584764 -520.5294691482529 -503.38372706119145 -320.9219912307396 -201.8883811144674 -156.1946843617321 -165.3489129775499 -231.26925890006254 -387.6836192605482 
65.66665122876884 67.66049718618399 63.08856030398852 57.4779881070362 57.863038862463114 10.003284294239855 -52.546300656593516 -85.54798596806772 -101.7989971360816 -84.02866223706641 -14.691346492523714 
11.74186634886418 19.923303131197862 21.4708217062509 16.10875943293263 -6.022635510756097 -82.84375733678043 -96.5668662789807 -102.42531695463566 -80.49606068475396 -40.621790484837746 5.845282224121286 
3.791402460761859 3.0815418677642623 1.3328955116768362 -0.30148140805684476 -1.890955199675166 14.807418978988812 32.51801810454077 47.38204746859218 49.75482322673887 34.17051143014076 14.452481645522415 
-9.292954729854824 -7.388435953873508 -6.555097874746433 -5.352822749941521 -1.72441201516392 -4.526026146785853 -10.43999428197872 -20.566111907716873 -28.420282238942903 -26.331398140759 -8.699502087687005 
-2.4884660683974946 -2.2520694038701565 -4.86435219187374 -8.866494341644938 -12.308357978412172 -16.684664782093215 -20.14821026470507 -9.913218042958128 -0.7073539187607557 13.087324326917313 14.523243379756515 
-2.0291865270208915 -2.8803916322271577 -6.144949756452826 -7.723084971531335 -5.1283672481501705 3.8595396211585573 4.007438529535885 -2.238105930646544 -13.756183843159514 -18.944768743053896 -19.047726104705276 
-12.11107181286101 -6.849842311998609 -3.888257419040326 -3.8163424413657707 -0.6399581204268393 -8.293506146703141 -18.480628621750277 -15.266122785847536 -5.126829928319861 -3.2474557335383345 2.4903401019529467 
-6.683492622764261 -7.394288739208783 -7.288923669714893 -7.345774599991687 -12.622966213628766 -16.544364523298285 -4.812024743109774 14.34765659012481 20.434542414683463 9.604854592467944 -4.365088124132208 
-1.4947489894429902 -3.273444399524202 -3.2731867443851987 -6.814195192288617 -11.287508602517935 0.18136199282481225 3.97705430118856 -0.019006049201399144 -4.088791949700612 -10.768052591999483 -9.492833869296483 
-2.9773531562042095 -2.7102790095223384 -3.774110463012015 -3.6129699071736865 -1.1851745056302372 -3.998221229976217 -16.957780397658137 -11.082913408667547 -8.162595067208507 -4.578984751091742 1.8971114447819621 
3.8211951231851558 4.528009705694192 -3.7790825725848087 -3.837243545947174 -0.9416215592093817 -6.714109294374051 0.6725067141955522 11.187444402144195 9.070248048964453 5.063528356012948 -3.541484726834698 
5.894465844443883 3.1859187940288187 -5.803791178040308 -6.93432759311392 -8.090652019752676 -6.582950689200265 -1.2481422671377018 3.6934457146518875 1.2479387308898526 -1.8682213693782352 1.1161935840153754 
-9.238727423044121 -6.1633156877811555 -5.130348180304799 -7.86379138405167 -6.4382064166096065 -15.107643246214232 -19.415727434462223 -12.769690905296784 -9.760676783574427 -7.40503497820993 -5.2940743363107785 
-1.443431771138266 -5.581957351097776 -2.433031515409337 -5.551616812516503 -7.544023113559282 -14.155748811940867 -13.462560560429015 -10.968618164805413 -3.296093051288004 -3.059776176174063 -2.466839990133134 
-9.295930228017493 -6.017530910462898 -2.108137871205665 -1.1291572881846956 -7.094616022299302 -0.40389235914863125 3.1268684682857906 -4.903109415781319 -5.848120499971001 -6.455189475169851 -1.8611160807701275 
-4.6642035115488945 -5.6093913078345 -7.488266262739696 0.10658705646208463 3.3086821566041875 9.095995223600973 7.776305662261171 -5.979147607282017 -19.795895049509454 -19.75883050122902 -10.945875196952619 
-4.89025073232179 -5.207357454211842 -6.144612453083805 -3.356304439368789 1.362435502511457 22.282517777759352 29.116393285503264 17.16960939973615 -3.6591803660411335 -8.57769346128641 1.782967858671482 
-0.21307872229459726 -5.832118200531031 -6.971561832765088 -6.768928363039226 -4.112457662602313 8.181613452977302 18.842423879500856 24.171879287040326 4.109632544029356 -12.987348201606311 -14.799782743940732 
2.1111250676730307 -3.2692129608914913 -6.3077752436469945 -2.8913953267971957 -7.268462305532912 -6.837877932547578 -0.39025612776886587 20.98249231665371 20.878856560025604 7.66438611931639 3.9780354762761836 
