-647.2345134545125 -615.6751310212233 -361.2176416787205 -146.43595112864006 -70.31876761073812 -41.28288932473354 -58.79668104182661 -110.16195234448962 -244.17939689600385 -414.4759131008997 -520.3653244514071 
1.7830022985886362 25.306076021057905 88.41238169236242 -18.10748049419765 -73.01692547746867 -80.83398111759186 -67.27580814079647 -20.794513035155237 41.1405775995958 85.01588463606217 60.17851768101771 
-3.6074781005437373 -16.399191019492186 -95.0604105617922 -77.79025456709886 -73.18002375698364 -62.98574906503019 -46.9642719324601 -25.3072075479856 -11.980881121009599 2.52206758440019 12.98351869543973 
1.3546829694147324 -28.321279035916145 -60.68710184301112 -37.563705150027246 -4.840516122381517 5.473355574952674 2.577481586439994 -18.145687659243 -38.93823926781117 -37.9172642941559 4.155505437251426 
0.32723403778595384 -10.997832807833444 13.021017290119772 -0.44605507340367284 -8.881981577887519 -22.188915200518128 -34.594067426328344 -44.27894664124882 -38.17292206179075 -37.00650617984173 -35.14679699461253 
0.36830157635017985 8.896802596595293 -40.85725157772695 -25.142918507701506 -18.261922626193662 -17.66452890015246 -21.729602094158615 -26.520636710939577 -21.382161906472227 -21.760223060762982 -22.800240549309972 
-4.308950885421706 15.27305318795958 19.24697522970643 4.690979372897755 0.39662873979897467 -4.439314328631161 -27.717613043550074 -38.42696829581183 -32.41076530616508 -42.89717292858699 -40.90597293250758 
0.4297010856996094 10.120555585172532 -24.401939256819027 -31.896907487617497 -27.360877764702856 -13.565246375356235 -11.966303218349463 -11.739425657456085 -18.62847866219723 -19.49075328881967 3.6535947779449702 
3.405221579823401 -6.583004821938669 -39.05662749839816 -30.288336028051614 -12.93422605561291 -2.932076130867662 -2.1915541042670883 -9.650799784910706 -16.654815028050628 -16.41551494306517 -8.655053529083542 
2.1626831311200245 -17.609157094549914 17.53086119945222 8.559460420517595 -7.533882962887803 -13.03231096842206 -10.446904468169194 -9.551536521843552 1.4413877891015816 14.251526742580477 10.478442804297192 
-9.744070077075584 -18.563113334624447 -3.1530105790489085 -19.816976149403764 -28.64957779045204 -22.221202239695067 -0.13503741709929518 16.007312295765164 33.49472682921255 39.28052042178792 9.450331620023956 
-16.245335464873495 -3.0980579133615254 -3.387919067956085 16.398602613976546 23.171715872060965 14.184971180074768 15.172690116256003 27.934950109352297 35.32686869762408 32.28617411467622 11.187687197398368 
-2.9687678997133 5.789771178311128 17.539801684905193 13.293646256602644 13.192146452609283 3.272651052179134 5.186441381944112 24.600546933278164 25.725001119156758 17.57996040837447 21.64827297699466 
-7.805069783732175 -2.9313367320624435 32.00551504892975 37.18935712618027 40.174962424889856 25.639461497557228 10.489731479954523 9.810161329932326 3.3423232338302493 -17.056105115943367 -10.810665158398448 
-2.4569160504254772 -5.979445267506106 5.330157437618879 21.198012129782825 26.899249282110745 30.831482001681813 21.610286793450072 10.315631632008992 -4.305288617041588 -13.081961453145537 -15.685440890956329 
3.8606741572334555 -3.873714657839583 -2.157563811786573 -16.68844580440647 -9.612644732321096 15.610199932860311 18.642467972808568 5.177989143627606 -2.9695904861926565 7.393361737618292 14.277789821258828 
0.41240840569521614 -9.192626313114935 -29.467816841845767 -30.26414650630848 -22.02527261087652 7.877165876906375 21.125029225505497 11.437189333396265 -4.276229700443921 1.002269957493712 5.210921638916432 
0.8153741621617926 -1.7967560852821947 13.044558915584254 14.189905165351647 3.2211650339800277 1.2464598353088585 -1.5810768532296717 1.1642688674678026 4.8835678934896265 -2.819084404899411 -15.035463248939799 
-2.9863540666161024 3.9853727819689566 5.873336216542075 11.005614781653861 8.57720186381924 -3.2228402962749456 -11.412501319403555 -4.95879305542569 -7.091917844860283 -15.759457762984342 -12.12914935710537 
-5.719655989555138 2.880329899000447 -3.8697899811848657 -10.15722010097685 -11.763572514461579 -19.295699792313307 -22.599943081037885 -16.391472307571945 -8.525037727671926 9.930442921138427 9.401242445381502 
