-464.1403993187366 -461.9102950425256 -468.2396674783963 -481.8024144264719 -441.0220022462254 -316.420795516062 -237.99958486710662 -207.1380146921102 -219.60365259970777 -315.16668691361343 -425.3561755790741 
43.063246744445124 35.86122461703468 34.394329937497574 40.473059547531946 74.58581783015843 87.87440540494757 46.29492622510584 13.578277914814631 21.384861194446245 51.001045305334 76.26734839543872 
0.6819378064271219 1.2326364285801752 -6.615641494626496 -12.680529043228088 -18.293374750714364 -84.84797210763725 -85.05981531986419 -42.23219677614833 -21.24045573131336 -16.790996085290573 -11.524138462180465 
-16.94065582535972 -17.078346058206968 -19.69638251117248 -17.157906811263054 -48.72205633930966 -34.216606378225336 -0.687519715104918 10.540897440968122 0.5675517450320732 -19.12820139864816 -33.358003935502126 
-6.028202545027147 -13.855544814365928 -21.610140919407797 -20.10331790897591 -47.09858583989113 -45.01824317459895 -50.74470575809315 -39.964432507447256 -38.397970147483974 -40.82166451919547 -33.89982183572197 
-7.974807006612037 -10.640897366525529 -16.490272617937208 -15.842847749373615 -27.641370260336437 -41.79569993083594 -24.12220178992098 -11.257217257590149 -6.279691514293821 -19.33262734098647 -25.612291380617783 
-20.789984617349937 -22.503215675653742 -22.742121287570054 -18.82624349921238 -24.918905087076162 -18.311571964186186 -18.520953409632867 -20.606829616307273 -26.552071162698013 -32.921802141946046 -29.024207947827144 
-6.8438217400894175 -4.496107819536725 -5.77026585560384 -12.956527381368293 -13.770585531335698 -26.58223943034616 -19.537262840744372 -14.914713329169334 -19.39536838051295 -20.1656720077719 -25.855758999405957 
-13.950761580010566 -16.156323840090185 -14.412812956901686 -13.217902621479062 -13.391521814368371 -30.304047480412954 -30.02172164588111 -34.30524001987713 -39.39937771600999 -43.30360317586586 -27.509232832182796 
-7.164922506017826 -11.09046431967588 -13.81581570511306 -13.908658252692238 -11.410202903962348 -9.442408420496246 -1.552538822262301 1.9919526319924017 -1.5645253260748821 -9.421920737880502 -15.520650561402404 
4.946594297586059 5.781022578455067 3.4771786688826043 4.17806685592473 10.949583201499303 12.6319872162788 17.1071122643788 18.65572749228972 15.350774657320034 13.281030078138842 6.615390009902199 
-0.17708872525445085 -1.087983497192812 3.9415446802714613 7.187825457327303 8.879207434030011 18.394649470782557 33.10077569499945 38.036052229201815 35.356963870072406 30.821340569442583 13.097134100401352 
-1.634562608406874 -0.6228962103148856 -1.063966062175249 -7.099485214863506 -5.790647410528898 0.9629673193885548 9.029084506073547 17.020964583905233 24.57938880831606 19.446646485196055 4.0741142780959105 
-11.019418088580563 -7.862355368958207 -8.495636722084708 -11.605764708047321 -10.641724845829895 -14.895023042158279 -6.56870631922972 -1.609475146026039 6.536613771137047 9.323595863359412 -3.9886184768582256 
3.7866170528263696 4.398382308991633 -2.1261144396800526 -3.601720164785732 -2.8757237853592725 -10.281762862045504 -16.802558400829973 -29.916158267897366 -31.94555069355426 -18.899009699827914 -2.157192148861149 
6.5269800360863055 5.170172750205383 1.9224239109648136 1.7265400188612492 -2.9856860907279383 -13.566610463709686 -10.031955393347982 -10.1370416403865 -15.44245321148069 -17.45950802195803 -1.389878765480764 
8.217891972081404 6.77530687629308 4.460620178046407 5.601701769758392 -0.4262876128311584 -4.44212656941011 -1.5856753205125311 4.834443879203515 8.403561458384859 5.1273056019186045 8.452190410806367 
-0.6150572906292014 1.419479600095745 2.3933902781994436 1.5453771296973386 -12.767431619824716 -2.714988064604754 1.0019071145706744 8.624986522637055 13.561687327997301 9.140653935334294 -6.576118539208478 
3.3186982494980684 -0.31925775044079185 0.2589307148727834 3.7708375318341383 -4.177484954925186 -16.080013282554066 -19.022027202642526 -20.193534482689344 -14.90358627787447 -3.237225365655736 -1.3615561877531106 
0.4541934284872128 -3.59615632503386 -5.802151313733964 -3.6883419228168033 -4.012054902080611 -17.53940187233917 -18.157536045813966 -24.612060942808235 -30.61653752029786 -23.919886142545444 -5.472240467378287 
