-463.0053958165572 -458.33212604679386 -433.9182501178627 -271.0847568373578 -174.0565079897949 -156.4422157264346 -229.26038174078073 -349.4811272765635 -402.3749068087446 0.0 0.0 
48.553602619022 49.39581018505986 65.63742860223647 28.269840426273603 -22.183844200868027 -26.83564502783669 -6.813739781772229 34.25914066222566 53.63863767614123 0.0 0.0 
10.35711645000549 17.027380743376582 -0.10548044133620016 -71.48871483130054 -58.00586416344967 -47.43792058906889 -28.41202601239138 -15.606170090541122 -8.556217712615704 0.0 0.0 
4.162027005812883 5.9602968791182755 -11.19545168364563 3.7528682878241146 3.710100124503028 -6.455564708726296 -25.240562741163487 -32.775248568958744 -26.265971900763347 0.0 0.0 
-4.35472823185343 -5.231439769338271 -13.256013027786562 -27.57054361522109 -20.990189087758036 -17.12464269016779 -15.868333615128277 -13.871248866014941 -12.867052010752879 0.0 0.0 
-5.557392269042692 -3.1883207426244953 -7.1348823867000775 -14.321117324333219 -9.511886733370552 -12.690236370039186 -19.707158090726345 -20.203675734410027 -14.737747146782233 0.0 0.0 
-9.546316696875078 -8.564893565744732 -21.317649660246786 -8.71115178614248 -5.444360096295005 -5.608580065729401 -4.091534822005174 -10.900962001774394 -11.416126180928792 0.0 0.0 
-0.5370285017964329 2.2274611368751205 -5.107596025238603 -24.257030180565437 -19.640910586992298 -22.01617516141158 -14.255256116778948 0.5291981528992991 1.9165799783130844 0.0 0.0 
-2.815359769515574 -4.941563638084444 -4.367834621182651 8.101964357409484 4.469265776437189 -12.234103082394586 -21.388927597613105 -16.620417904965805 -11.771935433852043 0.0 0.0 
2.640306538801453 0.515211247175603 2.3848062730164017 14.877304111907288 18.868709861624552 10.73207444727485 5.549114164071673 2.3711469468374777 9.353483003782564 0.0 0.0 
1.137048864625683 2.073293922286977 14.794865443016882 27.720168649450315 35.7797445474166 32.95726225797432 16.86727900742258 10.881509986543676 14.959177438387353 0.0 0.0 
-0.5517655232625458 -1.2981761479519451 8.498188825744224 21.230476606524036 20.192879201116114 34.29712015994194 36.761252260424214 34.691190568613706 30.664845452026086 0.0 0.0 
4.167252435763642 3.0551112226613464 -6.678851847838155 -18.98757045126779 -20.38448931681564 -3.6511166687156766 20.68582909496979 21.280075035887634 10.417675357229623 0.0 0.0 
-1.1462571387954956 -1.738657150357799 -13.00564352774307 -10.46963095288864 -14.041936976343845 -13.680948405483376 -6.422525489261814 -2.18047143299988 -5.564367124254359 0.0 0.0 
-16.80108757808083 -16.748074825843116 -12.338508306423197 -8.378258801594434 -5.426887299397981 -18.630345288172308 -35.21392830886799 -25.15830562427531 -22.487888837194454 0.0 0.0 
-22.102357149424485 -22.223429415332106 -9.668430963740228 -2.2633505912996346 1.6074751081805565 -3.6684539453269123 -12.533571170501919 -18.76761472397041 -19.806940717360384 0.0 0.0 
-0.2802955969404963 -5.619367900179635 -12.58674767758535 -24.013582514019646 -11.178879909198983 -2.942906906990905 7.179801595392364 -0.46432242697337833 -1.10892695820629 0.0 0.0 
1.3478559122053784 -3.983874585394895 -24.1313647259959 -18.50959821360377 -16.26764161314022 -17.713633966684753 -8.110209099227937 -4.528407619380024 -14.368674896553728 0.0 0.0 
-10.057415854608385 -10.50394467331163 -8.366661565835432 0.19832627107929945 1.2439936282722408 -10.930792737371206 -23.52360971086339 -22.311876369203063 -26.852929641142772 0.0 0.0 
0.2079817214935551 2.050475657504316 21.36313545604238 31.26390899642379 31.787802610223068 23.476096773455602 4.054673340676941 -5.063568786988499 -8.347462758510316 0.0 0.0 
