-357.28894650932597 -347.81548225596487 -353.7185435117194 -324.76207400207926 -196.01362884822268 -117.41557388329494 -86.18695655504646 -104.48380986328534 -200.23740854930497 -284.8940597962515 -327.0067847766941 
105.66899394848434 107.14560481920584 108.09646447751743 121.67374246195732 112.44190743392528 60.238592214482594 36.93291714235071 61.136391886548594 129.89541984852315 153.61719812968812 129.68978492454897 
26.726265284519542 17.365863519686112 27.10959015431457 -4.6945797843201795 -39.479786049023346 -48.477632127265245 -64.67171248816318 -53.31993707849751 -20.911844482105614 15.665120420849771 30.640142621850686 
40.468764019419034 32.734238811883834 36.11603031927696 4.038581547950701 12.21945485023744 17.41634415457967 -12.448630837815454 -23.51677285432895 -7.061724979549661 11.42692469722319 25.687145591110013 
-11.727858197816898 -12.038563634722493 -10.779429482994015 -2.4604014324656163 0.498933252017301 -3.3721162535416713 -4.2581574324470335 -5.965465334147013 -2.506667985266966 -6.463013853679719 -5.406635445620122 
-6.8428458078477465 -9.434581176403789 -10.580173152255842 2.976387013584532 -0.14232711075632234 1.1835130511582532 6.168367818626231 5.218924638613027 -4.222805321135622 -10.861402521879267 -10.093968341503622 
-1.6741991792758968 -1.9975330733194308 -8.285208721718107 -11.927704954183952 -7.345032431680728 -17.142205893110294 -20.56485641901972 -22.129417975773375 -18.869861414738146 -26.957111368199104 -20.76402615797865 
6.567283291504305 10.1245032581629 7.591022817765722 -3.73216263125566 -18.330898047880147 -18.096342302903327 -19.984976830450258 -16.096570460294252 -13.83818209335017 -12.926565099163373 -15.881541828918285 
-5.779229623710397 -11.366020052849453 -17.544748575646743 -17.880442696400337 -6.168117602480032 -3.3575729255155586 -14.75853352357155 -20.72131121507194 -17.45892811434794 -10.199859466649876 -12.721552945480187 
-4.535237273974751 -10.670073763699783 -11.658493348018574 -4.574171293968256 1.6478829120205967 -6.8193000990747645 -12.311605369832655 -14.605662250732385 -7.270710732851093 -7.083260058036082 -6.732696637958546 
-4.394687579499912 -8.378094335402976 -9.866032429650447 -6.132699328780829 -11.175101136283804 -9.042315031912587 -9.32606774498737 -11.468485382198681 -18.868869009276814 -6.918790843214694 -6.2966774510723775 
-12.289248869115802 -9.179876531963505 -10.358373206354525 4.9287069415735 6.106164593589194 3.3860310705848846 1.4002977711648197 0.7753477295628477 -3.324969079245399 -7.770761074278914 2.5886326568780818 
2.0551941546769203 -2.95687256656275 -5.994129480451912 6.928778362994246 21.304895963325528 29.06608403974853 26.64216863113572 18.863091744699723 13.460682269080635 6.64294443022049 -7.113453596363279 
2.3554502408419786 -0.06628230427219584 -0.7683942597073145 -2.2448951898282923 6.19117118451498 20.269281601486203 32.339257504736786 24.895047237390862 17.063791288808083 15.606182512293053 4.216181200070175 
6.762784744138399 8.160631326604138 1.9337353295350206 -12.381501950711717 -6.837938513894292 -3.9191509245190024 8.595322442873652 14.28175937565144 16.808578638108983 8.640218878768438 -0.3346945467441703 
-4.286216893389408 -5.791419857061607 -9.909566550428043 -10.201700384214293 -21.508053485337175 -28.713289427479037 -18.863487424158674 -8.331762112511427 -10.146739920528848 -11.179481339663166 -11.137909402977556 
-12.321391051735201 -11.56250782640592 -8.675322800027335 -3.189788012517304 -10.254481368900612 -17.161307540177976 -26.133841738454002 -24.90359579146549 -22.471607527587302 -13.428815127475215 -5.143213474344412 
-3.4023117933206724 -3.407623798365747 -5.523729146581025 -0.14829258643361487 12.02424634582996 9.264949154747029 -0.43136524977998314 -0.9347311368789024 0.03980551133011678 2.156060695024319 -2.433165452718265 
1.7298407223225316 2.920094176892311 2.0838751537758258 -1.1735861324816632 -1.430746450471859 5.2022129041784915 12.259974360936967 11.67393717597302 9.270830862899963 0.16185370084882844 -11.639230779302725 
2.230540025577661 5.679114147779726 2.6170945809902926 -9.828784068477201 -12.429769049925927 -9.670886020042287 0.42498301745591577 5.212244358892486 8.977878680436646 1.4012298778470123 -8.310946011350767 
