-160.4089893959105 -86.68386792138816 -77.86535138417723 -147.63010030364418 -252.6464369837314 -311.5170593680837 -344.97062206949374 -344.05773389008647 -340.0522115242894 -346.07004248922954 -353.9740017894343 
40.5944287889537 30.36603678242343 43.739837707464076 95.6424544862189 142.77498308147975 115.45507239342635 94.8180898230122 95.18170513392278 96.06478399628722 92.72464308607309 87.3961991409407 
-80.6166869719229 -67.98001988060886 -55.176269736236065 -20.158330945945536 8.843907989068903 20.93144162161067 20.895897845790994 14.611942095913856 11.785058677047111 22.83825548384104 17.582163237461238 
4.260660164004314 -1.824844617445974 -12.19897545659061 -16.968930823231513 -1.6890196700618987 28.26008481728843 32.427383215484 29.189730137620227 25.679834994678167 36.14269151970075 41.358093556452644 
10.202195004576836 4.352154764085777 -0.5586500263169033 -5.3096063780779446 -12.725954413849095 -18.23825407372104 -21.714162756159766 -18.347147816779945 -15.225185405610482 -5.720853302106876 -9.065802498116645 
-12.593531668190911 -11.874186962515644 -10.58788698813108 -9.881896862168833 -24.397606977361754 -32.55273163025593 -23.59940032139628 -16.307889074946416 -17.918092089314108 -13.092295270760633 -11.820016180867514 
-18.516692224111917 -26.469707595942598 -28.144034571195714 -22.388815810201123 -24.584048208538064 -25.584066068986292 -18.40588602730594 -9.521576401345648 -11.819334213115496 -10.87910537107622 -6.5196113745133335 
-35.973767500039855 -24.43713734035051 -16.709686769281262 -10.140193678626197 -13.162019047865414 -10.30214726322939 -5.879788809778297 1.8618534308413897 -2.4135337781938677 -4.176418731778027 0.5483654570264038 
2.243947299817517 -4.548168086396643 -11.430693763326058 -21.019611571889087 -4.753390171618259 -4.662509533716332 -16.05332545602046 -11.59408094005817 -9.123269618143988 -7.918930982552163 -5.249992198412904 
-19.558750871870693 -21.98458271917275 -18.676388697430333 -14.697467406532308 -9.158250964655121 -10.280648532807334 -10.58642852569179 -12.63573406234197 -9.238385805853241 4.552322244614496 5.581161219181844 
-2.8241094594952054 -9.803689026098624 -9.897095537367871 -7.401194368739421 -14.189188999713892 1.3279420128110622 2.1718442923810075 -3.6377708900520886 -7.53663613585155 -1.3160049665134652 3.036533984999533 
6.149275830794108 -5.279080602472119 -11.500107777215336 -10.067944778405836 -6.502297091046627 -2.9905181040342677 -6.35596241908768 -3.2668885315404856 -4.324855759758535 -6.858172933625271 -1.3587523461772943 
33.55386557045863 37.656015608744184 29.63675705510896 17.762308588820964 8.111544670979285 5.639048379190127 -3.9625210773340496 -7.369511597762808 -4.893096536918514 -6.416445659578724 -0.49452695148685843 
15.328423754757873 21.37607324454335 20.86540535754082 16.36074818734764 24.149781503383803 12.019545271722382 3.9827309534562554 -7.471319049288338 -9.054853999477432 -3.8663927708232766 3.4985332189787197 
-7.112682780015306 2.7809408894769687 12.579853381268055 20.55231296318349 14.236053751523126 0.9382987164227325 1.243595048180925 -4.158975822913344 -9.332625160919417 -3.3045378205259306 5.136374401631962 
-28.26044982278821 -29.25811256328125 -23.15901246577871 -8.16110333638102 -8.99950849654874 0.3433918486595413 -1.660348523073351 -9.821900710081712 -14.526200915812794 -9.697518273712443 -4.411623459255136 
-9.793284065489763 -21.030841354132836 -26.81436584797885 -25.423213419675196 -13.319622329851402 -1.410657752380455 2.567161233156142 6.9384729295200245 3.2777313380768103 -2.1978555305624057 -9.471340106509743 
2.0051500414641463 2.7826169303125603 0.3773539847904825 1.58513017802466 3.1336107923773606 -7.514064547614532 -6.0575198230408365 3.234984242525959 5.476025834071429 -6.210108249378998 -11.274169651714754 
-3.2545354845863246 7.253795050611908 12.264131036492008 12.345989272383996 4.719963831871478 2.7009151533228746 2.3413987301339665 2.446967808293672 4.7059574208454515 -1.5152686791357541 -3.8859037604378304 
-16.056075134487024 -4.482298062574555 4.855021715597703 12.146919288542698 6.019617899225372 0.02926518988482263 -2.883702115230829 -0.10975234234507525 2.368499686378504 -0.2543880437937876 -3.5200229593960284 
