-543.3532935109051 -351.233896572776 -209.16918567656688 -162.949388089424 -188.7759254816726 -295.7614341492017 -483.1643023336644 -557.2880288071079 -548.3825310948722 -556.9142157008824 -568.8311669540725 
84.44400374815655 132.93852606091957 74.90659887660573 59.556388490985476 66.265107640163 80.98949048341252 81.12689757867406 53.813828372709885 59.27432145827581 49.25348579954313 49.070426848910245 
-13.592400303648603 -71.07796592884714 -95.81928859646138 -96.93788587383484 -80.6958093234492 -54.946438203242025 -12.08705588700715 -8.76904781252906 -11.442651747275946 -5.773857642726636 5.095018481918358 
-35.65512940240785 -84.86199167429794 -53.51865578197119 -40.248811496399355 -21.26951206582924 -12.363496737663992 -11.422375400147022 -4.68886506445126 -3.632085752233599 3.807050827159686 -0.04940837751045618 
-30.567600305714326 30.836955276123014 35.05013460648629 20.24050346340498 0.27569433363462714 -18.503030778879136 -24.735482119859007 -13.386756666870863 -11.927569975568783 -8.44236677694578 -13.630717011718115 
-10.07689378332312 -22.61905452685233 -47.411235639100624 -56.243223736544266 -56.0253494910403 -45.26174504053233 -26.279236174526297 -11.7252800915797 -9.587113819103324 -9.759770284221336 -11.268415107291116 
8.427512656093217 5.591358063815381 16.664390669338573 8.62751272559602 -3.1874258649228056 -9.297086864419144 -5.763841461206715 -8.320648566284051 -12.822356122862484 -17.56811456146648 -23.63697020990967 
16.82885558405774 1.9070305432734524 -0.08486312330336176 1.0147493423836842 0.045590277187009254 4.57111677417856 6.583866859966019 1.615468959373322 3.8914630687812606 5.795421268439846 0.9132716753580807 
-10.325605980171579 -2.786655108509617 -10.07082337980212 -11.750557765831076 -12.736908557469475 -6.753678391362277 -7.958443849640247 -0.8335018540010963 -1.0956693603740655 3.4332482862158855 -5.936701448295041 
-16.6139657153417 -25.49684516479477 -8.461810792649416 -8.807121937699476 -17.185255366887723 -25.066570834547257 -17.186456197587507 -13.031606086140389 -17.895302616897425 -13.214715595208066 -14.865522236234963 
-10.580156529145137 -6.104947114594801 -9.97196527523969 -13.413641592668355 -15.570607761597534 -15.355715312913162 -8.939952984239506 -8.27042671942105 -8.82303234195177 -5.293137547838855 -3.3495253197458057 
-11.179432548874146 -8.961699211132128 -3.4536518749231258 -5.1466323739169 -6.143879581410617 -4.06303534704133 3.0753152905051087 2.13067241866192 5.214654505755299 6.300853450887129 1.4126582913832846 
-2.6866208032587426 -9.88667110047528 -10.718623004275262 -8.37039797103189 -9.446347079686518 -10.600390711530753 1.4220844042744643 1.0855472145532201 0.84902993278718 -0.18303737181413537 -2.982474047857808 
2.059380994501508 -1.7421440000711685 -3.148941758616684 1.5640385594305024 9.045030644779082 12.556667898847373 7.441042505695092 0.39413544967229697 -5.229309624740278 -4.092701078580317 1.834481137282033 
10.062217896995048 8.524933938783175 5.61690187608567 3.7208888507809594 7.803023157882256 11.581564449913014 10.388283406361971 3.901972981249428 4.4620508431666135 8.939820846495959 5.168048408430955 
6.42297801404882 4.3978142129733815 0.7771639079203692 -3.412215564521637 -3.0432539867778177 -5.878116036644984 -3.288005581318712 -1.2856536788032642 2.3554135143058925 0.418004109726817 -5.947047952905161 
10.952548629962356 -1.2991867961430317 -0.001422733380765262 -3.192138714607005 1.3853909001991576 8.584597144006846 13.095652929670434 2.350964704761305 4.506904400107652 5.819636126054927 10.157569409611344 
1.2576180781042638 9.125875092694216 5.659050702706283 1.7227682100856763 -2.9731013878621573 -2.652290558022466 6.001283404047883 10.992008800168293 11.233160439820075 6.794752332981007 15.651285929987708 
-0.40470286601805094 -11.421152511094824 -14.721668789935535 -15.31690503958826 -7.653170179206965 1.7603196561826473 9.380568080778513 16.02131797359411 11.381092292728429 3.5718357714830162 12.676931199689312 
2.302557981815089 -8.458077281311073 -6.5537840649049866 -1.3053560956073873 8.661160504792486 11.03798474834471 8.051420977793141 12.382036610799815 12.378591576560968 8.508663042876407 6.635017596745584 
