-248.4580523826705 -274.4531099606577 -328.70400652511137 -342.1538426753403 -261.24514067917994 -183.34229631022433 -171.83452791949696 -216.5556761453413 -272.5212512214605 -344.3194209426372 0.0 
27.756719199609996 26.127780280080504 28.185212509184254 35.778219389861775 48.017238329716065 21.945298776905098 5.680575567047201 16.384203465467003 38.423554264540456 29.178322556961227 0.0 
-32.724436859145925 -35.49733580797064 -24.37436835866658 -10.560675361971258 -77.64344168377124 -88.925410846385 -70.54049089957624 -50.2770269250705 -39.07465166296841 -17.79489234799062 0.0 
-43.58923418913655 -41.80681010712895 -30.823122336986394 -18.504769148365767 -25.789826787113824 -10.066978115092159 -3.029394242561894 -18.861784030421482 -36.22473011093034 -28.542535835347273 0.0 
-9.226468987568119 -19.282837164547026 -35.291552617991115 -22.423232336636275 -23.30603564652964 -37.77011810305697 -35.06306177329785 -35.263409477489546 -26.99390712313076 -33.119616990538354 0.0 
-16.495191465844556 -20.133342527446175 -25.79352288990841 -28.76309231364204 -43.09519074322387 -30.587597871826805 -28.621959274518463 -43.135753415194 -51.235364186021215 -35.994687093080145 0.0 
-3.902065045661854 -0.7422168197405615 -1.0903745448718314 -12.434759224690236 -31.75130458634041 -46.49057516517385 -50.848865323852934 -44.75756833140237 -31.16338074350552 -18.637629851776346 0.0 
-13.67978432674684 -12.206977576949154 -11.266260311394301 -12.446298881488607 -1.7702491574260992 13.317544012535407 15.864942459572115 18.418220904840577 7.413985911511153 -0.7885701351152294 0.0 
-4.924809970373752 -6.56934414690641 -18.405215573532537 -12.614997374973772 21.334471378165944 15.802600157304482 -0.5232872243351545 -8.187918824947506 -10.651900086601659 -3.5065606309305357 0.0 
7.55972762984368 5.8286595780146415 -7.8816435534152935 -8.269705097330583 11.680924332839176 19.174344248473503 17.076480569444442 11.392737216068847 12.561723944757476 6.223148559105624 0.0 
6.656799770546395 2.1950000083781807 -6.6482842725172855 -8.727011511607135 -1.933208202091605 8.829520666457539 17.72931676052231 13.68255489385357 13.134480908185916 4.115106537250692 0.0 
5.641362430202589 3.817056021214009 -1.1574086579385374 -5.928865325720766 -12.59971991223679 4.189713038490066 26.713367252274494 28.40774064368548 25.64878289442661 15.174605312350351 0.0 
1.6971553449206047 -0.8104317505173183 -10.697553961065871 -11.552602248835 -25.78498684772645 -23.415887623751935 -15.846581882797828 -6.792488489915463 -7.448833642838528 -5.395170938087284 0.0 
18.089135559864015 11.854230839975372 -2.333283468265464 0.016637137331568394 -8.430897453198604 -16.8041351132715 -26.695803109201652 -30.377264728747285 -27.139100317432497 -16.94577802853881 0.0 
-2.0242726119548373 -1.9425712784137752 -2.177267298236258 -1.3664459688297583 0.8148384470026387 -2.091154950382963 -12.550339110956202 -24.779753910823175 -24.248360082862085 -16.069324154473353 0.0 
-8.180486156349591 -3.4735262895332415 4.782553494079364 -0.7131978659504131 1.0558801942045433 0.08356759021893767 -0.67750955277512 -3.4018147934080947 -4.978256195164264 -6.430413786427845 0.0 
11.812270201607689 7.914954163673157 3.6826133014529314 3.715858251033914 -5.455819650819836 -0.5181516229218872 0.7692223198123056 7.883790395312905 0.9179053804447597 -6.137579784448286 0.0 
-0.9818991404618596 2.232004840496608 5.9468007861119165 10.213321579822402 4.411207734759525 -6.935716710200561 -20.952825310007537 -22.33987538523088 -13.80804863853794 -5.473074210206946 0.0 
-1.171760133870438 0.9171329089229738 2.457191508787696 2.426939983377105 14.398676788568057 20.659008752447683 11.320605208315488 -7.207542871533912 -5.848398486083753 -2.249308088477174 0.0 
-6.355341930476393 -7.441065865359546 -2.721982865597503 -4.892118236964137 9.88237161686333 24.41819470924889 31.73685240383595 15.642704269474725 5.401214103248067 3.742269616130239 0.0 
