-347.40836499826906 -344.30881968379043 -296.5039842508393 -156.67611911718865 -78.16490575084742 -68.41973951549858 -32.26308071688083 -16.247805158677114 -66.53851477415309 -177.61540361062825 -288.6391507553652 
25.644012234278236 26.880751108093676 57.463126224491944 97.23966741675488 87.71178498372069 52.00793804999239 23.43701231962544 29.578375327938804 41.32261596890416 60.886036216653736 60.69857437541731 
-22.378025876958365 -29.510098794396143 -65.14300458811653 -126.81032809034684 -136.3505550370804 -127.02039630474445 -121.11613816420137 -108.59161264415859 -96.02319993801754 -76.53353258152606 -40.2211286159055 
-10.750540833896306 -14.851675789128677 -56.753104219936716 -79.33583778884292 -66.64791062757158 -35.197821358615364 -32.504437757852195 -55.450577587092944 -69.36382769961821 -60.082145483941915 -45.18597981572295 
-15.41948992865562 -10.26077241457792 -13.892603555576741 -5.064046400831881 4.192550993399575 5.293716586421644 -23.620981810776215 -42.82198340509341 -34.578270165307146 -26.624676208713968 -32.52214891695742 
-8.354790208175654 -4.164388239551057 5.787535108848813 -3.0160045720008544 -9.336962251884914 -3.8374731746416515 19.424715988667742 27.196796689578374 19.97198086662178 -1.5813453361902465 -9.502858324177009 
-18.149376002679492 -17.48033484854472 -10.96131264858515 -14.075322582154573 -4.174395823719552 -1.7860447319447434 -15.864265825105099 -30.184893798136443 -33.74680562526444 -20.687473631570583 -10.618831674904888 
-0.24080427686967484 -7.178810150579572 -6.182800478706719 0.6269273550020664 -2.548811671061121 -9.842764196158743 -20.364221692155084 -22.900728595918167 -13.015610779670078 -3.3687025484056443 1.065460134572704 
6.164473417206126 0.39880338915448343 -3.8941785298362275 -0.3948500969834863 -5.614035315888983 -7.598037469658085 13.110601829196312 17.791437172142984 5.189647527746374 -8.817665160954775 0.5766251368749792 
0.1172811288813429 -0.4415942301574265 -8.533754047552915 -5.2121920046748595 6.229901913140132 14.545858017004273 15.059096540801828 12.160948259159134 3.863823191383033 0.6664682819821828 -2.990516078907091 
-8.976702568958316 -9.946072922665994 -6.052495316940661 -2.0571791733107894 -1.1261447243370484 -2.9938637410696614 2.3875927999260576 7.630108205001662 20.34740308555967 13.018893414391304 -2.934653793359712 
-11.296993493429301 -10.616435617707523 2.5601183193949995 10.702238282544435 9.704581506075494 1.7879950018604502 -11.795890970292104 -17.81064325768734 -23.577470795122217 -30.24682478116832 -13.350244972502928 
-12.351492226631805 -11.045474228904428 -4.53328665148649 -14.03303083800462 -15.7032316249139 -13.123919376198334 -7.2039043559473335 0.23903010539095726 -1.1575212196525342 3.4037592414885167 -5.241429798302922 
-1.7671153754328697 -3.247738673908052 -7.375646061663671 0.40907656374630513 10.793952731770688 16.757305205878616 14.770076477948464 3.7312205282562587 -4.435984983337541 -9.578401719871593 -6.660601391179695 
8.579033100069443 7.499832664700897 -2.8145730917797485 -3.1404807065674674 -1.390891267118767 -2.6291170888962005 -5.013716185999563 -2.9100882681492957 -1.4805162691967393 -0.27259245908723706 -5.779626790160785 
0.7883652596391272 -0.2978732693869022 2.035363226064186 -4.1766398935474935 -4.6594145881891995 -8.387048021907326 -11.746363546308316 -9.67382606908916 -8.536085369815385 -0.9943790702370534 0.8255504330251245 
-1.3041377951512179 -4.847240240611523 -1.5868977845566092 -11.336267455292429 -7.021106167617267 -6.467097553731271 -7.133557892113373 -3.632782592044936 -1.8202935314662139 -9.524633309040915 -5.987278662190889 
-7.475667775439073 -6.1406053320406215 -4.495639673947428 -8.68650421485317 -5.968601167396569 -11.275310385851443 -16.305184512255643 -11.702178861407603 -5.4391322592898375 0.6372713658338924 -2.2304922750333382 
0.28069512020553383 0.8569971413840951 -3.4775835617960418 -13.816130569563407 -9.901914159021917 -3.5435608846737203 -3.0518552448128258 -6.871141234953353 -7.050526668348091 -3.9495278679951844 2.0382878138357996 
9.815566928328586 6.5705763744856585 -5.916625453557373 -4.7409546983755995 12.254106655945261 27.94764471780885 12.151872661948467 -1.156439608201631 -4.355334207719432 0.9790284999346368 4.59177880062687 
