-613.3190523285696 -602.5138370220366 -604.759903866725 -405.5747025151288 -239.1772603740557 -161.78576997016842 -165.01593934020607 0.0 0.0 0.0 0.0 
-7.462853352064876 -22.577121953211833 -23.687094574074436 -80.13405685609553 -112.61924427479849 -73.76557768219848 -26.7624269513758 0.0 0.0 0.0 0.0 
-13.828920604256025 -12.658429974708621 -11.647533442573605 -38.267502647904394 -46.921599342869925 -34.178417932097986 -36.00881217090708 0.0 0.0 0.0 0.0 
-1.1901868225298473 12.920751988779402 14.880944006291816 5.107768499182988 -0.6093257319618548 20.50960103983239 33.16467187168934 0.0 0.0 0.0 0.0 
-24.97376671155115 -32.48431531230972 -36.53794458658514 -43.13940163242215 -54.09455500822233 -30.951509531963985 -15.317793492081037 0.0 0.0 0.0 0.0 
-8.222476484359067 -13.684170702777056 -14.416747940127767 -9.841860790106175 -20.290813498144438 -2.009938530716397 6.04812609341137 0.0 0.0 0.0 0.0 
6.936995443066646 4.542714699570141 -5.012731273717733 -33.10266255708946 -39.98726698387236 -27.999065878689443 -19.27561852135398 0.0 0.0 0.0 0.0 
10.523559993075287 4.668377728186931 -2.7869347537745206 -22.07763532584267 -22.8001017334013 -15.203810978446972 -18.007776587868022 0.0 0.0 0.0 0.0 
0.20067126663141266 1.3268817539248716 1.051879428487199 -21.156319100251352 -27.32207990546589 -19.10150331103609 -16.48829370317382 0.0 0.0 0.0 0.0 
-15.415380031957909 -15.649555916321585 -15.090695252138179 0.3985471304359912 -7.450443284704933 -10.166390752286746 -19.115016805294196 0.0 0.0 0.0 0.0 
-14.743259468472356 -11.632647414015437 -15.683028631957383 -8.584562107959144 -3.992889606100822 -7.542403871100718 -10.27587293220299 0.0 0.0 0.0 0.0 
-19.69593231246388 -13.155415683189606 -7.618267625572148 5.592509491803648 4.842002688204957 -1.7715666207445941 -2.468618870841324 0.0 0.0 0.0 0.0 
-3.399625686995315 1.7315997835026598 14.68614334341298 35.46902298731344 37.69201230392049 30.683479337403526 27.599502508291472 0.0 0.0 0.0 0.0 
11.406731695248654 8.359403450623336 6.71833300187259 10.896176034789411 19.00259136974934 21.552881813916322 18.70474062858187 0.0 0.0 0.0 0.0 
-3.072417708554644 -5.05133579824567 -9.537031556966298 7.003929855224969 16.101692456655798 24.741709580911518 26.336787126184973 0.0 0.0 0.0 0.0 
12.07714721340771 12.669216677689903 10.188608674711357 -8.091044364337991 -11.921386252326428 -6.825159455044798 -2.110320652096279 0.0 0.0 0.0 0.0 
-14.688738414844002 -15.191876628120589 -3.9488180891713407 -0.07289828799336262 -11.42294662658373 -11.986660652712104 -7.994546338797422 0.0 0.0 0.0 0.0 
5.578335083705469 7.37672047654526 9.115445393863062 -6.423419685593533 -7.658581347982944 -14.397606104837413 -18.368256201656013 0.0 0.0 0.0 0.0 
-2.0096920090664456 -1.1087203800979217 5.268519052884898 6.4642112559953615 12.359266456563788 1.6203441614506024 -8.476976932428322 0.0 0.0 0.0 0.0 
11.615492434050783 10.331063902125315 13.846071635806902 4.654651703788405 6.434172211880578 3.316509122911776 0.9401041771665002 0.0 0.0 0.0 0.0 
