-81.82087382389676 -99.63370941379196 -174.87394372617032 -278.9016030574669 -359.0875294401327 -396.3899043879946 -406.6843675408192 -420.4890357298804 -440.79667563606085 -446.47111125352814 -460.26752649521353 
-42.55890772065942 -45.033860631146744 -36.15444883788504 15.716521329630678 30.332323746887766 34.90733229747566 23.792686400891487 -3.4423511241964553 9.544601327060931 17.856869143446104 31.61968648572062 
-61.03566954739914 -72.24675247281672 -89.1470943762097 -69.50102716171259 -40.12770931315558 -47.9155688053542 -47.925370443833486 -61.78700835300867 -75.66369591788464 -83.94277520268092 -86.00856307537812 
-22.614358467910826 -23.596895845769417 -21.759231724730643 -11.277630897971443 -11.303799607864343 -20.70119668479347 -34.539216033695766 -56.95979911933098 -54.572657701605834 -53.305063906960655 -52.49526967891543 
-27.720466540117638 -34.471687225034714 -33.67453208364706 -26.113361082980568 -39.126854741918834 -46.79633801404728 -53.452764386325896 -73.68125638042483 -70.75598271553078 -67.59878839283269 -74.53983689564706 
-44.19750183122436 -51.778680307320826 -59.26871448785647 -40.54904391340327 -21.538386750163617 -21.448131796787365 -29.057405058651142 -39.67273364353384 -44.51597757553664 -45.96853526991026 -46.096889228396634 
-24.061314703472206 -26.515217908064407 -27.942508773903526 -25.89825140423153 -13.203833083802216 -14.891108526197353 -22.898284094328105 -34.260570590296126 -30.019369676690935 -22.30598990454962 -24.087523646854613 
0.9643054402561759 -5.630948258463137 -18.38982071512774 -12.324283866733317 -6.552302457946652 -4.522379885534758 0.767461661026529 -7.781749566464929 -11.18324665076939 -16.147856102609524 -14.372412211033959 
-2.5817661482194936 2.071783753441727 9.440979722854205 10.571157945819383 4.39063083022004 3.261475238898277 -2.9730369552802594 -17.060979088397985 -20.912392344730378 -11.311783692663482 -9.211913139009319 
-21.679461612279084 -20.656431698088138 -20.109859824956075 -7.205046566165974 -0.8174471659383716 4.925533541052495 10.935134515132944 6.257739479437616 4.586198958079604 4.6890360948856555 7.694978829841359 
4.285326008814536 7.378595735447539 8.728250170673917 0.9047288293676472 -1.6806469532513715 2.6605269114649768 -1.8357903208475288 -8.36475774122253 -5.350753839125932 -4.309599439972667 -4.9082405415746155 
-1.75407686993734 8.434908628071668 20.032368528637285 10.119525449139974 5.199320411305891 9.04593898732308 13.180557204961794 8.789632335034923 3.1879843982848035 3.3255405903755815 2.8109725330824666 
0.5084317357958907 1.6483434430487014 8.124569681288481 8.07453494955854 -1.8391529842224459 0.4114047948559678 16.532025523326617 18.88529341092867 13.18453807411234 8.511512555679257 9.094061718233004 
1.2833765205741012 0.19439904264027896 5.027351428594761 0.5896941963864053 -1.8113369717261896 2.531615475127773 5.033261511161172 4.9195875242779135 -3.6392859900201544 -4.127272200657803 -0.8462748077984387 
-0.14493624989092913 -0.669298863113328 1.3964431445008612 5.299045472970778 2.7644110283970593 2.3005383941458044 8.588735988868553 9.439890806493217 9.950284899826336 6.894892885189482 7.023633872532187 
34.170362067266694 24.38288227051944 15.311598858325011 7.947575070167439 9.464774401238774 7.931236176164149 8.656253857187208 11.300260179422143 12.788045593403266 16.155448124474077 8.421470983312812 
8.108185237642134 3.0036951711911906 -3.445407919455218 2.3626443739945358 9.245730162665826 6.986234667566663 6.4968946886266545 12.017173961765064 11.985153755750023 8.098058109286361 12.958110401953597 
-3.2443732768633446 -2.0221478359778047 -1.7664067574130553 -0.7938919700834577 -2.1349340170777036 -0.4680208049101344 -0.6312988462140198 1.2667773322968703 5.092253525138996 7.242955203930531 5.902616248638994 
7.949405125130926 11.783364462075959 11.546766820277123 3.0877247451801444 -0.12431153541425768 -2.0006726033745306 -1.0874895654287804 3.3861963893746503 5.7205442864681055 6.578965699686904 -2.7146113482109917 
-2.671948792749244 4.236630933639256 4.495817549531673 -4.708160116111383 -5.941019545891443 -6.560385748153745 -5.000999663107004 -1.7025403137868402 1.9242678086535867 -3.9327928760598807 -0.2740330710207321 
