-350.31105134862554 -141.26295287930773 -43.01492225981463 -38.767378915582526 -102.92006073765343 -177.83330937249818 -231.61586194382528 -376.6776729798548 -525.9377487663077 -543.0078410806673 -560.6147313536992 
-60.44569658074113 -57.14341967489921 -53.87267240585366 -37.343966103664954 -25.55297932004536 -30.069606531801 -24.9534666101824 -14.358057886875015 50.38762232271373 58.89450663209519 54.62666349872988 
-32.64740094325634 -69.17442728086532 -82.30653774052507 -89.26864486160699 -64.86555419035307 -7.928616739171423 -6.245480186312692 5.759688775717561 3.107801120464382 6.886021337689664 12.214163112539701 
-2.93324153770554 14.737553715789879 22.31935344824665 28.05300960692483 26.820496041216906 12.639660331483345 16.739113965571907 6.522144427676141 -9.754661366556018 -14.56981780317302 -7.5889846013293365 
-2.9879949804541672 -18.081359854055727 -22.900920733148766 -19.4272876499197 -5.213391383900991 -10.38052485152966 -5.988245924005132 -20.917644771256825 -18.206823253547554 -17.637536803561062 -19.49177262845351 
-26.403816911611642 -19.635995409237026 -19.06250203072652 -18.70074168327489 -0.9624224773265316 21.4961467106617 22.086607002634715 16.187653962205218 -12.788502303153596 -15.474181429086084 -17.49527864300111 
-5.601009441059356 -9.88512787698564 -11.94167555915754 -14.131865447410867 -25.031345679552835 -26.772963248816662 -22.371296887919087 -17.198978268073425 -8.967954492681148 -8.330702661955925 -14.74590951748807 
4.207745415680252 5.378773544315917 3.286073215939089 -1.2463779028267168 13.304212174685038 13.987306662581815 9.741428575934417 13.486672242035354 0.22816404781694757 -1.60479416956306 -8.579515877507788 
-7.314161334307253 -17.30685833681129 -13.579091081999938 -7.588453998780139 -12.423553908123857 -17.363978836890237 -13.329957893961936 -5.813057631354237 -11.09588135729503 -10.174199226204433 -10.810825213609112 
1.9189829561227794 -3.3957665109093127 -7.447461120815722 -10.95192762829436 1.9842641873454823 11.010532551314144 8.16201381531296 4.673277433901951 -8.679217993807375 -12.85659132236848 -16.13670537348991 
-36.510760885872074 -12.618613707759746 -7.705240804236896 -10.251850660529861 -16.96935955409675 -6.705740817170785 -4.418217368128045 -3.7608718583474223 -14.200719485407856 -15.107900137212951 -14.828972314366219 
-0.37863658933906913 -6.03640791749376 1.4776337978047973 5.361773268590801 11.66267357666337 9.59831245902159 12.543602173422025 10.72099830485821 -7.303501722432125 -6.618509509483015 -5.649527183450202 
2.94950321439339 -0.5689412029902724 3.1101743205780017 2.456614492541277 4.367172119214841 0.07601289959587332 0.5675669344892292 -1.8243147827990587 2.319950889006586 1.2836397055511397 1.2068862872448065 
-17.93259671396062 -13.094177526912244 -6.431304497419995 -6.097412883068616 -14.085202858577418 -5.693542487774356 -2.9199933853364595 0.7519135489713393 2.2200588230369713 -5.16575041875644 -8.017865324206529 
-5.662308078413963 -24.210677694734407 -22.8382683699472 -22.245384378861942 -10.296638350310417 3.836048215720859 5.151171221952293 3.9104766650089737 2.539842738305463 0.6054102739565109 -0.5580786701061377 
9.348594925298077 -6.010375114565139 -3.7839273782436225 -3.8864182658376913 -9.287076050614118 -7.844960995516717 -9.613888791721001 -8.64871539486426 -8.171428493974453 -3.066995779881916 -1.4951773183410837 
3.9598908749642248 -6.201777877629919 -8.837747867052277 -9.21942132836338 -4.615484778490927 2.2137367269518986 1.1823775192967687 0.711687327015812 -5.671999298490876 0.261733102981229 0.9109290118773126 
-17.721991403227662 -14.993192206868349 -17.09315027794549 -15.369054274744965 -10.011676568406365 -1.5637629114602927 -4.329098797190197 -6.569931891515118 0.7141729583618894 4.92213011878235 5.062895039974556 
14.522975361068498 4.990123257301141 -3.1251571624259022 -7.500932880918244 -7.4925855245769215 -0.4375815773588485 1.8796928843629097 -5.370338350048387 9.077447514719616 8.244057717568042 4.115239663936787 
-3.0464444792619743 15.638615779400002 8.918429208018697 0.6201618649647136 1.1094539046048877 5.631219131111784 9.855676749439727 9.084515681784922 9.356269186618828 9.231153512854569 9.009797868917323 
