-306.7525156533587 -137.61623203746973 -84.15350476986848 -123.16545695811065 -215.11022999069482 -307.3016195225957 -547.5712950172094 -627.3797925445084 -620.6449339934975 -618.9278102725025 -624.4345443961686 
-16.577769365170326 -10.17283471335091 -7.505468795848284 3.5963267292824397 -1.4980690741792038 -6.385244275509508 10.986511597886768 37.48610178485434 42.709690745049045 58.57480375681588 75.05975583771334 
-27.586822418604275 -74.18115791624447 -86.13861233303807 -71.56030385651205 -15.468573347897557 -10.039543409404262 -6.5818746217363575 6.02660084209711 7.334759663475889 18.930460526087728 38.29822503153188 
17.943261422278038 28.827046988593978 24.95214271143745 23.672667980288757 16.29005618428599 22.976657878713624 16.65743589697692 2.693183315478888 -0.9645145841488613 6.801651440724317 19.840979640812037 
-30.062900419260863 -25.11133845081202 -15.272530851331748 -2.4102853541749596 -10.448959671918626 -11.327333505064187 -17.257166055982488 -4.5540311653248855 -5.71898456641085 -0.9998827913182429 10.254596697273364 
-34.799563431170334 -47.71725228775546 -44.20920369524312 -30.789587006327583 1.6794156920499241 4.882371404399152 2.0825434365394795 1.74711004815144 -8.714098760679438 -2.3323466220849016 10.931545294145545 
-11.697736983252346 -11.319314981494703 -14.443867139514701 -17.455084353786255 -16.359018379131193 -9.336889912666772 -7.412246511228819 -0.7366116524077267 -3.141160116415479 -4.075925323281088 -1.2698725188166797 
-11.93409309420404 -13.881609895752511 -14.117731307633058 -6.755080486909197 -3.027814443121639 -1.2990573334873297 -5.823250197211666 -9.362230284850167 -0.9319096601161274 1.0103808373524583 -5.163744534915674 
-7.522621408697843 -6.179362672719828 -10.759954508782418 -11.121037003785352 -1.8150395016621281 -2.132148108006184 -0.44930049622878787 -3.736862053867194 -3.213810809809233 -2.937294260010721 2.4148562991145 
-7.636103780695229 -2.328577000712878 3.710793161692476 11.795069865164757 5.60960068472694 2.824316279253779 -4.044595033860862 -3.591979035034558 -7.273943938176156 -9.88355147787975 -2.0400232876802096 
-3.702141358709057 -10.320202518397053 -15.146677650669142 -13.393466849660525 -4.512505537104628 -2.2927642787917577 -4.164287327692932 -4.199119292749183 -1.5142863165471518 -6.404073996873203 -8.707365134742012 
-8.959365771913708 -8.610998168778657 -7.784471375343109 -4.049068706816357 2.373349407700088 3.925150330586983 -5.799667132291818 -5.9356896677597355 -5.966189927158492 -9.884117745824948 -4.297291262766781 
-4.306177097980244 -2.2314093400933435 -2.765868941562856 -1.504304144475842 -0.21329340906483288 -4.277454558110103 -10.27547993739583 -2.3131871897150096 -5.1478640682119305 -10.216635209643904 -4.801628013195888 
4.113519680328542 2.011852065574649 -0.3469713000437104 0.8079877959000301 8.054073554042846 0.8804325976645649 -2.5920114674011026 3.958569644803403 5.168414417365243 -2.3564044956145676 -5.726101254551147 
10.387716053831161 20.55572361130543 16.68086897721347 5.809930009860336 -2.0697288286186923 -2.376321128188521 2.5212560856537087 3.1377326740241873 0.06159571258437008 -3.313203931789367 -8.042042690888422 
13.062747117193037 24.514522540300284 20.667272160232013 11.473567480718621 -2.5301377422204636 0.7780508453691751 8.13459050949983 3.456023382345964 -0.0002579015911505448 -0.15471438715850228 -4.429261997247981 
-4.203315963274197 8.258079702498616 10.406036780251856 5.3231191662113435 -4.138426367508787 -0.3701347660170924 0.7233993552046681 -2.257817944153131 -5.142738880284876 -5.591351524818137 -2.3268769582133846 
-0.26882484084208746 2.7868398258641505 5.135991617261418 1.0725798691830524 -0.060218816762714344 6.29281478688021 4.934355699193668 -0.16147507615925882 -0.2069518231585463 0.896732039336106 4.319234370368539 
-16.602427835302723 -15.655704363860574 -9.682200550520816 -3.048589088758976 3.4104836897994346 5.960694411353526 1.1419920113586286 0.27700099726449035 3.287814227792965 3.679124853770058 4.064078010296599 
-3.2977564774957706 -8.110403774223592 -9.653295127058573 -8.526157398727157 -5.839370617776648 -4.201467762827987 0.03768298306824125 -4.092872709920894 -4.926103597350432 -1.5467530545145778 1.6878748897239697 
