-754.2469095466365 -745.1920730220832 -732.8162309508359 -598.3199874402823 -314.73323825514734 -189.52613241811812 -162.68350925046346 -209.91582066372453 -291.50019180665026 -401.31958047965577 0.0 
3.900202984857453 -3.1605570435975814 -28.821450530720995 -121.05741165137142 -67.0909060162337 -28.513298646782125 -1.2341601596403626 35.98093633750642 9.949047899362444 -87.33016714615631 0.0 
17.8822245286655 31.484697445825926 54.55895213790431 -28.79636119290926 -55.28776096028549 -70.19623426814618 -85.84647535453789 -84.49071448649453 -36.316788490194526 26.636539424845544 0.0 
22.542382477061693 16.01399503593214 -14.792386648434807 54.33401238241139 -3.444025895550485 -22.704478141518912 -45.324745641676806 -60.63674678913153 -56.75270650481727 -16.094451020012304 0.0 
11.268087020151373 20.49009103669637 35.12021204009309 34.95143040665195 -10.751049913106918 -1.2069132731166605 8.139353992386173 16.59345348159141 -30.4609078305685 -50.646363484556645 0.0 
15.498335062086358 13.772930065510717 1.0021903316683665 -37.625120597834126 -69.86062153044554 -63.01282245649392 -50.25173006383828 -43.00712979547938 -1.3466171003912444 -12.457670875747826 0.0 
17.66792616993266 22.050262011353716 22.220624416344496 32.66196147348553 -1.8491384894924305 -5.678867189715586 3.401599543856852 8.370628885100718 -18.58254585430985 -16.864403871256954 0.0 
8.085184110528164 8.97748864182102 11.432232840306444 -24.78356393310183 -49.2736189683402 -43.15240226406285 -34.627358649112495 -32.73621923088443 -23.257635903625392 -17.342443249750815 0.0 
21.805260291386098 21.978561789492254 11.67340335852711 43.08087029014361 0.8913433169077534 -6.220830298336057 -12.72815592985431 -29.92983359032082 -34.32751253706712 -33.182002670477786 0.0 
3.013875164337878 6.4394330743470345 18.44625153224512 17.74017154932551 -10.012716724706753 -7.217817546502209 0.4551294706070212 -8.352208403869415 -16.46615402001012 -23.77683387246153 0.0 
13.793119229651818 12.397710096860028 -0.06400849041691256 -31.98331660801295 -20.755190290453672 -16.95621009616096 -12.713738945340936 -14.912377923183492 -2.652097607400616 -8.630776748982527 0.0 
15.445971319624391 17.15042973427157 26.152699776262757 27.919087401944665 29.335931059262457 24.276777301610874 11.153013310269056 -13.828114241349997 -25.30608766726045 -5.83292508552809 0.0 
1.4748120198268522 -0.46556812793276936 -9.97442976452227 -2.1110115629207424 19.426518848105534 16.701385307829437 14.490204045687577 3.4113060686897576 -25.948562921421512 -22.757321143685207 0.0 
9.940643342318502 14.440095120973087 26.716866588853073 18.816273945474144 34.279737691372866 37.426611399850614 49.10802141447209 44.16235387798692 22.563204476978633 -16.31516063489797 0.0 
11.567099310200064 5.311083131714694 -10.253249250190528 -8.144627203707403 16.61559253898567 25.509750878562297 52.20292997173925 69.66607121755584 57.539796711267414 12.467393599420644 0.0 
1.9399141598048508 6.473826194343172 20.282575008082887 0.3207203420684568 -4.868409455873894 -4.931063591017693 11.467426664719373 36.34617879493567 42.976003541314334 34.10931147291599 0.0 
5.332942888074459 3.650209198895813 -2.281929770253991 13.590365032232096 -2.4129641517073823 -22.02486873312015 -35.65298862447498 -19.092335147362498 29.709108682508152 46.03369059150886 0.0 
7.455593339912016 5.569084604322142 10.716213300787118 6.155811288504507 -5.613430444522638 -2.2569525585969137 -10.044619188232673 -3.450019540674046 -3.9399896459203148 13.079523242356851 0.0 
2.9198139424181395 5.879305108235076 5.5441620850898445 8.993898951656622 4.795303587835573 12.083795322118824 8.023956392853677 3.2825332230006605 2.564450999998834 12.516371380646564 0.0 
3.0013957239901097 -0.8953281369339786 0.13208250567206814 -3.8358529592052113 -1.8048842062221202 -4.386219719057277 -1.4442039397279565 -1.085907301578541 7.983987978789039 -3.3006667411209687 0.0 
