-549.2381145380843 -288.0812109145728 -187.17822758238603 -152.10495219675335 -195.48521363921336 -278.5092516388329 -339.3039299989867 -401.8231300095106 -520.4290585249245 -556.867715216972 -563.8987075834689 
97.02273908158534 49.32102903314272 26.657650780733235 36.952630639054476 76.65516566663146 58.43493565219716 19.703521709914853 40.88359627415885 99.63487722115076 122.408326317557 118.63723180821279 
63.44040805158615 9.620945414183403 -18.15000171217406 -50.10287767273765 -60.639855983030806 -19.202092059850344 12.782774370309909 25.283137096835482 40.73812102841582 61.50423503357694 62.99854325103463 
40.546017406721205 10.70761483399215 10.152529024411733 11.13231205876151 21.433934702467916 26.372010391853117 39.561376558238564 41.24317575972351 43.68881278188948 39.66779585620155 41.73048177030667 
16.768708521784284 20.985270426146243 13.602304278328678 11.543187777434504 14.810369250905005 13.260129408071514 7.090303041117764 15.13265366145427 29.184616127095005 17.096686386425066 18.395978629236446 
15.296739604899184 -22.166993300588757 -22.905634062025758 -17.18278642775423 -9.287467822788177 21.301644843433884 24.27148721247265 24.260302624146853 12.93841878564129 16.78558606490033 15.32641767089865 
-1.8621912207098608 -29.115637696742183 -30.655922175399922 -23.410609947765465 -15.816292631933846 -14.602551692873595 1.9297482921216078 8.023457659967349 8.61281485276938 12.799350051591004 6.825727975987556 
25.56328034587184 42.586482344281336 27.561754520582827 20.766625471702856 19.394152111893902 24.572368266524776 24.745385155487973 24.016696541862096 22.675526902541435 9.535456860858943 3.212394483448346 
2.6464680017810727 -14.319024189462997 -13.143913177953893 -3.9173624606447293 7.885330247740384 4.115532593802742 -2.1821178448621277 -7.773758488318476 -0.4422041942482712 4.390128385802704 6.450574074638414 
8.010869355913247 -13.985213846145175 -20.019447076056682 -23.24241326480051 -18.518198836256012 3.627516748649181 8.896198375773608 7.234916966915469 1.138003025544449 4.270510121866629 6.600114369222328 
9.077917608454655 14.793100769385635 19.858842273008037 18.401567968833106 9.436330751923684 -9.592357824751303 3.2806171985241814 4.427786126646479 5.740032950240211 8.716669530789792 6.506913162642511 
-2.2586970479870336 -19.340799728544667 -9.798393121238577 -5.903390446006888 -2.2659052053410074 3.886381987973392 10.984296966151595 8.16715293443105 7.003057070851526 13.337210280723689 4.849870400779662 
11.098124031778244 9.520842801994156 -0.5106925386034766 -10.873972051537505 -14.229250898090363 -6.443927411396004 2.9842488777327354 3.0443771438455034 1.5414666195208142 11.04166508126854 14.61074493642051 
7.101453207506736 18.4903415648802 10.537344111361246 -3.989311122664988 -7.2874953779128075 2.0881947325026275 8.280942740405559 11.652699144872544 12.207592248641731 7.965756409601871 10.05608122488628 
2.3962461185078237 -2.419860281732556 -2.6343592801713474 -14.030471246421051 -16.73184634313038 -11.363207995361753 -3.4720048594084787 -0.7035030397725863 3.4906809129502054 2.964915895237864 5.804398469602027 
-4.281373496379382 -4.072557392287468 -4.889859696556683 -13.282969681430028 -15.540045626524456 -0.5820840672565413 5.580249874993084 9.851014654507653 7.9448876711392336 4.318014404253642 11.072581694679787 
6.477941977702976 -0.7171919138306243 2.9460185276064963 0.9174001535956675 -0.7016804045582958 -1.6646443265606026 -1.396607438900486 3.8562319125543776 3.565424896599115 3.7289086865975842 4.703217428064924 
6.668038269596482 22.216332424664618 22.05651471006444 14.43596679474133 3.8136291855569517 1.694637153368803 1.7103906285607127 1.0871669214456878 5.606204253441247 2.538919379514552 0.690304671436871 
0.8968326670416858 16.64281773042669 20.354703225645274 11.722970555485368 -2.4589194407397894 -4.3869524430173215 0.11920202419132292 -1.9111177986220484 -5.1742995191472705 -4.326784439078507 -3.8743214300785844 
6.446842407194829 33.729826705760935 44.86879387164807 41.859109031011464 21.34013862770898 -0.48334278128927877 0.7405674713634989 1.7423866623642905 -2.6886138382134317 -6.34367250435293 0.7428858069254731 
