-154.36007598599772 -133.0758906715644 -185.95674849885367 -343.48883930134065 -516.3082850714932 -606.9028176714489 -656.1042319491453 -651.5693100973716 -638.6962799706876 -631.0230896313009 -622.72029479751 
-95.40277349466808 -79.11170674469459 -47.11744020098858 42.51642551411738 71.80954209520618 63.82502386671224 47.89112176110258 73.46816220770818 96.57054023986899 93.21839655995434 97.121972049553 
-142.24855874491607 -159.0236826612928 -168.21052182995368 -162.1086565140099 -63.50992739727231 -35.6008097665701 -31.395825932877024 -32.025588945765634 -27.671778787656706 -36.94351775422466 -39.19846900085446 
-35.47861185690206 -39.92470126459395 -22.272105775728406 0.40161839924264664 -18.903039101885092 -2.1450715193269883 0.6343768885171884 -34.16979647391295 -40.8403373504975 -38.662268176447284 -41.442197570568425 
-68.85120810817459 -69.17427434632252 -60.11863789778229 -48.696691043453136 -26.787759409242206 -22.648804147769418 -29.313351523218138 -51.898416663454995 -55.48048325806603 -50.92070017980022 -50.39624424046771 
-21.10299622565988 -21.429956669700307 -21.411659555733085 -15.049865772206694 6.7497393953932345 -2.1887446947298463 -17.92133007203617 -24.185241030610207 -37.407908733626485 -34.27455184138353 -30.45920988606563 
-28.237958273421313 -35.43496592119247 -44.84250925492466 -29.446757149337763 -38.835019547651186 -29.803697428050285 -26.894337335596227 -19.351000310721567 -22.654567376530363 -27.04420442346902 -30.33451357235486 
17.5674537965456 -1.3945862360449284 -25.869938281908 -33.27056315713092 -20.13884877384941 -14.79986185080469 -26.765461431651765 -35.61183496795856 -40.972070254327036 -43.197199080004495 -47.18796278544583 
38.982587382655794 24.313645087472413 11.803745551224232 14.58450083434537 -0.3009183256223791 -18.854869789805235 -17.93177324865431 -25.294496118455438 -27.15069581432305 -26.031132288059446 -28.329486890134547 
7.514351032026149 7.058123390686058 -3.328775309094394 -4.104193234678943 7.836575905118689 -9.476814814744401 -4.268669390103304 0.8967860722054388 2.0958440729082453 -7.704788263107468 -9.301694447867574 
-2.182856775532964 19.30728345605309 31.76313150280677 16.804687440901905 10.802009441444868 5.7011956647287665 21.187329508847 33.24098933918832 21.972979282846012 20.394940816961533 22.545298714948377 
-29.69737364647993 -14.346810274550766 -0.710618773753307 24.64952266101494 13.313031424621023 3.5069032224409744 6.750911649168614 21.40141782404129 25.410726737621253 33.43997242512431 38.053013849819294 
12.389952669398763 6.705193835136258 9.053765392978583 6.6543432057785985 -2.9073920110683575 6.036658396775961 -0.16370361507572717 3.3541179687059435 5.496439183476618 9.855572350491961 17.13065762274705 
5.033503419195351 -11.688728627262556 -23.91259206512031 -11.318761791216307 -8.756960337151023 -4.3002525897610155 -3.2138746521809436 -5.735424721501708 -9.60019197813095 -7.995425876045911 -5.415035780201251 
6.969506099713936 2.4007804605307985 -16.00940081896724 -31.036804673961747 -8.500571178695939 -1.6353745051178135 -9.96174722842246 -12.19795643885123 -4.6173748884845365 -11.06111126458793 -9.947156997717922 
-13.089102369870822 -4.446850220177416 -4.891967604753717 -20.69935225481841 -16.457215470154622 -3.2338237634469778 3.5958606215468496 8.974280002141665 8.37699691828543 6.2582667028764245 7.34255860344544 
14.019865866271141 16.521540613909835 23.232468170614975 29.248571388263333 10.079873913582151 11.700946278904915 8.085841065411536 0.7021343829688926 0.9481069751729774 10.284991090938687 8.616232260943224 
-17.31081409836672 -14.323595515496539 -8.766573884302488 -4.769052598553667 4.058519485730519 10.76358523022737 -4.194044285550961 -19.377285621701528 -19.28315742265523 -12.607155713744953 -8.812240839076454 
-5.358828531012557 -1.0408432842027664 2.7763331855157376 1.6179671872583827 14.342055859236012 8.727221512283696 7.519923972341433 3.089786174523977 -7.319474501072769 -11.886264129369966 -11.811463968895149 
8.811671249569528 3.8247977062130065 3.1545697495998213 5.412800635137574 5.17961447167211 6.930332308510973 18.941999211724962 24.567223817709582 19.37865722627133 13.496475849350634 6.082183638868019 
