-447.20311218728403 -428.0376006866625 -288.30126044422695 -176.4699454914321 -166.15024347146525 -208.57029556306054 -213.94042314328107 -199.43499304803245 -237.56338839808797 -358.0859528422757 -451.48036689967086 
53.10435053394233 47.413923626016256 35.18064926874119 34.242153297482375 47.178106678748165 49.25406955974252 24.55899074591044 17.275902317832184 11.779044534823612 17.8390654295034 53.86722138747941 
3.0446547192381432 -2.0704511018252196 -27.75643780280776 -56.793689394480886 -71.36033421245051 -56.74759018802031 -17.139202428069083 -17.873999250807707 -11.798219354733739 -1.2022868855044955 5.833083678857457 
9.81429644637084 16.16568967138375 18.064838083346363 19.188218509568514 28.665750281574894 30.63619201966589 21.42025740844435 24.748835990736335 22.08394507782336 15.347326669165742 14.11655653249885 
7.040200512557238 7.188902073578671 -17.76756407290772 -27.755174981692676 -23.88617916594003 -10.807519607052193 -7.114814069257621 -5.6806559872841795 -9.82399720899642 -6.293053728923987 11.388613358520683 
7.891483607458057 -0.1843929648108379 -32.88386372237516 -36.26919537564828 -37.57005980858153 -25.571452639061874 7.968026165646838 13.146453586013251 10.136099402654988 13.20426881496866 6.02772232805088 
10.794833548599048 16.683799841574498 5.602553286535629 5.560252648881191 6.538803580559995 -3.261792563606829 -2.2556275685411777 -1.1129208341639558 -1.8862170741219555 7.285063276459891 7.797370391708991 
2.928737571791324 4.747466783469006 3.053099906475773 -1.3176560081268311 -3.7180015119396277 7.760421239731417 9.431029947969293 5.66675413201629 8.394039255479633 14.20169958326321 3.0614106391127054 
-0.28905012144336983 -7.19158740201936 -11.266981178614678 -12.462673574042187 -11.64822697842121 -18.222139634868245 -5.239145504767976 -5.145846164084632 -2.9632275807258397 -2.3904906887544644 6.535216586594064 
4.182453986638526 7.024514619172006 6.835743456789743 1.7150683030858855 1.6414276283556732 8.852969981099413 6.189290753350174 6.009359282882807 12.166707267735068 18.398302254500056 14.31794182773293 
12.141386613184157 6.260393025733502 0.7961282694888492 0.9667465599300851 -0.1348221577069087 -0.13307257900658562 2.6289263304081087 -2.578447087075033 -3.2328668877366624 2.4233015774580284 13.7614319432091 
14.412895544641064 4.252203830667129 -0.16148529044082205 -1.2820044074197283 1.398289348650989 -0.5587071047901696 3.73629476611012 7.377095081684755 7.08927692027303 6.096261617871771 12.572449993609402 
7.1471565514620075 14.29855584355947 7.328975901009702 -0.9250496074037398 -2.6480954541423865 6.1675490151189445 2.0889239254570233 -1.1815572161596959 -2.116308468648432 2.7174325800774732 5.7144442124522525 
-1.1528366384764135 -1.0005472667167843 -1.0465189004631217 2.3434459113452464 0.4669591766791966 -6.2231010489416345 -2.3610125732175815 -0.47938582734662916 2.632838744123007 8.43359844392834 2.120197783138895 
-4.052019646070426 -1.7140419745903457 6.0752814466616405 3.5625640988948937 0.7623282602014527 7.7420079629632745 8.617573869491313 10.429340533511068 7.347079758398598 2.9299843616477625 1.6619361186380615 
-0.4398988067223254 3.1323139513735736 4.718935544465655 1.4077527463927058 -1.7326416407950134 0.1752767426907449 -2.1227851519258127 -1.906105976778612 -2.6938805897703846 -0.6010967821733324 3.229507305577076 
11.375307873286225 8.952855240721163 20.63526470595606 16.043174685803788 6.797924951783653 1.2127831466326568 2.366325445372592 3.691249418211033 7.279800836374939 9.159203243866152 9.390133214375233 
7.309417346835583 3.6718115219023306 13.402051091047063 13.25074711830052 6.564786241673598 5.402252379250424 0.16342369066072782 -0.3797779617470306 2.419033572463869 0.4975289339711487 9.322815098200575 
3.4678788450830185 4.530503681320116 19.648373755888286 21.391275029677196 14.070858163359809 3.213883761304934 0.5829966046814592 0.6527374252154042 4.904306346436767 6.936059381433113 4.400532528817518 
10.895210063600594 6.626346610136009 11.357957783628692 20.411821816916813 18.593539543942057 19.477043564516038 7.892368444310561 -2.6020656323972684 -3.0200491463632293 0.6310412146589225 3.124874762787826 
