-496.5243018928943 -429.21597309021206 -202.30259273883055 -112.65989956060379 -117.96908471230006 -183.598184172923 -193.08904155302386 -237.46993414741272 -332.4081112726935 -483.54374587738795 -495.8321892124781 
51.79519553642314 37.228778251261986 -9.150538362444394 -17.166891337692352 2.68348864422937 46.81432572575602 47.85948066055305 51.15043664882686 63.7615686257614 66.75174766324659 64.63323684573332 
26.559368614757247 50.40442905854486 7.754322831594889 -19.455014883426614 -21.435815011843506 6.143332167732215 -0.39521230630820514 -13.541278751456618 6.0585428830608965 40.75063422833401 44.995970723852295 
13.434380840755429 36.75902328393322 36.17174111980236 15.442206158634395 10.480101175525038 19.479550228975064 22.195307969631834 16.41133089930685 29.718504673485576 29.918206130533115 32.15961211687927 
13.47557818253057 23.00049326382829 33.45550301843773 27.57328025644395 25.49849841032433 17.17228744482496 7.375217943310269 -1.924553475296035 4.374004640832237 30.202743012256704 29.856684356354876 
13.10881788943085 23.697443927508516 11.135003120811795 10.364293497826917 15.720251187842127 25.914643716462635 20.06277667515137 16.500933832729284 22.22472800179576 30.167584968589424 28.097200727141452 
8.747066628370222 10.790983150621441 3.1909263919315376 -5.636219867135832 -4.517451269535595 6.229391970953111 4.831054896324785 3.809162768250728 10.472695257074644 20.390886900668473 17.222066033727685 
8.492391668975758 13.096961099085995 25.628093889349223 15.668159431970677 7.630856191029247 3.610081401369966 8.816138422451 5.33881628150977 11.504809156469502 13.773856935626746 9.105341390813608 
11.439195213027102 14.248348592971293 16.36048568935104 20.536241375276624 20.883875984290476 13.016632634871161 9.475632631286711 11.248520025955937 17.91073919237605 13.704430306656265 11.143755752811447 
14.334515411822572 15.746206970657324 -10.027781746836812 -10.613038776974301 -11.049735868012803 4.5696701001040205 6.9222082468830015 8.388312239226707 6.258913808705016 16.848550728660538 16.973055698122117 
11.64238617948098 9.348456236512607 14.541452269159898 12.843899190128642 7.717585178631649 4.667276613975377 4.110895592062979 2.7349197722328396 7.7180869007305475 12.591274273064872 8.758243743252581 
2.8924751628320173 -3.3086361151526766 -0.04127283025189815 0.4786067032357887 -0.2953547190329378 0.8629707820134408 2.470421308192199 6.396226208701193 14.89187000447879 7.123480380170294 9.90291886683131 
0.8367277727753639 9.362452660868595 -0.9720101450268104 -6.5826592783579905 -11.15168888354161 -1.3907190392306976 4.154346702236641 5.096971768237021 9.990948155018561 9.851178450376468 13.276330230662563 
7.946227912402329 3.515920412976253 0.03279407819490632 -1.2068370417974439 -3.8112210194137313 -2.079176936561538 -2.2808437869397373 -2.675502793980363 -1.9647770779821387 8.040912293484613 6.217446005817868 
8.351071188293075 5.075111925452015 -2.2012761857500758 -8.113048930668082 -12.617659051971366 1.013764467997684 4.306657675933218 6.338367067075022 10.748257859584271 7.841195038558465 6.850879976958273 
1.3863569213418483 9.2152451668097 23.05006779667997 17.745800437911733 8.262477153829744 3.186195188405094 2.287843304398574 6.59713152362276 10.533091071328908 2.029724064710007 -0.18078851772066154 
-3.4421551839121376 1.173402121656447 12.064939575057553 9.864961525785297 -2.3339856185845593 -1.9252783542679834 3.7687104510641034 4.347265704036289 0.30939635034203955 0.7444453774381499 0.36114828206332805 
-1.649862371614481 0.6720371981199718 25.85659714515692 30.22341607178437 15.39098630609141 -3.894761862113439 -3.6844576154509556 -1.9773461602026285 1.3355765134973119 0.5723411006203194 -1.2773472508827781 
7.254802946444734 1.6887007186161012 12.520322850598108 22.81466414734714 13.189234913643734 -4.422190671929968 -1.4535817154791304 2.413671482802032 10.162875122615686 3.483783504724334 0.9066359978197431 
3.386402619053293 5.696130315511462 2.772155564770779 14.3613677035049 13.603674810534672 0.9843306759555271 -2.0619326378256417 1.3007511195567112 5.972737894534072 1.4660658613506452 -4.052345517000563 
