-336.34424213056235 -345.4574732408974 -368.67638895115425 -418.9262457097108 -340.6314097718937 -229.67795494409114 -68.66291253307709 0.7977315113216329 -3.596193427000221 0.0 0.0 
20.590044548185492 19.76951521452484 22.891574208125036 40.18172118384698 -11.490507783845198 -23.182332422303848 -10.064806609807018 -5.341493451985833 8.539804976700783 0.0 0.0 
-35.07513271268799 -40.150298859451155 -37.5670891286901 -12.456815687391963 -2.981253073113149 -32.39494746353837 -54.079635809957026 -92.35704110354162 -123.63723778312813 0.0 0.0 
20.805624931779292 4.851879193383998 -9.325270915297835 -5.256312925181088 -19.41916834047531 3.7889155087899464 35.87848723907694 30.609984271040673 22.21287874964647 0.0 0.0 
-11.22266290618752 -7.320014229752239 -8.935160309832227 -15.028197552140647 -27.45702543129564 -20.959600307198798 -18.86330998104975 -15.585604666072838 -9.796023382509883 0.0 0.0 
-14.097681425112874 -5.427093887299362 1.778551886355117 -1.8840139161699154 -9.599632557163702 -37.49919273183627 -40.36899179174985 -40.91372833410118 -43.03168523849567 0.0 0.0 
8.541106940519004 5.367935882686294 2.7605825771848727 -6.39760062860882 10.479423061039611 -1.8703223009889574 -9.255712914743427 -7.6884439855978925 -6.730986806155533 0.0 0.0 
3.6305986153492547 -6.708434272911305 -17.023353607528684 -16.325186168540615 -22.58685610449376 -12.29858050343099 -14.681641725224244 -17.178477787418007 -26.51212035149721 0.0 0.0 
-18.238097236090248 -17.295199246865785 -21.018742435456378 -21.617951650715117 -11.885685560533876 -22.63374241536094 -23.68752364926354 -15.75643521307519 -7.782095290362649 0.0 0.0 
1.135944032678871 5.2780482530861885 5.309386605642596 -0.7155459761135166 -1.215724709195897 -6.400022506289104 -19.074507372881655 -19.171183924830245 -19.399344906123495 0.0 0.0 
-3.739863500393758 -10.631143568806367 -16.167002978158504 -10.216874824440904 -20.903083859931073 -7.3067084859092395 -2.858853599682377 0.7153688467798003 -9.22807002407987 0.0 0.0 
4.326317628193605 0.16806147316918701 -6.09836993830455 -5.7582869855744185 -6.5314123316462425 -1.960108528399212 1.9309611064878232 -1.8875147768329028 -10.709239361934614 0.0 0.0 
-3.5908084388357464 -0.988524192276794 2.8616936724860738 1.5217094063954066 11.291087118842295 19.741887393535634 37.675850124299785 26.590041338919292 12.570007348508316 0.0 0.0 
-6.822597378088869 -8.4759154066927 -9.923517525430153 -5.427421382948746 -5.820947158566765 10.497537456181586 31.677811366046317 27.334707300016184 12.638359872949678 0.0 0.0 
1.6053098340051162 -2.717579532331322 -9.542463499231685 -0.9301482714840167 4.4141966604295275 11.18402933252313 15.773602595188155 18.06485757040128 12.757063988599832 0.0 0.0 
-1.1162820855404831 -0.2620518053635539 -3.462008057064322 1.3005042473560948 3.5229472844729184 -3.549918747895137 -17.195067024878895 -4.422309788030191 3.864252599182893 0.0 0.0 
4.606218882145344 -0.7120872275387548 -3.968640434284268 -2.884095218368446 -11.424500102522405 -10.120278575823075 -11.740746169829396 -1.2519893402316447 15.711110787452188 0.0 0.0 
-3.0020316286794664 -2.9873954367322546 -1.672915118226208 -3.811141333737539 -8.14503707785644 -3.686660773257837 3.080167879093694 -5.558365550756778 1.7905055322682024 0.0 0.0 
-4.171137680315059 -3.0992408230500983 -1.9302305558681578 -0.5818908725819242 2.8069720294114977 -4.577092716559916 3.214271038395143 -1.2780190048970381 4.008994732048253 0.0 0.0 
3.5443842616735735 5.167087514472713 2.4810597028269057 -1.2152974384276145 -5.941413088917852 -7.947489846913329 -3.6473276892436806 2.129850795545827 4.625589468999804 0.0 0.0 
