-419.7994231780201 -419.33703334491753 -395.3114964134517 -186.46362728597333 -87.80819590586985 -84.1063963305921 -163.1627113123501 -209.59649291150902 0.0 0.0 0.0 
67.78865053693048 69.95010191392424 43.06238601471134 -32.53037972186685 -55.987899287249476 -41.316158917237985 6.690835436337566 2.6491426168936956 0.0 0.0 0.0 
12.270454841756134 8.028737337343888 15.173936721313282 -15.485251800376323 -37.553477485728756 -40.29047870607904 -25.58297175010469 -1.3156643707092817 0.0 0.0 0.0 
35.78070315309576 33.594923371936176 17.987455380403247 31.48663064258024 23.324595003280994 21.8461099188226 17.181767779805817 19.252018936358454 0.0 0.0 0.0 
12.297021780464547 11.059269731582585 9.220276218273751 -24.90809304565236 -36.087177058673774 -31.8095963022204 -17.11815554810847 -15.02189992885583 0.0 0.0 0.0 
8.014072311524815 8.765594840308232 10.131125720737053 -12.920596420504825 -25.801042580724577 -23.541534246508988 -9.963609978066792 13.17229243897373 0.0 0.0 0.0 
14.628300727782701 12.091273295561052 15.664891716165178 4.182883226410706 -9.347949452405576 -11.071948958798696 -10.10014096453073 -11.697558693821701 0.0 0.0 0.0 
10.352012260797647 7.9723911110421835 3.4277229189567135 9.292586705092255 6.899345661474253 0.7924598671185962 -0.782645624790925 10.297473194665322 0.0 0.0 0.0 
8.307541356792342 9.177005142612643 15.888038395383857 -1.3475326848630482 8.78156403608623 15.35587899030478 15.870798259456766 1.1017318249465216 0.0 0.0 0.0 
18.663500680364724 21.752360038619955 17.645598657177143 -5.309140250236372 -11.825563818662078 -10.309348034989696 2.2240670850160575 4.564650835877269 0.0 0.0 0.0 
17.44325406889834 19.27038211223871 18.8744011366521 18.207633404925257 2.500247448143056 -5.711125263242959 -9.705813329261122 -3.482726325557158 0.0 0.0 0.0 
0.6533236485994361 2.0706953751196373 8.077023634652033 15.491946750873481 5.62453815751958 -6.320338273634994 -2.1140520759200845 6.0769362666949185 0.0 0.0 0.0 
12.261319495030795 11.269327717534951 7.378831588366306 30.14638298111543 27.51021645309497 14.357412799846575 6.282257403852343 -3.906876140837901 0.0 0.0 0.0 
6.281863370383477 8.649729067444381 13.757434804235702 35.47628460145303 45.342093092236894 39.07724781306564 19.315779440175135 -3.1503673099543703 0.0 0.0 0.0 
-1.234430891361844 0.7732517624578383 2.149763028126335 12.916924134610966 21.8915331888943 23.03522443669472 13.039158350536333 2.9569509108344505 0.0 0.0 0.0 
11.518218180776502 11.299220794685084 6.35700769219925 6.938561596629084 16.39372494269943 25.533223196123465 17.991432304771585 12.127260861039645 0.0 0.0 0.0 
5.417713719597348 4.5007870059122315 11.569890826662204 -9.768596724555646 -7.447228841457911 3.5827938513518127 8.552142398460868 6.631434270986952 0.0 0.0 0.0 
6.226862796039301 3.959085518775198 3.118046376407116 -6.026960185305431 -13.132371427575581 -10.85721957020011 -6.165540239133312 2.7735794903058872 0.0 0.0 0.0 
7.777509757239276 9.165430015835081 16.715578732861843 6.133051972130291 -5.224687501135479 -12.077898706667337 -11.20670754225792 4.798023770365962 0.0 0.0 0.0 
7.5513690664986335 4.716152075555158 7.057392107349703 17.294969127946565 17.10456518095767 12.079953222630554 2.5937604009199555 6.567868325155985 0.0 0.0 0.0 
