-579.9342628429073 -271.75068790211793 -72.04936676766792 -14.258254340428133 -32.23453463559936 -114.75138788631226 -199.40582762072086 -247.3061896222704 -379.01416345732787 -589.3478731285189 -640.4893880323599 
-1.7291301342140057 -32.0672759674507 -39.654491469572356 -47.41256783611906 -46.47542637940705 -4.070379906084049 -14.782258183481819 -35.49100401179022 -37.062067735603335 41.27528172704434 53.80233756511045 
12.554275667236272 -38.15242874265698 -46.83080473668709 -57.362561279445984 -80.90172357998932 -73.52613777756 -25.25199278382167 -10.919289097321588 -4.621843034605206 6.713950780415505 18.348867401875516 
-5.690265992004985 -5.5082135082888435 3.9437184555802585 0.7290318791498482 -11.93349528662031 6.304069945510023 29.84973583442366 33.329112614880415 18.830277386546342 -8.008877068500638 -4.238489552666647 
-5.518799299418017 -31.45397857775102 -30.11093371338767 -30.23608931040893 -39.61595255067415 -30.48699563920774 -30.599160481635813 -30.003682561404037 -23.82013653319698 -26.856371791770357 -25.584116694427834 
-29.940625018966134 -39.347951835065096 -35.43558637568303 -34.0267531943068 -35.09826055747868 -19.908114881471754 -0.10342242079877717 9.38424188869184 9.938690931310106 -16.382201265374377 -15.157554157015126 
2.6725958667791163 -3.8024572315666028 -4.9283162071491855 -11.072668803369936 -18.333829722846268 -14.27768800051085 -8.256703510868558 -5.55112680038906 -15.794302473510037 -18.56686080952955 -23.38722396587405 
-19.123292323091075 -26.84380109413113 -18.64010097204239 -18.912776185565555 -22.968657031485357 -18.901338518947266 -4.7116457034611585 -4.457517939102985 -7.575028963356963 -21.730282107895707 -29.24079308448318 
-8.20232156189875 -9.982869147618455 -6.050198331961829 -3.4953346401031404 -2.180888811324921 3.2348788077366275 -6.516976240351428 -10.783429980580841 -11.539540562481914 -19.718441792613334 -26.184849255729148 
12.17241997924542 1.9096880930651694 1.5090845087458042 0.6734504261455007 -1.2211387958948559 4.893788760825009 8.675010686226075 8.292354717369092 11.595091242153844 -4.509433902202973 -14.560297198260638 
-19.90724076214351 -14.662838987862091 -8.384343694576916 -4.412248161786979 -4.263795192066109 -5.1097007249188895 3.759295230494886 3.782617424558452 3.2205768091337177 -11.80835497823282 -7.527326362339831 
-7.199354788411323 -1.423553312111299 1.7587719657118241 6.605983936939101 10.579357024936595 11.848239081435782 -3.882876738852116 -8.635131018647737 -11.560225278561752 -6.434876174378178 0.9200039980978424 
-2.513926946272953 -8.188225989057408 -10.176693136651835 -8.141644104989059 -9.31080973733679 -5.371417154188965 9.390754041137793 5.544596117403367 -5.560829576024849 2.662844691043536 -1.6660562724221282 
-11.208709012239208 -7.398650034482547 1.0877798940479373 5.598576803031194 6.060349161466117 4.610425499395909 -2.6216126227791814 0.6684260229669619 2.04289013737896 1.4665700875012102 -5.229709542938261 
1.8006397762259918 -0.6262178311807131 -2.487374978692342 -3.8569550084589865 -6.351879664910699 -3.2919427678036195 -0.3560712948817112 1.163357419099802 5.508536986916175 1.30297809366159 1.4648894057254398 
-2.2258604310283263 5.256326672238322 7.928497798851688 1.3946351631957907 -3.6144478654236583 -2.1054990486586735 1.507912880779525 2.363777706584081 -0.20071363262495756 6.660048161238646 5.132306574548064 
0.646759117600133 15.070185067327934 11.156995282999194 0.42299681767891234 -4.7838205883807206 -4.295960060738386 -9.601670600975671 -8.720574985422378 -0.9236616846382122 8.458875689903705 5.624457559865385 
-2.132636948813849 10.638476310886041 11.771285373734836 3.141931912339635 -2.204350537933874 -1.235846608338093 3.1203967025441997 4.13508747154361 3.3018375341941777 3.304776128077286 1.4401410910979913 
13.359419012080025 17.517155530431907 18.225647592828373 14.433036949733188 4.518935356249045 -9.035575299490503 -6.556274376750073 -3.503056370938066 -1.785911833304211 1.9218969375621775 -1.3356842847721446 
6.209939048042825 3.662571773968884 8.814440333309264 15.386484076096746 8.152726322611905 -8.357735384815703 -6.391413943814394 -1.2075535003485962 0.11087754929751592 -2.587103544399953 0.5680715256165363 
