-414.14245843703367 -461.91858955092687 -277.43627787333185 -51.7736282817384 16.439657561304628 -3.2268181436018644 -64.50988758221315 -130.17959759606495 -159.7208214982416 -224.91730591776476 -377.34279613405687 
-49.08974796851741 -36.08917553419042 -28.06272781675832 -4.587312099795484 -3.8827443322957786 0.21769751532050152 -0.5782372594914212 -24.90733353327151 -30.24259776039942 -31.27541055624271 -13.288270923417123 
20.25908291645387 17.65732472087425 6.175041718549181 -29.713001585633485 -53.053336150990475 -78.31374692854101 -57.01252900560024 9.268347781955027 21.220185870914264 21.82427974535596 19.218487255578555 
9.068962297717317 2.4516320352989975 -3.3994198107476477 -1.7599108503577763 8.146777134395162 7.751005691996246 -2.9613398440389425 15.584014456584134 30.17820630072665 26.995540217947806 4.977147036263671 
-6.385831607157181 -10.401085743496132 -21.840458929078565 -40.511609438961486 -38.47537486100341 -38.614101650211154 -22.10662709193486 -18.726940897452298 -17.78672176623516 -17.692986602568247 -31.414728099027045 
-14.352921155143882 -16.691274337802923 -17.979062472835835 -28.722799367534 -30.117271342905166 -27.285879207823754 -25.520587408085696 -0.817032185880163 7.804002918335343 3.481942714042654 -2.055564566262659 
8.445517278163045 7.566630756608777 -8.336272188590495 -21.341015135335084 -26.66627696797397 -23.89127450305273 -14.992829539485744 -3.979207977908991 8.221268489780472 7.5198860746013345 -0.7853081344041203 
-41.314875957770774 -38.59498285848598 7.267801273566904 1.3275572130041156 -4.2398476228367805 -12.02539698138647 -11.206369228365643 -7.509701512018025 -6.183606583186963 -2.0623251992325593 -12.810742079189087 
2.783134750472247 3.2613536572899635 -3.8036754381939644 -11.178873187886612 -5.4733748358119065 -0.14352489982149175 -0.10529643481223294 5.890872847541496 -3.7298931962867954 -6.000112529285682 -12.629163286556372 
-20.55573650985868 -20.393705877863162 2.015794971895456 -9.809102708843676 -11.566007550094083 -6.714709186166419 7.844594609717289 8.624102743470734 1.3589768005045912 -3.753330705283016 -6.324789838654915 
3.8439555373853396 3.527486704626434 8.588227077931219 13.17718252290514 11.350732559612595 10.407093080843234 5.354024410453485 8.330600400787823 8.169995159097336 2.1027148061954457 -6.568623498328092 
0.7566878524333475 -0.003715330043474546 -10.471419497475555 -13.522987574244542 -11.064877027761606 -3.940102282120101 8.172929296704059 7.174809544667136 1.347811487461271 -2.706365059143147 -13.547242442766239 
13.198898400365643 8.94608422020633 6.161563484560673 -1.0167615591934538 -3.349405331014024 -3.7853408105408732 -2.288328538720923 -3.4344614746166044 -5.392256244330083 -6.255390342179103 -4.761380556000586 
23.811963631735637 17.24596724065863 -0.36444088084394866 0.2033469904867696 -1.2631019321790304 0.44555289118309827 8.557260527480498 2.5790761839089957 -0.40301362515028016 3.0884212462058205 9.033545223082257 
3.1906743051883293 1.73196801178185 13.30962586201269 1.3768288899167502 -8.270085617660381 -13.726369455087177 -9.919379935174238 -7.858314146064503 -8.573489934306991 -8.332766429902351 -6.442453675463797 
4.599544140625438 6.922573973744254 8.287306809282232 -0.38260074326085725 -4.3866615963279765 -6.410747610445801 0.625987209141063 0.3659628960601836 -1.4686166708836832 0.10109379146776054 7.607650952586611 
2.040647242025609 4.966503899085868 22.177342713845505 15.40971123093609 5.644086753876717 -3.1846043248965747 -5.714959944421132 -0.5013966714008958 1.7775703393592135 -0.9902426935668815 2.539177447211155 
4.6095557917996475 6.195190056720701 0.8250254448490784 9.65421089323161 7.590552720274916 -1.9437051204683229 -10.174762978134176 -1.4626988331482917 3.1913726699702356 -1.4921252533224394 -1.8569765809020207 
-6.479175138087509 -4.587582117085567 2.894425809222195 14.979110783179278 19.752715478045182 11.101544745471285 -10.391849660146484 -4.476977952956987 1.494081694955097 -0.2836124303529839 -3.8621207951788157 
-2.4056188801824137 -3.7165900340927314 -2.313234328076949 11.355634351634198 21.129517284979244 21.935151903230473 4.343679390611868 -7.483051424698466 -3.2107055034716065 -4.409620070101436 -7.77610145880349 
