-441.69534382378356 -414.0622534845339 -322.8593376130546 -168.61873805830132 -70.6317427426746 -29.243530800608816 -48.49382402374899 -73.66208908012212 -55.40966151564823 -83.81751802260875 -187.10951298918323 
73.26932056656953 46.62295236890989 -9.996600050491493 -25.012150616719808 -37.03018554284027 -35.53174785427284 1.4645777151367114 11.927607529151679 11.759840607384891 7.598764738908983 5.0993189805268395 
8.95220184506698 2.1649528260610476 14.949925653877312 -22.69387484796296 -59.86329524798104 -91.35840705643133 -85.8833172514623 -23.923197432676275 -10.405129474729588 -8.610128461125456 -0.31141916923523527 
-2.246581013132859 7.490512177920175 -9.071316528037615 7.038038807406718 22.028610183562762 12.876580613290638 14.666187383278565 20.19828884186606 25.25956518117431 20.44329468913048 16.523141764839263 
-6.315587896634305 -14.958112869404385 3.0570432552121893 -1.8558307282545279 -8.959601662405671 -9.734475622463403 -1.169550918432042 -11.935297356575095 -22.712276897604177 -24.976842023291617 -22.217905206505794 
-1.1765702351644516 12.489417410841396 13.017574727373844 0.5020039460263409 -1.76100423716952 -6.406410123727062 -5.207277966772535 25.88011350317928 18.27999176681862 14.11036794462121 17.467431113145985 
-15.142129892429029 -13.618296240492501 -10.132117408090341 -19.541636669008316 -28.687382064160023 -25.554836681096226 -10.142467486942365 -13.665174744183698 -14.234943619272878 -15.482866443161836 -14.474393193280036 
-2.0223330641717263 11.605968527297563 13.43973831859488 5.097559205810988 1.8351502528570633 -10.260577285249944 -13.089631665397356 -2.277869448669719 2.0767796590264886 2.868445002247154 0.6993917719205227 
-7.745717421519915 -10.385259701161232 -3.515952065653652 -11.988059134533707 -6.901404012126092 -8.88443811799046 -6.251472995651308 -0.3770278380046602 1.6706054526039398 1.4304121110704084 3.673099898378573 
10.795336890923682 9.2069764402353 11.90667211040068 -3.995523569009733 -6.145253962430387 -3.154547050893113 4.096698620628077 3.5384974128623297 -1.8248907764606408 -7.550564665878395 -8.362583443119773 
12.309087934885833 12.245325842750702 -2.4663643698978808 -17.035300231580365 -20.473583015802202 -17.272728335865835 -8.237810401604861 2.0503545791971205 -0.7880093237573044 -4.599146789117201 -5.705143869405507 
5.813716072389091 -0.7259697528872759 1.3956577963995342 -0.3166753353944154 3.1150953736989777 1.826551293033712 2.0728668829838375 6.168711811498784 8.744720253012332 6.101148555482659 5.915794301462209 
-12.838658866653944 -7.730362105025158 -4.759123848160286 -7.028081445934525 -9.123611623458608 -5.915474972023858 1.1788904248313994 -3.5352519747010254 0.3601280971487825 -3.3647896502881447 -7.664795074311565 
7.048692184491298 -2.7861584848508576 -0.845930945064942 -4.122081548456762 -15.220483537481847 -28.102590598305273 -20.805870426507763 2.965634328500686 1.8376025957459394 3.275365194983504 5.23777415668429 
14.215566529242736 11.215898307424785 -0.8853281206895448 -2.8330135685514097 2.531552997692131 -2.2122171994622946 -1.0038148300499141 -0.20386360650588028 -5.57028820913032 -5.698116334506375 -4.813829148508556 
-0.08079795462257788 4.016944270660442 14.139667239406082 12.502771640441333 5.834568210202863 -7.431776036158706 -9.442935207079374 -4.836671229865801 -2.5156046017742915 -3.843533903196357 -4.64345091220359 
-4.024676985131398 0.44637136173795194 -0.2853274688235943 10.693905778464714 15.234527245585921 9.894393069469022 3.517614914276872 -2.0451111949489036 0.47588592550672426 0.6718829027459952 5.521995313774175 
-5.941247904679148 -5.463553140978662 2.1222276838210665 22.162612163587433 29.608691531174877 23.72355638630181 11.032805904851916 0.48416547168058466 -0.9845341265713383 0.6985048540072685 7.409077598729537 
0.9848973273123114 2.5755530193356013 0.7771401537914848 21.13079302917521 33.85172598584721 42.52207828120224 30.124392541299414 0.6599085744123075 -7.1417236322655615 -5.816880200711507 2.815070173413579 
-7.672698697074592 -5.174572549180548 -1.287270096615986 -3.2713698434188414 -1.7911873884482827 13.16353989979073 10.51490267734471 -2.4325573009450565 2.2034840168569105 -0.9759858274850644 -2.7407787439687947 
