-451.20874159521287 -454.46006337534914 -467.31012056356 -468.7770712903334 -305.45480890759603 -162.68065320083858 -94.62685872917352 -80.63298904356824 -97.85559423210786 -136.48653074228005 -214.39792065247718 
93.44961461947997 89.60660126130327 75.99834959302055 70.44543787925258 22.151119129757763 6.4567741452514795 19.400881923221515 48.327686308626895 65.59031209706899 55.77829315306004 49.81029397059071 
6.279088233638439 3.7741084584703524 -0.7298239989071003 3.823681846994975 -12.176600044798947 -58.65195303249499 -86.93447635795184 -110.48278900492018 -87.45946825522819 -42.54545784170786 -27.55648921330265 
19.123602435288017 18.718950556218466 13.791052178111709 19.28783057671371 21.748956749784323 19.48012277918044 26.34210366234282 13.889663021472927 0.08001574196456884 11.086693240582058 15.948124586782056 
11.920206883959006 5.172860688349572 -4.241952087553531 -0.300342931593919 -23.4839817192554 -44.77804074150976 -37.42725280062345 -28.587422664316122 -18.324011551933246 -6.148245076191369 -5.219546174844753 
16.23794341850104 11.383977097031877 2.3718224914434054 5.2581604955348755 4.547624822676839 -16.98607616404749 -14.80813139196919 -10.740395648355591 -5.161596470268577 -0.36270667312834115 2.968588527888177 
19.194637899769013 16.80012430621071 11.202899676834496 9.955913304240017 3.4210655808429404 -0.4632865251395861 -3.2064336983868587 1.099427765494552 -4.090675192949767 -16.474148956354377 -9.260387337337168 
-10.542108250559693 -8.841763134442147 -5.470522781865856 -6.4115709336670825 0.633266464574861 1.1083867863147532 -9.678913004872985 -20.050245127291515 -5.306437396035822 0.27106726540067316 -4.317573406723815 
-9.905806494526264 -13.58016546854333 -11.155814818659572 -10.904926457552477 20.507811160296484 22.281151708110368 23.51394430085025 20.058099751331127 10.735515356225175 7.825861141628501 9.962871856841968 
-1.8402122667162104 -5.477137839967474 -8.503443263099651 -11.934665641674464 -10.755316371815045 2.3028733532908596 1.9062554067067234 -9.59046884316988 1.6567964819581835 -3.3014946612215432 -0.6133505153395615 
15.829103429008656 7.53376921619722 -5.416995502481752 -4.4641488120225326 -4.701631252806087 8.500510613857362 15.858470142857557 7.432891711421242 -1.4804424773647082 -3.9007819286013246 -9.06486318328232 
-0.059463708660067116 -0.2693433770135788 -6.517513654225236 -6.316190710725673 -30.430173066201313 -30.880856807642225 -18.19513494980368 -5.77776687065346 4.010771114063291 -0.12536228279251738 -4.872831771622926 
-2.8739347554814847 -5.418058670677624 -10.859141832533464 -12.094958513596783 -25.196942999378308 -34.57163875114593 -29.144322757513017 -4.713438327930204 1.8569742519492334 4.099178479008861 4.714897641627969 
1.805081857210902 0.5235209654977999 -7.713725938492253 -9.913499591919358 -8.735652283362132 -12.07207367157579 -26.64550504624296 -23.31607173834119 -13.291802696648617 -10.897610385186033 -8.168733417967545 
-7.042957537312851 -4.422634116079832 -4.7360406416188905 -9.18341737376674 4.182485891099203 12.402453854069329 3.9381571328328944 -10.572018147499685 -4.608959243954178 -2.4055085356140378 3.2701822300518844 
3.4076832210817414 -3.186606465722404 -5.996816802678913 -8.340887417004735 -4.215459150545039 1.1865362344109283 2.6147097796999708 -10.637366786060632 -13.78566856590086 -16.034885672642403 -12.460960690378158 
0.0889135042304775 -5.663256448978208 -11.397684855505297 -7.180097820190153 -10.06190677027272 -21.888455769129465 -19.071867085002836 -10.750586441880325 2.434825390980457 4.401277213446055 5.195764262660807 
-2.9345906211378763 -5.3846514249462505 -10.09393795168755 -4.716881500066396 1.1417081140027805 2.3052421512916084 -9.038996873076922 -10.25313422179978 -4.508185125149916 -6.743532885462064 -15.143671981934322 
-5.230810806001914 -4.779241093475779 -7.2224093594144705 -10.107160593942611 -3.9687241622909397 21.23853067628998 31.472567679203024 23.151103341180203 9.951935466149017 4.714085897087902 -2.8355056430106247 
0.5903156152338983 0.3248054863352682 -3.517780635799485 -4.116163650364846 -11.297468909850695 -6.736202649087567 15.842808554235276 20.32591682190474 8.937176324745769 -9.146493867796806 -10.44995042820035 
