-631.4350046488106 -499.40943494639527 -315.44545784515157 -224.75648079849816 -215.84540315060931 -257.1356361529777 -299.16878299199203 -303.55042361561544 -349.2487451561926 -464.58446420606015 -634.1356842146109 
-18.807667779660257 -95.28280324501128 -82.55532720364948 -71.7268336434789 -50.59642727796558 1.4934886426228189 0.8713312034980448 -7.112332668646029 -11.88944847283349 -13.170085838198665 -1.0609390239352845 
9.647762523879049 27.040767922288886 -19.866396063409113 -57.94217255826082 -90.80143714076391 -63.20040528525057 36.96811086832784 51.076750973954326 52.68951067617954 52.581359080941695 15.566990582679967 
-13.186532474603439 3.133859898719199 13.59360851064579 12.573494914148846 -5.942523675849944 -13.710804837040044 -25.30452678786013 -19.4988823472044 -18.469133073294927 -17.696891607314786 -3.84677092771705 
-15.66875426150729 -9.070697898003203 6.18659123199885 -0.5945718722989657 -11.782479524965511 11.373823624223956 -7.716757785497072 -16.274036344598223 -22.080866060249626 -24.11698041618255 -22.922116216632894 
-8.4960175362245 13.700822197329565 11.884819648449238 9.339679067790343 8.91476106608289 13.960047315642429 8.94407954931221 7.210338495304878 7.078892030376396 10.35503417268122 -1.3760566315487528 
-29.85177755317381 -41.13958007879269 -26.686893717908443 -23.436992210828777 -24.720907307905897 -4.889279713619443 -2.2708597983486802 -8.956411584476868 -17.134207278267436 -22.3135460404236 -27.637157640960517 
4.159124639254742 3.640479702258679 1.639590327879455 -5.626466541236493 -18.870403897774057 -14.931208652384512 -4.786636383989977 7.380746467628435 11.862194535469378 9.665108633994052 -4.67664804621506 
4.17258516991668 17.004907324301307 -3.5150259120208025 -2.9154116347807455 -3.244044854676128 12.345724203615354 -6.305278946564024 -10.437092110118527 -4.260951627067148 -0.24924776056586287 0.1365283447577148 
-2.293629355143659 -6.26840801256855 -12.394417924973913 -23.498916324938605 -29.568506819576644 -8.874555140924464 11.258329381836534 14.299923252806368 16.384511307629587 12.449135713443102 -6.741228966145714 
-17.410868538250526 -22.986435117102623 -19.109525318636244 -23.673459986751674 -29.802802727795292 -23.590178801841162 -3.378211240019022 -1.3403277528021489 -7.188700557499605 -10.948664388636189 -8.83319042446607 
-2.214512131892129 5.779772907462595 2.458610335418845 -1.9927456945727837 -5.918217600363764 5.872160455993685 10.127888008608416 11.722967408025776 6.56200058770834 4.352080121091 -4.624068226970122 
-19.041032224607324 -7.689310667058927 -8.92032394939246 -14.145526178827538 -18.65851812099684 -11.698202189358266 -6.659937469513289 -5.134117121066157 -8.39761301116754 -9.652901537079739 -11.848362798220021 
-5.1473848175285895 -7.431616490926576 -1.8971056096553955 3.595638501180912 6.052283016657611 3.425438524256454 5.857247523295374 3.8290706504751983 1.4756308916805931 -0.8679062284669536 10.811211528737942 
-1.9404398067306037 -5.304886108165769 -5.155055271232121 -1.1860672415758908 0.047724161611920446 5.038508097873786 1.4829273517899562 0.617674600014868 2.9709625548559098 -0.7003271900034429 -5.379583865480846 
15.696075894693957 8.678209583944831 1.4077332237830114 4.594026779008513 7.120936154267896 7.168647641040224 2.158495189947294 0.5514356972016877 -2.1630206191931487 -3.8553291197552806 0.9435362411618793 
14.458695050481651 0.16895286404920234 -4.662368857787668 -5.208087459057321 -4.760784657930822 0.3755245158598017 3.237311955041768 2.9624378824737345 2.9382351251727856 1.1495839116112314 9.202977810980785 
-2.956945637268918 3.947178689794664 -3.63475204777147 -5.2282073894479595 -3.2194502399693485 0.6769616383245436 6.304729609456526 5.3061210916821135 2.632339230910733 -4.968677237277462 -1.9579871658395482 
20.117408737021105 15.090002001226239 4.678545291426456 -0.19991128327503122 -2.2956365044684275 -2.373587003345223 -3.547509480482538 -3.072047450683594 3.837864275408259 6.215201932795427 20.128163950938013 
16.351187173562387 4.915013289320315 16.793242535101065 15.80208899408349 10.196347133167421 6.497475192777577 5.799026312195386 2.7617604156074984 -2.205370617244225 -3.994294167527123 5.420608666685202 
