-471.2076566167101 -455.92346765206577 -472.97044625041724 -536.8531538368974 -618.8418764449236 -557.9400645075264 -368.12768071168284 -209.27370433305677 -161.5690484525506 -205.92813057930223 -309.88368894847866 
18.50422318875176 12.026958161570356 7.616949168007178 6.784610571556119 9.577631084361638 -28.98668859897839 -18.604147535183003 -14.596918390740747 -5.4593057319871665 16.06322026860453 28.42044156879035 
-45.6118420518048 -46.36736104215203 -49.158424641921435 -49.01640426922851 -35.28693297674279 -5.185188268160052 -47.143912174933135 -85.51980832501204 -105.63596587906102 -127.29648582468873 -84.27637363863867 
-44.48582937201759 -37.41793292682828 -34.006522578332834 -36.47042506104269 -24.035327005105913 27.02077901762609 40.932106366600046 52.29208134711182 36.88556856787936 9.289344231508968 -17.22264542708904 
-7.401958739752823 -18.485593092526152 -23.32784970794369 -17.43141547823371 -3.967151094517643 -34.23751022040699 -25.783717992110056 -24.790239734961062 -19.454138605171593 -20.959384176368296 -8.101792733608495 
21.04905995576132 23.224555001281026 30.08836087999272 32.10814360925741 18.93751484123679 10.036084133515097 -14.063665555696986 -21.360945548022052 -17.40482321817682 -20.69081883592342 -3.7218311474884436 
-17.195301930390617 -22.598917422921726 -17.4220452313869 -10.321684354304981 -8.67483056886154 1.5494057823888372 1.4456487737336552 0.21513037236289878 -1.775116898488566 -3.3613256400875784 -16.8842260097482 
-16.49602841748382 -13.867405720190954 -12.738422147008587 -9.296303861554325 -13.224445942406788 -23.11164261471289 -19.0959839714612 -27.022160138522032 -33.00633553983197 -35.698927656035934 -12.19612732234944 
-4.843202985290464 -10.135460634607405 -21.540811023088832 -20.27640291439923 -14.22266927106511 9.802126684518422 1.844852117984282 1.2831635087553097 4.037423211249332 0.20237977084907888 -19.284003762370766 
12.611842184184932 13.445465253621595 7.43804301542548 3.1015974465312746 10.02660287050511 -4.948669035576884 -8.396038981850896 -11.700325066478543 -6.7212553663084105 -0.10894979917214287 17.946661242806748 
-12.751936021884214 3.2412717416388794 9.60064155930743 7.360497177949302 7.650951571897343 -1.3911292255565033 6.921099552021408 3.702534611562532 0.5892408819822049 -9.339379924938209 -4.904514828621874 
-7.449180370537517 -3.1733147176680276 5.2474441046740905 8.239422176316861 2.2173049193876895 8.4372191262325 3.8091408510841624 4.324195844864313 5.172924538406159 1.182172287394928 -11.683264449714965 
-9.396787109662178 -10.327109732961457 -16.07958016580843 -15.594738307062693 -9.572275209298033 0.7315291926072005 -9.322044267236505 -20.069603817157464 -20.74496931090185 -25.62278950859261 -8.515081100528185 
13.827236915574776 7.274869917975685 -5.169789529281647 -8.72717550004289 -9.514951277187334 -3.935435097578764 -8.576261827076872 -8.736538750451551 -6.865054306725392 -11.932791381839762 -16.95743269301816 
31.185355454065633 22.76511401859787 13.26549949199811 11.543683211480694 11.318087640605881 7.578431233033948 -0.06593787655964833 -7.370752570300965 -12.315474043813335 -15.329423835717176 -10.879476787139788 
2.358148602041601 6.892796196863853 10.145804223624749 8.393892801782215 6.912203918369997 -3.3036399787214243 -4.727490202695101 -4.0165519034246495 -8.963875576139483 -10.833819689424182 -6.8661476847170935 
-13.881539564544312 -9.398120608687162 -4.313014324168712 1.0410727664915773 2.771952282550023 -4.938244685209849 9.567789922307405 15.732755266892859 12.571783255215205 6.798478969908121 -3.6600502908731936 
6.068573299665733 -5.29369681276497 -10.373509569392006 -3.9842594212997917 -3.0876901452425676 -3.2450584861493494 6.918894746338353 15.859764527205822 14.938295005579665 10.782782295464669 -6.250765465605376 
-4.878208500879172 -4.506139164320855 -6.581440314670781 -4.898073655935811 -6.13522351819984 -4.818719340643823 6.2272456839170545 15.898135556917335 17.850753079222343 15.686419838111405 3.0456993575881466 
19.84747806360072 18.049425658282814 15.209875271569992 15.074592886259417 6.683777856333295 -2.6390551732361276 5.856024059432776 10.853617971421063 18.51656162289152 22.016409342729787 5.770984939775498 
