-356.4313626242157 -234.11105680047757 -187.5346496660886 -216.139596273775 -268.40051318733725 -271.2867314222001 -309.7956790282471 -432.68830384973785 -608.8639986570358 -632.8947807070563 -611.28524714596 
-22.215713472745534 -26.851994339098923 -29.394030963153533 -23.78961007578197 -5.0016959407083075 -13.16990481790746 -14.395044239724783 -16.22180032637532 27.23650703941418 42.313917444010755 33.11528335840005 
6.11669800573611 -22.989599676677734 -31.36442308686881 -37.4858953016703 -25.16265577577367 -20.25077244819586 -21.809876279680623 -9.116089892698515 18.008609894094192 -4.13861362792514 -27.50039930244707 
-4.001333986912468 4.13079196829863 -2.8757794911117536 -11.376084842372036 -7.01493616180176 13.572878585556104 17.02603613897196 18.35750711248023 -1.3145461012382005 -2.189031030666298 9.721744080923543 
-7.756784345662999 -21.063748955532564 -28.43506228398308 -17.29776346770508 -19.419351336965057 -32.88709611160529 -35.1746348542331 -33.416775880129734 -17.64898975978295 10.625101567159685 28.071431139714303 
-37.06477830637773 -40.87715847166739 -42.66239858618929 -28.784878224391512 -1.0953666132644577 21.394680240627764 25.513781631196593 23.91484061668299 4.999625578057157 -16.31336865275111 -25.218017071932003 
-14.022568668834488 -24.64026877939773 -29.980809791750062 -27.26514764904174 -16.505168491557512 -6.031861256011553 -11.370073694443875 -19.08172909290107 -11.18066040537554 -9.398521948484387 -17.440798688880008 
1.652777752617762 -1.9036511730555232 -0.9597158450426748 -2.420952324963909 -9.034926741592916 4.624517662291515 9.807937056250829 10.251553778537655 -3.509437018503326 2.322335375361981 9.463827553242941 
-31.494121136877943 -21.25739977644533 -12.240374688757864 3.9013498789465095 0.053297113274572094 -10.691379599267275 -8.451280296765374 -8.062890397444692 -7.077062403050631 -4.456656202975134 3.2853173072804553 
-17.173009790358602 -16.72092076945469 -12.509010398919642 -2.6665359741674295 7.68463554579183 4.197869748492879 6.996322688642763 14.090296695321893 -4.217621772088085 -7.409761779540594 -13.837239793717638 
-1.4201888524623008 7.426509318795767 7.69590967209121 7.018705401014132 -2.582672473136264 -6.072137095939072 -5.361725581711443 -3.5345136434392734 4.2752989825661025 4.598056384913144 12.464469499286215 
-19.965713613641007 -14.203273426602646 -6.687675335329384 0.561860601604867 6.307775184254021 4.636393738886749 4.267308151659022 4.29646567556634 9.72694949180572 7.5130329728111915 11.31517340084789 
-3.89682052332942 -5.565603140413099 -3.6806999439133747 -5.399462473984775 -1.2377861174196725 -10.608676432786968 -10.943480715807231 -9.419030820548691 0.8549617115951641 0.453250008673862 0.34254285900234815 
-4.354720002472739 -7.263121078814079 -4.06270410575431 -2.2769610513887235 8.52196532012853 1.5739348243778712 4.485613002508415 8.211218438909992 -0.9038474587799936 -1.2291013546754717 1.139461112430916 
9.15222046286674 -4.625786512670336 -6.793253171379099 -5.457851398750689 2.778181058154727 0.8312516884280334 2.283710903263468 1.9293752663995234 -8.920864803252922 -4.344501925933175 -3.9934411457369787 
12.99697822514758 0.21161466068228857 -8.425173832784026 -14.996497559400051 -8.74528177489659 4.11206893255231 8.27714187812495 8.19680575961268 -5.952030412499723 -2.9141792536864486 -10.674699114664657 
23.990919455997748 20.533131999051736 10.142703291623306 -2.9798310058778084 -0.6776940371498701 12.403170517027913 15.273472557662096 14.43465957950267 -2.248250391827912 -5.2258372058356475 -5.151550692276493 
27.107614097684973 33.206425278357415 20.135114946013545 5.36993693142089 -0.9376425650698093 -3.3793844524451977 -7.471143314204536 -11.999942240104312 -8.790550744493451 -0.6157086801973013 0.3287900774324226 
8.251734268545865 19.796072159402616 18.50208837220598 4.548804507627617 3.4320464213568815 6.748661701945826 2.7299982677046506 -2.3455358550123404 4.590353163908743 -1.2273993116634232 -3.519316147949576 
-7.614492899867186 -4.5426797022694 3.0757361776125114 1.4297869094613176 -8.42229780129015 -1.7917801886711762 -2.1925999303785817 -4.7990467509460135 -5.236903463334947 -0.8884146004042368 0.70690567763805 
