-654.1203813786586 -651.4140532833092 -536.4544960532374 -273.08188708279545 -107.0982145364971 -33.5002138719493 -53.44419686190399 -138.8895545828008 -192.54237054782752 -238.54320998066734 -349.680101411986 
15.334015089355212 7.9957801147824865 -70.26996093974321 -77.14573807952905 -81.1515512015487 -69.7909926421984 -54.27605023224384 -5.480178281906171 21.13646100058798 29.771021502032227 5.22970464880511 
5.323320348573326 -6.441291606440983 -21.639343562695743 -65.08955137667539 -65.06859539368911 -69.81805324450482 -78.74400550947907 -62.47908970213696 -70.4174076087041 -78.94324675879591 -63.65307831517819 
-8.437537025949158 -9.704019781644604 12.116204479169578 -1.4295145563285303 -1.303355621911328 -3.9156408325127456 -10.17976229485615 -6.354487658584368 42.918527855381235 46.93860197865108 52.11482908907326 
-14.807816420013157 -14.485024258207012 -20.384274045671738 -30.04876842191059 -27.72665132701647 -24.752209048319628 -18.536817568288107 -17.59813270869218 -18.584754387728427 -8.015208536680001 -5.435279358840744 
-9.147273559890216 -9.503422066618104 -7.092143784217361 -8.872378642748615 -12.800444246470338 -18.60279508440675 -17.750185687719814 -7.356137397943116 22.392958825275333 26.964481658867367 23.66482953871427 
-9.757135424432239 -10.69178258518824 -4.314004852111445 -2.05211658048621 -1.7827685812319873 -4.928170811693031 -3.1752657403247007 -2.2970384726479494 -5.981365442317473 1.718187937193148 -0.043502153291773316 
-5.518686124803146 -8.663672532693923 -21.98669711240533 -31.79564558080279 -26.074079363942445 -23.21307597496265 -24.477191115226994 -13.26544523292556 19.151003171760408 26.03675563858661 27.46872125541055 
-0.5501698106342544 -4.445436275775008 8.272394679588945 7.24087757558248 1.3089788406396081 0.9718072517113847 -3.7641386138540938 -15.037936915494196 -22.049661397809196 -16.250204153281373 -15.720790833102443 
-3.8752665858147317 -2.252139738203581 -13.757429050376338 -9.299565837016704 -15.264208235083409 -10.525211486567486 -4.67866120237064 6.392175012461474 11.95992496829421 4.2770572397262665 -7.385212580414351 
1.9126644335150327 2.3191605165196645 17.25041919850301 21.742882956082408 9.66298144524042 0.4053173582358169 -9.844213889043479 -6.829582365218935 -0.8855553655276805 4.911693465024027 -1.1648643521455342 
5.029289265772421 1.6664005144193852 -22.925506996356525 2.5359026284835737 6.432800897660141 -0.25226984425284177 -6.127211540620246 -7.6496754605638575 0.0480155527982527 -9.723184673372707 -13.80129675499511 
6.9959829156649125 2.16342071743405 13.606269882073551 33.989415450818285 30.96894521026565 15.552383928266398 0.48648136437966544 7.435424816589524 10.39540178725274 14.031454863673947 17.132923572526344 
1.4452791815298516 4.476976976610764 0.05047978956614779 -1.5473682062958023 10.245416468417744 6.852297191171204 -2.904474511553385 -6.713798299160851 -2.490181960900208 -10.301515532343462 -15.553361032134326 
-2.9355261502997565 0.3547351865404403 8.006631408980102 0.4874370817006801 7.734702286007719 20.58469033267872 21.545760282121083 22.15661560264137 18.083841526868568 7.217128790612901 6.503631828505197 
-2.026733999950557 -1.5142972657229439 -20.591279901341636 -15.867008487966935 -16.88769678857201 -0.9095375162657486 7.274765790814217 8.643492402507167 8.598416278839554 15.272384493469549 13.723373412963433 
-3.4651997455541226 -0.4546677102483997 4.133968545150248 0.657234830173503 -0.49469162106736064 13.932854245118074 23.49818933791056 9.212482637909062 1.124211308380456 -3.8410533536314544 -5.64934681247269 
-6.868651612981374 -6.5793411852031465 2.042583239488249 -5.74749624858179 -4.437442039989712 2.8405120794505074 14.181471704475026 16.341306710907205 12.484142942153628 16.024102944419575 9.093913681994954 
-8.510110537304215 -6.465213146012421 -8.453291871631428 -9.450994183705046 -1.4347583143124898 8.285312939957127 24.59284269302195 22.588780028974952 -2.9119219447794182 -9.3739586056105 -15.94492575347053 
-0.5138079553093323 -2.2361538416088953 -5.087276818661851 -15.865707121130807 -18.51233443633849 -14.52468803787345 -5.711213684725758 -0.6244162972473393 -8.138241003449215 -0.35306500877808644 1.0660075826958797 
