-551.9502731887172 -506.46785861270735 -532.4294366831899 -371.08029777492067 -165.74585406848726 -103.3280529480117 -133.90956228006203 -241.86626054299583 -288.07242018711844 -318.33329040847724 -436.8633477425413 
34.65511857697011 35.47386037729221 32.53285836711656 7.9431284861592975 -21.735624688955646 -31.03662077751823 -22.827724575678694 22.41557891480867 13.216899484372657 6.874518143236293 8.395460005886076 
-34.25808302015518 -29.88372173838681 -21.794986974994373 -31.86048148955547 -53.6990518195109 -65.90535791713575 -74.24699048995433 -59.67813182587676 -20.604423673399314 -22.841053897285537 -19.082414424660932 
2.090313704912222 1.5713513224503284 -1.4464223838613783 5.580010634803967 8.563776971214839 1.9386638464437302 -1.9715443234653676 9.936948894960635 -1.086291550022045 2.9176522213915232 3.412364085011167 
4.696428832800173 6.395721355079191 6.22035164526762 -34.95647817100506 -36.099645624889746 -37.34671798846956 -37.62491492861712 -17.716774142168894 -1.7666365774897876 -0.47521210147081444 -4.551787854284875 
-8.105323709583777 -0.9141505155522243 -1.0364579346603302 -26.02052470415932 -41.903903904532626 -44.24835186750748 -42.00370609422952 -19.239431473027256 -1.6489812200782343 -1.8619031627561418 0.2078722675752942 
4.381437239746031 -5.456135088920163 -9.547030338214228 -21.978389121460538 -20.946224652755113 -22.425134743004776 -19.0441747691253 -11.273111394321605 -10.640067063351804 -10.069176013720254 -10.373851979986252 
-21.514110523012842 -11.348108249458484 -10.055742666828976 -9.477477954189975 -15.500438217653679 -19.334749165441153 -18.39645413423167 -10.55203732959285 -3.6645184397097443 -4.19643033814825 -3.0307124973126687 
-2.268156234597943 -3.324627024084953 -2.9321147737078443 -5.260421105954915 -4.102726636198083 -2.7153465309820106 5.549521665056856 6.577091389864895 -2.9014675087926536 1.9019393924591346 3.523584102431923 
-0.638680087322618 3.077185441859888 -0.46218920662647933 -26.224164780637373 -36.41659411962525 -35.7367954349978 -30.150969870725206 -11.143681221442588 1.9662023633375239 2.746421743214128 3.6555712321551326 
-10.338089951396345 -9.892872915087944 -7.513879774982103 -4.2879547146643375 4.274606090300641 5.339159743291216 5.81741527468276 -1.8653746352733203 3.1737176094561494 3.5973146021484412 -1.4117323045665098 
3.5800779661855637 6.758252174662465 1.076857047793892 -23.930863479816544 -22.76488789906601 -21.189290800253993 -17.842343607220975 -7.493268814740523 -10.61947865476276 -9.43778396735139 -11.537847188195663 
-1.9401222162379987 -7.4403934584110685 -6.144022534169707 -5.633631633408848 -14.422048034285297 -17.49672003336734 -21.746732496453017 -17.410779825137592 -5.42135858581902 -3.498063775819276 1.052553394522895 
0.2704206208658383 9.20484881718118 7.848002503844467 -3.3025237025875724 1.5626886246061504 1.0702863709283792 -4.5053965071071715 -7.996828854966619 -2.9833323844246875 1.755734887379568 5.512659230154641 
-0.5951517032127706 -4.492699285433471 -1.6080039831796742 -5.88905679472658 -8.012396461593081 -6.819582801289668 -6.831781464456862 3.6431258822882886 -0.1243317163063629 2.4233192970192587 0.29687844317100565 
-3.5841425286642754 -1.4108929469176792 -0.8493981127656789 -0.26854942043245256 -7.478092463470031 -10.086694816666778 -11.650672928230247 -9.679844555384367 -6.2254223090632275 -1.4904574679734388 -1.2228981733583264 
0.043525756512231784 -1.7210024138085167 0.5371078274660702 2.233615438441835 -3.1160894534634562 -7.0387463890816235 -8.367240029949686 -2.2036683532533505 2.193250155612284 4.139250749776111 1.4100965307641802 
1.0009181034970012 -1.1929997036047757 -1.0015073775065773 10.512016091576939 3.23560416017179 -5.055632126943617 -11.186950875791497 -7.6986942603347135 1.551160086130916 2.794128830410599 1.4013727091418988 
-0.08753930907638696 -4.613633205806663 -6.494854234072286 10.689967912624365 14.42641229567673 7.685987497163843 -2.6786292487143974 -5.389198033549034 -1.0689445161677802 -0.4728708620794988 -1.8801710979979476 
1.9167893425192404 3.8506574040756996 3.5080515641426464 13.791064232886832 18.72086020657668 13.991728123104565 -0.2511059110072384 -13.238668984432511 1.650150625373291 3.995338702066193 3.5537688930182973 
