-380.0045243480713 -312.3191142635779 -121.72433211237606 -45.38135716859933 -11.009828529829429 -3.9086420293188504 -50.116267672539095 -129.85237246034896 -201.47305313388063 -254.26400989261666 -339.19569411575185 
15.147642195162534 7.354902332209667 -13.448630999844205 -21.191667485336087 -18.465205415957776 6.180477865007726 27.9224552482994 6.177789970111348 -17.890383992380507 -16.392605972503702 5.564170966156112 
-34.05572493577851 -46.547617865565876 -61.637158542935474 -66.6497964119805 -96.8876100861872 -114.57887344214944 -123.01383914862859 -76.55530685261307 -7.9177093352467685 -6.850361082442724 -14.5915432037227 
-25.431540372357127 -20.386599836496913 -8.20848899768388 1.6460530559577298 5.7560962442286145 11.032540433691077 7.455683670689225 1.8622575648877397 27.817575048395437 20.012053169559877 -12.999638151109256 
-21.534074413274304 -18.19256972077331 -18.461544172936893 -19.790435794198793 -19.464079740139297 -15.81019770896149 -1.3875325198675184 -5.344889014118484 -40.23294156324249 -43.8930338714508 -28.851940033064523 
-19.84783233853741 -2.3013143690154294 12.048436629846545 13.905715278935116 10.486543898016174 -10.675735451299003 -22.90401654594073 7.644423365958415 8.63234462718663 6.944369828080075 8.466709973544567 
-18.80739890997267 -29.8764329682872 -44.697775266557144 -42.78808703960934 -38.96562368575734 -26.25891797062389 -18.999012545689943 -26.807714027098466 -14.246431550430877 -14.979442276574387 -12.609874260346597 
1.9786450560783242 9.394053765629133 20.890999652027382 25.4360407438111 19.977107387639116 0.002948533422806099 -12.873826241948617 -4.292524803536889 -0.619072829178829 0.2600159884310459 2.1901089655040558 
10.535482045892628 -9.730822865323518 -21.39737968510441 -8.848460398446484 9.422918929750342 21.83742892951071 13.139928264811624 -0.2348859755357276 -6.960981446464986 -9.659542484198893 -7.334122360106538 
7.221590105661084 -1.9217068639383528 -0.15129862378069386 -2.4549906383331956 -2.6159185261167774 -2.8540614757676765 -1.9457110499016934 3.1585801362610306 5.4450479182570595 4.750184494047024 1.0024094620096844 
1.6986093131410256 0.4031187821271498 -0.5645130916032035 1.7340792872752528 0.2856233590935833 -2.8690644571448294 -7.51846032310822 -11.100864728978477 -7.508449209140537 -10.177734387316534 -9.990390588054185 
2.717905974466311 -13.16082933773349 -8.653164626583916 -1.6174741246948097 6.074758850058236 6.60632696408112 -3.1008521974814967 -10.058246146198956 12.529294712806882 14.995890837022024 5.95336927728693 
-5.393621400234656 -1.0315540869299582 -5.4646728970074765 -9.976569077464411 -14.605040857631769 -12.176893204151082 -0.6349933471081095 2.430282669766992 -3.1574993692083857 -6.3719786843542945 -7.107773153198005 
1.3199742881834178 6.678386416131495 18.387489986730017 23.659530923743525 24.087514369935185 15.521391658424033 3.77804525460982 6.18049917381804 -4.5415736445673325 -3.413852075558615 -1.988555401194504 
-7.442461616306822 -12.376941500844369 -25.54828520593105 -21.866726753239764 -14.763551401475862 -7.375984704952327 4.153510736763658 4.444442625625907 6.916547265838213 10.31231928873681 4.909284178745828 
-6.773976827270603 -3.7323057374583906 -7.311046316064321 -4.298611984536678 0.14036001486883332 3.4323212968442744 -1.6763608012672877 -1.851486802011721 -1.3272256664872368 -6.28295200761273 -5.685658368859974 
3.411950475277844 -2.8048571182830435 -15.782332652191727 -19.09852722240969 -20.785129387753294 -9.621555630842098 6.45969571392312 7.630313789961621 5.522821243477653 8.285891118557773 6.505027977345554 
1.8870524983484462 3.8139540421904075 10.37390014825051 5.013323613927525 -4.516627670090333 -4.0069630700378 -0.39592634612405675 9.667336998980534 3.074068644414237 1.6278689816146832 1.661265018313868 
-2.2570586551585254 0.7495312201200572 10.343645839943171 6.521708419919021 -6.200748039538626 -13.805545837899244 -9.025028084667857 0.08867440023102291 -2.4610203765587553 0.5331462163412608 2.6920977135850155 
4.281384121132799 17.55411230536926 26.783718354381662 24.0442786192721 16.0374803140466 4.474092771140937 -0.4687409877361238 -5.654844627218161 3.673665254996407 4.302878889666013 -1.7836569367144794 
