-776.5203548834446 -768.515616702519 -773.8097009603935 -773.1698140841285 -521.2587440700679 -257.2526832442861 -195.64949664261837 -210.23157417860793 -246.49838396167374 -253.31143009395598 -314.48570438333576 
25.20881155175837 31.9393071776128 32.54239526122895 24.46191732102134 -53.144805495312184 -49.930629966795564 -45.58215570909544 -2.0064961587801076 22.445455257107902 26.41647638882319 25.229539191638658 
-16.107242390033022 -6.6418895965990785 -4.395320301308083 -9.01506644730608 -2.2382155642576262 -41.054686667949596 -53.32956690004893 -39.9737591455222 -28.481899906823735 -40.51085473494682 -41.01973042232109 
-2.346107653623895 2.751103555801936 0.703586064330334 0.4080403145970929 24.54888274460994 22.31002791682213 17.068256795519666 25.79395200708469 24.104013168955696 28.025530607976663 19.82748298440303 
-1.6756425771098016 -2.2187527501258204 -7.930672601799992 -12.598000184857266 -12.539516186506422 -37.11066375056038 -42.25127992813351 -22.620298930985097 -7.004170508386504 -7.253330917647041 -0.3927838117242989 
-6.6182818842065725 -5.389389550203891 -10.838234113805514 -8.496612676052342 -30.175684835272385 -45.28380184481921 -49.09474361112602 -32.06740038105277 -4.682417440045744 -5.159892714087487 -9.068841285135981 
-9.91077844068754 -11.950688727215011 -7.816859613774886 -4.380144507576043 -9.262097441372202 -26.534312257352752 -27.317296946940093 -10.128857667420288 -4.780015244362259 0.03365666997752048 -0.8201634796027473 
-3.9788979437385037 -9.405981242908247 -3.6047768203100885 -2.0611240407338207 -12.80946405697026 -22.651321685794002 -25.60335731644681 -17.139040872123147 -4.283201559576096 7.962390911617243 9.202324020818658 
-11.23487069750837 -15.615064314856427 -11.479411786919751 -0.1884123085381937 -13.044140101601972 -15.234425169401575 -17.369907384627087 -5.033822981466569 -5.05049326620864 -4.446095622928642 -3.773998754573163 
-10.179937563423834 -13.897421271625321 -10.3219851634823 -8.942825855711675 -20.454900541975636 -26.737245986778554 -31.36100531718568 -19.139308238412937 -4.46124831210324 0.49353525444369095 0.6632234136482376 
0.7459588996116626 -5.492239405053394 -6.039334242920763 -2.2334879161787824 -0.5520061181775547 3.74524933169276 1.1676017466236828 8.612814874627585 -2.464150292773445 -0.2057805654500946 -2.188626529166653 
12.5531683541735 5.4696722553721955 -6.366417951852727 -2.7051835417545007 -11.017066013271439 -20.114081281681642 -25.55292351139884 -15.875950766675663 -1.0787001275961547 5.82206922256465 7.363862677533801 
4.099182455929272 2.1851445161121656 -7.0728661843694285 -10.15005092787204 -9.164981045789354 -12.253046031811387 -17.43388473769558 -12.563327987626252 -1.902376875733783 -0.8148262479768492 -7.627784238633781 
-3.9337229730914407 -4.194902385692114 -3.109307440026792 -3.3475489160777774 -0.38488174690148 -1.0971289392807653 -4.761874685457016 -1.7856224141099095 0.9693310637802066 3.0461915856770156 3.7592382508350584 
-1.488757472853346 -1.2904968909799532 -0.7215599908660785 0.43603808368900987 -10.29392452330747 -10.000025585444426 -10.038497153731644 -4.254403734053763 -0.7798379970662608 3.9202315115242423 10.199224823477568 
-2.4575947383336754 -1.2861589873536607 -1.5468629449078364 -2.0370571017898413 10.95301666958732 1.1624006536506692 -5.179200981637556 -7.1139030339253075 -3.498971647094803 3.5172510940412636 8.412106208345158 
-5.713412984143675 -1.587261249931208 3.756069032738291 4.816909392264228 9.637263357235575 3.934565946380326 -4.533207666898283 -5.984386842444134 -0.46285870041193233 -2.5689498899658294 -2.766398874531427 
6.067539807772162 5.520874295439078 7.108777394450511 4.604738946634182 5.8096674741654635 -2.8060339216006778 -9.564786509936145 -9.528004575120036 -5.359972686242773 -11.526839555614366 -18.032121908366946 
1.7948613847203245 3.2235779937741276 2.0801136055510785 3.7754747536109 -6.513481054555218 -2.891984867802735 -4.05009804216268 -4.475639382155911 6.84971924369573 5.9487859635067055 6.720194048234619 
-7.469566573760337 -5.446745522602356 -3.559533351651597 -0.3351398880554641 -3.548116354870293 10.663686071869693 8.106736384247291 -3.4573847991092763 -2.736996004591848 -1.5025634056904258 -2.6037473141324416 
