-467.3158280161056 -459.8001208820439 -387.52710131416427 -222.39189514445067 -185.61506970037277 -232.92268708586272 -308.59170179566024 -340.22392604058615 -379.11748789060715 -439.10876265808054 -437.51685237351984 
82.60849674118944 84.68325820063524 39.12179341422545 7.6954648459256045 8.797781288782012 19.62953175284086 16.3936406014583 11.483107141654052 15.840818120573738 50.339122639640536 69.44796450989807 
19.04835243139447 18.413518476381398 12.171986946823061 -50.777359190518546 -65.99310993730145 -49.33925475043363 -16.203517363499312 -19.13848640067551 0.3499919679331491 30.916836655615853 18.038384936091333 
29.010794491622704 32.046053078422005 27.490840245965593 15.78536899194851 14.888841301559069 17.93048669449 19.750618580872576 36.47748496486452 32.26626577031473 20.19473002202455 24.073265996998863 
9.964728627377124 10.061361239645667 19.735905683378725 -2.3300027700564208 -9.801843201170023 7.531899690451869 13.036896433942676 13.305727676780622 18.01991507265015 20.061689745515256 12.62029505707258 
10.026253231446013 8.755447374898377 -9.65770215734518 -15.522129921404042 -11.832872564409875 -4.952803470777015 8.637910068097034 12.672123536138866 12.261917007710712 13.196127582758642 13.78561484482701 
14.851334453658517 7.856838933849636 6.744197264041304 -2.4387230498503802 -7.146231821499872 2.6002015004230694 10.027843335552744 12.200113177109218 5.505511814298382 0.5981533569067916 5.0882274819619 
8.111547703748752 6.080180229739508 6.99287704514367 14.428499343191241 15.92883131296459 10.589293260867521 0.970655027885906 -0.32989492562790346 7.853764120172772 13.843888652972268 12.600561591006397 
2.249774469958979 2.1386151043586055 -5.456895075335393 -17.99551221992004 -19.396673961494802 -9.422924555238964 4.387298990440511 12.077832372406306 6.377508304371971 -7.898751945040392 3.556303392256835 
4.35982040264456 0.8297223300678079 3.074072643065214 0.9247736256777545 -5.103448539402633 -24.227809478419804 -18.34043416020594 -12.240616042548126 -6.2907900035573325 4.987257539769805 7.846790119800502 
-3.901899876129077 0.24467806300640405 3.445353095055382 9.273822424807001 7.434762135127107 0.2907112939303164 -5.156332791308725 2.390688337426808 0.1223648881158193 -1.2090349220656356 2.5119432212851462 
5.5460448922906895 5.700701592513819 20.5006456258513 30.035835899394336 24.040050299846556 5.994862082850213 -0.5248198549966938 4.1880903749819804 13.96232537815358 4.64461710021923 0.8166536702139162 
5.108099640211581 4.067910177210068 7.4430909300356145 30.497169801132713 30.86128840552351 29.365427168199588 13.74118080848274 9.396240336896415 7.33432219814431 3.8017715762798145 8.787014788052574 
9.409678442030053 5.051938775922446 -8.21247648764045 4.052121523785011 11.899294922582765 16.641999177181958 2.778148801410979 0.20360387894791027 2.3320619621611858 9.828792508355724 10.236142894469149 
9.823678587748404 6.338738850181833 1.7108668842353656 6.063330954014976 14.611246781122642 31.992421938968 24.392623341052342 12.31963020229406 0.9201407109652152 2.0661527363484358 6.101165023661614 
6.261235633377906 7.008241848152371 -1.1015641693057823 -15.884062152141851 -12.381287081158039 -4.027695124378269 0.22046604611798226 1.3669186827152477 5.212174938389152 9.563984417069761 8.727242535031948 
-0.8337639924626963 -0.3579244109465348 -1.5354882130197405 -14.478513419855602 -19.309160144073275 -18.498122353986123 6.361489713934284 11.28740172856337 5.084788226535003 -2.0997140719741374 1.0430805565747239 
-0.9437550577817373 -3.100464212444959 2.020030640455574 2.3279444320140756 2.732789969819164 -5.809600981879386 -11.852532154253105 -4.456660387407924 3.6123872915961144 6.103470078716362 3.604615285193449 
10.835275029030559 4.238215039632731 -4.665286906076355 3.1491840421494652 7.855588636635713 13.471618661415476 10.00435820219229 5.154338904252927 5.6286562673922695 4.649730833659875 5.829470437835905 
-1.030029671035538 -3.331883675516346 -1.4077963937632403 -0.449470432620098 -0.6129918696829544 1.4610421414663586 0.011556141343957993 -6.890258070339735 -7.308600856687264 1.4183572776219537 6.281239275689744 
