-540.6876766250158 -392.59625847370603 -136.1661404109221 -55.671031898730405 -69.48169879071624 -137.22323715891423 -188.01841730403862 -229.92454595270985 -332.78963602157694 -486.8527843439779 -561.1702233861308 
63.62134621048827 23.328697639212777 50.28680381733243 51.09635910278186 53.2087165995317 31.42423427493297 -26.853879849422395 -36.895690417596334 -39.01714472752576 30.913073872164233 81.78445063579545 
-28.77825698156758 1.0152976757141765 -6.0450579423092545 -18.79530534824049 -29.10537912304274 -21.420943431352242 -6.858682617578669 -5.359655611406589 -6.17524117655984 7.977417568286649 11.440540094036464 
6.520782356058529 -34.85074367277946 -19.548521466478277 -21.733864385033172 -25.053897078683832 -1.2285425782471022 10.036232903759444 9.946891456857784 0.34446025970758576 -10.803078928819861 -9.717490635712537 
-2.0676360799837648 14.602920301127138 14.693302956329784 10.9629305669928 -0.8024479550004984 -38.60561470673094 -51.21444926762571 -48.42721776925738 -41.76223071775672 -32.08768475349337 -5.84485018232464 
-25.631936934381407 -14.67715572037004 -39.16223768049721 -45.74490427519772 -44.66312419685532 -7.842960157543741 12.716268870599507 13.62163677511058 18.644331433934234 14.726707706082337 -5.772952422134472 
19.723668431129283 -0.4151251559569443 -12.203047641059557 -22.816832388911013 -32.67674041107833 -38.970121421470616 -12.163620315464737 -4.038139529400901 4.509408475537647 2.2741539457359714 -0.016343594895356084 
16.17171492586636 13.662778935643333 32.52326701610757 33.66412444868952 26.96387190743112 10.845397280189042 6.683207281447524 3.9583147570417183 -0.0721774702968 3.9264172313662087 3.207890023557953 
-35.77079370399625 -43.52538842322014 -33.52851110609888 -23.048526098167994 -19.15649096204962 -4.47997199238754 -1.0883596584851989 -6.772362907664826 -14.488392333708699 -20.43506604966485 -8.527455630363665 
-26.44232918572686 -20.123141787260487 -36.36796134236239 -31.45659411257847 -31.19939912336665 -31.49625859234974 -12.43033854444872 -11.033140197914113 -14.85538346725738 -22.288087113981078 -9.291865962555985 
1.4915579569965354 -3.450924009572302 -14.044175440746447 -20.64123797475861 -19.99398426829753 -8.956335501606045 7.040827580520648 8.015341836538301 6.588353241754437 -0.19320065668878478 -7.171259267063674 
-6.21472448390705 -7.369666424180398 -15.218630362498299 -21.949280164636047 -21.616738785345383 -19.073967141407394 -12.424485287844282 -9.081019971140966 -4.600264208927764 -5.961531365217016 -5.2047319681586774 
-3.7903052793311147 -0.4632275845254923 -0.257809952987848 2.590100087086948 0.6639764162281986 -0.7429362229171788 7.3181897868185946 6.608728873744554 3.595054572291148 -5.779663707688013 -0.5994220157487695 
6.965509587983229 -16.680031373426612 -6.287195402321641 1.4721570549104284 2.735017790897409 1.959041787960167 4.65733289060047 9.327834161654147 10.998891491151007 11.555891985805998 10.83497533989788 
-0.9249037704180584 9.785679240611241 2.3887359549206835 5.666476927775651 6.17215895962471 5.091760800518278 3.110954145086849 2.6434504661797993 2.104799876138488 0.4161680506762756 10.048757327302711 
-3.9205160098357252 -0.43841395100362696 -9.157934586611614 -12.291922379746694 -6.825395660228205 5.6575569943577335 7.42317692547943 3.7616393627802864 -1.5252378956158372 -2.6963529563418938 0.8317463884001022 
3.9781334487242193 5.3937934394703015 -4.883460417822546 -11.023331730205307 -9.434122975156917 -8.396561660862314 0.6175127949736016 -0.47035125880749884 1.132220284340991 2.233856269673784 2.7037384573697767 
5.6015642211743835 3.5942952208629326 16.05719924041558 7.835894305730266 -2.4241923392327247 -6.196151518537008 0.4398670393562197 4.280244450548776 1.4378346338603527 4.393597778750303 3.839045797931268 
3.8789710261876427 -0.2795335927928351 11.539348519210836 11.719348908614052 5.585282562876715 -2.253113047268122 -7.2378468037430945 -9.703680855594818 -7.998153247474173 -4.14484604017154 -3.416703567710287 
-0.8366388817301111 6.35537656337754 30.583384443412264 32.076370912064725 22.079041203075825 0.8715568926891888 -4.735905961857203 -3.492016080452211 -0.0538020894798526 -4.187417594880452 -10.700771656182713 
