-470.93255894611434 -475.0386667949457 -458.3482037256326 -289.31828432498827 -202.91382109798448 -190.98907710602884 -161.2899411625254 -149.48169446702067 -208.04825401608022 0.0 0.0 
46.81184129452487 35.12188418918373 9.814507240043046 -7.722828227629151 -2.040957125674451 20.974446821981623 42.41867892831821 42.61686909087345 44.0215568014268 0.0 0.0 
40.12305173890427 32.84133301853617 29.793438379936724 -3.9299877903389207 -30.48623268601391 -35.541171175005246 -37.14935386792526 -38.435013861906285 -32.19811483654847 0.0 0.0 
49.5806785998187 41.906765708073735 25.064022932302798 23.409745264865116 20.3150009188599 18.747311425093848 17.151461758452186 18.637618533406485 19.538809617731342 0.0 0.0 
15.592185370081527 10.362899698328 7.710579333054717 -5.86348960771006 -11.504433234681562 -9.249974718840821 -6.615233507488893 -5.6297083729064195 -6.75736147587475 0.0 0.0 
16.42362434583417 15.771651154923074 10.762514637235066 -4.7675379269468845 -6.344905239096663 2.7564757627235985 13.013885461921406 10.887623233944995 13.87822299419313 0.0 0.0 
11.465197167102975 10.31529039166991 8.27421413358905 -3.356059860389953 -7.504025319575939 -1.408895373032916 -2.2818798887067437 -4.107951972862284 -1.1052066242924696 0.0 0.0 
9.194869563461094 7.74274344125587 5.784319400632449 -2.9128430663277443 -13.333101630391848 -8.765388837840907 11.027348206613357 7.986174620706514 1.6873066277551427 0.0 0.0 
-1.38607938751053 -1.1237388397731896 3.0753751715323028 -1.1829010627913459 2.4957390879918107 6.03440052466873 7.14266030644127 6.539187259889569 4.019211373773911 0.0 0.0 
-6.3016955548350495 -0.28603808375634276 -0.39463343304044307 -8.712356192193383 -9.915208423275722 -4.6975093964985195 -1.1325657965296203 1.1654277269382907 2.15360633649341 0.0 0.0 
-2.8806834621227675 1.904284329272198 6.9740055602535325 7.491487985481061 3.213274442702638 -0.954252085575857 -7.839172543746952 -11.122551069172548 -13.00869200743561 0.0 0.0 
-3.4603857140911547 -2.6584836938791305 -2.2822473836125217 -3.4019522844317933 -0.5682897280140781 -0.28062379041109675 -1.3642297688886558 -3.8460752058743792 -7.894038395301854 0.0 0.0 
1.9883108851519642 -1.3834299514017285 1.3545582087563008 -2.068904688969252 -5.631529672701235 -1.7361988292815136 4.553526941217752 2.2849414855027668 2.0879649866340735 0.0 0.0 
-1.1724855018121012 -4.309453182318329 -12.801836994283947 -9.400658977842943 -10.605179181437567 -10.035780225438387 -6.001256541781843 -7.790809756448555 -7.209318287082491 0.0 0.0 
-3.3614993449432875 -2.6196648961331146 -0.31436897726134183 -2.1751277821437625 -6.848214864970049 -6.525146614596941 -3.735219005592345 -4.3125902572727295 -4.3864079448278535 0.0 0.0 
-12.308616489470007 -12.496115716563953 -8.279417055624279 -9.666299535111472 -13.808614934879405 -20.04565096644278 -14.01813442962116 -9.402525804396305 -2.424037522661552 0.0 0.0 
-11.947922351226694 -13.010423849197934 -9.715904383803494 -5.132325493298196 -3.4787470632002604 -4.3939638187727255 -11.113120803458337 -10.112177700604594 -7.413675612364607 0.0 0.0 
-12.570896838084892 -12.06557553709581 -11.157843857940252 0.09920874483871023 -5.743187077519538 -12.327765693962231 -6.059407441809753 -5.9507983822552175 -7.538719700903525 0.0 0.0 
-14.206476008018331 -11.967230452917953 -6.954941632316296 11.60236563871424 3.385691216103785 -5.602342649741972 -1.977614309922886 -2.7002030006242643 -5.588398204396137 0.0 0.0 
-7.918276276227585 -5.2930734260890615 -7.238336304365604 11.124767870007059 13.136633851221607 -1.4900171246712899 -7.582783893354147 -3.9406511587207285 -7.490793762400193 0.0 0.0 
