-246.709513732111 -251.59977254038677 -260.85022780378756 -256.68883595994816 -253.2420801392519 -185.5325205352271 -81.10554624557977 -56.63605475767256 0.0 0.0 0.0 
15.12613305165668 24.76691477881659 27.322621690605025 33.564881085119005 30.9334685575742 62.68423426543802 80.7491911364028 77.49573154427819 0.0 0.0 0.0 
-18.459403521671057 -13.901375483890792 -15.173568025824471 -16.437812167934023 -16.169548768949884 -15.49592060634863 -27.645118295598536 -28.67228595984681 0.0 0.0 0.0 
7.881443339200141 10.67974125031461 11.783740641585915 9.364864756078504 4.199487520746253 -5.905044382335273 -0.0891250424255282 4.988417058479822 0.0 0.0 0.0 
-3.7201694830102645 3.182587575370922 12.56650869202031 13.913962280820186 12.537171136623174 -14.443699592601678 -19.59642644085126 -16.564514623890265 0.0 0.0 0.0 
-9.03779533316129 -6.900508996248551 -3.780100575240061 -3.829772792480381 -7.433209182103456 -27.373477857582383 -34.25029256069082 -35.66261959380655 0.0 0.0 0.0 
-9.171894914457715 -4.321332643503132 -1.5252136251659272 1.4773378831877846 -0.8972705200103728 -11.561225498517302 -11.641385019825307 -12.593641912867039 0.0 0.0 0.0 
1.8236388181274137 4.613961388102102 3.211360246194383 4.639439669549743 7.556514897056596 0.8628931023046545 -4.321250561474366 -4.692563877294067 0.0 0.0 0.0 
9.599853108368748 10.909167581705885 8.663559963731657 4.086904451329338 7.276030982035293 6.096330216329923 3.054482164343792 6.123453450140206 0.0 0.0 0.0 
7.1802583585617406 7.039609731867571 8.148685000661205 2.547249148059403 4.738025693638847 9.24592179612994 11.631546464543632 13.760092943331092 0.0 0.0 0.0 
5.777641131692168 4.659239576325508 6.212035710103815 0.5819020457713626 3.1381714940810124 15.392627756744705 17.545947783772885 15.855308468695794 0.0 0.0 0.0 
-12.132022446236334 -7.338343362590994 -2.155805633242329 -1.8595486606781482 0.7320115193308091 9.064675126476004 3.049601537016356 -2.9858837947137316 0.0 0.0 0.0 
-6.201742388797963 -2.739312904862553 -0.5818373403754886 -0.09158069972518923 -1.6532827241034995 1.1569972845551266 -5.049044013013697 -11.230615427300517 0.0 0.0 0.0 
-10.163179671922205 -9.584629811793572 -6.295868961207007 -7.975975957881503 -7.502857954237866 -4.866846037342109 -4.37646145483987 -1.310278392615625 0.0 0.0 0.0 
0.013122796141006421 -4.241537872379701 -4.204167665422165 -1.7384449717123722 -5.407858344456388 -16.363621907121736 -11.523873505263264 -7.091909059482102 0.0 0.0 0.0 
-0.9250004987849512 -2.5845617785566968 0.5019192855537844 2.641782940453158 2.77244176639196 -0.5823529244014629 -2.3228605680442302 -4.44220653201543 0.0 0.0 0.0 
-1.5303670098626243 -0.5573190720474623 4.9612930480417 4.012025451460213 0.9097643244504603 2.236368782807163 4.116619641331612 3.0264190879064516 0.0 0.0 0.0 
-0.4546132939892259 0.9901844513901867 3.0599707875275457 3.9086314444225154 -0.8122194932004916 -12.332357971131847 -7.948905595656363 -3.753212683423303 0.0 0.0 0.0 
-5.427510485881663 -3.2480550236158643 -1.4542907779779968 1.8790016824433677 -0.05241389474968661 -6.418807492562874 -5.664319332079826 -3.6348392061520687 0.0 0.0 0.0 
0.355483798077193 1.6678008554509898 3.4244651794069334 3.8118855591234517 1.7185910645450078 9.610893893736483 7.238246782690677 -0.1876106500731895 0.0 0.0 0.0 
