-615.798068629989 -617.717632642953 -615.3007678347351 -507.7928246303333 -166.39399912411108 -31.601667560846323 5.051279429738369 -41.473457273473954 -124.22635824437963 -186.25521603377962 -244.6102151214837 
28.21557834541232 25.95025873368425 27.613778167922405 43.34948550595662 25.832271787901302 20.933426096198634 40.61011585284168 65.27561298791446 56.294864896338495 26.19013430853759 21.18256528403605 
11.36924618070928 10.553759896228915 11.461758552382246 -40.380771382305575 -74.407152773391 -88.48752578866649 -91.95083422466288 -96.81585466587129 -60.753722482807376 -17.18170345672727 -16.512628254409123 
-5.3043063348121 -4.162372706653722 0.39166527498016446 -23.208238915425046 1.789848205491589 -3.3440593665935783 -4.053013687460972 -9.474992293563943 -11.323327571231466 7.658089277995765 8.286529542540379 
-13.878176892302161 -11.742815591343017 -5.1575950255807035 1.8629566487434417 -0.09853614570349639 0.5966272662023282 6.926158530210565 16.124103127313415 9.863243673938726 -9.03076899878259 -15.415890595339341 
-13.256683536443955 -11.812165728097739 -8.906673403451116 -38.058375318184176 -46.877019405712865 -52.45023650538366 -51.52305179566113 -37.324273469724524 10.7228184121231 8.624184910093652 3.822254088469313 
-7.965259485956584 -7.739724427976826 -9.379949829693459 -0.7974410983512341 -4.5609831264779395 -13.728026515891932 -17.746549488241 -17.574144351377054 -21.972871852089707 -6.83095819410257 -2.5541724017450487 
-3.190822723466565 -3.414581331428564 -6.678402387602292 15.058152872096167 -6.6689289680247015 -9.10667498103213 -13.759051123339042 -16.618529586918363 -9.861520675269047 5.946390197506359 2.9395458824788463 
-1.14821734060527 -1.3931998014107072 -5.509402724223447 -4.775268587828115 -15.896343347291577 -12.765370167681908 -11.495506682890227 -9.000503657964074 -1.4524730672916382 -5.126699498338258 -5.235969590137191 
-1.3361125723356428 -2.036512533436166 -7.323276126884181 -33.0784997745406 -21.177017524231026 -18.128328310945566 -15.474101219434722 -7.327068219327003 -1.0145242375979628 -2.3271531127800964 -0.035136727754857655 
-2.841366718129779 -4.024826555541903 -8.96579273628253 -15.743793260520329 -6.237947823670732 -5.440717120834781 -13.86821453801943 -20.908356107754123 -16.936710838171674 -6.255717532996937 -7.736257754836791 
-5.402885269850724 -6.10395564644881 -8.581484355136823 -7.3665677532018154 3.1252871840634673 13.37611557132892 13.91107312986233 15.038236036868817 1.2988282278915348 5.686474302949752 6.0457467679366745 
-8.428380309463272 -7.762867124447023 -6.490853184870296 -13.201521452794589 -26.243092084343466 -22.54701957811769 -18.84469453142861 -10.485347452177209 3.7211889465631716 6.792577209909126 10.112176044717891 
-10.07712474096582 -8.09925639080138 -3.624017282891967 16.62701860881152 2.1235442620342777 -4.576357569029397 -3.6718136584823613 0.10602373236974039 -0.8619873716497872 1.0736488838420681 5.344364562207636 
-8.334878099165476 -5.678033172097347 -1.8050070422689597 0.3118097099903606 4.030268085873333 -0.47849035167711135 -2.1661980743973213 -1.6345468478565703 1.4737663584316456 3.4460026950227585 7.465418298624396 
-3.197870814427729 -0.6475305776072495 -1.4204079219844374 5.574443617904331 11.2684589469534 -4.536022326428658 -9.550094139670254 -7.626948331256744 -3.440707518553152 2.300845088974605 3.820208484473642 
2.7034404437999777 4.238708127640704 -0.32874027070530226 3.2036812056416775 27.513401917843257 8.407015188828826 -5.807169150615422 -17.770497803471663 -10.519000970201965 -0.3096648010197852 1.1861606856948541 
6.17098264429111 6.105085329666977 1.301358874538251 0.323177732923456 32.490118597161775 28.113072422661503 17.13665447205553 11.743086599853429 10.900548796109007 1.5889565300311759 4.626687037270951 
6.229781968687972 4.876497609275037 0.6004462700383392 -5.747721401272548 7.874643203960886 13.12196518399324 0.6222908609534408 -10.5665134362815 -6.201059399095996 1.0897745187032495 1.764468046897623 
4.701674793447185 2.861299607089379 -1.0945978984089366 -4.829372657269148 -1.5383751041411289 12.694534428998562 8.959696227621613 0.5442705518740751 -1.4545675654861818 2.0353850888815894 0.7332339423420757 
