-340.15484715551355 -336.2762208717359 -306.4885040529465 -246.67059517546932 -235.62957365127917 -268.42854892465596 -275.55572291865275 -288.54662879066905 -313.89228403159035 -311.90020813973456 -306.2680967382046 
-7.402496885117285 -8.82076527666977 7.944143244137796 35.249255958164596 41.978575487438825 24.27729535039437 -10.060586432667893 -9.995185994300689 -0.3237541432210913 2.0264545993735554 10.906444411179553 
14.06995244499926 9.682340664542005 5.829040495938557 -6.408853126387061 -0.49740936193337204 10.209315195922127 6.182047696372071 0.6741311313293241 -3.5082252282488677 -8.64200133980873 -5.5973643780611555 
-2.7867929509452036 -5.306690810567739 -2.90426281915885 9.446492765481649 10.062620793898251 9.143564895731767 9.386082743159232 -1.4633218079239048 -8.611844472689913 -12.475161111365676 -7.795568498314891 
-10.590222073855607 -9.346107890847058 -5.739702787177405 9.574024730001526 16.38819759074672 3.45715714325297 -13.713585761178493 -14.992944980336546 -11.900190237254083 -13.58474464126336 -3.815112384003851 
-7.835363603639939 -4.54108922957117 -13.16740633940097 -11.61256699896289 -3.702426883480423 -1.5020322091916014 0.6416956753341232 2.793968884765872 -2.3380871640038734 -1.7781031589159304 -1.122201089962776 
-3.7683120388631344 -4.088244339443941 -22.26385368217342 -46.545113384915474 -49.15463440217526 -26.724449995742823 -4.113145275590515 -1.648757658626068 -1.1359130835080002 -2.27057749996632 -2.6793096850840756 
-10.514463924352446 -10.852525018676118 -14.044340357339312 -27.36141070845208 -29.83223795277523 -24.0849502471809 -0.9065442460990278 1.399943865039614 -12.652168233605334 -12.338075682586753 -3.2909229880816167 
-5.2656268704077505 -3.211573257785059 -3.181347098776932 1.3369080855298299 -5.361646710025303 -11.358177265384587 -6.453762996283968 -2.7789708074112065 -5.049538023917332 -14.575761091524884 -9.0793106574082 
-3.239242205301592 -6.505518189859855 -13.12056444571904 -6.904789462800678 -4.125266685829899 -2.769018457103361 -0.7862252269082303 -1.0831029605627398 -0.8254099052786492 -4.0979291896868055 -8.058014224554583 
0.5090130574118408 -0.41153542649173713 -7.849277488989321 -6.107115054378838 -8.059937550996857 -11.477804693796555 -2.447613632318029 3.0455999519263472 -3.657675219507645 -6.547879314925627 -2.8837138218022114 
2.480840777706092 -3.736097886701333 -3.697131400116511 1.0724628549890913 -3.857157757929026 -15.129412291094468 -5.813644554773198 -3.032784252758211 -2.7738418714400592 5.63543944180132 11.41649929601026 
-1.7014164975585981 -3.921020807542808 1.3889401900256866 1.1334427482824692 -2.584431173469476 -8.746708545692416 -1.0339798359259744 3.479753505410711 -3.62687922404498 0.6507123145930654 1.4391540420199986 
9.749563846971594 2.738917485023048 6.866174553051156 11.869520408316586 4.14082899465237 4.816145376857332 10.074811725180004 7.1027165873115585 -1.0744032085588573 -3.1419187471121295 -3.1673107754810967 
-1.1835975261377663 1.007563873115228 13.575402552395474 23.670924582211335 20.411474289980077 5.105055805192768 -3.0124729488045876 -2.558101629111295 1.7238675192109927 -0.11302516897438952 -6.268784279815038 
1.8606285433718621 3.3407368724258664 10.040948291475061 12.978594773205996 7.7541462413666284 0.6358594154014887 0.9188085646199564 2.3872931904675925 2.0336567515956534 -1.3160834734074764 -3.0311921040361893 
2.5456724024089303 3.1054892190225885 2.8440373749903216 8.872383600429343 6.538543122339622 6.6281038391317875 4.289536034759242 4.6339269559277705 5.230569825584721 6.730343527816977 5.822663029167043 
-4.6036259584157415 -3.222146388594104 5.020116738668773 18.965681365484947 19.26696348806989 10.277983258501028 8.385960539665215 4.036417655876156 4.076104478843909 1.9016310327946968 9.776756914773463 
-2.6140957273530074 -2.8740946313884903 6.141704374611558 23.961945976988513 23.714846578646764 17.97343182636733 15.731279358532142 8.302821936840193 1.3660116844643049 2.997306028782031 3.443898274268354 
-4.755104979836053 0.9647540816378448 0.691356847994223 7.884644005840642 12.235270486610244 10.427241389804882 2.788633852266099 0.7652448361207026 -2.8260267600901514 0.787399946020037 2.3790416734087176 
