-393.52340570972615 -374.70127368778145 -289.3503785745798 -185.02385012301391 -133.9439327965246 -149.84174459837448 -172.70072759351694 -190.03521411109293 -225.71482732228986 -313.8342480904382 -383.5369117812693 
35.92448907132744 29.40184084574649 14.442258343041457 11.340499671967766 -1.907692531982583 4.725278598965552 20.76265850895689 5.482673334416003 2.5357816691331134 12.690889265310702 36.68273939021503 
-26.35868633572749 -21.36182058460507 -12.945497876812283 -17.882602713620848 -54.737972718097666 -83.49834502010037 -36.88176204239065 -2.3480343090129674 -1.5147293338827978 -0.15220910751119676 -18.9752444099958 
15.678488006592946 13.81300100690118 11.892156486207197 31.143897751601276 34.863421188194565 34.88086982302395 10.815699672014407 -2.5832327497005423 -4.607784307982731 -4.432415597878029 13.56004526606182 
0.0049707731461613724 -0.24980087502136844 -6.102599392604322 -26.209795076253677 -19.474020062370553 -0.48901744581159057 8.815520954340446 -0.5008909772524917 1.7609553708238432 7.427257436502954 -1.0369815282893262 
12.422536339897427 8.784174651170705 -9.397572574724975 -26.956471150651325 -31.48051111580832 -25.442482985385368 -9.216684071556383 7.585473334970684 8.568512831417584 11.31778824482767 5.613818464426051 
0.1541491289534801 -4.142309106083049 -7.61595387029229 -19.700603410835885 -18.199445020947405 -6.412456296484468 -18.308525780200405 -12.256482960289148 -8.872484779862134 -2.678023181554949 -2.4840338615214512 
9.230576231025003 13.84874122267115 23.12968310379918 13.4539373840235 -0.4560685220512638 -5.103735114551956 9.817223309795564 9.880089744360975 12.267222922750362 19.259996242193928 14.628678758312054 
9.371076877865146 7.759882930789999 -3.790870182936305 3.811254848861114 13.451868762801235 14.749222980035999 -4.276811999716916 -13.20981332328291 -11.505008837049683 0.5358862388341186 16.939174627711793 
7.4881100725053935 3.418657493439521 1.61165628937334 -1.8525685708917172 -1.0170232317600594 3.695171226825515 12.72345073591712 10.361932657409028 11.944583543503608 11.464816663865538 9.996087775096719 
7.075768238895075 4.48123925524271 0.633903985006173 7.753312070645093 4.1981101133894905 0.6853981259911254 -9.131520659620913 -3.5176603710678362 -0.3276795482195527 -0.8621036135446583 2.59335795474013 
14.561040346479814 6.813252942080663 -6.563697193772894 -7.1760447920647845 -5.179665713242549 1.6538294273810608 1.1526606566620767 1.4477770230294804 5.609882339056991 9.78398460456257 5.276258468123778 
5.780211789747576 8.410109183641453 7.224428093606898 -3.6210217227704895 -5.973706354835478 -8.315932451408683 -6.114837949593171 1.6320733493017165 5.869231516722715 7.043549845481226 9.347667794193578 
6.289417830452496 9.747654678948553 11.728000107799396 4.005791366649303 -1.1673911859737218 -11.91936022813207 -9.854244930012669 -1.9567316013671079 -0.12685904008795656 5.5187881413452695 5.920871194127219 
9.044579963010356 8.539467525878027 7.016712626112003 5.314310524534774 5.011048656652486 -4.116361934896282 -1.6473231306502703 2.5312270270814743 1.9632382630307916 -0.062001825096213575 3.2681388109335505 
8.023372588045188 2.021838022012781 -0.963657471569878 5.209998947310025 0.5463925946564457 -4.725455596075928 0.5919184782143555 1.2325020130887183 1.5378090453688475 2.044345989844532 5.874427172215497 
6.615055905789121 7.867974725852177 13.620560631308987 10.934401359377386 0.39667475674707664 8.99109640177072 9.54627373012672 7.133001494474139 5.835445586834138 6.893666957574721 7.43572461562132 
1.849228981398702 0.68098648798238 -0.237646291142055 6.461502902081216 15.12090297940355 32.212101362125466 19.917195247571897 2.38429426067344 1.6806770611998352 4.159448961928622 4.221699366158981 
2.844912426673161 -0.8788485316585729 3.0822813804879887 10.078537714253493 29.018309578562473 50.24390282804971 32.20255962820512 5.984883573618134 6.1506715538812164 6.072271701466285 7.0113922806318065 
-1.2999378082978095 2.6540950004770854 11.765450192383083 27.910757933680166 38.83210216297821 41.60776377885105 14.231039323673777 1.3499012726006452 1.4942436256588931 1.4083954127661602 6.980930022394308 
