-286.4038072753046 -291.9896611202327 -291.6075163412738 -290.51440195657995 -294.3568946460475 -173.440886551066 -78.22404139499893 -81.55923093231232 -163.97515239434762 -234.32382706780908 -262.8641052538813 
58.22806066781865 53.40005559680767 56.400224760378144 57.98555406173274 50.42495078869666 20.798649002505055 14.459016542537835 27.37670322030566 40.43692110820726 25.146068531508327 28.16099219828738 
23.918115795876588 18.715038135269314 17.177030471588175 19.08802821547841 15.444447894752603 -30.517799801098178 -56.3016834079816 -64.33609368107551 -39.52607757244307 -0.47929748509056935 11.75960117075142 
25.425632568963593 22.998965856762958 18.18168777069407 13.502246757734753 13.176361245967495 67.7192166973083 62.28222376575361 51.25478358826949 35.85491314373154 26.545726939821865 26.81358480271733 
16.07035174075184 12.388693974683086 8.135521652481724 8.429276483318699 7.87380904296457 -14.376037690199421 -6.608484518907435 -2.254299587643676 8.905024812310224 5.601773662897634 2.0000592557928027 
12.131316647736565 10.477452223695987 7.55678710991967 11.523703535163573 11.31277227403416 -7.821905713974246 -4.4496991598477775 1.4863651003911196 14.974049876417258 21.774334734730694 22.813113979201106 
-1.081720269399046 -2.4056594577111423 0.2957753091946029 5.487181772645389 3.5605887731692096 -0.3265482895728636 -3.0749637536663723 3.507129365810612 1.1485888408632308 -3.0936158991209295 4.919400937415204 
-1.8106740667191323 -3.8490505335870324 -0.8547960053486247 3.4672221206241622 -1.1380881575590633 -23.837015627933013 -38.70453728425778 -39.87191395456779 -25.417719213598865 -11.115122801504732 -6.629662587946499 
-3.9125763739089807 -3.6290643291991698 -1.9932751944311835 0.13874010654722657 -2.862224532147126 -4.829310002683617 1.7119762356153272 7.4745806998445055 -0.8975902754084456 -1.5907659199053903 -1.7975661913082137 
-0.7450240506849142 3.565657418354434 3.920208117411734 -2.8524042302954657 -3.1917997600625547 -26.857342883809284 -24.445553268478324 -14.633531478675682 3.403254132482559 0.6720145362181025 -3.992972602828041 
4.769608772774104 3.6808013153558794 3.882044679638817 1.800904571641809 4.523165858643727 12.023090295386117 9.910091746298772 7.864102035241297 4.929894357724503 7.160760375416193 1.7296978267933651 
11.190606210023375 3.989840774250646 -5.918297567997874 -3.0648696899010015 4.605720676999721 12.502652127511558 10.705327748529223 9.965188069551063 5.059929853417811 2.013952522606568 5.515974457041246 
9.112139340807866 3.2216985147153823 -7.4701785426192515 -1.7851275490674046 2.5593680941196997 -14.572494440743348 -11.59172290333849 -9.59942294197236 -1.3187643615205642 -1.1121874878358224 -0.8186183862030215 
3.2857347567713133 3.4239150619248244 0.7833715054118547 0.5421559891913833 2.616076192006997 7.299247370152804 7.249210206049203 3.041529703833548 0.6369109069531123 1.544110742354496 -3.2667520187890995 
-9.89384455611587 -2.0119519149017235 0.8554667411822185 -0.13056258841193702 -1.3427324939376843 3.921041474707925 4.112516820289301 -0.06836873968293289 1.5291861925478845 3.7586569244204515 4.890205943368045 
-5.4839138501541616 -1.966975890621274 0.07079418324264974 2.7753129308187257 2.3063599016894374 9.172375454258113 9.298701473979627 3.8603918279237255 0.7403783616857685 -2.9034392921339287 0.35327355720746745 
-7.2856868393868055 -4.642896559047578 -3.5871796581866255 1.0121728280199167 2.5236799838113333 12.301598199656137 8.398014561831605 -0.09262287354476595 -1.5477982331908988 2.046521623678709 5.659418427384447 
-1.5443113880948354 -1.2705531617781411 -3.153228276175058 1.0644299534412502 5.642846962593293 3.2955660753173506 3.440627288326016 -2.5069600077357954 -3.018512758120382 -1.6029237036176367 -3.7835438421695073 
5.156619510702457 2.108998769736978 -2.93686025884144 -0.9549260203882444 8.242707881547096 2.644733436715841 -3.3356396101110635 -9.674973310940135 -7.877419550548471 -4.301681753852699 1.8938331718744374 
0.2633834329316658 0.6203035242294322 1.3459001713421241 3.2994812231819015 3.6815902294737874 1.3046661741175334 -2.461571252162744 -7.00391066721299 -1.4452820187033975 8.943772781910486 10.589933179942987 
