-294.15967560491447 -290.9977787489018 -289.29189457566275 -248.92190833289723 -107.76522721129481 -57.980611316115 -101.61086375424009 -209.1295405084311 -248.96202440202714 -272.8717105833702 -285.0686681502183 
54.641521852516576 57.059115950458384 58.849134184749374 35.05796353862922 -11.314648634239681 -7.156516661552741 19.160232494338054 26.729980562752523 29.095542494372182 44.04404747318439 53.677125674370245 
22.547905431227726 23.27627618497832 22.40593170598899 8.597073642189248 -22.87197709792536 -43.902530512023894 -48.68069749857124 -12.457221427764015 9.734992009598528 20.96810291039803 15.49460972488497 
21.568659544806522 20.263933797856573 22.62982200030435 52.66329076012718 71.60477133659268 57.13946334297692 47.42545816357448 35.58201584150841 31.925208468084477 25.824257053177195 15.476377974469395 
8.70744750938093 4.696684493186089 10.07571804331727 -10.20947947565465 -18.660840821684037 -15.741879471691785 -8.054694814531617 8.727432281943912 -2.30342033571884 -2.8563347775553924 3.4712117701358354 
13.413484711865806 9.85770369620759 12.820201517027986 6.94609771499787 -11.808440197042954 -9.202108594331289 -0.66417257742252 21.471185447683794 23.539679982913583 16.378623691296124 15.38723601418933 
12.277781881026783 10.429035488527273 8.316126028615125 16.23137822400236 1.204936822112638 -1.4588829220405342 5.512627006244703 -1.6471447347726578 4.69765565622874 6.292975763190551 7.503477785277339 
3.767845687906721 4.1642926056664304 5.402621069662588 -8.891588699934209 -23.38182917452827 -30.524971195822573 -27.973865261011717 -9.829712563866485 -1.7823211373337586 -2.387960873657951 7.028345711295149 
-7.269651154712225 -6.492219500630675 -0.20530654209535637 0.3036911815528982 4.065748773412772 11.095518216002084 19.45234186390462 -0.8822406525755395 -1.4231635393321684 1.084373437459608 5.4959483957185435 
-7.155775257400956 -3.114735622766655 -0.6800699321874126 0.14639799383441202 -14.361453279624754 -11.804377328983037 -2.50929435295338 5.551279858606838 -2.4261644960573667 -1.8125098837216007 4.591575438156236 
-3.8704365294749246 0.5771022589871004 -0.05507250501463906 1.9298982802715652 2.852839530783598 -0.5828410847042715 -1.307164604144532 -5.712671911274706 -4.990281906063368 0.7598491506229681 5.287640035652713 
-0.9032811818569552 -1.063081258328537 -0.848523119679615 -0.20716587960628913 3.9713396262514955 1.1495876981006288 3.754894098493508 -2.6181998954611805 3.891080460794182 4.357617838866244 1.1532401407536967 
5.556728850069595 4.02522639283509 1.4298092883479252 2.9112765652720767 3.515376032864145 2.2740678641243504 4.943146169199611 5.99525632248415 6.211723003037867 0.8038767267425462 -1.6910335574419755 
7.246240202061122 4.354741518869834 -1.3616840328857385 2.492313094016867 5.168192140288713 5.22449574188567 6.401590967162051 12.631166157751638 3.100862359262451 1.3953311996815096 -0.13121265015569095 
-0.11989227754401294 2.553175902679311 -0.41436873797277196 -4.530163874906041 -4.133457015670912 -3.4141863817956453 -0.6775269556195184 4.776707427478467 1.580883025575007 4.8243986504435865 -1.3794796844394812 
2.4081021843554367 3.7593678583453203 -0.6240084337311826 6.26747538653988 10.154490937774112 4.114087293992673 -2.434822524900501 -6.623499337563644 -9.556254249280107 -5.050445965953388 0.07557998531635268 
3.4270682022802896 3.1149474802848016 -1.9882131896153754 5.153552826441832 13.104207278349715 9.92523810509675 1.6450389280939444 4.143509065449624 2.995256819406352 -3.3366087176809494 1.2905040895167046 
1.5379761329356845 0.005266387184499788 -0.17293456631431647 0.21873331126618156 -0.07423612929832513 0.6818255221715795 -0.5290333346049505 4.776476802395742 2.3733546643699635 -2.602404610359604 -0.9822208530434003 
-0.3193237204488747 -0.5674456736339071 -0.00041624544956020415 3.0690997774712905 -7.542702576289884 -9.951515079940252 -12.47291097291879 -6.402504245610208 -1.3050534794874151 -1.2913322667369471 0.36925055977508303 
-4.082347304725811 -0.07584054183263822 3.3560333102412887 3.3485391366754773 -2.25190125740382 -6.14281390269253 -8.623078368963291 -0.8414048702835664 5.154304403827585 10.634049262878102 6.401633865150269 
