-230.0174487765835 -107.18243862496249 -62.78217152696462 -45.00997358487344 -78.01338693767971 -150.68291336046656 -210.70081613499647 -319.0443413508636 -384.478665473248 -389.0009313932147 -397.49763970750564 
40.53059055374882 12.177886055913286 2.875718392266902 39.16575853148866 47.80706246603542 20.891442577006522 18.65278098247856 63.868305809293304 127.90630220716957 123.08063956238749 107.37933098450634 
-14.00041809766177 -43.06041750305411 -57.345875136608754 -63.13661444886708 -47.23314388032853 -5.369901100179488 1.1756239033562386 23.0252750140447 17.292485268807347 7.806024699955159 1.7350929771982093 
15.751622664110132 3.7510170809191683 -7.811419875860137 -17.62193340961763 -12.345689238546594 11.148870346348307 15.987523421931309 10.05322437495202 11.583088171961775 5.689091830239606 8.869717690268791 
-2.0460937222536697 -9.917208140788517 -4.069950459630647 3.7472384423258065 -3.7380427082302976 -14.507737044456373 -9.306189691427672 -1.5176312206170541 5.441849386462524 4.687649012234791 4.595658267980202 
2.981477950472213 -9.809549009202827 -3.528240240051543 3.2834267640723143 13.599684712436279 18.390040991369002 17.159154010942416 16.89300264092154 17.868322870266034 19.39953642360962 15.690649040680468 
-21.872762588586284 -28.979546051896413 -27.828630891405176 -23.186636290344012 -22.776442386124774 -13.76617495718085 -3.12010277546068 11.582290623722876 21.92448292305826 26.504570260473315 26.592387482684572 
24.128738236617252 18.255004377781745 13.884010026314279 0.7261961792100144 5.276607148425042 12.11416599581419 19.450004032319796 26.892008947444257 12.291673937017503 14.59243310445077 18.73159671415233 
-2.9573092213723187 -7.281593368456194 -7.017833104551757 -15.590025210917117 -18.09138192828987 -13.2499394409495 -7.233326425013229 -6.217266260145655 5.964373872732529 7.683419006859372 9.47103398818677 
-9.463982258468967 -13.293908271281492 -11.385411506484981 -19.36893978564717 -9.838851284805147 12.343454295713292 18.28138415121701 5.386606484674976 -5.14493088128671 0.10395229946204748 -0.14031177647443616 
28.856012388542393 30.061923570238314 22.406299169913424 -1.0153262969564283 -16.68314538721983 -6.402556236639635 0.12966270708793354 -9.579517101200342 -8.645016721106373 -2.708259322808316 -4.309154652175928 
5.622076343931449 17.829528447135523 18.159674608276877 8.643315072324391 -4.070488659873115 -1.6078185191908445 2.8403464801287006 -1.7009524945181416 -2.2703914596315253 -1.2538187880597644 -0.7115335439544157 
15.428417235975232 21.178220831861935 28.539533436273274 26.1438105550343 16.34932711852632 3.9718033194011024 2.5397896685921713 4.600534963581332 2.9066732418591283 5.575366959427917 11.201856433296445 
8.164713519028657 13.892708455679585 29.28376313344693 45.46103416507582 36.58871581843607 8.490299777808675 0.6145334903943791 2.0653054990549706 11.525449570362397 14.315167073157298 13.362500751944008 
-4.692482240388787 -16.120255809098982 -16.34722266899832 10.63439258069689 21.50758901137894 7.167658467785136 1.867897837219997 6.9680811646925305 3.7710998912008566 5.170835784778017 1.9161777505700393 
1.1660661809753448 -4.8444395236193305 -17.730549070920915 -18.895390542120815 -9.729539298574835 3.2307062999756906 -2.39427202153177 -7.935655215727435 3.6515605082516385 8.72243899666494 5.1008860250816905 
3.8732865707132142 13.802962168840445 8.518011687357308 0.4743864118479115 -3.953063121392157 -1.0707536723836522 2.075823721330961 -0.7363661218673969 -5.819285007056308 -3.2071453222274684 -0.33706460757248213 
1.0932986294604572 -0.022591202903618934 4.135222962828755 9.31491577160439 7.4069379134611015 -6.318906706490398 -8.530390822525936 -12.354842385827059 -3.119199894054797 -2.6625535076413915 -1.1652171549850006 
-11.92448865766451 -20.430841204222283 -18.82290603306605 -7.1396962868588805 4.811060344390148 9.535260146255105 7.6193656942594385 1.168058750686913 -0.05589441342740176 3.2542727998776924 1.5939373699269561 
-12.56562874448992 -24.138063529500002 -27.69977462934998 -20.92457361930281 -13.613032650236459 -5.094977739853821 -7.14943901947807 -3.7656277474347943 -2.6471041969889475 -2.496128543961243 -3.8044706812606828 
