-473.8077890235064 -487.21984867893576 -538.4216522782195 -314.7238933907076 -102.14989639036882 -14.799710845991601 -1.6477195577148656 -46.38600734520984 -124.77846543328396 -206.40232833148966 -338.1897871468368 
15.076527700546883 27.445410263674773 56.89365986907892 89.09537289230266 52.295223320933076 12.345169061612502 -2.5787649355090796 17.570705753613893 66.0598600874703 95.39726575827439 110.29358895527243 
53.32479429686522 58.98793583892328 35.96809364469132 33.49985410065455 -16.329785764835492 -34.34901583113559 -41.16751500906398 -28.872424247139342 -9.040344627353026 -0.456210287823973 19.444142238890706 
-27.00993604893761 -28.775737468441896 -28.89018418333854 -53.09544274731965 -28.41409072958993 -13.82570729800849 -19.2095148186072 -38.14144947007394 -52.261475176299584 -46.32479563335879 -31.955711696703357 
-31.623406362706895 -32.4957241751429 -29.48393510229193 -56.51046141526426 -28.74286205728333 -23.91546460146928 -17.596889454290398 -13.471135371512737 -16.700724548847816 -17.412126449640354 -23.131930582149987 
-15.65408041864041 -16.955399531351446 -25.417993740992976 -10.384221156676222 -23.247135485211285 -11.676809753713137 1.6730239527383755 11.46083328127581 11.525160062856449 -3.7209245721160973 -2.8974122697354234 
7.895299409673139 -0.7926444114872406 -2.9411932133152843 20.606283034928826 6.490619757182504 -0.7392722138517456 -5.495635210349263 -11.462898116934042 -13.527360592536652 -5.82296304968297 -10.877253503760269 
-6.7233350805265655 -6.299956457240983 6.940856974582884 -51.89184193823829 -32.2267153672586 -20.71319178260483 -12.965942160940244 -8.591077815494817 -14.73389762749882 -28.4082755190454 -25.324446631182205 
-8.694471568469183 -6.565800673062807 -5.173907054955148 -8.45074673455028 -9.333093522302129 -11.69484804857223 -15.669531113494106 -19.41898636634938 -22.947801303928188 -22.599464711048203 -25.61433633832555 
4.0170611635442235 2.1996270388399024 -6.812952531947754 12.456724388575317 -5.83945905939124 -12.649215539625075 -9.018323526836827 -2.7143343042304053 -6.6459119575335635 -15.741268189098287 -19.335622946358235 
-21.312092502914695 -22.026452212704054 -19.60357561626614 -28.552884804426327 -18.5608346705105 -7.699521737938491 -6.469553281349001 -5.2674922786460225 -8.14182574596283 -10.832452806988686 -14.541512442893307 
-17.617005918088033 -8.095907946638553 -2.482946857457368 -4.051373323416193 3.29111410197761 -4.153114193671278 -11.312379241809536 -15.6523667780659 -14.912159982129698 -14.392539319208279 -16.731424008973413 
-13.944499816849756 -12.781998895684605 -2.5625883549473474 2.031355095116453 -8.325829876209376 -3.0092192714492567 -0.23203746104673928 -0.8850818659463688 0.4342252366034934 2.872353173544941 1.4941206578390864 
-11.652545002139782 -9.311827462708191 5.008406958506169 4.090984222093666 5.093750419018416 1.936589787709065 -3.44561556712808 -5.966335755233233 -4.8552544917226115 -2.1376376660015626 -1.3818748845091988 
4.178555846934649 3.819921054501498 0.18521179598846071 -4.599699713830965 -6.2292186808278665 -10.996490039525337 -9.544090783396417 -5.94440136926827 -7.130641254922416 -3.0505594604030772 0.6797183449366379 
4.550679364999495 2.0496206269275308 -4.822421771998682 17.64395377594498 7.1408730476634075 0.06503767894065904 -5.091523297735296 -3.9885448773656527 -3.680785198993574 -1.398947670831637 -0.124693301371269 
0.1415673405862543 -0.845532507273852 -2.275375536677566 -2.104083453972266 0.9382657642013701 -1.7668213840872142 -8.208553640378137 -11.065164403400363 -10.806668193614644 -10.45093276896584 -3.047853655262052 
5.186653641937958 0.6282138311325576 -1.3997555463159084 14.346110341203763 24.317552148373608 26.16321807056871 15.65396407822802 5.275243089067155 1.6182925078103807 -6.424003345187926 -5.487814191594209 
7.2342052368333345 5.513215684248188 3.5133121711930464 25.729985617401578 27.70314143057678 28.50588533368689 20.090167640712774 3.0668553151159657 8.38120791474524 6.62805359011357 6.560787510043861 
8.920416764715116 5.970292552614181 1.8719759404830771 27.162930322835354 29.598904350219684 32.43968224753725 29.348115612126414 15.605235379188507 12.592035963550948 11.190374542581738 6.7165652266503235 
