-433.1567896997105 -436.87578221793456 -467.5494081590472 -495.99085081694096 -533.9286489760577 -352.53704850951635 -171.9474577127756 -98.0523884136672 -105.41442972423258 -211.899036370333 -382.7435957621324 
-1.886278756057445 1.5418445710001738 7.433995591955502 22.62156975672996 37.429451356304824 58.490309800551216 60.47979497236425 58.65580816973572 70.80858098044416 85.88194556544235 95.46247496191886 
-53.569600030572154 -70.11626245536704 -85.74098016959073 -69.70997243771839 -51.17123788393393 8.41028192860644 6.592641689822951 24.11380573180252 37.78144466274918 46.84250361749879 22.082717386461013 
10.09854440046524 5.402082157418462 4.7474312395166 -0.3683105757155649 -20.597282395686477 -72.42683986614492 -79.04926838245038 -102.66940936492298 -113.86765985974398 -108.2104428249311 -70.98410375725337 
-17.915318660594508 -17.99873667933149 -15.797664171223122 -12.350774476774127 -8.546728874322241 -18.427001157089734 -24.54272668554224 -26.10709800278186 -24.633511384841523 -23.331012708416054 -23.262640086989826 
-28.416839235723856 -17.779938494436998 -5.7639374605683145 -8.637820023506926 -7.244055726651551 -4.659988132185271 -1.3770461028406829 -4.142468734249103 -0.8960847918009789 2.742538322172959 -7.944950250637651 
0.47365195525234305 3.375501185124244 9.190278493585083 5.022218154696963 -4.592715863155713 -4.2706768128604 1.7975082485865632 6.689834811690038 5.6623398204519315 -2.6395039915519263 1.5611458742560953 
-10.14888181507182 -12.08171907520365 -12.223614295505303 -13.015589178277619 -10.784633333863592 -22.548509993872788 -27.13270249546207 -18.657089549464672 -12.080868765849097 -8.66369286393978 -12.896650602405913 
0.6864310179310684 5.954562709045634 13.201833038137249 6.46313763602626 -0.4880225752909204 -26.69683248163539 -28.04329152000631 -25.033822967134093 -25.311853741804917 -27.582238699919607 -11.061800408896934 
-11.203203209099318 -18.052407260802447 -25.081866349217528 -22.890442266013615 -14.829829155757327 -17.329130413155575 -16.813897721058876 -11.837681153886068 -8.694708285657773 -17.744150080713815 -26.042018432561406 
-16.123379793921742 -18.437823896487807 -16.61332032067348 -17.86372963992264 -11.880450934199573 -17.31658639801464 -19.61390450284417 -21.08839867189498 -21.174453869649547 -17.824349647959895 -15.580562439755832 
3.6289504761215374 1.2664951404786713 -2.866547953199837 -4.436039058189456 -7.04730801942427 -9.64188609059945 -5.8005504822417775 -3.871450840467668 -9.123018754304423 -10.05295274911812 -4.5531864638086486 
-3.852083523873855 -3.8241951864872705 -1.4456027866298853 -2.7688707330508233 -14.566579157397182 -1.0340807366548008 -0.9737397280775844 3.52249870711399 3.3978558195209496 0.03763922775614455 -1.659104903571635 
7.799384796779727 7.7561252240453005 7.422037070156245 5.1774506100114905 0.8684030052823765 -4.534937441582518 -2.7197538033177113 -3.0630080020983885 -4.2861920091733605 -1.0389075759755915 11.660609926161037 
7.024267105056786 6.9795184631547835 10.21939133865286 16.803740041439344 22.927821891579956 -3.9461094001726886 -16.481077949397346 -17.648363076847097 -15.6126732098916 -7.212255228509672 -14.08736174267402 
-3.1301437033014716 -1.8315838310132384 -0.9769491967201183 7.231639163603658 16.068119033035835 9.961103444340278 8.851659166647174 -5.869043291355693 -10.589632494611857 -7.415735798008503 -6.493048300538659 
3.225268319505407 1.464156026104407 -4.805825078006753 -0.5355403010504929 9.634466477169433 21.474404717791025 18.61895086828053 3.3131329882798592 -3.384271580362769 -5.173624592263099 -5.620042762386464 
24.562732769877194 15.108473007098645 0.6809872264094281 -4.773026383677756 -1.5765462937675387 22.66565555527996 33.5626052547052 21.583849300868035 11.332166762701858 4.342969122201413 6.321198166685816 
6.747965684308271 7.648174829075509 7.343258204788263 1.8688494262339628 -5.7334912781124485 20.816777708888814 30.288683484453763 28.3564906944125 17.61011813001045 8.286062791662925 17.11226449365168 
3.081635526760657 2.836956023877067 -2.823897271220826 -3.225840790273954 -1.2587485222718313 9.384213948185492 18.94752469555238 26.357033882186908 22.95503710453359 10.011848533511614 7.3354471938897765 
