-467.4630883654384 -458.49314892465304 -407.54260439606736 -311.06815363547236 -239.7676596589633 -177.6392981610639 -163.89926093348492 -176.39773604778927 -198.72997091260896 -242.01171038514184 -292.18228840230466 
47.22617247628028 51.3244989164335 65.71584927824195 118.76687864035071 102.09331223946185 40.194303336427346 2.974231631798277 -12.44715958483217 1.9190592899609906 31.223230393366954 75.63884292641231 
4.35097441896102 6.1386385363879565 -3.643912001452153 -5.434289347473882 -4.481076987121568 10.267816075600017 12.577034242045787 -3.3719217073295735 -18.29751879331846 -30.359631983096932 -24.186987236916266 
21.920835904081507 19.339700330343398 0.013385670577500564 -55.268029234640764 -65.67105751836769 -45.3986269305485 -27.148651525177208 -1.6781089275242618 6.997151369938997 15.982391564832266 31.34728392006073 
-1.7193787733673989 3.0965231523309686 -3.854367309675587 -24.32025328491317 -19.686110407889643 -13.584660233917232 -11.114921872618488 -1.5996000189087796 -9.433727525266272 -14.709268753894875 -10.462990757828305 
4.379857484306944 8.156609789200981 0.976127625218887 -24.430267919097172 -27.655396299722675 -23.9464585690692 -8.749108802804415 -3.3857394013110764 -5.988582335745899 -9.464806164287776 -18.590382532307608 
2.8299034147665982 5.315358282173126 9.426642553245308 -17.42292041963402 -30.6399418532583 -14.05655283568459 -4.1424359209789285 -11.351674970173846 -7.046718663441338 9.351237112143723 32.06047048181568 
2.62577578642544 5.987110327927972 7.671331970389097 2.9366554853614955 1.3812525746518 14.610521926720484 27.968231604422254 15.593062945884594 7.776585933973925 3.2726789465892008 1.4927729453885414 
11.549082969513211 12.283647665842846 12.605732028600633 9.953025223770993 7.709577817765309 1.1345182646117662 5.9847986212549555 10.71743768963347 17.173423503013595 16.6321750896473 1.367122023014988 
15.019064363362899 15.832293225817592 27.47139361108637 24.017044030835493 12.877760077144067 -0.050440370004507296 -12.602940591676184 -11.922747635906472 -15.981386135154992 -16.65678968993846 -0.6241611585065265 
6.134991664763964 8.574460092959068 18.609871275715562 5.127858687124599 -4.527039491433278 -16.54861805594956 -18.574919794005453 -4.403210380376025 5.2153136265818665 -3.699545577837073 -11.554346656535959 
0.3602428648586652 0.25194027148014686 4.0251251224747895 13.082603756613494 9.792715741744505 -3.989005823814188 -13.820162787661221 -13.841458039314341 -5.026454855519402 1.7901197488233411 -5.102994948111595 
3.1271285562471176 3.3317757144420885 8.43450702127651 34.16649836429332 28.54595300580526 17.1851585326718 6.829763748516315 -3.495136998009574 -4.636306116596511 -5.449716241944226 -4.352641465983383 
0.5180155718996031 1.6507185770028048 2.2934620313170284 21.720327831630527 16.939967983649495 8.540782541873732 1.5196736730259208 -11.635424220405456 -18.716591031424805 -14.887804831345374 -12.460417143330574 
2.6526680331705337 7.158627763082237 10.244059912968053 25.744617406859923 38.93638893421027 40.14221324131597 33.810694358427945 23.396848095616026 -1.9069012967158985 -12.921410541038373 -12.497985229443604 
7.050447317185107 9.652750150564174 6.518791153402587 8.921362827930128 22.40521561353625 32.49569027093509 37.96446949568731 49.155598392454195 36.20584848414181 12.689620240848223 -3.019270377184238 
7.782007787342668 8.208030591529008 3.9636218913147587 9.208017445362895 17.27928821050287 22.283104207662205 28.826980717852322 48.68924365424983 65.99790707022039 50.25682789740378 25.837517466191553 
7.791783462641238 7.791856050742831 5.549621866037807 -8.278826792661004 -9.770751089683266 -3.8752363675625903 4.9658481742344724 23.70976064054925 55.88481407931535 57.815575571950035 35.77981418872742 
3.668241006335556 0.31794557220680364 2.4788846572781775 -5.624056194338662 -7.8223286871405975 -12.072900755592658 -16.391881700289023 -12.723075007269713 24.05735013562814 48.20311603331173 37.270737503834226 
4.3578094111059595 1.4492069655215425 2.7290164234700836 7.644720987222149 4.43121087919148 -6.970171149227554 -14.398716200323559 -28.759609157375788 -14.542758304564924 15.042756439465526 23.766132371972315 
